4999
[][][]]][[[[]]]]]][][[[][][]]]]]][[[]]]]][[[[[[[][[][[]][]][][[[[]]]][[]][[]][[[[[[[]]]]]][]][[[][]]][[][[][]]][]]][][[[][]][][[][][[]][]]]]]]][[[[]][[][[]]][]]]][[[][]]][]]][[][][]][][[[[[]][[[[][]]][][[][[[]][]][[[]][[][[][[[[[]]]]][[][]]]][[]]][][]][[[]]][[][]]][[[[[[[[[[][[]][[][][[[[]]][]]]]][]][[[[[[[]]]][[]][][[][][[[[][][[]][[][]]]][[]]][[[[[]][[[[][[[][]]]]][][[[[]]]][][[]][[[][][[[]]][]]][]][[]]]][[[[[]][][[[[]][]]][]][][][]]][][[[[[]]][][[[[]]]]]]]]]][[[[[[][[[]][[][]]][]]]]]][[][[[[[[[[]]]]][[]][[[[]][][]]][][[[]]]]][][][][][][]][[][]][][][][]]]]][[[[[]][][[]]][[][]]][[[[[[[[[][]]][][[][]]][[][[][[[[[[]]]]][[]][]][]][[][[]]][]][]]]]]]]][[][[[[]]]][[[[]][[[]][][[[[[][[]]]][][[][[]]][[]]]][][]]]]][[[]]][[[[]][]]]][[[][[[]][][]]]][[][[[[][[[[[[]][[][][][[[]]][[[[]][]]]][][]][[][[[[][[]][[[[][][[[]][[[]]]][]][[][][[][]][[]]][][[[[[][[[]]]]][[[][[[][]][[[]]][[[]]][]][][][][[[][[][]][[[]][[]][[][[[][[[][[[]][]]][]]]]]]][]]][]][[]]][]]][[[]]][[][]][][[[[]]][]][][[]][]]]]][][]][[][][[[]][]]]]]][][]]]]][]]][][[[]]][[[]][[[[]][[[][][]][[[][[]][[][[[][]][]]]]]]]]]][][[[[[]]]][[[[[]]]]]][[]][]]][[]][]]]][[[[][][[[[]][][[][][[][]]][[][[][[[][[[]][[]][[[[]][[[][]][][[]][][]][[][[]]][][[[][][[[][][[[[][]][[[[[[[]][]]][[]][]]][[][]][]][[[[][[]][[[][][]]][][]]]]][]]][]][[][]][]]]][][][]][]][[]]][[]]][]][[]]]]][][[[[[][][][][][][[[]]]]]][[[[[[[[[[][[[][]][[][]]]]]][[[[[][]][]]][]]][][[][][]][[[]]][]][][[[[[]][[]]]][]][[][[][[][]][]][][]][]]]][][[][]]][[][[[]]]][]]][][[[]]][]]]][[[][[]]]][][[]][[[]]]]]]][[[[[[[]][[[]][]][[[][]][[][][][]][][][][]][]][[[[]][[]][[]][][]][]]][]][][][[[]]]][[[]]]]]][]]]]][[[[][][][]]][[[][]]][][[[]][]][][[[[]]][[[[]]][]][]][][][[]]][[][][]][[[[[][]][]]]][]][[][[[][[][][]][[[[][[[[]][[]]][[][[[]][[][]][][[]][[[[][]][][][]][][]][[][]]][[[]][]]][[[][[][]][]][]]][[][][[]]]]][[][][][][]][]]][][[][[[[[[][[[[[[[]][[]]]]][[[]]]]][[]]][[][][[]]]]]][[[[[][[[][][][]]]][][][]]][[][[[[][[[[[[]]]]]]][]][[]][[[]][]]][[[][[]][[[][[][][]]][[[][[]][[[][[[[][]]][[]][[][][[[]][[[[]]]]][][[][[][][]][[[]][[]][]][]]][][]][[]][][[[]][[[][[[[[[[]]]][[[[[][[[][[][[[][[][[[[]][[]]]]][][[]][[][[[]]]]][]][][[[[][[][[[]]][[]]][[]][]][]][[][[[[[[][][][[]][[]]]]]][]][]][[[]][[][]][[][[][[[[][]]][[[[[][[[[][[[[[[]][]][[[][]]][[[]][[][]][[]][[][][][[][[]][]][][]][][][[[[]][]][[][]][[]][[]]][[]]]]][]]]]][[[]][]][]][[][]][[]][][]][]][]][]][[[[[]][][[][]][][]]][][[]]]][[][][][[][[[[[[]][[][[][[[[[[[]]][][[[]][[]]]][[[[[[[[[[[[]][[]]]][][][][][[][][[[]][]][][]][[][][]]]][]]][[]][][][[][[[]]]][][[[]][][][[[[[][][[[[[[][][[]][]]]][[][][[]]][]]]]]][][]]][[][[]][[]]][]][[[[[]][[][]][[]]]][[]][][[[[]][[[[][[]]]][[[[]][[][[]]]][[[]][[][[[]][[][]][[[[]][[][[[[][][[[][]][]][][]]]]][[[[]]][][][]][[]][][][]]][]][[]]][[][[][[[[[[][[[[[[[]][[]][[]]]][]][[[[]]]]]]][[[[][[][][][[][[[[[[[]][][]][][[[[]][[[][][]]]][[][[][]][][]]][[[][][][]][][]][][[]][[[][]][]]][[][]]][[[[][][]][][]]][][][[][][[][[[][]]][[[][[[[][]]]]]]]]][][][][[[][][]]][]][]][]][][[[][][[][]][[][[][]][[]][][[[[[][[[][][[][[][[][[][][[]]]]][][[[[]][]][]]]]][]][[[[]]]]][[[[]][]][][][]][][[[[[[][]]]][][][]]][[]]][[][]][[]][[][[][]][][]]][]]][][][[[][][][]][][][]]]]]][[]]][]]]]]][][]][]]]]]][[[]]][[]][[][]]][][]][[[]][]]][][[][[][][][[][][[]]]][[[[][[][][[[]][][[[[[]]][]]]][[[[]]]]]]][[][]]]]][[][]][][[][][]][][]]]][[[[[[[[][[]]][][[]][][]][]]][[]][]]][]][]]]]]][[[]][]]][]]][]]]]]][[[]][[[][[[[[][]]]][]][]]]][[[[]][][][]]]][[[[][[[[]][[]][[][]]][]][][[[[][[[[[]]]][][]]][[[]]]][[]]]][]][][][][[[[[][[[][[[[[][[][[[[]][[]]]]][][[]]][][[][[[[[[]][][[]][][][[]][]][][[][]][[]]]]]][]][][][]]][[[][[[[[][[[]][]][[[][[[[][]]]]][[][][[][]][][[[][]]]]][[][[[]][]]]]][[]][][]][[[[]][]]]]][]][[][[[[[[[]]]]]][][]]]]]][][]]]]]]][[][[][[[[]]]]][][][[]][[[[]][[][][[]]]]][][][[[[][][][][]]]][[]]]][]][[]]]][][[]]][[][][[]][][[[[]]]]][][[][[][[]][[]][[][]][][[[[[[[[[[[[][[][[]][][][[]]]]]][[[]][]][[][][][[][][]]][][][][[[[][]][[[][][[[[[[[]][[][[[]][[][[]]]][][[]]][][][[[[]][]][][[[[]]]][][[]]]]][[]]]][]]][]]]]][[[[[[[]]]][][]]]][[][[[][[[[[[][][][][[[[]][][[[][][]]]][]][[[]]]]]]][]][[[]]][[][][[[[]][]]][[[]]][]][][]]][]]]]]][][][[[]][[]]]]][[[[[][[]][[[]]][[]]]][[[]][]]][][[]][][]][][[]][[[[[[[]][[[[][[[[[][][[][][[[[]][]][[]]][[]][][]]][[][[][][[[[][[[][]][[][]]][]]][[]]][][[][]][][[][][[][][][][][[]]][[]][[[[[[][][[[[][[][][[[][[][]][[[]][[][][[][[[[[]][[][[[]][[[[][]][]][[[][[[][]][[][[[][]]][[][][[[[[]]]][[[[][[]][[[][][[][[][]]][[]][][]]]]]]]]][]]][[[[[[]][[][[[]][[[[]]][[][[][[]]][[]]][][[[[]][[[[][]]][][[[[][][][[][]][][]]][][][]]]]][][]][[[[[[][]]][[[[[[][[[]][[][[[[]]]]][]][[[[[][[[[[]][]]]]]][]][[]]]][[[]][[]]]]][[[]]][][]][[[][[[]]]][[[[]]][[][]]][[][][]]][]]]]]]]]][[[][]][]]]][]]][][]][[[]][][]][[[]]]]][]][[][]][[[]]]]][]][][][][[]][]][][][[[[][]]][][[][[[]][[][]][][[[[]]][[[[][[[][]]]]]]]][]]][]]]]]][[[][]]]]][[][[[]][]][[[]]]][]][][]]][]]]][]]]][[]][[[]]]]]][[[]]][[[][][[[[]]]][[[[[[[]][[][[[]][[][]]][]][[[][][[]][[[[][]]][]][]][[[][]]]]]]]]][]][]][[][]][[]][][]]][[][[][[][[]]][[
21 286
21 74
74 4775
3448 4775
1691 3448
1691 4200
515 4200
515 3242
3242 4206
278 4206
278 3931
2755 3931
2755 3129
3129 3320
3320 3661
2140 3661
2140 3176
3176 4101
1456 4101
1456 1812
1566 1812
781 1566
781 4261
4207 4261
2610 4207
2610 4058
5 4058
5 3508
3002 3508
2421 3002
329 2421
329 4472
920 4472
920 1208
1208 2611
2611 3538
2316 3538
2316 2479
2143 2479
2143 4605
3945 4605
1497 3945
1347 1497
1347 4059
4059 4561
4214 4561
1122 4214
1122 4073
272 4073
272 2685
1854 2685
1854 2455
22 2455
22 1422
1422 4901
1168 4901
1168 3609
3609 4131
3851 4131
3851 4709
12 4709
12 1258
1258 4024
2451 4024
908 2451
908 2371
1125 2371
1067 1125
1067 3220
2918 3220
2918 3687
3687 4435
4435 4987
1601 4987
897 1601
897 1547
1547 2600
42 2600
42 2788
2439 2788
402 2439
402 3624
1541 3624
1541 4134
3205 4134
3205 4548
4240 4548
3802 4240
3802 4700
4700 4971
709 4971
709 1607
1607 1942
1942 2526
2526 4353
4353 4908
4834 4908
1898 4834
1898 3558
1550 3558
895 1550
895 1138
1138 1739
1307 1739
1307 1663
1663 4475
1131 4475
1131 1183
243 1183
243 1149
1149 1742
1742 3200
2625 3200
944 2625
880 944
880 1694
1694 3803
2244 3803
2244 2320
2320 3327
2659 3327
874 2659
874 4588
947 4588
947 2278
1877 2278
361 1877
361 3810
1184 3810
1184 4410
2630 4410
1989 2630
1989 2122
1445 2122
25 1445
25 4080
1150 4080
229 1150
229 1514
1514 2854
1170 2854
1170 1774
1346 1774
1346 3335
2308 3335
370 2308
370 3135
2605 3135
2085 2605
2085 2158
873 2158
873 4837
3515 4837
3515 4896
3206 4896
3206 4232
4232 4404
2425 4404
2425 4267
983 4267
983 4315
2423 4315
2423 3383
2306 3383
759 2306
759 1257
648 1257
648 4046
1466 4046
1466 2670
1492 2670
1492 2565
250 2565
250 2015
2015 3844
3844 4557
1171 4557
228 1171
228 2216
2216 2675
207 2675
207 1388
1388 2255
2255 4545
1534 4545
1534 4762
4762 4916
1979 4916
35 1979
35 3843
792 3843
699 792
496 699
496 4883
1313 4883
1313 4017
2397 4017
2397 3722
3722 4645
1525 4645
685 1525
685 4211
4211 4453
1968 4453
1968 3238
3238 3397
2029 3397
2029 3667
71 3667
71 4391
3268 4391
1846 3268
405 1846
405 4572
754 4572
456 754
456 4233
4136 4233
1327 4136
1327 4993
681 4993
681 3053
325 3053
325 4042
819 4042
819 3649
57 3649
57 2533
891 2533
891 971
803 971
803 1152
1152 4311
2828 4311
2828 4072
2228 4072
1570 2228
1570 4496
3906 4496
3906 4345
4345 4726
1502 4726
1502 3447
2967 3447
1843 2967
1843 4849
4365 4849
2988 4365
453 2988
453 972
972 2475
2475 4530
917 4530
917 4028
1683 4028
357 1683
357 2895
1156 2895
1156 4991
3370 4991
634 3370
299 634
1 299
1 1946
1946 4476
2758 4476
1487 2758
1487 1847
796 1847
796 2458
2458 2993
2993 3848
398 3848
9 398
9 208
208 3626
3626 4924
2359 4924
2359 2656
1509 2656
1509 4508
2799 4508
693 2799
589 693
589 4285
3255 4285
3255 4497
3926 4497
3467 3926
2564 3467
1142 2564
1142 4975
2086 4975
2086 2541
2541 4638
4369 4638
2063 4369
2063 4011
2126 4011
2126 3431
2744 3431
2744 2820
2031 2820
1192 2031
879 1192
879 1858
1164 1858
1164 2830
1901 2830
1882 1901
1161 1882
1161 3841
658 3841
658 3642
2185 3642
640 2185
640 2622
2622 2935
2935 3408
2275 3408
968 2275
968 2763
696 2763
696 1418
1401 1418
350 1401
350 1404
1404 3954
2427 3954
2427 4562
4452 4562
3549 4452
2789 3549
2294 2789
2294 3911
467 3911
467 1363
1363 1367
1367 2701
1705 2701
220 1705
220 2257
2257 3734
19 3734
19 412
412 2525
2260 2525
187 2260
187 4037
4037 4695
1159 4695
1159 1304
1304 2431
493 2431
223 493
223 4189
4189 4914
133 4914
133 2482
604 2482
604 775
775 1815
1815 3764
509 3764
509 516
516 816
816 1599
1599 4370
3485 4370
1544 3485
1544 1973
1373 1973
1373 4980
3731 4980
3629 3731
2512 3629
236 2512
236 4414
637 4414
637 2478
2478 4003
4003 4330
3245 4330
3245 3449
3240 3449
281 3240
281 2490
1096 2490
1096 3495
1729 3495
1729 1833
1833 2287
618 2287
618 2873
2873 3952
1273 3952
260 1273
260 4396
1488 4396
1488 2984
2806 2984
1086 2806
1086 3216
3216 3847
1362 3847
1362 3555
1049 3555
725 1049
725 1143
1143 4178
1427 4178
1427 2251
2251 3934
222 3934
222 3768
3231 3768
1475 3231
1475 3534
2601 3534
2601 4009
1041 4009
1041 3502
3502 3714
1341 3714
1341 4124
2385 4124
2385 2680
2680 3912
670 3912
670 4027
594 4027
594 1700
1175 1700
1175 3746
3746 4544
2662 4544
1716 2662
1716 3621
154 3621
154 2041
2041 4538
3083 4538
898 3083
348 898
348 1962
1962 2412
65 2412
65 235
235 1945
1945 2961
1630 2961
1630 3003
2036 3003
736 2036
736 3347
3347 3717
1524 3717
1524 3267
3267 4635
4078 4635
1406 4078
847 1406
847 2749
887 2749
887 4296
965 4296
965 3095
1992 3095
740 1992
740 3806
3806 4524
543 4524
543 3222
1176 3222
638 1176
638 799
799 1906
1906 2616
2616 2891
2335 2891
2335 4016
3697 4016
2947 3697
2947 4208
3676 4208
3676 3927
3927 4036
3873 4036
3020 3873
1130 3020
78 1130
78 2836
2836 4927
4466 4927
1797 4466
1552 1797
1552 2238
1528 2238
468 1528
468 3034
2599 3034
1559 2599
1559 2536
915 2536
915 2668
780 2668
780 2380
2125 2380
1731 2125
1731 3530
2477 3530
1054 2477
423 1054
116 423
116 1588
64 1588
64 4839
3682 4839
2077 3682
800 2077
288 800
288 551
551 3415
3415 4563
2900 4563
1642 2900
1642 1818
324 1818
324 3729
957 3729
957 2449
10 2449
10 2408
1532 2408
1253 1532
1253 1934
1934 3442
3287 3442
227 3287
227 4180
679 4180
47 679
47 850
850 4738
2418 4738
2418 3965
2400 3965
2400 4584
2953 4584
2953 3541
3541 4420
3706 4420
3645 3706
3645 4756
4223 4756
3889 4223
3830 3889
1030 3830
851 1030
80 851
80 982
982 3905
2152 3905
105 2152
105 1836
1836 3973
268 3973
45 268
45 698
698 2493
613 2493
613 4517
808 4517
808 2985
568 2985
568 2153
1628 2153
1628 1708
1708 4395
4083 4395
4048 4083
627 4048
627 4950
433 4950
433 889
889 1649
1649 4898
2759 4898
2513 2759
977 2513
977 2729
2641 2729
2641 4230
1301 4230
390 1301
390 1926
1926 3983
2218 3983
2218 4793
4793 4935
1129 4935
1129 3839
1638 3839
1638 4141
4141 4746
2642 4746
2642 2902
1515 2902
1515 4720
4720 4867
758 4867
758 3823
1308 3823
1308 4002
3217 4002
1959 3217
1959 4585
2543 4585
2543 4942
4554 4942
4554 4567
3278 4567
2177 3278
2177 3866
1679 3866
1679 3072
3072 4827
2078 4827
2078 4868
1066 4868
1066 2664
2664 3330
3319 3330
687 3319
687 4705
3842 4705
2897 3842
2897 3656
3232 3656
84 3232
84 3825
2444 3825
2444 3288
3288 3888
695 3888
695 4310
3379 4310
2369 3379
2369 4094
2214 4094
2214 3021
3021 4587
2807 4587
2807 3475
869 3475
869 1471
1471 4433
812 4433
812 2005
2005 3247
112 3247
112 3826
2510 3826
2510 4772
4772 4889
4716 4889
1402 4716
1402 2410
1563 2410
1563 4877
2372 4877
2147 2372
1925 2147
1925 4805
1209 4805
1209 2795
1000 2795
1000 1189
1189 1222
1222 4610
3737 4610
1735 3737
1735 2839
2839 4154
1686 4154
1686 2302
1713 2302
1713 3551
2004 3551
2004 3544
3544 3664
3377 3664
3377 4172
3623 4172
136 3623
136 611
611 2560
867 2560
723 867
723 3461
3461 4198
4198 4398
479 4398
479 1022
1022 2639
1035 2639
1035 4646
3214 4646
3214 3463
2750 3463
2750 3025
2447 3025
2447 2974
2247 2974
2247 2981
1932 2981
1575 1932
1575 2620
2620 4430
3820 4430
51 3820
51 1193
175 1193
175 2368
2368 4878
3915 4878
3915 4703
2070 4703
219 2070
34 219
34 1029
1029 4193
426 4193
426 3312
3312 4182
4182 4490
4415 4490
2217 4415
494 2217
494 826
826 2075
2075 2546
2531 2546
2531 2787
502 2787
502 3133
570 3133
570 2170
986 2170
986 1004
1004 1117
735 1117
735 3420
1361 3420
1361 4462
521 4462
150 521
150 750
750 3171
2793 3171
1369 2793
1369 1966
1652 1966
1652 4405
2858 4405
2693 2858
1931 2693
1931 3014
226 3014
226 2535
573 2535
573 2979
2979 4390
3139 4390
3139 4273
2038 4273
2038 2094
2094 2585
2585 3863
2226 3863
1894 2226
1894 2273
2273 3759
1991 3759
421 1991
421 4457
2928 4457
2928 4988
3469 4988
1782 3469
1782 2375
443 2375
443 4034
332 4034
332 1286
1286 1385
1385 3589
3589 4050
4050 4368
3438 4368
1583 3438
1583 4292
1887 4292
451 1887
451 2173
2173 2708
2708 3631
501 3631
501 3846
3314 3846
3314 4710
1358 4710
1358 1409
1226 1409
1226 4123
444 4123
444 2722
1585 2722
1585 3510
3510 3967
1695 3967
1695 4794
2687 4794
2687 3061
2210 3061
2210 3427
2654 3427
2654 3269
3269 4952
1421 4952
807 1421
807 2445
500 2445
500 2415
2415 3005
3005 4374
4374 4622
2583 4622
1542 2583
1542 3296
541 3296
541 593
593 2978
2964 2978
2892 2964
2141 2892
2141 4591
2660 4591
1983 2660
1039 1983
343 1039
343 2405
1725 2405
1725 3901
3744 3901
3744 4133
4133 4869
3586 4869
3586 4287
2362 4287
2362 2419
1975 2419
669 1975
669 3596
671 3596
671 1433
1433 1646
900 1646
364 900
195 364
195 1196
1196 4358
4358 4514
1113 4514
411 1113
411 2100
2100 4114
2631 4114
2631 4661
4044 4661
3721 4044
3721 4550
863 4550
863 3452
3452 4727
4088 4727
4088 4243
4243 4429
1900 4429
1900 2516
2516 3032
2562 3032
338 2562
338 1332
225 1332
225 358
358 760
760 2949
2949 3686
253 3686
253 1415
528 1415
528 4116
2931 4116
809 2931
809 4093
3183 4093
153 3183
125 153
125 3988
3499 3988
2023 3499
1072 2023
1072 4965
4930 4965
4639 4930
2667 4639
63 2667
63 2048
2048 2869
326 2869
326 4312
4312 4491
1671 4491
1626 1671
835 1626
835 1345
1345 4473
3145 4473
1697 3145
1697 3646
3646 4060
4060 4352
2256 4352
2256 4252
2438 4252
2199 2438
2199 4142
3000 4142
580 3000
580 2237
1827 2237
919 1827
919 1202
1202 3196
188 3196
188 308
308 1951
1951 2645
2645 2792
2792 3561
3210 3561
2026 3210
2026 2802
2802 2987
2987 4769
1748 4769
486 1748
486 3740
3740 4659
4659 4882
3026 4882
840 3026
840 3509
145 3509
145 1317
1317 4190
1088 4190
1088 3468
566 3468
566 3493
2816 3493
1299 2816
271 1299
271 4984
4132 4984
1980 4132
1047 1980
1047 1383
1383 1644
1644 2213
1200 2213
1200 4195
992 4195
992 4357
2800 4357
2800 4103
146 4103
146 4340
2101 4340
2101 4077
878 4077
878 4235
50 4235
50 4026
3150 4026
774 3150
774 3849
3635 3849
2459 3635
2459 2500
2200 2500
2200 3886
3886 4323
3955 4323
3120 3955
3120 3908
2270 3908
441 2270
441 1045
726 1045
726 1034
1034 3533
1231 3533
1231 2495
216 2495
216 3077
1993 3077
1762 1993
293 1762
293 3567
1715 3567
1715 2426
2426 3298
3298 4546
537 4546
537 3809
1988 3809
684 1988
684 2312
2312 3480
2754 3480
2754 4990
3227 4990
2491 3227
2491 2633
27 2633
27 2470
1606 2470
829 1606
829 4201
4201 4406
1204 4406
763 1204
763 4118
1051 4118
1051 2281
1391 2281
178 1391
178 2045
1967 2045
185 1967
185 3202
1623 3202
420 1623
393 420
393 2485
2485 2748
2305 2748
1337 2305
576 1337
576 3715
718 3715
718 3111
3111 3739
556 3739
556 801
269 801
269 3593
1949 3593
872 1949
872 4589
519 4589
519 1915
1915 4256
1437 4256
1437 3184
3184 4888
1271 4888
1271 3453
3453 4628
1960 4628
1960 4205
4205 4818
3976 4818
2351 3976
1929 2351
1097 1929
779 1097
779 4998
4556 4998
4556 4581
1440 4581
1440 1895
1895 4758
2347 4758
2347 2835
2835 4225
4179 4225
2389 4179
814 2389
587 814
587 4130
4025 4130
3497 4025
3497 4616
1145 4616
1145 4633
2407 4633
2407 3720
1069 3720
1069 2933
1917 2933
997 1917
374 997
374 4615
267 4615
267 1780
386 1780
386 2106
2106 2910
266 2910
266 289
289 4187
2093 4187
1329 2093
1329 4137
2649 4137
2649 4030
4030 4900
2161 4900
1372 2161
1372 3982
499 3982
499 3436
3436 4084
4084 4532
355 4532
355 4792
158 4792
158 3382
349 3382
349 3641
841 3641
841 3455
2863 3455
2863 4909
4451 4909
262 4451
262 270
270 2298
1255 2298
128 1255
128 2168
2168 3748
54 3748
54 1572
761 1572
761 3854
327 3854
327 810
810 4751
2014 4751
2014 3189
3189 3390
2354 3390
2354 3423
1225 3423
1225 1548
103 1548
103 2945
1420 2945
215 1420
215 2454
2454 3500
3248 3500
1356 3248
554 1356
554 3160
2296 3160
305 2296
305 2133
1711 2133
1711 2007
2007 2911
2911 3159
2411 3159
2411 4897
1676 4897
1676 4478
4382 4478
4382 4708
2797 4708
2797 4324
588 4324
588 3387
3387 4458
4458 4923
1436 4923
1436 3632
3608 3632
1958 3608
1958 3946
3340 3946
206 3340
206 2997
2997 3037
1712 3037
1712 2433
192 2433
192 2464
2148 2464
2148 4393
1656 4393
912 1656
912 1223
1223 2028
2028 4816
60 4816
60 751
751 3695
2890 3695
1236 2890
1236 4555
4039 4555
2952 4039
2604 2952
1740 2604
1740 2010
482 2010
482 4454
70 4454
70 2852
1557 2852
1557 3226
2529 3226
2529 4604
2042 4604
2042 4499
1655 4499
1235 1655
1235 1279
1279 2356
2356 2760
2760 3604
46 3604
46 4507
44 4507
44 1753
1203 1753
273 1203
273 4905
2083 4905
2083 4344
3917 4344
469 3917
380 469
380 3560
3357 3560
3 3357
3 2182
2182 3865
3865 4790
2468 4790
446 2468
446 3956
3006 3956
1169 3006
1169 2229
1692 2229
1692 4321
769 4321
769 1747
127 1747
127 3400
2629 3400
2629 3219
3036 3219
1661 3036
1661 4547
394 4547
394 1527
1155 1527
1155 2164
2164 2424
79 2424
79 3966
118 3966
118 1868
1868 1904
1904 3855
3523 3855
3523 4413
275 4413
275 2225
2225 3256
3256 4719
973 4719
973 3577
2808 3577
980 2808
980 4068
4068 4331
447 4331
447 4153
3055 4153
3055 4250
2196 4250
1267 2196
1267 1684
1684 3633
1870 3633
1870 3960
1933 3960
1473 1933
1473 2883
2327 2883
2327 2861
2861 4782
4445 4782
1730 4445
1730 1853
435 1853
435 4419
4419 4999
1474 4999
925 1474
186 925
186 351
351 614
614 3749
1855 3749
1855 2741
662 2741
662 3992
2334 3992
96 2334
96 1927
1927 2052
2052 2957
2957 3258
1850 3258
254 1850
254 804
804 1206
1087 1206
855 1087
855 4220
4220 4637
3389 4637
2311 3389
2311 2589
2589 4450
1554 4450
1554 2144
527 2144
527 3605
3605 4300
2850 4300
2172 2850
2172 3506
2790 3506
2790 4684
1399 4684
1399 3185
2064 3185
2064 2123
1571 2123
1571 2409
106 2409
106 3670
1808 3670
1808 2233
2233 4934
3194 4934
3194 3904
903 3904
903 1579
320 1579
320 4244
313 4244
313 3474
3474 4098
2341 4098
2341 2402
2267 2402
2267 2737
1513 2737
1513 1886
1886 2804
583 2804
322 583
322 3445
2751 3445
119 2751
119 2545
2545 4968
3009 4968
1354 3009
304 1354
304 476
476 2779
2452 2779
1215 2452
497 1215
497 3193
1987 3193
1987 4203
3023 4203
3023 3110
601 3110
601 3784
2089 3784
2089 3224
663 3224
663 3861
729 3861
729 1764
1764 4175
4175 4847
745 4847
745 2098
674 2098
674 2236
2236 4334
2383 4334
211 2383
211 4886
4260 4886
189 4260
189 3243
2524 3243
2524 3362
3362 3421
620 3421
620 1561
1561 4781
591 4781
591 1243
762 1243
762 4969
4647 4969
2826 4647
2826 3074
1788 3074
1788 2315
2315 4492
1540 4492
1540 3950
3950 4634
4634 4948
1654 4948
130 1654
130 3792
3792 4994
3536 4994
1896 3536
1283 1896
1085 1283
1085 3899
144 3899
144 616
616 2777
1106 2777
1106 1442
1442 4623
277 4623
277 2655
2655 2920
962 2920
962 4884
1123 4884
1123 2550
610 2550
610 3324
1480 3324
1480 4215
2752 4215
2752 3683
1592 3683
1592 3303
2803 3303
1140 2803
1140 4152
1862 4152
1862 4519
1621 4519
1621 4032
4032 4372
2682 4372
862 2682
862 1244
1244 1486
194 1486
194 3115
2139 3115
1386 2139
1386 4082
4082 4654
3043 4654
3043 3718
1165 3718
1165 4275
1265 4275
319 1265
319 437
437 4283
3819 4283
3428 3819
2104 3428
2104 4920
1664 4920
471 1664
471 4376
2344 4376
2344 4339
3279 4339
3279 4188
1569 4188
1569 3619
2017 3619
2017 3938
3836 3938
3836 4000
2174 4000
274 2174
274 3581
3405 3581
2515 3405
2435 2515
503 2435
503 1312
1312 3893
3893 4249
2119 4249
2119 2392
1799 2392
1720 1799
1720 2893
913 2893
913 3018
3018 4303
1950 4303
1950 2544
2263 2544
2091 2263
1507 2091
375 1507
375 948
948 1461
1461 4343
940 4343
940 3378
1805 3378
1805 4320
2221 4320
1791 2221
1791 1800
1800 2001
2001 2204
2204 3081
3081 4157
282 4157
282 430
430 2951
924 2951
790 924
790 3785
163 3785
163 2824
2824 4677
2239 4677
2239 2284
2284 2696
545 2696
545 832
832 2990
2990 3062
1576 3062
1576 1759
1759 1769
1724 1769
1724 3052
3052 3270
2146 3270
2146 4085
3808 4085
3407 3808
3190 3407
259 3190
259 3313
392 3313
392 2846
2846 4899
1971 4899
1971 4876
3755 4876
998 3755
998 1212
1212 4540
4540 4788
2057 4788
668 2057
668 2646
2646 2690
2690 4974
1292 4974
1292 4479
3141 4479
2972 3141
2972 4789
4278 4789
3770 4278
2016 3770
719 2016
719 2453
2453 4630
2299 4630
2299 3943
3943 4001
306 4001
306 4890
3339 4890
2261 3339
2261 4163
3644 4163
3644 3878
3293 3878
3293 4488
4488 4689
3600 4689
3366 3600
3366 4354
1016 4354
1016 4164
1767 4164
1662 1767
1662 3597
766 3597
766 3524
3100 3524
3100 4543
3688 4543
414 3688
414 3063
2074 3063
2074 3164
317 3164
317 1840
1840 3388
3388 4192
1761 4192
1761 2874
2874 4297
4184 4297
1776 4184
1089 1776
1089 4844
1062 4844
248 1062
248 4742
3350 4742
558 3350
558 2207
1375 2207
1375 2736
1178 2736
617 1178
617 849
849 2065
2065 2179
2000 2179
2000 2648
356 2648
356 3011
3011 4238
2109 4238
1042 2109
1042 3579
2234 3579
2234 3290
1674 3290
1674 4362
3487 4362
3487 4566
904 4566
201 904
201 4021
1817 4021
1137 1817
1137 2539
2539 2756
204 2756
204 2773
2773 3117
3117 4740
197 4740
197 3492
3492 4663
4658 4663
1287 4658
94 1287
94 2138
1501 2138
102 1501
102 834
688 834
688 3173
3173 3435
3435 3733
3733 4864
3817 4864
3490 3817
3490 4768
165 4768
165 1624
1624 2994
2994 3935
2709 3935
1636 2709
1636 2009
2009 3882
2915 3882
1040 2915
1040 2586
2248 2586
514 2248
514 3875
1615 3875
1098 1615
1098 2084
203 2084
203 884
884 3595
1734 3595
1228 1734
1228 4725
1249 4725
1249 3666
2537 3666
773 2537
773 909
909 2866
2866 3822
3017 3822
36 3017
36 2838
2684 2838
994 2684
994 1028
1028 4652
1132 4652
1132 3262
1003 3262
1003 1881
1881 3857
767 3857
767 1693
91 1693
91 782
782 4809
4360 4809
62 4360
62 1214
1214 2805
1760 2805
352 1760
352 3585
388 3585
388 2054
2054 2487
2487 3082
2821 3082
2821 3655
2976 3655
1410 2976
1410 4319
4319 4755
1263 4755
1263 4853
3891 4853
1002 3891
1002 3858
2181 3858
2181 2504
2504 3913
2136 3913
2136 2745
1014 2745
1014 1451
1451 4342
3679 4342
1802 3679
1802 3079
3079 4071
4071 4407
193 4407
193 3252
167 3252
167 3919
3919 4092
958 4092
958 1216
1216 4736
4736 4985
1355 4985
1355 2266
1856 2266
238 1856
238 4289
1796 4289
1796 3852
3852 4237
3547 4237
2913 3547
753 2913
753 2721
2277 2721
2277 4346
1224 4346
1224 4570
4417 4570
2856 4417
2856 3496
1498 3496
1498 4384
2292 4384
2292 4858
2542 4858
2542 2551
2551 4558
3743 4558
590 3743
590 2450
2450 3776
1842 3776
597 1842
597 795
795 1825
1825 2559
1181 2559
1181 1635
1635 2747
2747 2884
1595 2884
1330 1595
1330 1335
1335 2076
2076 2576
2576 4569
3829 4569
1343 3829
1343 2280
2280 3125
3125 3239
3239 4945
2398 4945
2398 4045
2058 4045
2058 2617
1645 2617
1645 3426
3426 4583
4583 4773
406 4773
406 3760
2345 3760
2345 4307
1174 4307
1174 2776
2776 4493
362 4493
362 2416
2416 4386
4386 4699
1239 4699
861 1239
861 4465
820 4465
734 820
734 4796
4796 4936
905 4936
287 905
287 1709
1709 3152
3152 4698
3305 4698
1065 3305
549 1065
549 2434
660 2434
660 3811
3811 4754
4509 4754
2448 4509
2448 3007
3007 4753
4753 4780
2569 4780
1634 2569
1510 1634
147 1510
147 3249
422 3249
422 2818
2818 4169
845 4169
372 845
372 3834
2350 3834
2350 3099
1884 3099
1884 3501
2370 3501
676 2370
676 3406
1365 3406
1365 4196
4023 4196
2663 4023
2663 3450
1026 3450
1026 2193
2069 2193
2069 2090
2090 3543
3543 4817
1448 4817
1448 2916
815 2916
815 3386
475 3386
475 2118
2118 3923
1657 3923
1657 4301
4301 4743
3659 4743
548 3659
548 4624
3884 4624
866 3884
866 2522
2522 3775
3775 4020
4020 4329
1359 4329
525 1359
525 4309
53 4309
53 1063
916 1063
916 3491
619 3491
619 3521
675 3521
675 4612
2096 4612
2096 3384
3080 3384
569 3080
569 3425
3229 3425
415 3229
415 4826
3587 4826
865 3587
865 3148
176 3148
176 3123
1443 3123
1443 1902
1902 3311
1726 3311
1289 1726
1289 4863
3610 4863
81 3610
81 1036
970 1036
970 3563
567 3563
567 4765
3505 4765
3489 3505
3489 4373
255 4373
255 4359
1771 4359
1771 1852
314 1852
314 1160
1160 2011
2011 3143
2955 3143
1499 2955
1499 3295
560 3295
560 1007
1007 1219
1219 1464
1464 3762
3762 4831
2097 4831
2097 3093
43 3093
43 4467
603 4467
603 4938
3781 4938
2073 3781
2073 4764
180 4764
180 2673
387 2673
75 387
75 2391
2241 2391
2241 4510
4510 4978
4399 4978
3064 4399
3001 3064
2201 3001
1787 2201
1055 1787
1055 3757
2377 3757
2377 2623
2623 2908
1723 2908
1723 4147
2167 4147
2167 2927
1109 2927
1109 2105
1135 2105
1135 1755
1728 1755
1728 3054
1930 3054
1297 1930
1297 4902
1913 4902
893 1913
893 4501
3528 4501
703 3528
703 2338
1795 2338
1187 1795
1187 3800
535 3800
535 3300
2742 3300
2742 3316
2033 3316
2033 2683
244 2683
171 244
171 2725
2725 3612
3612 4830
952 4830
952 1439
1439 2186
2186 2446
108 2446
108 4019
4019 4194
3138 4194
1526 3138
1526 3845
1523 3845
1523 2103
575 2103
575 4349
3761 4349
1339 3761
711 1339
711 2691
2691 2778
2778 2879
2879 3326
3326 3514
3514 4767
4276 4767
336 4276
336 1688
1600 1688
1382 1600
854 1382
854 3454
1083 3454
1083 3310
3310 4380
3432 4380
1580 3432
1580 1678
1678 2231
1246 2231
1246 3566
1357 3566
383 1357
383 3422
2868 3422
2868 3874
3874 4280
1869 4280
1869 2851
2851 4425
3411 4425
2582 3411
2582 2676
2676 2930
2321 2930
2321 2926
1252 2926
1252 3833
3343 3833
1217 3343
1217 1529
1529 3137
3137 4304
641 4304
621 641
621 4749
2365 4749
539 2365
539 2634
2634 4397
82 4397
82 4582
470 4582
470 1829
1829 3975
3975 4120
4120 4305
2679 4305
2679 2906
2906 4578
413 4578
413 4302
3067 4302
798 3067
418 798
418 3963
756 3963
756 3358
2087 3358
2087 4335
3618 4335
3590 3618
2674 3590
2466 2674
704 2466
704 2472
2249 2472
1366 2249
1366 4829
717 4829
717 771
771 3790
3592 3790
894 3592
894 4505
4379 4505
1970 4379
1970 3531
2422 3531
2422 3921
821 3921
454 821
454 738
738 4350
3237 4350
1984 3237
95 1984
95 4246
360 4246
360 4174
302 4174
302 628
628 4183
755 4183
755 2378
2378 2932
2932 3684
645 3684
645 1210
1210 4483
1157 4483
1094 1157
1094 4681
2764 4681
2764 4925
3897 4925
23 3897
23 4242
2171 4242
1921 2171
1921 4590
4571 4590
83 4571
83 956
956 1857
1857 1963
963 1963
963 1384
344 1384
344 739
739 4229
1059 4229
1059 2590
2590 4929
2689 4929
1831 2689
1537 1831
1537 3797
3797 4783
1360 4783
1360 2813
2037 2813
2037 3392
2025 3392
2025 4055
307 4055
307 2819
2819 4383
4239 4383
4239 4601
682 4601
682 3070
1124 3070
1124 3091
2232 3091
2232 3118
3118 4949
1254 4949
1254 1861
1320 1861
1320 2205
2205 4651
4516 4651
1428 4516
1428 2240
1262 2240
1262 4787
1333 4787
1333 4219
595 4219
595 3035
529 3035
529 1845
1845 1908
1908 3999
183 3999
183 1743
1743 2970
1153 2970
1127 1153
1127 4733
3903 4733
2271 3903
2157 2271
1744 2157
472 1744
472 1779
1779 4559
2227 4559
2227 2597
2597 4484
743 4484
743 1996
382 1996
382 3793
122 3793
122 3086
928 3086
928 2072
2072 3511
1114 3511
1114 4038
510 4038
510 683
683 2640
2640 4337
3254 4337
3254 4891
2919 4891
2919 3607
3607 3685
3685 4512
4512 4611
4146 4611
606 4146
606 4107
2973 4107
1756 2973
1756 3084
3084 4265
4161 4265
592 4161
164 592
164 2607
2607 4167
2554 4167
1897 2554
830 1897
830 1453
1453 2727
2727 4140
3413 4140
923 3413
923 1195
1195 2710
1954 2710
1954 3257
1484 3257
1484 2886
2886 3918
3332 3918
2508 3332
2508 3104
3104 4910
2811 4910
661 2811
661 3704
2718 3704
2718 4678
2175 4678
1622 2175
1622 4314
4119 4314
445 4119
445 657
657 4181
2534 4181
2534 4522
853 4522
853 4644
2578 4644
1981 2578
1981 4913
1533 4913
132 1533
132 4281
1423 4281
1423 2872
1227 2872
1227 4594
4461 4594
3929 4461
3929 4693
2297 4693
331 2297
331 2594
2594 3015
3015 3603
3317 3603
2211 3317
98 2211
98 2110
2110 4468
1608 4468
1470 1608
1470 1924
1924 2404
11 2404
11 2127
1058 2127
474 1058
474 3665
2699 3665
1786 2699
1786 3920
3107 3920
3049 3107
2768 3049
2768 3998
3998 4449
3922 4449
3281 3922
3281 4004
2999 4004
373 2999
373 1813
1424 1813
1424 2876
2876 3040
1321 3040
1321 2333
2333 3850
1261 3850
1261 3766
1463 3766
1463 3012
1824 3012
581 1824
581 1046
1046 2628
2628 4270
2517 4270
214 2517
214 1750
1750 2624
2548 2624
2116 2548
2116 2733
1395 2733
1395 3483
3359 3483
2714 3359
2714 2825
2825 3315
3315 4722
48 4722
48 3552
2289 3552
724 2289
724 3456
498 3456
498 4268
785 4268
785 2922
2922 4933
1056 4933
120 1056
120 3798
3798 3881
1105 3881
455 1105
455 2716
2716 4498
1095 4498
1095 4528
3937 4528
3937 4667
3503 4667
2767 3503
2061 2767
921 2061
921 3574
2473 3574
151 2473
151 3930
3930 4460
3114 4460
3114 4820
2757 4820
513 2757
513 4423
4423 4906
932 4906
932 1849
1331 1849
1331 4409
4409 4679
1718 4679
1718 4422
3723 4422
2219 3723
2219 3738
2844 3738
284 2844
284 3537
3207 3537
3207 4326
848 4326
848 2841
837 2841
480 837
480 631
631 1411
1411 4317
1668 4317
1668 4962
3957 4962
2505 3957
1597 2505
1597 3968
3105 3968
3105 3591
3535 3591
2068 3535
2068 4291
1848 4291
1848 1876
1876 4838
4778 4838
1994 4778
1994 2598
335 2598
335 1922
1922 2707
2707 3680
303 3680
303 3085
3085 3583
2102 3583
2102 2180
2053 2180
2006 2053
2006 2581
311 2581
311 3124
1745 3124
1430 1745
1430 4931
2120 4931
2120 3710
3710 4053
1112 4053
552 1112
13 552
13 2695
2695 4804
4799 4804
1074 4799
1074 4724
3548 4724
3472 3548
678 3472
678 1873
941 1873
941 3756
1432 3756
1005 1432
1005 4879
2055 4879
2055 3777
367 3777
367 2301
2301 4367
4117 4367
1298 4117
221 1298
61 221
61 1955
1044 1955
1044 2082
1205 2082
659 1205
659 4621
2843 4621
2538 2843
1605 2538
823 1605
823 3119
571 3119
571 1589
1589 4617
1392 4617
1392 3414
793 3414
793 3301
511 3301
511 4596
1659 4596
1659 4649
1075 4649
1075 2429
1378 2429
1378 1449
1449 4402
3735 4402
1961 3735
1961 3862
3024 3862
2314 3024
2314 2704
728 2704
728 3195
3195 4580
1050 4580
1050 1741
1425 1741
1425 2532
596 2532
596 2149
2149 2342
2342 4109
4109 4760
1104 4760
1104 2903
1698 2903
1698 4592
930 4592
930 4857
4412 4857
3443 4412
2155 3443
2155 4079
1398 4079
1398 3466
301 3466
301 3128
3128 3890
1918 3890
1918 4697
240 4697
240 1394
1394 3814
1043 3814
1043 3681
3681 3991
3462 3991
452 3462
452 4442
4308 4442
2113 4308
2113 4100
3042 4100
3042 4712
3801 4712
489 3801
489 3352
3352 3478
686 3478
686 1296
1296 4880
3297 4880
2381 3297
2381 2738
1893 2738
805 1893
805 3816
1801 3816
1801 4560
3372 4560
1784 3372
1746 1784
1746 4907
1494 4907
121 1494
121 984
984 2049
1577 2049
1577 2995
2995 4739
733 4739
565 733
565 1144
1144 3690
3690 4248
3909 4248
2889 3909
2567 2889
182 2567
182 3559
2134 3559
1148 2134
1148 1772
1772 4102
2523 4102
2523 4819
3995 4819
2614 3995
2614 2832
365 2832
365 1278
797 1278
797 1722
1722 1879
1879 2274
1972 2274
1972 4121
1770 4121
1770 3668
3668 4438
298 4438
298 2051
2051 3367
3367 4821
3401 4821
1790 3401
1790 4463
33 4463
33 4217
929 4217
929 4388
280 4388
280 2121
1804 2121
1804 4421
3994 4421
179 3994
179 2688
2688 2971
2615 2971
1060 2615
720 1060
720 4293
161 4293
161 4279
459 4279
459 2471
2471 2899
2360 2899
2360 2521
2521 4087
148 4087
148 4338
1710 4338
1710 4846
2954 4846
2954 3860
2486 3860
1660 2486
1660 4806
160 4806
160 428
428 553
553 846
846 2331
1457 2331
1457 4892
4363 4892
4363 4464
632 4464
632 4641
599 4641
599 2867
2867 3902
1584 3902
1584 4447
2373 4447
1326 2373
68 1326
68 4007
4007 4904
31 4904
31 3404
1985 3404
945 1985
945 3650
706 3650
706 3627
536 3627
536 2875
2442 2875
1018 2442
1018 4946
89 4946
89 1334
1334 4735
4735 4875
2637 4875
2130 2637
2130 4711
2192 4711
2192 4108
4108 4526
3546 4526
2871 3546
2364 2871
2364 2506
2506 4333
4333 4586
4586 4683
328 4683
224 328
224 1982
1982 4328
2132 4328
18 2132
18 3542
3542 4620
1965 4620
672 1965
672 1458
625 1458
625 3571
2437 3571
2437 3101
1920 3101
1518 1920
1518 2579
2579 3322
2443 3322
2443 3611
2888 3611
1008 2888
1008 4798
1180 4798
1180 3263
3263 4401
4401 4434
2885 4434
2885 3520
2571 3520
1835 2571
294 1835
294 914
914 4074
1721 4074
1721 3078
3078 3702
1943 3702
1943 2966
2966 4361
4241 4361
4241 4669
3098 4669
2575 3098
2575 4963
1647 4963
1647 4803
4502 4803
3778 4502
3778 4437
4387 4437
3978 4387
3914 3978
2706 3914
2706 4218
381 4218
381 1342
1342 4511
4511 4911
784 4911
784 1368
1368 4729
2938 4729
1417 2938
1417 4168
1864 4168
636 1864
432 636
432 3197
2566 3197
2566 3465
1837 3465
1837 2325
2325 2834
2834 3701
1998 3701
1998 2382
2382 4145
3745 4145
3178 3745
3178 3981
2154 3981
152 2154
152 1071
1071 2050
2050 3772
3580 3772
3580 3807
730 3807
730 2606
2606 3765
2032 3765
1944 2032
1944 3373
1553 3373
1553 2131
991 2131
991 2328
2178 2328
2142 2178
2142 2469
1914 2469
129 1914
129 3244
450 3244
450 1891
1701 1891
1701 4481
3779 4481
3779 4675
4290 4675
4290 4534
938 4534
938 2374
76 2374
76 3273
2591 3273
1505 2591
1505 3616
1590 3616
1590 3394
2323 3394
2323 4960
3368 4960
3368 4894
3872 4894
3090 3872
3090 3804
582 3804
582 4854
622 4854
622 935
935 4995
4609 4995
3234 4609
1090 3234
1090 4670
4600 4670
1732 4600
1732 4113
359 4113
359 3622
2436 3622
2436 3338
237 3338
237 4049
2483 4049
2483 3204
1766 3204
1766 2702
1078 2702
871 1078
871 906
906 4254
1619 4254
1619 3699
3699 4436
4436 4656
4014 4656
4013 4014
3075 4013
3075 3416
1006 3416
1006 1738
77 1738
77 3102
3102 3941
3440 3941
473 3440
473 3126
3126 3758
3134 3758
1234 3134
1234 1535
1535 2924
495 2924
495 3556
3199 3556
3199 4786
579 4786
579 3832
3832 4063
3572 4063
3250 3572
3089 3250
3089 3791
231 3791
231 768
768 3158
2969 3158
2969 3022
3022 3246
1447 3246
907 1447
28 907
28 3780
3780 4012
3910 4012
134 3910
134 3136
1419 3136
1419 4643
4067 4643
3532 4067
242 3532
210 242
210 813
813 1670
170 1670
170 2313
1617 2313
1617 3652
2269 3652
1128 2269
764 1128
764 3709
3709 3827
1080 3827
1080 2731
2731 3856
677 3856
677 4224
3750 4224
3153 3750
1704 3153
1704 2530
1651 2530
1651 4470
2318 4470
2318 3614
3614 4282
3029 4282
852 3029
852 1374
1374 2520
2520 3900
3900 3916
3181 3916
3181 4841
818 4841
818 870
870 4885
4527 4885
4471 4527
1158 4471
1158 4852
30 4852
30 1426
1426 4840
2235 4840
368 2235
368 3308
534 3308
534 633
633 788
788 1956
1956 2128
996 2128
996 1785
1785 4227
1177 4227
1177 4919
4774 4919
2324 4774
1305 2324
39 1305
39 710
710 1912
1912 2553
1371 2553
1371 4741
4607 4741
4062 4607
131 4062
131 1733
1733 3344
3344 4626
3677 4626
3677 4162
2734 4162
1611 2734
1611 2137
4 2137
4 544
544 4513
1641 4513
1641 4325
4325 4441
1614 4441
1614 4294
2588 4294
1444 2588
1444 3155
1727 3155
563 1727
563 1020
1020 3056
3056 3647
3647 4687
140 4687
140 4199
2428 4199
2428 3433
1673 3433
1172 1673
1172 3380
1134 3380
1134 1173
1173 4054
310 4054
310 3512
2519 3512
1690 2519
888 1690
888 4159
2986 4159
177 2986
177 4257
3479 4257
401 3479
401 2163
1522 2163
1522 2914
2914 3526
3265 3526
531 3265
531 2735
2735 3821
732 3821
732 844
844 1995
400 1995
323 400
323 911
911 3044
3044 3280
1999 3280
1999 2882
2043 2882
1115 2043
1115 4939
3187 4939
2728 3187
377 2728
377 2857
1489 2857
93 1489
93 650
650 1322
1322 2393
2393 3958
1107 3958
1107 1282
1282 4418
828 4418
828 2711
2711 2998
2998 4122
3391 4122
1911 3391
1911 3488
1405 3488
1405 1844
1495 1844
1495 2357
2357 3459
3459 4070
109 4070
109 4286
993 4286
993 2833
2833 4170
2191 4170
2191 2823
630 2823
630 2593
2593 2827
2827 4959
4750 4959
2698 4750
251 2698
251 3259
1397 3259
1397 3356
2310 3356
885 2310
885 3651
2456 3651
1823 2456
1823 2923
2923 4696
4696 4730
2549 4730
2549 4828
2686 4828
2686 4673
3513 4673
69 3513
69 749
749 1758
135 1758
135 776
776 2939
1820 2939
1811 1820
1811 4263
934 4263
934 4006
2881 4006
2881 3674
138 3674
138 1240
1240 1277
1277 2817
2817 3163
1841 3163
1387 1841
1387 1560
1560 3333
546 3333
233 546
233 1407
1407 2145
424 2145
424 2346
2346 2855
1441 2855
868 1441
868 931
931 988
988 4714
2056 4714
2056 3325
2781 3325
1364 2781
647 1364
647 653
653 3354
1781 3354
1781 2636
2636 4356
2905 4356
2905 3799
3251 3799
3251 3989
341 3989
341 4682
4008 4682
2739 4008
2739 4680
256 4680
256 2044
2044 4986
3638 4986
586 3638
586 1350
300 1350
300 1806
1431 1806
1431 3460
1300 3460
1300 2770
667 2770
667 4480
1318 4480
1318 2307
58 2307
58 999
999 4341
111 4341
111 4955
3628 4955
3628 3962
3962 4701
2420 4701
2340 2420
2340 4650
1594 4650
714 1594
292 714
292 547
547 3562
3562 3773
3108 3773
1859 3108
1859 2384
512 2384
512 555
555 4893
1875 4893
1875 4870
1648 4870
1648 2771
2771 4126
1032 4126
1032 2809
2809 4090
3767 4090
2692 3767
1033 2692
1033 1079
1079 1472
1472 4151
1340 4151
1076 1340
1076 2489
2489 4125
2 4125
2 290
290 3113
3113 3553
3299 3553
1023 3299
787 1023
787 4041
3942 4041
3942 4757
3154 4757
794 3154
174 794
174 1591
345 1591
345 3818
2264 3818
2264 4318
607 4318
607 1602
1602 2592
1190 2592
518 1190
518 1250
1250 4574
1558 4574
1558 3096
1151 3096
1151 1380
1380 4139
1001 4139
1001 4015
2317 4015
2317 3754
3678 3754
1699 3678
1699 3198
407 3198
407 2322
2322 2577
995 2577
995 3517
860 3517
860 4047
2265 4047
252 2265
252 1736
291 1736
181 291
181 4005
2206 4005
2206 3887
2596 3887
1531 2596
1531 3457
3457 4956
245 4956
245 2396
2396 3127
3127 3837
1573 3837
1573 4444
107 4444
107 4970
2304 4970
2304 4171
858 4171
858 4706
1789 4706
960 1789
960 1068
1068 3990
1336 3990
1336 4428
3071 4428
419 3071
419 4761
3582 4761
524 3582
524 3285
3285 3876
2474 3876
1476 2474
1476 4895
3974 4895
3864 3974
2653 3864
2653 4115
3186 4115
342 3186
342 1508
1508 3353
741 3353
741 3815
3815 4424
2332 4424
2332 2511
16 2511
16 4371
4371 4947
2046 4947
1284 2046
1284 2574
2574 3940
3271 3940
2252 3271
877 2252
877 1416
1416 3361
3361 3518
3518 4686
1491 4686
1491 3050
3050 4619
608 4619
608 2348
2150 2348
1803 2150
1803 2717
1923 2717
1923 2965
2965 3069
465 3069
465 1280
1280 2943
1376 2943
1376 3282
2162 3282
1947 2162
964 1947
964 4439
4127 4439
3924 4127
3689 3924
3066 3689
3066 3939
196 3939
196 3728
3573 3728
3329 3573
3329 4629
1338 4629
578 1338
578 3498
2303 3498
2303 4674
727 4674
727 4035
1325 4035
1325 2467
2467 4166
2169 4166
1211 2169
1011 1211
1011 3671
1110 3671
173 1110
173 4231
2209 4231
2209 4351
4351 4653
2812 4653
2812 3727
1468 3727
232 1468
232 561
522 561
522 4966
52 4966
52 385
385 2021
2021 2643
922 2643
922 2080
2080 2573
1888 2573
1888 2753
2753 4033
2657 4033
2657 3657
3657 4089
1319 4089
462 1319
462 3030
3030 4075
4075 4135
506 4135
506 2940
2940 3936
3867 3936
2224 3867
2224 4926
4926 4937
379 4937
379 2258
2258 3987
2002 3987
655 2002
655 1500
1500 3953
3693 3953
3046 3693
3046 3446
806 3446
806 2035
1031 2035
1031 4259
4148 4259
4148 4599
4599 4860
3471 4860
2066 3471
2066 3747
3747 4173
4173 4216
4216 4411
4176 4411
3545 4176
1964 3545
1512 1964
1512 2030
483 2030
483 1248
378 1248
378 1199
1199 3736
2992 3736
1435 2992
1435 2740
2024 2740
2024 3868
3868 4598
4327 4598
212 4327
212 4856
4577 4856
4515 4577
2898 4515
1241 2898
110 1241
110 3284
1689 3284
1689 2250
2250 4808
1665 4808
836 1665
836 1865
1865 3375
2363 3375
2363 2494
1637 2494
1637 4104
434 4104
434 4347
2894 4347
2894 3997
2896 3997
2896 3381
3157 3381
3157 3363
234 3363
234 2088
2088 3719
218 3719
218 708
708 3441
3441 3565
1885 3565
1294 1885
1294 2293
2293 2929
2929 2956
2956 4299
2785 4299
1012 2785
802 1012
802 2859
2859 3980
3980 4150
4150 4823
141 4823
141 882
859 882
859 3606
1633 3606
1633 4873
4186 4873
1285 4186
1285 4389
697 4389
697 2815
1685 2815
1290 1685
1221 1290
1221 4801
1377 4801
1017 1377
1017 4802
1194 4802
1194 3179
485 3179
485 3174
3174 3235
3235 4671
366 4671
366 1667
142 1667
142 3116
2361 3116
2361 3291
169 3291
169 4951
2262 4951
2115 2262
1264 2115
1264 2547
825 2547
825 3615
517 3615
517 4056
4031 4056
2694 4031
1687 2694
1687 4824
2367 4824
2291 2367
942 2291
942 4495
3554 4495
1186 3554
1092 1186
1092 1133
1133 1455
1455 4110
2403 4110
59 2403
59 3985
3399 3985
1719 3399
1719 2870
2870 3564
100 3564
100 747
747 2877
2390 2877
2013 2390
2013 2432
1564 2432
1564 1798
1798 3771
2561 3771
765 2561
765 2243
2243 2681
2681 4097
73 4097
67 73
67 1478
936 1478
936 2831
2831 4177
791 4177
791 4202
1775 4202
1775 3318
2476 3318
2012 2476
2012 4477
2465 4477
2465 2556
2556 4552
961 4552
961 4770
4533 4770
4533 4881
397 4881
124 397
124 1830
1828 1830
1828 3673
3109 3673
2761 3109
1266 2761
1266 3831
2743 3831
950 2743
950 3620
2644 3620
1268 2644
295 1268
295 1521
416 1521
416 1024
427 1024
427 2460
117 2460
117 3835
3835 4455
721 4455
721 1482
396 1482
396 3812
481 3812
481 1714
1714 1851
1851 4381
3092 4381
574 3092
574 3264
1230 3264
1230 3212
2862 3212
2862 4222
3648 4222
1604 3648
1604 1632
1632 4091
8 4091
8 4776
4614 4776
3355 4614
3027 3355
523 3027
523 4568
937 4568
937 4707
1953 4707
1953 4597
2942 4597
1274 2942
1274 3276
1233 3276
1233 1874
1555 1874
1009 1555
56 1009
56 2462
2462 2671
2671 3364
2272 3364
1516 2272
1516 3328
2290 3328
1100 2290
1100 1454
1454 4228
3774 4228
3277 3774
3277 4918
4731 4918
883 4731
883 3883
1969 3883
680 1969
458 680
458 3167
3010 3167
3010 3430
1413 3430
1413 2996
1389 2996
1207 1389
1207 1863
1863 3304
2774 3304
542 2774
542 1618
1618 2484
2484 2917
2762 2917
2762 2865
2865 2907
2463 2907
1099 2463
1099 3130
2944 3130
1291 2944
1291 3395
7 3395
7 1907
1907 4416
3787 4416
3437 3787
3437 4348
3334 4348
200 3334
200 1116
987 1116
713 987
713 1198
933 1198
933 1061
1061 2401
1809 2401
1809 2980
2786 2980
2047 2786
2047 4051
1672 4051
1310 1672
1310 4156
3068 4156
1919 3068
1919 2326
2326 2849
691 2849
691 2775
890 2775
890 2936
490 2936
490 856
856 1275
487 1275
487 4487
1977 4487
1977 4426
4426 4632
4212 4632
1696 4212
1696 4251
4251 4777
2603 4777
1245 2603
1245 2245
1669 2245
1669 1892
1892 2366
2366 2782
1586 2782
149 1586
149 612
612 2413
2413 4111
3662 4111
2189 3662
2189 2766
2766 4247
842 4247
842 3286
198 3286
198 1905
90 1905
90 4506
404 4506
404 1941
946 1941
946 1778
1778 4595
1909 4595
1909 4603
2798 4603
2798 4155
1822 4155
985 1822
985 3076
1038 3076
1038 1810
1810 2860
2860 4825
910 4825
910 3550
3550 3742
1119 3742
1102 1119
1102 4565
72 4565
72 690
690 2197
2197 4692
2071 4692
2071 4523
4523 4836
2528 4836
2008 2528
2008 4375
649 4375
649 4022
4022 4957
1707 4957
1707 4535
600 4535
600 1459
1459 3241
3059 3241
2963 3059
2963 4269
3658 4269
3658 4917
460 4917
460 1899
955 1899
955 3869
3669 3869
3149 3669
3149 4274
4274 4961
1323 4961
1323 1503
1503 2059
831 2059
831 3482
3412 3482
2208 3412
2208 2461
2183 2461
1162 2183
1162 3177
3177 4099
3112 4099
817 3112
817 1517
1517 3484
3484 4112
3643 4112
3643 4266
1551 4266
123 1551
123 642
642 2480
2480 3360
3360 3730
1218 3730
1218 3477
3165 3477
926 3165
309 926
309 2441
2441 4066
1935 4066
1680 1935
643 1680
643 2647
1773 2647
1773 2864
384 2864
384 2570
2570 3951
646 3951
646 1938
1938 3028
3028 4245
2724 4245
505 2724
505 4832
4553 4832
1197 4553
722 1197
722 1625
1625 1940
1940 2215
114 2215
114 321
321 4432
4432 4811
629 4811
629 3504
1603 3504
1538 1603
1538 3309
2034 3309
2034 2039
2039 3048
1429 3048
1429 3944
1057 3944
1057 2386
1620 2386
1620 3444
2220 3444
1536 2220
1536 1821
1270 1821
1013 1270
461 1013
461 654
654 4691
1220 4691
1220 1702
1702 3087
626 3087
626 1064
425 1064
425 3106
3106 3223
2151 3223
2117 2151
2117 3336
442 3336
442 4996
2020 4996
1867 2020
1867 3385
3385 4446
477 4446
477 557
557 990
990 3724
3724 4664
3209 4664
2572 3209
1483 2572
1483 3964
3964 4676
4676 4688
2700 4688
2700 4631
3984 4631
959 3984
959 3253
3253 4204
4204 4989
4613 4989
2202 4613
2202 2518
2518 3008
3008 4392
3047 4392
3047 4504
2355 4504
2355 4953
3041 4953
488 3041
488 2977
492 2977
492 1883
1883 4408
1834 4408
843 1834
843 3741
484 3741
184 484
184 4964
978 4964
978 2319
2319 2497
2497 4771
2814 4771
2814 3639
3225 3639
3225 4812
3928 4812
2353 3928
2353 3191
2062 3191
2062 3031
3031 4815
892 4815
230 892
230 2982
2982 3121
656 3121
656 2909
1242 2909
1242 4855
1520 4855
191 1520
191 2540
340 2540
340 639
639 899
371 899
371 2847
1903 2847
1763 1903
1749 1763
1749 2399
2399 2983
20 2983
20 530
530 3230
3230 4887
2626 4887
2595 2626
2337 2595
337 2337
337 3613
241 3613
241 4997
2358 4997
598 2358
598 1839
1838 1839
1838 4520
3221 4520
2457 3221
2457 3180
1610 3180
967 1610
772 967
772 1201
778 1201
778 1167
585 1167
585 786
786 4482
2552 4482
2552 3713
1928 3713
1612 1928
1612 3751
1108 3751
1108 2481
2481 3932
2259 3932
2259 4833
572 4833
572 2223
2223 2780
2677 2780
2677 4306
391 4306
391 2557
24 2557
24 4718
4295 4718
4295 4903
37 4903
37 2339
609 2339
609 1311
1311 4967
3634 4967
3634 4766
2948 4766
2498 2948
2498 3840
3712 3840
3712 3885
811 3885
577 811
577 1880
532 1880
532 4732
2584 4732
2584 3351
3140 3351
2283 3140
14 2283
14 1400
1400 4871
507 4871
507 3753
3753 4655
246 4655
246 3065
3004 3065
3004 4057
4057 4814
4313 4814
172 4313
172 3705
1120 3705
1120 2746
1182 2746
1182 4982
3417 4982
3147 3417
2829 3147
2829 2887
2887 3331
3156 3331
1872 3156
1872 2492
2492 3434
2108 3434
1251 2108
1251 3458
562 3458
562 2627
2176 2627
2176 3292
3292 4253
3969 4253
3275 3969
3275 3824
3824 4861
330 4861
330 1293
297 1293
297 1653
1653 2165
1324 2165
1324 1562
463 1562
463 4043
901 4043
901 1412
417 1412
417 2129
1111 2129
1111 1136
1136 3794
3794 4865
464 4865
464 1675
1675 4160
2678 4160
2678 4503
1826 4503
1826 4061
1627 4061
376 1627
376 1609
692 1609
692 2713
2713 4272
4272 4542
3169 4542
702 3169
702 2612
2019 2612
538 2019
538 4576
2527 4576
1682 2527
1682 3182
777 3182
777 4364
1414 4364
1414 2661
2661 4800
789 4800
789 4593
440 4593
440 2715
2388 2715
504 2388
285 504
285 312
312 2726
2726 4474
2958 4474
2958 3522
1593 3522
1593 4859
4859 4972
4165 4972
4165 4336
1259 4336
1259 1793
1793 2665
2665 3122
975 3122
822 975
822 1978
1978 4976
283 4976
283 4096
3470 4096
113 3470
113 2114
2067 2114
1316 2067
1316 2772
2772 4209
4209 4366
3828 4366
3698 3828
431 3698
431 3306
644 3306
644 827
827 4086
3672 4086
3672 4158
2184 4158
2184 2387
1814 2387
1814 4744
4744 4748
2968 4748
2968 3892
2587 3892
2587 2960
2732 2960
2609 2732
2609 3692
3321 3692
1073 3321
664 1073
664 3870
3870 4537
3516 4537
3516 4271
97 4271
97 1871
1871 2092
2092 3151
296 3151
296 737
737 2336
2336 4500
448 4500
448 1717
1717 4851
408 4851
205 408
205 4940
1188 4940
1188 3575
927 3575
927 3302
2784 3302
2784 2840
1256 2840
1256 4316
4316 4921
3654 4921
3201 3654
2509 3201
2509 3732
3732 4813
2810 4813
2810 3058
1737 3058
1303 1737
1141 1303
1141 3274
1658 3274
1658 2878
2878 4668
4284 4668
4284 4378
1504 4378
1504 3769
3769 3971
38 3971
38 339
339 2720
2720 3369
2822 3369
316 2822
316 2079
2003 2079
2003 2950
1229 2950
466 1229
466 2635
99 2635
99 2619
1976 2619
1976 3349
265 3349
265 748
748 2514
1021 2514
1021 1582
1582 3786
3725 3786
1019 3725
1019 4983
1269 4983
1269 1598
1163 1598
1163 1477
1408 1477
1408 4685
2286 4685
1866 2286
1866 4427
29 4427
29 2282
2282 3838
3203 3838
2632 3203
41 2632
41 1910
257 1910
257 4076
4076 4797
3439 4797
1351 3439
1351 3341
3341 3481
3131 3481
3131 4672
4662 4672
101 4662
101 3653
2730 3653
2081 2730
1640 2081
1640 4489
3796 4489
32 3796
32 4843
3464 4843
2796 3464
2040 2796
2040 2376
1986 2376
1986 4665
4277 4665
3507 4277
87 3507
87 1101
757 1101
757 2166
2166 4081
2666 4081
2666 2991
2991 3795
315 3795
315 1348
1348 2027
2027 4944
3993 4944
3993 4810
399 4810
399 1485
403 1485
403 4332
4332 4915
2430 4915
2430 3019
213 3019
213 1556
457 1556
457 2783
1754 2783
1565 1754
1565 1957
1957 3594
2288 3594
2288 4625
1666 4625
389 1666
389 4549
3540 4549
2440 3540
2440 4456
3948 4456
92 3948
92 1878
88 1878
88 1519
1519 4717
1596 4717
1596 3266
279 3266
279 2705
2060 2705
2060 4660
333 4660
333 1077
1077 4443
4443 4872
1446 4872
1446 3675
746 3675
746 3172
3172 3599
2194 3599
247 2194
247 4539
2496 4539
2496 3175
1118 3175
1118 2503
652 2503
652 3289
689 3289
689 2837
2837 3486
3486 4105
1768 4105
1768 4288
1479 4288
1479 2107
2107 3088
584 3088
584 673
249 673
249 3996
3996 4129
4129 4694
4236 4694
4236 4723
4377 4723
1974 4377
1974 2190
2190 2349
2349 3763
3374 3763
3374 3959
2563 3959
2563 4932
1783 4932
1783 2651
2651 3871
974 3871
974 3925
1344 3925
168 1344
168 3696
2765 3696
2309 2765
966 2309
966 3783
3337 3783
2268 3337
2156 2268
2156 3403
833 3403
833 1126
1126 2507
2279 2507
2279 4702
1295 4702
1295 3539
3539 3877
2195 3877
1549 2195
1467 1549
1467 3073
2568 3073
1103 2568
1103 4149
989 4149
395 989
395 3038
3038 3051
347 3051
347 3782
3345 3782
1792 3345
1792 4573
707 4573
707 4564
4210 4564
4210 4431
436 4431
85 436
85 3949
1490 3949
1490 3168
1546 3168
143 1546
143 3228
2975 3228
115 2975
115 4874
4874 4912
1093 4912
1015 1093
1015 3365
1937 3365
526 1937
526 4602
783 4602
783 4763
533 4763
533 3894
3215 3894
1860 3215
1860 3707
2672 3707
1511 2672
1511 2414
2414 3519
3519 4795
2395 4795
239 2395
239 3208
886 3208
886 1939
1939 2159
1349 2159
1349 3898
3636 3898
2638 3636
1677 2638
1677 2406
742 2406
742 3601
1288 3601
700 1288
700 1757
1757 3260
1276 3260
1276 3630
623 3630
623 4579
1819 4579
559 1819
559 2198
1139 2198
1139 2937
1506 2937
1081 1506
40 1081
40 3376
2801 3376
2801 3578
1952 3578
1952 2135
2135 3161
3161 3694
3694 4850
1154 4850
1154 3880
3880 4040
4040 4737
159 4737
159 2502
1260 2502
1010 1260
1010 4440
2253 4440
2253 4069
4069 4791
3144 4791
1396 3144
1396 1890
1890 4715
1816 4715
951 1816
258 951
258 4485
3933 4485
1581 3933
1390 1581
1390 4648
2769 4648
2618 2769
2618 3045
369 3045
369 1179
1179 2099
2099 2921
2912 2921
2901 2912
2901 4191
4191 4529
4529 4822
4728 4822
2652 4728
1889 2652
1889 3170
3170 3879
1496 3879
1496 4973
1247 4973
1247 4525
3625 4525
976 3625
202 976
202 4234
1613 4234
1084 1613
1084 4636
4143 4636
1469 4143
1037 1469
1037 1543
651 1543
651 1309
1309 3588
1315 3588
1315 3307
3307 4752
508 4752
508 3429
3429 3977
876 3977
876 3570
1393 3570
1393 3788
1587 3788
1587 4784
3527 4784
439 3527
439 4052
4052 4298
1751 4298
1751 2880
2880 3895
1147 3895
261 1147
155 261
155 1379
1379 4541
3557 4541
2187 3557
2187 4029
1832 4029
1832 4981
4848 4981
4835 4848
3283 4835
602 3283
602 3711
3211 3711
3211 3213
2621 3213
2621 4713
4627 4713
4627 4666
3272 4666
3192 3272
2022 3192
1681 2022
1681 4459
1568 4459
1568 1752
1752 3103
2608 3103
86 2608
86 3409
857 3409
857 3424
615 3424
615 2242
1025 2242
1025 1452
1452 2295
1465 2295
126 1465
126 3476
3476 3663
2723 3663
2723 3598
3016 3598
2989 3016
346 2989
346 1567
1567 3970
694 3970
694 1238
1238 2925
2925 4866
199 4866
199 1936
1936 3752
1302 3752
1091 1302
1091 3576
3576 3789
353 3789
353 2018
1082 2018
363 1082
363 1807
1807 4064
712 4064
712 3419
276 3419
276 4958
166 4958
166 4185
3947 4185
3947 4943
3418 4943
3418 3986
263 3986
263 2658
2658 3233
3233 4221
4221 4226
2352 4226
449 2352
449 3097
2112 3097
2112 3525
3525 4785
1403 4785
752 1403
752 4403
3569 4403
1629 3569
1629 1639
1639 4779
4400 4779
981 4400
981 1281
1281 4469
4469 4845
1948 4845
1948 2703
318 2703
318 3617
3494 3617
2300 3494
1272 2300
1272 1530
1121 1530
1121 4842
770 4842
770 3342
1027 3342
953 1027
66 953
66 1578
665 1578
665 4690
4606 4690
2203 4606
2203 2946
2946 3708
1438 3708
1438 3640
605 3640
605 3637
3410 3637
3410 4536
49 4536
49 55
55 2791
2791 4747
3703 4747
1052 3703
1052 2160
1545 2160
939 1545
939 3398
3398 3907
1706 3907
1706 3979
875 3979
875 4518
1352 4518
1352 1460
1460 3057
3057 4521
4521 4734
4734 4977
3896 4977
3094 3896
1631 3094
1631 4862
4618 4862
2254 4618
2254 4807
3584 4807
2343 3584
104 2343
104 1574
1574 4010
4010 4128
949 4128
949 2613
2499 2613
1450 2499
1450 4355
635 4355
635 2222
2222 4928
156 4928
156 2962
2962 4095
1306 4095
1306 1381
1381 1462
1462 1997
1650 1997
1650 1916
1765 1916
1765 4721
139 4721
139 4657
1237 4657
1237 4213
550 4213
217 550
217 2330
2330 2379
1539 2379
1539 2230
438 2230
438 4264
3805 4264
1053 3805
209 1053
209 409
409 4531
3261 4531
2555 3261
2555 2845
2845 3371
3371 4018
3162 4018
624 3162
624 716
716 1353
1166 1353
1166 1185
1185 3473
2488 3473
2488 3716
3393 3716
3393 3660
3060 3660
3060 4551
731 4551
731 824
824 2394
1643 2394
1643 4704
954 4704
954 4575
3813 4575
3013 3813
2580 3013
1777 2580
1777 3033
1328 3033
1328 4745
2941 4745
2941 4258
2794 4258
1191 2794
354 1191
354 4992
2246 4992
26 2246
26 1493
1493 2848
2602 2848
2602 3691
2558 3691
2558 4322
2285 4322
1232 2285
1232 2853
264 2853
264 3961
6 3961
6 4065
4065 4979
4954 4979
979 4954
979 4197
2188 4197
2188 4642
2111 4642
429 2111
429 2697
881 2697
881 3132
3132 4144
715 4144
137 715
137 902
902 4640
3451 4640
1616 3451
918 1616
918 1070
1070 3294
3294 3568
3568 4262
3218 4262
3166 3218
3166 4448
1370 4448
896 1370
896 2329
190 2329
190 2959
2959 3236
3236 3396
3396 4494
4494 4941
4385 4941
2712 4385
410 2712
410 520
520 2212
2212 2501
2501 3039
1314 3039
1314 1794
1794 2669
2669 3346
3346 4922
4255 4922
838 4255
666 838
491 666
491 1703
1703 3188
744 3188
744 3146
564 3146
564 1434
157 1434
157 1213
1213 2095
17 2095
17 4486
540 4486
540 2934
2934 3700
3700 4106
3529 4106
1146 3529
1048 1146
1048 3972
2719 3972
864 2719
162 864
162 1990
1481 1990
701 1481
701 2650
2650 4394
2124 4394
2124 2904
2904 3726
15 3726
15 3859
334 3859
334 3142
705 3142
705 839
839 3853
3853 4759
3602 4759
478 3602
478 4138
2417 4138
943 2417
943 969
969 3348
3323 3348
3323 4608
2842 4608
2842 3402
2276 3402
