4999
}}{{{}{{{}{{{}{}{}}{{{}{{}{}}{{}}{}}}{}{{}{}{}}}{{{{{}}}{}}{}{}{{}{}{}}{}{}{{{}}{{}{{}}}{}}{{}}{{}{}{{{}}{}{}}}{}{{}}{}}{}{}{{}{}}}{{}{{{{{{{}{{}}{{{}{{}{}}}{{}}}}}}}{{{}}}}{}{}{}}{{}}}{{}}}{{}}{}}}{}}}{}{}{{}}}{}{{}}}}{{{}{}{{}{}{{}{}}}}}}{}}{{{}{}{}}{{}}}}{}}}}{{{{}{{{}{}{{{{{}}{}{}{}}}{{{{}{{}}}}}{}{{}{}{}}{{{{}{{{}}}}}}}{{{{{{}}}{}}{{{{{}}{}}{}{}}}{{{}}{{}}{{{}{}{{}}}{{}}{}{{{}{{{{{}{{}{}{{{}{}}{{}{{}}}{{{{{{}}{}}{}{}}{{{{}{}}}}}}{}}{{{{{{{}{{{}}}{{}}{}{}}}}{}}{}{}}}}{}{}{}{{}{{{{}{}}{{}}}{{{{{}{}{{{}{}{}{}{}{}{{}}}}{{{{{{}{}{}}}}{}{}}{{}{{}}{}{{{{}{}}}}{}}}{}{{}}{{}}{{}}{{}}{{{{{{{{{}{}{{}{{{}}}}}}{{{{}}{}{}}}}}}{}}{}{}{{}}{{}}{{}}}{}{{{{}{{{}{{}{}{}}{}{{{}}{{}}}{}{}}}{}}}{}}{}}{}}}}{{}}{}{}}}{}{{}{}}{{}}}}}}{}{{{}{{{}{}{{{}}}}}{}{}}}}{}{}}{}{}}}{}}}}}}{{{}{{{{{}}{}{}{}}{{}{}}}{}{}{{{}}}}{}{{}{}{}{}}{{}{{}}}{}}}{}}}{{{{}{}{{}{{{}{{}{}}}{}{{}}{{}{{{{{}}{{}{}{{}}}{}}{{}{}{{}{}{}{{}{}{}{}{}}}}}}}}}{{}{}{}}{{{}{{}}{}{}}}{{{{{{}}}}{}{}}}}{}{}}}{{}{}}{{{}}{}{{}}}{}{}{}}}{}}}{{}{}{}{}{{{}{{{{}{}}{}{}}}{{{{{{}{}{{}}}}}{}{{{{{}{}{}}{{}}}}}}}}{{{{{}{{{}{}}}{}{}}{{}}{{{}{}{}}{}{}}}{}}}{{{{}{}{{}{{}{}}}}{{}}{}}}}}}{{}{}{}}}}}{}{}}{}}}}{{{}}}}}}}}}}}{}}}}{{}}{{}}{}{{}}{}{}}{{}{}{{{}{}}}{}}{{{}}}{}}{}{}}}{}}{}}}}}{{}{{{}}}{{{}{}{}{{}{{{{{}}{{}{{{}}}}}{}}}}{}}}{{{{}}}}}}}}}}{}}}}{{{}}}{{}}{{}}{{{}}{{{}{{{}{{{{}}}}{}{{}}{}}}{}{{}}}}}{{}}{{{}{{{{}}}{{}}{{}}}{{{{{{}}}}{{}}{}{{}{}}}{}}}{}{}{}}}{{{{}}{}}{}}}}{{}{{{{}}}{}{}}{{}{{}}}{{}{}{{}{}}}}{}}}}}{}{{{}{}{}}{}{}}}{}{}}}{{}{{}}{{}}}{{{{{{}{}}}}}{{}{{}}{{}{{{}}{{}{{}{}{}}{}}}}}}}{{}}}{{}}{{}{}}}}{}{}{}}}}}{}}}}{}}}{{{}{}}}{}{{{}}{}}{}}{}{{}{}{{{}}{}}{}{}{}}{{}}{{}{{{{}}{}}}{}{{}}{}}{}}{{{{}}{}}}{{{{{{{{{}{}{}{{}}}{{}{{{{}{}}{{{}}}{}{}{}}{{{{}{}}}}}{}}{}}{{{}{}}}{}}{}}}{{}{}}}}{{}{}}{}{{{}}{{{{{{}{}{{}{}{}{{{}{{}}{}}{{}}}}}{{}}{}{}{}{}{{{}{{{}}{{{{}{{}{}{{}}{{{}{{{}}}{{}}{}{}{{{}}{}}}{}{{}{}}}}}}{{}}{}{}{}{}{{{}}}{{}}}{{}}}}}{{}}{}{{}}}}}}}}{}}{{{{{{}{{{}}{{}}{}{{}}{{{{}{{}}{{}}}}}{}{}}}}}}}{}{}}}{{}}}{{{}}{}}}}}{}}{}{{}}}{{}}}{}}{{{{{{}}{{{{{}}}{}{{}}}}}{{{{}}{}}{{}{{{}{{}}{{{}}}{{}}{{{{{}{{{}{}}{{}}{}{{{}{}}{}{}{{{}}}}{}}}{{}}}{}{{}}}{{{}}}{}}}}{}{}{{}}}}{{{}{{}{{{}{{}}}}}}{{}}}{}}{{{{{}}{}}}}}{{{{{{}{{{{}{{{{}{}}{{}{}{{{{{}{{{}{{{{}}}}{{}{}}{{}}{}}}{}{}{{}}}}{{}{{}{}{{{}{}{{{}{{}}}{{}}{}{{}}}{{{{}{}{}{{}}{}{}{{}{}}{{{}{{}}}}}}{}}{}{{{}}{}{{}{}{}{{{{}}{}}{{{{{}{}}{}}{{{{}}{{{}{}}{{{{}}}{}{}}{}}{{}}{}{}{{}}}{{{}}}{{}{{{{{}}{{}{{{}}}{{{{}{}}}}}{{{{{}}{}}{}}}{{}}{{{}{}{{{}{{}{}}{{}{}{{}}{}{}{{}{}}}}{{{{{{{}}}{}}}}{}}{}{}{}}{{}{{}{{{}{}}}}{{{{{}}}{{{{{}}{}{}}}{{{{}}}{}}}{{}}{{}{{{}{{{{{}{}}{}{}{}}{}{{}}}}{{}}}{{{}{{}{}}{}{}{{{{}{}{{{{{{}{{{{{{}}}{{}{}{}}{}{}}}}}}{{}{}}{{}}}{}}{}{{}}{}{{{{}{}}}}}{{{{{}{}}}}{{}{}{{}{}}}{}{}}{}}{{}}}}{}}}{{}}}}{{}{{{{{}}{}}{}}}}}}{}{}}}{}{}{{}{}{{}}}{{{}}}}{}{}{{{{{{}{}{{{{{{}{}{}{{}{}{{}{}{}{{{{{}{{{}{}{{{{{}}}{{{{}}}}}{}{{{{}{{{}{}{{}}{}{{{{}}{{{{}{{{{}}{{{{}{{}}}{}{}{{{}{{{{}{{}{{}{{{}}{{{{{{}}{{{{{}}{{}}}}}{{{{{{{{}{}{{}{{{}{{}{{{{}}{}}}{}{}{}{}{{{{}}{}{{}}{}}{{}}{}}{}}}{{{{}}{}}{{{{{{}{}{}}}{}{{{{{}{}{{}{}}{}}}{}}{{}{}{{{}{}}}{{{}{{{{}}{{}{}{}}}}{}}{{}{{{}{{{{}}}{}}{{}}}}}{}}}{{}}{{{}}{}{{}{{{{}}{}{{{{{{}{{{}{{{}}}{{}{}}{}{{{}{{}}}}}}{{}{}{}{{}{}}}{{}{}}}}{{{}{{}{}{}{}{{{}{{}}{{}{{{{{}}{{}{}}{{{}}{{{}}{{{}}}}}}{{{}}{{{{}}{}}}}{{{}}{}{{}{{{}{}}}{{{}}}}{{}}{}{}}}{{{}}{{{{{}{{{{}{{}}{{{}}{}{{{{{{{}{}}{}{{}{}}}}}{{}{{}{{{{{}}}}}{{}}}{}}{}}}}}}}}}{}{{{}{}{{{}{}}{}{{{{{{{{{}{{}{{{}{}}}{{}}{{}}{}{{}}}{}{{{}}{{{}{{{}{}}}}{{}{{{}}}{{{}}{{}}{{}{}}{}}{}}}}}}{{{}{{{}}}{{}}}}{{{{{{{{}{}{{}}{}}}}}{{{{{}{{{{}{{{}}{{}{}{{}{{}}}{{}{{}}}}{}}}{{}{}{}}}}{}{}}{{{{}}{{}{{}}{}{{{}}{{{}}{{}{}}{{{}{{}}{{{{}}{{}}}{}}}{}{{{}{}{{{}}}}}{}}{{{}}}{}{}{{}{{{{}}{{{}}}}{{{}{}}}{}}}{{}}}}}}{{{{{{{{}}{}{{{{}{}}{}}{}}}}}{{{}}}{{{}}}}}}}{}}}}}}{{}{{{{}{}}{{}}{}{}}{}{}}{}{}{}{}}{}{}}{{}{{}}{{{}{{}}{{}{}{}}{}{{}}{}{{{}{}}}}}}{{{}}{}}{{}}}{}{{}}}{{}}{}{{}}{}}{{{{{{}{{}}{}}{{}}}}}}{}{{{}}{{{}}}}}{{}{{}{}{}{{{{}{}}}}{}{{{}{{}}{}{}{}}}}}}{}{{}}{}{}}}{}}{{{}{}}}{}{{}}{}{}{}}}{{}}}{}{{{{{}{}}}}}}{}{}}}{}}}{}}}}{}{{{}{{}}{{{}}{{}}{}{{{}{}{}{{}{}{}{{}{{}{}}{}{}{}{}}}}{}}{{}}}}}{{{}{{}{{{}{}}}{{}{}}}}{}}}}{}{{{}{}}{{{{}}}{{}}{{}}{}}}{}}{{}}{{}}}{{}{}{{}}}{}{}{}{}{}{{{{}}}}{{}{{{{}}{{{{}}}{}{{}}}{{}}{}{}{{}{}{}{{}}{{}{{}}{{{}}}{}{{{}}{}{}{}{}{{{}{}{}}{{{}{{{}}{{}{{}}}{}}}}}}{{}{{}}{{{{{{}}}}{}}}{{{}{}}}{{}{{{{{}{}{{{}{{{{}}{{{}{{}}}}{}}{{}{}{}}}}{}}}{}}{}{{{{{{}}}{{}{}}}{}}}{}}{}{}{{{{}}}{}{{{{}{{}}}{{{{}{{}}}{{{{}{{}{}{{}}}}}}{}}}}{{}{{}{}{{{}{{}}}{{{}{}{}{}}}}}{}{}}{}}{{}{{}}{}{}}}}}}{{}}}{{}}}}{{}{}}{}}}{{{{{}{}{}}{}}}{}}{}}}{}{}{}}}{{}{{}}}{{}{{{}}}{{{}{{}}}{{}}{}}}{}{{{}{}{{{}}}{}{{}{}{}{{{}{{{{}{{}{{}{}{}}{}{}}}{{{}}}{}{{{{}}{{{}{{}{{{}{}}{}}}}{}}}}{}{}}{{}}}{}{{{}}{}{{{{}{}}}{}}{{{}}}}{}{}}{}{{{{{{{}{}{{}}}}{}}{}}}{}{{}{}{{}}{{}{}{{{}{{{}{{}{{}{}{{}{}}}{}{}}}}{{}}}}}{}}{}{}}{}}}{}}}{{{{}{}}}{}}{}{}}{}{{}}{{{}{{{{{{{}}{}{{}{{{}{}{}}{}}{}}}{}}{{}{{}}}{{{}}}}}{}}}}{}{}}}{}}}{}{}{}{}{}}}{{}{}{}{}{{{{}{}}{{}{}{{{{}}}{{{{}{{{}{}}{}{}{{{}{{{}{}{}{}{}}}}{{{{{{}{}}{}{}{}{}{}}}}}{}}{}{}}{}
412 4366
1373 4366
1373 2488
494 2488
494 4386
357 4386
357 4951
456 4951
456 4733
1419 4733
1419 4250
4250 4830
3450 4830
3450 4905
442 4905
442 547
547 1629
1629 2540
2347 2540
2347 4924
2447 4924
1814 2447
1814 2565
2565 3391
2791 3391
2791 3302
509 3302
509 2052
424 2052
424 3168
118 3168
118 2907
724 2907
724 1989
1989 2655
2655 3788
3788 4611
4334 4611
2841 4334
1660 2841
1660 2294
2294 4155
4155 4514
4514 4603
1825 4603
1825 3460
3460 4326
996 4326
996 2813
2002 2813
1682 2002
1682 3058
81 3058
81 2437
266 2437
266 4357
4357 4515
174 4515
174 4161
2734 4161
1025 2734
1025 1882
1326 1882
1326 4365
3449 4365
2483 3449
2182 2483
2182 2857
2857 3523
2260 3523
60 2260
60 2053
2053 3686
1628 3686
1628 3885
845 3885
845 3745
2915 3745
250 2915
250 4610
690 4610
690 4021
4021 4579
2003 4579
2003 3263
825 3263
825 2070
2070 3722
3382 3722
3382 4481
2196 4481
2196 2325
2325 4932
2433 4932
2433 3455
2443 3455
2359 2443
2289 2359
2289 3698
571 3698
67 571
67 1936
1936 3899
2839 3899
2839 4376
1370 4376
1370 3043
2272 3043
1803 2272
1691 1803
898 1691
898 3321
2645 3321
2082 2645
1446 2082
1446 4511
3347 4511
3347 3465
2208 3465
2208 4791
3600 4791
444 3600
444 3661
3661 4468
1552 4468
1552 4585
3421 4585
1444 3421
1444 4811
587 4811
587 4209
2630 4209
432 2630
432 737
20 737
20 479
479 4786
1674 4786
259 1674
259 2246
74 2246
74 4859
4700 4859
4559 4700
3188 4559
3188 4868
728 4868
356 728
356 771
771 3273
136 3273
136 376
376 4642
1757 4642
1757 4163
738 4163
738 4567
220 4567
220 999
999 2910
2658 2910
2658 4978
2178 4978
1319 2178
1319 3135
3135 4235
2035 4235
2035 4799
1314 4799
1291 1314
1291 2817
114 2817
114 3429
2058 3429
2058 3011
2796 3011
2796 4744
2620 4744
1638 2620
1638 1717
1717 2451
2451 4640
3703 4640
3703 4708
3534 4708
3534 4554
1069 4554
1069 1626
1626 2066
810 2066
810 4541
2829 4541
2829 4048
1663 4048
1663 3062
3062 3696
1608 3696
1607 1608
1607 2267
1874 2267
1874 4553
2644 4553
2134 2644
2134 4321
2594 4321
2594 2607
2441 2607
2047 2441
522 2047
522 2669
139 2669
139 3569
1932 3569
53 1932
53 1230
1230 1752
1752 4148
4148 4306
3320 4306
3320 4542
49 4542
49 1806
1794 1806
1794 2823
286 2823
286 2038
2038 4894
631 4894
631 1878
1878 3290
3047 3290
2164 3047
2164 3519
2909 3519
2909 4058
3847 4058
896 3847
883 896
883 4998
3785 4998
3785 4801
1761 4801
1761 1829
1170 1829
1170 4049
2778 4049
2778 4444
4262 4444
1865 4262
938 1865
938 2866
2173 2866
2173 3122
3 3122
3 4937
2158 4937
856 2158
856 2934
2934 4183
3681 4183
3681 4436
736 4436
736 4139
1190 4139
1190 1706
1706 3071
3071 3114
1479 3114
914 1479
914 3260
3260 3772
2361 3772
2361 3215
1816 3215
1816 2606
2316 2606
1918 2316
84 1918
84 4747
3190 4747
99 3190
99 1831
508 1831
508 3428
1800 3428
1306 1800
1306 2850
2850 4837
4381 4837
1625 4381
1625 4533
4533 4856
2968 4856
2968 3710
2171 3710
2171 2586
2551 2586
2551 3208
3208 4976
234 4976
234 3204
3204 3349
3349 3607
1721 3607
1721 4329
460 4329
460 1441
1441 2454
1746 2454
1746 3198
2785 3198
876 2785
876 1582
1351 1582
1305 1351
1305 1519
1519 2399
2205 2399
422 2205
422 4501
2844 4501
1423 2844
1423 1588
1588 4475
3082 4475
3082 3575
3575 4995
1854 4995
1167 1854
1167 4955
2986 4955
1551 2986
1268 1551
1268 3707
770 3707
770 1527
1527 3953
2976 3953
2725 2976
2725 4990
327 4990
327 2039
491 2039
491 1436
1436 4181
3039 4181
3039 3318
805 3318
805 4788
1186 4788
1186 4550
604 4550
560 604
560 3265
919 3265
919 4402
2193 4402
1895 2193
1895 2555
784 2555
633 784
633 1811
1526 1811
1099 1526
1099 3762
3762 4034
2012 4034
2012 2403
2403 3902
1500 3902
1500 3164
820 3164
820 972
972 4630
411 4630
411 2882
683 2882
683 2010
2010 3390
3390 3922
3922 4229
3232 4229
2836 3232
1921 2836
1921 3542
1690 3542
1690 2005
1147 2005
1147 4934
2784 4934
2046 2784
2046 4938
1644 4938
1644 3061
2728 3061
2728 4220
293 4220
293 4838
1407 4838
1407 1569
1569 2559
2135 2559
2135 4172
2326 4172
1941 2326
1941 2214
2214 2671
2671 4082
1473 4082
1473 3834
2887 3834
2887 3956
414 3956
414 4717
2771 4717
2408 2771
939 2408
612 939
612 3810
1126 3810
1126 4754
1371 4754
231 1371
231 3020
313 3020
313 4589
3004 4589
576 3004
576 3196
2468 3196
2170 2468
2170 2800
1756 2800
1756 2952
2952 4760
4328 4760
305 4328
305 867
867 1599
1599 4607
4607 4802
1554 4802
488 1554
488 2266
613 2266
613 2084
2084 4961
3911 4961
3757 3911
1005 3757
794 1005
794 2412
41 2412
41 1679
1679 3584
2238 3584
2238 3299
3299 4309
1524 4309
1524 2064
2064 4544
1235 4544
1235 1338
1338 4245
1835 4245
1835 4146
3576 4146
2855 3576
2855 2861
366 2861
366 4165
4165 4682
1926 4682
103 1926
103 3106
2801 3106
2801 3464
1653 3464
1653 3954
3383 3954
3006 3383
291 3006
291 4578
979 4578
979 2577
2577 3166
3166 3520
1518 3520
386 1518
386 3041
152 3041
152 932
932 1804
1804 2056
2056 3943
3077 3943
3077 3396
1454 3396
1225 1454
1225 4502
2073 4502
2073 3666
965 3666
30 965
30 2203
2203 3748
428 3748
428 1018
1018 2574
277 2574
277 4919
829 4919
181 829
181 319
319 4404
3541 4404
3325 3541
662 3325
662 790
790 4581
2216 4581
2216 2352
2352 3230
3230 3975
1274 3975
1274 2678
12 2678
12 4315
3979 4315
1651 3979
1651 4453
2478 4453
1191 2478
1191 2623
72 2623
72 1198
215 1198
215 2714
2714 4242
2847 4242
2336 2847
2336 3677
1720 3677
1720 4337
1477 4337
1477 2529
1161 2529
850 1161
850 1275
884 1275
732 884
732 4646
1252 4646
1252 2572
2572 4252
864 4252
864 2939
2939 3939
78 3939
78 2389
1468 2389
1468 4613
1883 4613
1883 2473
2011 2473
2011 3056
3056 4090
527 4090
527 1058
1058 1953
1953 3897
3897 4221
3507 4221
3507 4213
2647 4213
1822 2647
1822 4020
3900 4020
3900 4226
2137 4226
2137 3226
2417 3226
2417 4690
1310 4690
1310 3153
3153 3467
3467 4028
2700 4028
1680 2700
1680 1920
1841 1920
1841 4604
2124 4604
2124 2691
2691 4880
3306 4880
2667 3306
2667 4275
3562 4275
3088 3562
2172 3088
1855 2172
1855 1994
1994 3539
3539 3870
3870 4549
2157 4549
22 2157
22 1247
254 1247
254 3826
1758 3826
1010 1758
1010 4583
1380 4583
1380 4239
3017 4239
3017 4824
3356 4824
3142 3356
3142 4890
3792 4890
269 3792
269 4982
2766 4982
1499 2766
1499 2295
271 2295
271 2312
668 2312
668 4647
2681 4647
1968 2681
579 1968
427 579
427 4626
226 4626
226 4831
3133 4831
1061 3133
1061 2869
2869 4312
3246 4312
3246 3787
1672 3787
341 1672
341 2006
1449 2006
267 1449
267 1293
1293 4735
2708 4735
2206 2708
1685 2206
1685 4091
594 4091
594 2899
2899 4993
3888 4993
312 3888
312 634
634 3923
3923 4914
4316 4914
4316 4454
392 4454
392 926
814 926
814 1110
1110 2382
2382 4412
744 4412
744 4456
4456 4823
2318 4823
2318 4319
557 4319
557 3867
3205 3867
3205 4458
730 4458
730 3209
3209 4254
4009 4254
1131 4009
1131 3926
265 3926
265 782
782 1263
1263 2009
2009 3107
1738 3107
1738 2996
2760 2996
4 2760
4 1776
1776 1963
1963 3257
3257 4841
342 4841
128 342
128 253
253 4592
3724 4592
3724 3962
753 3962
753 2696
2696 3266
649 3266
649 4237
2255 4237
1460 2255
1460 2414
1652 2414
1652 4916
4512 4916
4214 4512
4214 4746
1751 4746
1751 2518
371 2518
371 499
499 2296
2296 4466
11 4466
11 1421
1421 3197
3197 3729
3729 4633
121 4633
121 3079
2115 3079
1246 2115
1246 1929
1929 4351
2097 4351
40 2097
40 3291
3291 4065
397 4065
397 4114
2746 4114
2746 2983
2542 2983
2388 2542
2388 2605
2605 3262
800 3262
800 4304
1464 4304
1245 1464
1245 3412
3052 3412
2526 3052
1003 2526
1003 1559
1559 2664
2664 4957
447 4957
447 1036
1036 4594
62 4594
62 4247
1320 4247
1320 3470
1312 3470
1312 4862
2243 4862
1386 2243
1201 1386
9 1201
9 2650
2650 3210
3210 4695
985 4695
985 1579
1579 2076
389 2076
389 3231
1185 3231
1185 2890
1870 2890
1870 2057
445 2057
445 807
807 2356
998 2356
998 1512
1512 2868
2580 2868
2580 4417
43 4417
43 4742
3009 4742
1784 3009
812 1784
812 902
902 1463
698 1463
698 4182
1255 4182
746 1255
503 746
503 1065
1065 2142
2142 4931
3360 4931
3178 3360
3178 3549
1137 3549
483 1137
483 2632
1229 2632
776 1229
776 3835
1345 3835
295 1345
295 1350
1350 2921
245 2921
245 4615
4307 4615
2349 4307
1248 2349
1248 3637
3637 4420
955 4420
955 1772
1772 3614
3491 3614
2179 3491
2179 2425
2425 3994
3596 3994
246 3596
246 2591
97 2591
76 97
76 4354
4354 4750
699 4750
699 4174
4077 4174
4077 4808
2786 4808
495 2786
212 495
31 212
31 4933
487 4933
487 2306
513 2306
513 4452
1349 4452
1349 4194
3245 4194
3245 4144
3286 4144
3286 4598
989 4598
989 4046
1808 4046
1374 1808
1374 3280
584 3280
584 1203
798 1203
330 798
330 1631
1631 4019
462 4019
462 710
710 3127
3127 3319
866 3319
317 866
317 3781
638 3781
501 638
501 2075
2075 4228
2199 4228
1604 2199
1604 2737
600 2737
600 657
657 3373
2252 3373
2252 3770
3770 3949
3415 3949
2139 3415
135 2139
135 1321
176 1321
176 1329
1329 4124
2754 4124
2754 2878
2828 2878
2828 4243
941 4243
941 3884
3590 3884
1887 3590
1887 3856
3856 4098
186 4098
186 2621
2621 4966
2602 4966
1171 2602
1171 2201
2201 2570
637 2570
637 4157
7 4157
7 4024
762 4024
762 2928
2928 4591
3433 4591
844 3433
844 1226
1226 4643
1548 4643
655 1548
655 4674
1037 4674
1037 3486
1462 3486
1462 4112
3151 4112
2400 3151
948 2400
948 3176
2867 3176
2867 3136
3136 4898
3407 4898
1798 3407
679 1798
679 4080
123 4080
21 123
21 2969
2969 4912
4164 4912
3609 4164
1315 3609
1315 3078
3045 3078
2822 3045
1606 2822
1606 4203
3673 4203
3673 4043
3723 4043
1002 3723
1002 4723
665 4723
665 3716
1056 3716
282 1056
282 1925
1021 1925
1021 3503
3503 3827
2965 3827
2965 3482
3482 4190
85 4190
85 1242
751 1242
751 3699
2764 3699
953 2764
799 953
799 1731
1731 4684
2820 4684
2820 4395
642 4395
642 959
959 3896
3175 3896
3175 3841
102 3841
102 302
302 3207
1765 3207
1428 1765
1428 3385
1705 3385
1705 1900
383 1900
379 383
379 1662
1662 3400
2819 3400
1724 2819
1724 3281
3281 4818
1496 4818
168 1496
168 713
713 835
835 4707
3505 4707
833 3505
833 3750
1780 3750
589 1780
589 1491
1491 3968
1974 3968
1586 1974
1586 3331
3331 3644
1361 3644
1361 4571
4340 4571
381 4340
381 2504
2504 2612
2612 3150
3150 4599
2059 4599
2059 2807
2807 4710
2232 4710
937 2232
937 2093
1836 2093
1836 3526
3526 4356
57 4356
57 4256
159 4256
159 565
565 2530
2530 2550
2550 2873
2779 2873
1166 2779
1166 3025
1074 3025
1074 3083
1098 3083
1098 1210
1210 3859
3859 4283
3908 4283
2750 3908
2750 2940
2788 2940
2788 4358
1353 4358
1353 2506
2506 3241
3241 4187
4187 4926
1082 4926
580 1082
580 2661
2125 2661
1868 2125
1868 2348
1534 2348
1534 2947
2622 2947
2622 4013
4013 4526
3269 4526
1590 3269
1590 3132
3132 3345
3345 3984
2481 3984
1783 2481
1783 2963
2963 3751
1059 3751
1059 3002
3002 4106
1188 4106
1188 2229
886 2229
886 2105
2105 3131
3131 4804
653 4804
653 4394
4394 4519
2719 4519
2719 4113
2423 4113
2423 3804
430 3804
430 3632
3632 4679
3426 4679
3426 4490
4384 4490
2755 4384
346 2755
346 2668
780 2668
780 4517
50 4517
50 4267
2780 4267
2264 2780
716 2264
716 3906
1442 3906
796 1442
796 1302
486 1302
125 486
125 1777
1777 2838
2838 4645
1589 4645
1589 1917
1864 1917
1864 2814
1422 2814
1422 2863
1219 2863
1219 4393
838 4393
838 3963
1498 3963
1498 2159
981 2159
981 2808
2808 2918
1773 2918
1773 3852
2759 3852
1212 2759
382 1212
382 3663
2396 3663
1139 2396
1139 2278
758 2278
530 758
530 4875
2902 4875
1618 2902
1618 4907
2362 4907
2362 3461
3461 3580
3580 3916
169 3916
141 169
141 3185
660 3185
660 2241
2241 2271
2271 2679
2679 3529
2970 3529
2970 4036
3985 4036
1743 3985
1743 4558
2424 4558
2424 2600
2600 3930
2840 3930
590 2840
590 2343
2343 3031
3031 3685
133 3685
133 2507
2507 3019
2995 3019
2995 3183
1430 3183
1430 3890
2149 3890
137 2149
137 4320
2415 4320
309 2415
309 315
315 1102
1102 1543
1543 3377
3377 4927
2789 4927
195 2789
195 1318
1318 3304
3304 4973
2098 4973
967 2098
967 4032
3658 4032
1667 3658
726 1667
396 726
339 396
339 4795
2180 4795
1355 2180
1355 4166
2154 4166
922 2154
922 3244
2730 3244
529 2730
17 529
17 541
541 1621
1621 4200
2993 4200
2993 3419
3044 3419
2004 3044
1026 2004
404 1026
404 2463
2253 2463
572 2253
572 2989
2946 2989
64 2946
64 4892
2895 4892
2731 2895
2731 3128
1940 3128
1601 1940
788 1601
788 4135
3599 4135
3599 4943
1369 4943
1369 1931
112 1931
112 575
550 575
550 4713
2875 4713
2875 3295
2174 3295
2174 4303
3161 4303
3161 3904
2438 3904
375 2438
375 1665
1383 1665
1383 2898
2898 3501
3501 4967
756 4967
756 3662
400 3662
400 2798
2798 3864
626 3864
626 3862
3862 4263
4217 4263
2677 4217
2677 3809
2482 3809
1216 2482
1216 3430
3430 3760
687 3760
687 3346
1796 3346
1796 3605
2387 3605
2387 2891
1354 2891
677 1354
148 677
148 2406
1843 2406
1843 4405
1634 4405
1634 1704
1704 4913
1759 4913
1759 4127
4127 4308
3776 4308
3756 3776
385 3756
385 1346
1346 3587
3524 3587
1763 3524
1763 4575
2592 4575
2592 4667
880 4667
880 4222
3394 4222
1272 3394
151 1272
151 2191
1497 2191
1497 4180
4180 4683
3730 4683
1057 3730
1057 2276
2276 2430
2430 2618
2618 4577
1055 4577
611 1055
611 2604
2604 2982
446 2982
446 3860
992 3860
992 3521
2471 3521
602 2471
602 2448
2426 2448
502 2426
502 1339
1339 1487
1487 2313
2313 4318
2689 4318
2689 4430
4310 4430
1630 4310
1630 1708
1664 1708
1664 3194
191 3194
191 4423
3437 4423
3437 4390
3439 4390
3439 4004
1973 4004
1182 1973
1182 3630
888 3630
888 4846
2480 4846
2480 3116
3116 3311
2077 3311
1236 2077
1236 3518
2509 3518
1596 2509
1596 4408
2079 4408
2079 2858
2858 4602
4477 4602
4084 4477
3966 4084
3966 4762
2546 4762
2546 3480
817 3480
817 2042
2042 2959
2493 2959
1447 2493
1447 2874
2874 4693
1839 4693
1736 1839
1736 4902
1529 4902
65 1529
65 3317
3317 3765
3765 4694
2892 4694
1149 2892
1149 3035
3035 3653
2017 3653
973 2017
973 3500
2452 3500
2452 4119
4119 4826
4826 4971
3793 4971
2782 3793
2782 4886
1360 4886
893 1360
893 4535
3200 4535
15 3200
15 2026
2026 4827
3397 4827
1148 3397
1148 2680
2680 3631
1194 3631
1194 3613
889 3613
889 3846
3484 3846
2922 3484
2773 2922
2773 4945
4562 4945
1622 4562
1622 2597
2597 3802
646 3802
646 915
296 915
296 702
702 1826
1826 2765
2765 2872
2872 4668
419 4668
343 419
343 871
507 871
507 3615
1888 3615
1484 1888
1484 1563
1563 2397
2397 4143
2562 4143
1000 2562
1000 3125
3125 4138
2404 4138
2404 4324
543 4324
543 2273
2273 2961
2961 3800
1433 3800
1433 3124
515 3124
515 1388
1388 2994
227 2994
227 4000
3117 4000
650 3117
650 1910
1910 3275
787 3275
787 1547
1547 2274
1396 2274
1396 2795
2619 2795
1301 2619
1301 3064
328 3064
328 4537
2247 4537
1093 2247
1093 3817
3817 4207
158 4207
158 4460
3296 4460
2366 3296
2366 3728
2815 3728
2815 3102
2513 3102
1901 2513
1901 3749
1257 3749
1257 1977
1977 2353
2353 3713
1972 3713
1972 3918
3918 4491
2020 4491
2020 4522
860 4522
860 4278
2683 4278
2683 3395
2340 3395
221 2340
221 2187
2187 4657
1614 4657
1614 3330
3330 3496
3496 4852
3655 4852
3655 4882
966 4882
966 2043
2043 2935
2935 3141
1177 3141
222 1177
222 307
307 1332
1332 3937
3589 3937
532 3589
532 4210
3023 4210
891 3023
457 891
457 2198
2198 3312
2886 3312
2886 4299
3591 4299
3564 3591
2999 3564
2519 2999
555 2519
555 1993
1993 2973
2973 4241
3693 4241
1696 3693
1316 1696
693 1316
521 693
521 2709
2709 3126
3126 4149
4149 4529
2197 4529
2197 3983
2185 3983
2185 4984
2744 4984
2744 3434
1038 3434
1038 3403
3403 3634
3634 4552
147 4552
147 4372
2457 4372
2457 2811
1016 2811
1016 4255
101 4255
101 1105
1105 2327
2327 2554
1945 2554
808 1945
808 1844
1844 3928
2805 3928
2805 3842
3348 3842
2323 3348
1998 2323
1998 2069
2069 3508
2160 3508
1744 2160
1744 2280
1418 2280
1418 1813
1813 4015
2190 4015
2190 3889
821 3889
13 821
13 2484
1986 2484
1986 3038
2864 3038
2291 2864
1508 2291
1508 3636
1437 3636
1437 3381
2627 3381
2627 4414
51 4414
51 4260
4189 4260
1830 4189
1830 3137
3137 3481
3481 4415
2261 4415
2032 2261
2032 4949
52 4949
52 3441
3441 4738
3250 4738
2111 3250
416 2111
416 1116
1116 1228
1228 3581
2877 3581
1640 2877
1640 4443
917 4443
917 3018
3018 3881
3881 4297
2579 4297
2579 4816
3594 4816
2354 3594
2354 3502
3502 4751
704 4751
704 4635
360 4635
360 370
370 775
775 3839
2286 3839
2286 3657
2500 3657
2019 2500
336 2019
336 3940
3940 4103
4103 4445
3184 4445
3184 4175
2520 4175
241 2520
241 4060
667 4060
472 667
472 1115
1115 2724
2724 3147
3147 3247
1817 3247
1243 1817
1243 4952
5 4952
5 3119
3119 4903
1714 4903
1714 2827
2827 4776
2120 4776
2120 3919
1042 3919
1042 2231
2231 3610
2319 3610
1502 2319
1502 2219
1516 2219
1516 4435
332 4435
332 3828
773 3828
773 4940
857 4940
477 857
477 3649
3649 3861
3861 4448
1857 4448
1857 3323
3323 3602
1666 3602
1666 2027
1983 2027
1983 2893
711 2893
711 1356
1356 3499
669 3499
669 1372
549 1372
549 4765
3416 4765
3416 3708
3708 4620
2288 4620
2288 2470
2470 3307
2942 3307
2942 4835
34 4835
34 2184
2184 2498
588 2498
588 843
843 2849
2380 2849
2380 4397
4086 4397
3149 4086
1967 3149
1967 4075
2933 4075
569 2933
569 4783
4705 4783
2383 4705
329 2383
329 1062
1062 2705
2393 2705
1108 2393
1108 4159
3055 4159
1078 3055
1078 2227
1007 2227
1007 4600
2378 4600
2378 4051
3583 4051
3239 3583
1770 3239
1675 1770
923 1675
923 4649
3695 4649
3005 3695
3005 3220
3220 4504
2299 4504
2299 2558
1180 2558
875 1180
875 2183
2183 3485
484 3485
484 1256
1256 1523
1523 2539
2539 2932
2932 3435
38 3435
38 4277
276 4277
276 3606
448 3606
448 4624
1698 4624
406 1698
406 4922
292 4922
292 4741
3853 4741
3853 4478
528 4478
528 1807
1405 1807
1405 2368
2368 4730
4545 4730
4545 4632
3098 4632
1023 3098
1023 3292
2718 3292
264 2718
264 2776
1307 2776
1307 4198
4198 4769
4715 4769
3807 4715
92 3807
92 836
836 3700
1561 3700
1561 2884
314 2884
314 3779
3214 3779
349 3214
349 3322
388 3322
187 388
187 3705
3705 4282
4282 4672
3267 4672
1703 3267
818 1703
89 818
89 4176
24 4176
24 556
556 4447
4447 4737
4068 4737
4068 4360
4360 4495
505 4495
106 505
106 2240
2240 2693
1520 2693
511 1520
511 2413
1894 2413
977 1894
977 4909
3746 4909
3084 3746
3084 4107
2150 4107
1400 2150
1400 4379
1668 4379
244 1668
244 4709
340 4709
340 2727
2727 3697
3221 3697
1032 3221
1032 3456
1951 3456
1020 1951
1020 4568
4385 4568
1328 4385
1328 4347
1944 4347
603 1944
603 2752
1914 2752
1914 2503
2503 3379
77 3379
77 595
595 1100
769 1100
769 1593
1593 2777
1852 2777
1852 4819
2908 4819
108 2908
108 1753
1753 2131
1683 2131
717 1683
717 1471
1471 3555
3003 3555
3003 4474
1087 4474
439 1087
439 2062
429 2062
429 4233
840 4233
364 840
364 2207
2207 3883
3883 4056
2511 4056
1937 2511
1937 2311
2311 4662
278 4662
278 1034
1034 2903
387 2903
387 4407
192 4407
192 4970
2398 4970
1392 2398
990 1392
990 3081
1760 3081
224 1760
224 4131
1286 4131
126 1286
126 3638
599 3638
599 4718
2328 4718
994 2328
994 1722
774 1722
774 4251
2334 4251
1578 2334
734 1578
734 4844
1650 4844
1650 3952
2251 3952
2251 2563
2563 2929
2929 4702
2122 4702
2122 3066
1045 3066
1045 4361
4338 4361
279 4338
279 2821
2130 2821
1898 2130
1898 4441
3674 4441
3574 3674
2375 3574
2375 4030
4030 4383
1684 4383
1684 1802
1802 3511
3511 3987
3987 4045
1398 4045
1398 2202
2202 2535
2535 3874
3874 4748
3660 4748
1511 3660
1511 2028
470 2028
470 3490
3490 4195
3815 4195
1192 3815
394 1192
394 4763
3863 4763
2651 3863
2651 3375
3375 4093
178 4093
178 1735
304 1735
304 3404
2161 3404
2040 2161
2040 3550
617 3550
617 1774
1774 2590
2590 4664
1877 4664
895 1877
199 895
199 214
214 2950
149 2950
149 3784
3538 3784
3538 4758
3795 4758
3624 3795
207 3624
27 207
27 2245
672 2245
672 4936
403 4936
403 3201
1531 3201
450 1531
450 1097
96 1097
96 3996
1004 3996
1004 2557
2557 3342
2845 3342
2845 4295
1812 4295
1812 2460
658 2460
658 2360
1509 2360
1509 1848
1207 1848
248 1207
248 413
413 3298
1935 3298
1935 3021
182 3021
182 3497
3497 4177
1035 4177
1035 3647
3284 3647
924 3284
924 2757
1012 2757
1012 1876
1876 3819
3819 4205
4038 4205
2787 4038
536 2787
536 1297
1297 3547
731 3547
731 1616
1616 4105
93 4105
93 2856
841 2856
841 1017
1017 2937
443 2937
443 1079
1079 4675
4638 4675
3530 4638
1365 3530
1365 4513
1922 4513
167 1922
167 4800
3187 4800
2249 3187
2249 3108
2060 3108
2060 3648
82 3648
82 1580
132 1580
132 4560
1129 4560
834 1129
834 3303
1404 3303
946 1404
138 946
138 4069
1176 4069
848 1176
848 2427
1827 2427
1827 3816
1385 3816
1385 3667
3595 3667
45 3595
45 558
558 3616
2843 3616
1298 2843
1298 3222
2637 3222
2637 4285
1915 4285
1915 3831
2888 3831
2256 2888
2256 2521
2521 2911
1063 2911
1063 2901
2901 4439
4439 4813
1819 4813
1819 3753
1379 3753
1379 2063
2063 4828
3498 4828
407 3498
407 4123
3909 4123
1490 3909
1490 3457
1040 3457
1040 4115
4115 4757
3799 4757
1046 3799
331 1046
331 1647
1647 3015
3015 4418
1766 4418
1766 2949
2609 2949
1234 2609
273 1234
273 2346
1107 2346
1107 4948
3355 4948
2394 3355
2394 4281
1410 4281
930 1410
930 2809
2237 2809
2237 3026
451 3026
451 4911
4012 4911
229 4012
229 1127
1127 1202
1202 3393
1253 3393
1253 3446
1574 3446
318 1574
318 4202
452 4202
452 1104
1104 1661
1661 2479
2309 2479
2309 4011
3301 4011
962 3301
962 1434
1434 4849
415 4849
415 3796
205 3796
205 232
232 4896
2628 4896
865 2628
865 2853
2853 3571
2635 3571
2635 3536
3536 4867
534 4867
534 3240
3240 3981
154 3981
154 3388
861 3388
861 4953
4953 4969
1084 4969
1084 3129
3051 3129
2407 3051
1483 2407
1483 2613
2613 3873
3227 3873
3227 4314
2595 4314
1495 2595
1495 3392
3392 4842
2975 4842
1413 2975
1413 3560
203 3560
203 1240
1240 3850
553 3850
553 4639
1602 4639
1602 4618
4618 4947
2914 4947
270 2914
270 2298
2298 4634
3401 4634
3401 4712
1988 4712
960 1988
960 2013
2013 3546
3546 4359
4025 4359
1273 4025
1273 4726
863 4726
863 4368
2916 4368
2906 2916
1700 2906
1700 1768
1768 4652
4016 4652
3447 4016
1542 3447
1542 1845
1845 2862
284 2862
284 3422
3422 4134
3974 4134
2943 3974
1075 2943
1075 4403
4403 4959
619 4959
619 4860
3577 4860
3577 4083
936 4083
936 2522
2522 3619
3619 4752
3620 4752
3620 3791
3791 4596
3813 4596
69 3813
69 3255
3255 4471
3256 4471
3256 4822
2611 4822
1406 2611
1406 3970
2533 3970
2533 4507
614 4507
614 2104
597 2104
597 4840
2917 4840
2616 2917
2616 2688
2688 3675
648 3675
648 3945
3945 4608
467 4608
467 2803
873 2803
873 2220
365 2220
365 4296
3438 4296
3438 4274
1791 4274
1791 4153
847 4153
275 847
275 3057
1872 3057
1872 3297
2036 3297
673 2036
489 673
489 3075
1916 3075
1916 3866
2338 3866
2338 2931
2931 4413
546 4413
546 2029
2029 3315
2449 3315
2048 2449
2048 2944
398 2944
398 3528
3473 3528
970 3473
970 3225
3225 4076
115 4076
115 3217
3118 3217
3118 3211
144 3211
144 3113
654 3113
654 2001
2001 3074
2567 3074
2567 4120
583 4120
583 3767
3767 4079
3103 4079
629 3103
629 3907
3376 3907
1071 3376
1071 1961
1961 4584
2141 4584
2141 4216
2337 4216
2337 3706
3328 3706
2930 3328
940 2930
940 4438
4438 4863
2374 4863
2374 4771
3154 4771
2541 3154
1913 2541
1913 4031
4031 4109
3363 4109
351 3363
351 1486
1486 3340
3340 3738
2088 3738
2088 3274
3274 4625
2660 4625
2442 2660
2138 2442
2138 4755
517 4755
517 1119
1119 3028
3028 4686
1670 4686
900 1670
900 4925
3960 4925
1790 3960
1790 4392
2331 4392
1080 2331
1080 4563
2528 4563
2528 3525
2896 3525
2896 3517
2496 3517
708 2496
290 708
290 3162
1611 3162
1611 1641
641 1641
641 3398
3398 4422
4422 4968
1515 4968
1515 2132
2132 2979
531 2979
531 2793
2793 3533
591 3533
591 4496
2527 4496
2281 2527
2281 3333
140 3333
140 1089
1089 2177
2177 3628
1311 3628
1311 2086
500 2086
500 3007
1019 3007
1019 2585
2585 3339
3339 4711
593 4711
593 2955
2955 4054
2951 4054
2951 3144
777 3144
777 3668
3668 4291
8 4291
8 904
481 904
481 3774
2087 3774
2087 2561
1142 2561
1142 3171
592 3171
592 4325
2462 4325
2462 3310
3053 3310
3053 4869
2223 4869
1466 2223
1466 4039
4039 4483
4483 4777
3451 4777
3451 3559
651 3559
391 651
391 2666
2614 2666
2102 2614
143 2102
143 1687
1687 4259
3192 4259
870 3192
870 3920
1249 3920
1249 1938
25 1938
25 2175
2175 2458
2458 2615
927 2615
927 2466
2466 3111
2445 3111
2445 3343
3343 4398
3411 4398
1336 3411
208 1336
208 3092
361 3092
361 3169
3169 3982
2510 3982
1424 2510
1424 2335
2335 4286
4286 4829
2729 4829
368 2729
368 2195
1728 2195
854 1728
854 3091
1174 3091
1174 4342
1749 4342
1749 4284
2830 4284
2830 2967
2775 2967
2371 2775
2371 2702
2564 2702
2564 4732
2810 4732
2810 4171
1692 4171
1692 4681
355 4681
355 519
519 727
727 4230
4041 4230
1364 4041
1364 4832
1292 4832
1292 4980
4920 4980
2321 4920
2110 2321
2110 3694
2694 3694
2213 2694
2213 4605
2284 4605
2284 3405
2109 3405
1656 2109
1238 1656
1238 4676
1821 4676
1821 2608
2608 3034
1467 3034
1467 1737
934 1737
920 934
920 2292
1965 2292
1965 3087
2212 3087
2212 3282
767 3282
767 4063
561 4063
561 3477
1992 3477
1992 4587
3515 4587
3100 3515
2712 3100
2305 2712
2305 4729
4248 4729
1134 4248
1134 3744
263 3744
219 263
219 2502
2034 2502
2034 2054
2054 3223
3223 3504
2402 3504
2402 4406
1163 4406
1163 3617
2096 3617
2096 3905
3516 3905
1909 3516
1909 3186
3186 4185
4092 4185
4092 4276
1943 4276
671 1943
671 4877
3476 4877
2444 3476
1525 2444
1525 3089
1612 3089
1612 1863
1863 3958
3958 4641
1072 4641
1072 4883
1425 4883
1425 1695
10 1695
10 1239
1239 3891
3891 3971
3971 4653
4653 4870
504 4870
504 1237
153 1237
33 153
33 4847
3191 4847
2663 3191
1308 2663
94 1308
94 4722
4520 4722
2545 4520
1474 2545
1474 3608
2192 3608
2192 3027
3027 4137
287 4137
287 3973
2090 3973
2090 3096
3096 4249
4040 4249
3964 4040
3942 3964
803 3942
803 3701
1415 3701
1415 3324
111 3324
111 243
243 2936
2936 3814
2495 3814
1745 2495
1745 4380
1438 4380
134 1438
134 4424
2007 4424
1984 2007
1538 1984
1538 2984
2984 4446
3335 4446
3335 3931
795 3931
795 1124
83 1124
83 3104
3104 3109
490 3109
490 548
160 548
160 3691
827 3691
827 4792
1859 4792
88 1859
88 618
618 4029
1231 4029
194 1231
194 4345
1109 4345
1109 2381
2381 3016
1224 3016
459 1224
459 3112
3112 4960
3425 4960
1258 3425
1258 1995
1905 1995
1144 1905
272 1144
100 272
100 156
156 1555
1555 3761
3761 3990
3990 4871
255 4871
255 3912
3417 3912
2099 3417
2099 2948
630 2948
630 1222
242 1222
2 242
2 1153
1153 1949
945 1949
945 2573
1572 2573
1572 2123
1208 2123
1208 2113
1587 2113
1587 4067
1697 4067
1452 1697
1452 3442
3442 4199
145 4199
145 1265
1265 4565
4363 4565
3573 4363
1028 3573
1028 4950
2228 4950
2228 3635
3635 4261
779 4261
779 3582
2670 3582
2670 2958
1615 2958
1583 1615
1583 2991
1964 2991
1964 2865
2865 4118
4118 4461
4461 4698
3567 4698
1376 3567
1376 2037
2037 4814
4743 4814
2997 4743
2209 2997
2209 2743
410 2743
410 911
911 2534
2534 3932
869 3932
869 3929
3527 3929
3527 4362
4074 4362
3561 4074
3561 4881
3138 4881
3138 4173
4026 4173
4026 4341
1729 4341
1729 1970
640 1970
640 2816
301 2816
301 3251
2954 3251
2023 2954
2023 2781
2781 3801
2686 3801
2686 3156
1416 3156
1416 2583
201 2583
201 582
42 582
42 523
523 4546
4546 4778
3159 4778
3159 4494
3566 4494
3566 4473
3646 4473
3646 4573
4557 4573
2749 4557
2749 3626
3626 3830
1933 3830
1933 2837
1781 2837
1781 3090
3008 3090
3008 3370
423 3370
423 1577
1577 2741
183 2741
183 574
574 1904
369 1904
369 1189
639 1189
639 3410
2119 3410
2119 2302
2302 3872
299 3872
299 4332
2672 4332
2672 3287
3287 3924
786 3924
786 2657
2657 4663
3195 4663
3195 4547
4007 4547
3314 4007
1976 3314
1013 1976
1013 2659
86 2659
86 3823
3718 3823
2721 3718
164 2721
164 1233
1233 2235
1264 2235
514 1264
514 4721
3358 4721
3358 3454
3454 3725
609 3725
609 887
887 4244
161 4244
161 2345
961 2345
961 2553
2553 3778
3492 3778
3492 4266
4193 4266
3543 4193
2685 3543
2101 2685
2101 3844
815 3844
815 2703
596 2703
596 1103
735 1103
735 1688
1688 4503
1043 4503
1043 3474
3458 3474
3458 3843
1564 3843
1564 3099
3099 4680
4666 4680
4167 4666
4167 4464
3548 4464
1597 3548
1597 4268
2722 4268
811 2722
811 3050
1324 3050
1324 3837
3837 4716
1946 4716
1946 3366
3366 4834
1044 4834
1044 4921
3798 4921
1412 3798
1412 4981
4313 4981
1296 4313
1296 2769
2769 4719
4293 4719
1954 4293
1954 4691
2357 4691
2357 4253
4253 4963
4389 4963
347 4389
347 1060
1060 1254
1136 1254
105 1136
105 1966
1966 2923
1011 2923
1011 1799
384 1799
384 3557
1892 3557
1892 4673
4022 4673
4022 4893
2713 4893
852 2713
852 1445
320 1445
320 3509
801 3509
801 1443
1443 4288
1215 4288
1215 4509
3623 4509
1850 3623
1838 1850
1838 2307
2307 3965
3965 4344
1818 4344
1818 3639
3639 4527
4527 4623
3737 4623
1600 3737
1600 2242
1381 2242
1381 4505
2239 4505
2239 4160
1676 4160
1676 2486
2128 2486
2128 3895
3895 4429
1155 4429
1155 2434
2434 4108
1858 4108
1742 1858
1742 2370
2370 4072
2568 4072
1120 2568
1120 3838
906 3838
906 3076
760 3076
760 4311
1342 4311
1342 1809
1809 3085
3085 4965
70 4965
70 4400
2068 4400
2068 2818
754 2818
754 2601
2601 3369
316 3369
316 4866
3690 4866
2988 3690
2988 4977
2846 4977
35 2846
35 3652
3652 3914
1053 3914
228 1053
228 310
55 310
55 3824
2314 3824
2314 2599
2234 2599
916 2234
916 4988
666 4988
666 3174
3174 3836
1594 3836
1594 3531
1879 3531
956 1879
956 4290
1330 4290
868 1330
868 1165
1073 1165
129 1073
129 1173
1173 2031
1051 2031
1051 3739
3739 4333
4333 4944
492 4944
492 3977
3941 3977
3687 3941
1382 3687
1382 3808
615 3808
615 621
441 621
441 739
739 3059
2377 3059
2377 3991
585 3991
585 4885
2186 4885
2186 3271
1481 3271
1481 3665
1295 3665
1295 4218
4218 4728
4465 4728
2410 4465
2410 2761
1654 2761
1654 2588
2547 2588
1886 2547
1027 1886
1027 1623
1095 1623
608 1095
608 1789
1789 2303
2303 2977
2977 4204
1146 4204
119 1146
119 4401
826 4401
826 1642
1642 2078
2078 4355
2938 4355
2310 2938
2310 3917
3917 4382
3650 4382
1657 3650
1657 3790
1429 3790
1429 3069
3069 4714
1510 4714
1510 3472
3472 4409
3361 4409
306 3361
306 352
352 4223
2262 4223
2103 2262
2103 2431
1885 2431
1885 1891
1390 1891
1390 4087
2489 4087
124 2489
124 2879
2879 3869
3418 3869
3418 4486
4374 4486
209 4374
209 4782
2126 4782
2126 2435
2435 3462
1613 3462
1613 4059
2926 4059
899 2926
899 3179
2578 3179
2578 3621
3621 4053
3670 4053
3242 3670
3242 4301
2665 4301
2665 4396
1740 4396
1740 2147
458 2147
458 3448
674 3448
674 3967
2118 3967
2118 3294
3294 4470
3283 4470
2990 3283
2990 3734
372 3734
372 4196
4196 4482
2021 4482
943 2021
943 1211
1211 4768
1646 4768
1609 1646
1609 4619
952 4619
952 3948
1982 3948
1982 3822
3659 3822
3659 4918
1506 4918
1506 3163
3163 3463
3463 4018
2736 4018
2736 3833
518 3833
518 4821
3684 4821
1266 3684
1266 3399
1106 3399
831 1106
831 3086
1980 3086
1980 2065
2065 4797
3000 4797
3000 3285
2050 3285
2050 4096
3768 4096
878 3768
878 3726
3182 3726
3182 3420
150 3420
150 3803
3803 3857
1947 3857
493 1947
493 882
695 882
695 1081
1081 3736
918 3736
918 2358
2358 2745
1853 2745
1853 1884
1884 4836
1702 4836
535 1702
535 4279
2301 4279
1942 2301
1942 2690
2690 3248
855 3248
855 4655
3544 4655
1598 3544
1598 2376
2376 3272
1086 3272
1086 1270
1270 2649
1362 2649
1362 2642
2217 2642
1778 2217
1537 1778
1537 4807
1911 4807
1911 4433
551 4433
551 3592
3493 3592
3030 3493
3030 4669
2317 4669
2317 4246
4130 4246
4130 4269
2797 4269
1779 2797
1300 1779
1022 1300
1022 2333
2333 3880
2167 3880
632 2167
632 1681
1681 4597
59 4597
59 2634
2634 3228
3228 3811
3811 4133
1906 4133
434 1906
434 1805
1409 1805
1409 4631
308 4631
308 1991
1991 3362
1546 3362
1341 1546
1341 2215
1648 2215
1648 2456
2456 4227
2476 4227
2476 4323
56 4323
56 2474
691 2474
691 2324
1693 2324
1693 3755
2998 3755
859 2998
859 1209
1209 1299
1299 3224
643 3224
643 2859
2859 3372
877 3372
742 877
742 3522
1837 3522
1837 3145
2344 3145
354 2344
354 2560
334 2560
334 3935
598 3935
598 1352
1184 1352
1184 1788
1050 1788
1050 4817
1337 4817
1337 2987
464 2987
464 2739
2739 4582
4017 4582
4017 4455
3849 4455
2440 3849
2440 3579
3427 3579
3427 3775
3380 3775
2732 3380
2732 3752
3752 4636
4169 4636
2631 4169
2631 2972
2972 4740
2505 4740
2287 2505
2287 4101
3367 4101
2277 3367
1344 2277
656 1344
656 950
950 3552
1786 3552
740 1786
740 783
783 4377
1957 4377
1957 3277
2985 3277
2985 4699
4154 4699
712 4154
712 4270
3821 4270
1083 3821
1083 2966
2000 2966
2000 3101
496 3101
496 1689
1689 1871
1871 4989
2494 4989
497 2494
497 980
980 3727
373 3727
373 2835
577 2835
577 3818
539 3818
539 1639
1639 2290
1157 2290
1157 4796
4431 4796
3992 4431
3992 4994
921 4994
921 4781
1592 4781
1592 4064
620 4064
620 4037
995 4037
995 3731
3731 4010
4010 4508
1472 4508
1472 4280
4280 4609
3351 4609
2633 3351
1076 2633
1076 3947
3688 3947
71 3688
71 2341
714 2341
714 4617
1795 4617
1795 3512
3512 4987
2420 4987
2420 4294
2646 4294
2646 3995
2436 3995
2436 3669
3669 4555
3759 4555
1550 3759
1550 4057
4057 4703
3671 4703
506 3671
268 506
268 3479
1145 3479
1145 4480
1278 4480
1009 1278
1009 1181
1181 2499
2499 2945
2945 4929
2525 4929
2525 4231
4231 4772
2733 4772
858 2733
858 2695
757 2695
757 949
578 949
578 1912
1912 3359
1792 3359
1792 1956
476 1956
476 4580
1250 4580
988 1250
720 988
720 4962
469 4962
122 469
122 4810
4426 4810
828 4426
828 3882
3720 3882
1981 3720
761 1981
281 761
281 1739
1739 3487
3487 4364
3721 4364
3711 3721
3711 3921
1391 3921
1391 2136
2136 3732
2464 3732
2464 4704
3024 4704
2880 3024
1893 2880
1893 3468
3468 4129
4129 4897
1620 4897
1029 1620
1029 3645
3510 3645
3510 4941
2569 4941
2236 2569
2236 4349
3253 4349
1556 3253
1556 3782
1540 3782
1540 4855
1401 4855
1401 3764
1096 3764
1096 1432
1432 4095
537 4095
537 4006
1158 4006
1158 4104
2687 4104
402 2687
210 402
210 2870
832 2870
832 2373
95 2373
95 4861
1536 4861
1536 1923
87 1923
87 1241
1241 1673
1673 3155
1133 3155
1133 4047
2259 4047
2259 4375
802 4375
802 4330
426 4330
322 426
322 2283
2283 2508
2508 2920
2920 4497
202 4497
202 797
797 4125
4100 4125
947 4100
947 1535
1535 3950
2100 3950
1455 2100
1455 2598
1435 2598
1283 1435
1283 3229
1114 3229
1114 2596
1707 2596
925 1707
925 2924
1719 2924
1334 1719
390 1334
390 1718
1718 4437
4437 4688
455 4688
455 3934
2355 3934
2355 3471
686 3471
686 3612
2971 3612
2181 2971
2181 3766
3766 4629
2472 4629
1861 2472
1861 2905
688 2905
688 3611
1008 3611
1008 4848
4298 4848
4298 4650
4650 4790
4606 4790
238 4606
238 2163
2163 4798
581 4798
581 1041
1041 2146
1741 2146
1741 4879
117 4879
117 3855
2453 3855
2453 2461
2461 3877
3436 3877
3063 3436
512 3063
512 723
723 2517
2517 2636
697 2636
697 4659
468 4659
298 468
298 4756
4411 4756
2117 4411
625 2117
625 4197
4197 4601
1570 4601
1521 1570
1521 3354
3354 4779
2015 4779
166 2015
166 184
184 719
719 912
912 1727
1727 3408
2492 3408
2188 2492
1562 2188
1562 4958
4487 4958
538 4487
538 2556
2556 2648
37 2648
37 233
233 3040
2629 3040
362 2629
362 4117
3702 4117
3702 3951
2978 3951
987 2978
987 2514
2514 4257
16 4257
16 4225
1094 4225
1094 2282
2282 3578
3578 4809
765 4809
765 3537
420 3537
420 4766
1475 4766
892 1475
892 4450
4272 4450
3206 4272
3206 3563
931 3563
610 931
610 2469
2469 4088
2904 4088
1451 2904
127 1451
127 1317
562 1317
562 1624
1624 4472
567 4472
567 3944
2143 3944
2143 2697
2697 4042
4042 4774
1204 4774
399 1204
399 2133
2133 2673
1047 2673
1047 2475
2475 2897
963 2897
963 1402
1402 4373
623 4373
623 2584
46 2584
46 4192
2715 4192
2715 3264
1150 3264
294 1150
294 4425
1545 4425
1118 1545
1118 4725
1862 4725
1862 3733
1605 3733
1605 2682
2682 2981
1493 2981
1493 2881
766 2881
475 766
475 3268
297 3268
297 1276
1276 2900
2225 2900
162 2225
162 764
764 2067
627 2067
627 3389
3389 3825
741 3825
741 1244
570 1244
570 4884
3565 4884
1591 3565
1591 1899
1899 2386
2386 3832
3598 3832
1584 3598
1584 1950
326 1950
326 1880
772 1880
772 2848
545 2848
545 2802
73 2802
73 1378
1378 1539
36 1539
36 2270
2270 4572
4540 4572
3683 4540
3054 3683
3054 3532
3532 3892
2016 3892
2016 3998
1627 3998
1627 3865
1975 3865
1232 1975
1206 1232
1033 1206
1033 1678
624 1678
624 879
879 2300
2300 2710
2710 2747
2747 3593
3593 4734
3903 4734
1227 3903
768 1227
768 907
907 1195
1195 4516
839 4516
839 3712
3387 3712
706 3387
706 1067
1067 3854
3199 3854
718 3199
718 1793
1793 3289
1815 3289
1815 3568
142 3568
142 755
755 4825
1501 4825
1501 4538
1889 4538
1889 3972
2342 3972
2342 4073
3915 4073
3915 4066
3747 4066
3170 3747
743 3170
743 3478
1849 3478
1849 2041
2041 4985
1470 4985
1470 3443
131 3443
131 1478
258 1478
258 1566
1566 2941
104 2941
104 2662
905 2662
905 2548
2548 3444
3444 4812
1637 4812
694 1637
694 2653
2653 4651
1091 4651
1091 3704
3570 3704
3384 3570
3350 3384
1162 3350
1162 4462
958 4462
958 2257
2257 2589
1431 2589
1030 1431
180 1030
180 197
197 1395
1395 2204
185 2204
185 421
421 3936
1375 3936
1375 4178
4178 4302
701 4302
701 1828
1088 1828
824 1088
510 824
510 2894
1558 2894
240 1558
240 3406
3406 4062
2768 4062
1846 2768
1846 2587
200 2587
200 3276
2268 3276
2268 4399
163 4399
163 1303
1303 3270
3270 4416
4416 4564
193 4564
193 1408
542 1408
542 1221
1221 1958
1958 3453
3453 3806
2549 3806
2549 4339
4339 4901
3618 4901
3618 4240
1671 4240
1671 4367
3254 4367
3254 4983
564 4983
564 1285
1285 3980
2723 3980
1712 2723
1712 3180
2418 3180
1130 2418
1130 4904
3997 4904
874 3997
874 2401
1581 2401
520 1581
520 2200
2200 3773
1716 3773
944 1716
944 1164
1164 2428
2428 4561
4184 4561
3988 4184
3545 3988
1769 3545
778 1769
778 4773
1459 4773
1459 1979
1979 3743
1125 3743
1125 3121
2226 3121
2226 4551
1528 4551
113 1528
113 3288
3288 4003
1015 4003
976 1015
929 976
929 3913
3709 3913
2654 3709
2654 4211
1123 4211
225 1123
225 4201
4201 4322
323 4322
323 1635
1635 4014
4014 4476
1633 4476
1522 1633
1522 3213
1287 3213
1287 2842
2030 2842
165 2030
165 4697
2025 4697
2025 2072
453 2072
453 4451
3259 4451
2566 3259
2156 2566
2156 4794
4236 4794
380 4236
380 822
822 2248
2248 4463
2033 4463
2033 2497
2049 2497
2049 4510
675 4510
249 675
249 4089
3459 4089
1969 3459
1969 3316
68 3316
68 2515
1677 2515
223 1677
223 474
474 715
715 4803
3758 4803
1557 3758
705 1557
705 4685
4097 4685
3933 4097
2089 3933
274 2089
274 2372
2258 2372
213 2258
213 1575
1575 2576
1576 2576
1576 4749
2411 4749
425 2411
425 4352
781 4352
781 4457
2014 4457
2014 3235
3235 4499
2652 4499
321 2652
321 333
333 4170
3357 4170
974 3357
409 974
409 2783
2783 3780
3780 3978
3326 3978
3326 4410
4111 4410
1485 4111
1485 4997
645 4997
645 2674
2080 2674
2080 4805
4761 4805
4156 4761
4156 4331
951 4331
951 4370
3494 4370
3494 3976
3597 3976
2735 3597
2735 2992
2992 3466
3466 3514
975 3514
975 3327
846 3327
846 3586
2706 3586
2706 2740
473 2740
473 2263
2263 2832
2832 3193
157 3193
157 837
837 2421
1643 2421
155 1643
155 4910
2831 4910
2831 4033
942 4033
395 942
395 2129
2129 3423
1488 3423
1488 2639
986 2639
986 1856
1054 1856
533 1054
533 3901
345 3901
345 363
363 1669
1669 1873
1873 2610
435 2610
435 1820
1820 2304
2304 4687
4687 4785
4050 4785
4050 4576
3868 4576
1659 3868
1213 1659
1213 3012
2812 3012
2812 3588
2211 3588
2211 4265
4265 4391
2108 4391
2108 4566
4566 4999
4336 4999
1183 4336
1183 4459
2446 4459
1748 2446
1748 4500
353 4500
353 4648
1261 4648
1261 3715
3715 4964
1031 4964
1031 4191
1366 4191
1366 1655
1655 3177
2806 3177
2806 3278
3278 3353
3353 4928
2085 4928
1414 2085
568 1414
568 4327
498 4327
498 4979
3218 4979
3218 3925
606 3925
175 606
175 3160
2638 3160
1322 2638
1322 2168
2168 3946
179 3946
179 4523
2091 4523
2091 3513
3513 4434
4258 4434
2962 4258
2962 4346
2367 4346
79 2367
79 4908
4627 4908
2233 4627
913 2233
913 2626
2626 4005
4005 4442
676 4442
676 2308
2308 4727
2860 4727
982 2860
982 4518
3172 4518
872 3172
872 1860
903 1860
903 2145
2145 4530
3236 4530
58 3236
58 4140
188 4140
188 3048
2833 3048
66 2833
66 1168
408 1168
408 4570
1279 4570
23 1279
23 4939
3938 4939
2350 3938
1632 2350
177 1632
177 2487
1636 2487
1636 3886
3886 4986
4706 4986
2956 4706
2763 2956
752 2763
752 4889
3252 4889
2285 3252
2285 4008
1151 4008
1151 2315
2315 3095
1271 3095
1271 3143
1172 3143
1172 2369
2369 4534
1335 4534
809 1335
130 809
130 1990
1764 1990
1764 4432
3219 4432
1890 3219
789 1890
374 789
374 4023
2094 4023
1867 2094
1867 1952
1952 4678
4678 4923
516 4923
516 1457
1457 4428
4428 4720
1281 4720
1281 3893
3893 4872
4764 4872
4753 4764
4753 4930
4521 4930
1132 4521
438 1132
438 2543
2543 3424
466 3424
466 2767
2051 2767
2051 3625
983 3625
983 2095
1223 2095
1223 3763
348 3763
348 1517
1517 4493
964 4493
954 964
954 3140
2699 3140
1824 2699
722 1824
722 1214
1214 3789
3080 3789
172 3080
172 3820
3820 4548
63 4548
63 554
554 3601
2544 3601
2544 3777
405 3777
405 3097
237 3097
237 1775
1775 4343
3805 4343
1193 3805
1193 1290
1290 1560
1560 3989
3769 3989
1325 3769
1187 1325
1187 3344
745 3344
311 745
311 4853
3065 4853
733 3065
733 4208
544 4208
544 2825
2825 3794
2726 3794
2726 2748
525 2748
525 3036
3036 4770
3540 4770
3540 3858
3848 3858
39 3848
39 1387
1387 3334
1024 3334
1024 3029
3029 4793
4052 4793
3488 4052
235 3488
235 586
540 586
540 4289
2275 4289
1750 2275
1750 1928
1595 1928
1595 3440
696 3440
696 1439
1439 1978
1978 3070
1066 3070
1066 3130
2419 3130
2419 3261
3261 4996
2112 4996
2112 2720
2720 4806
2405 4806
1730 2405
1200 1730
288 1200
288 793
793 4946
707 4946
707 3556
1343 3556
1343 2416
664 2416
664 2166
2166 3483
2293 3483
2293 4150
2189 4150
1377 2189
1377 4085
1304 4085
1304 3829
3692 3829
2704 3692
2704 3629
2957 3629
2957 4151
461 4151
461 3374
3374 4593
4479 4593
993 4479
993 1715
684 1715
684 1787
1787 3212
218 3212
218 4972
4528 4972
2643 4528
2439 2643
2439 2459
2254 2459
431 2254
431 3258
792 3258
792 2913
454 2913
454 4348
2656 4348
1048 2656
842 1048
842 3413
325 3413
325 4128
4128 4887
1701 4887
1701 2980
1747 2980
1747 3475
1503 3475
897 1503
897 1217
1217 3672
1782 3672
1782 3993
725 3993
725 2538
2538 2581
2581 3633
3338 3633
3152 3338
3152 3797
935 3797
935 4449
1469 4449
1469 2974
146 2974
146 2074
1713 2074
1713 4300
1919 4300
1919 4369
3157 4369
2395 3157
2395 3878
1649 3878
1649 1694
1694 1762
1762 2799
261 2799
261 4488
682 4488
682 1294
849 1294
849 2114
1205 2114
1205 4724
4628 4724
3851 4628
1939 3851
337 1939
337 563
563 2330
573 2330
573 2524
2524 3305
2758 3305
1962 2758
1962 4954
4637 4954
4637 4677
4677 4906
1159 4906
1159 3603
3378 3603
1141 3378
1141 4485
1480 4485
1480 4956
957 4956
957 4670
4614 4670
1199 4614
1199 3202
2571 3202
1603 2571
703 1603
170 703
170 680
680 4850
3216 4850
3216 4586
3139 4586
763 3139
763 4525
2250 4525
881 2250
881 1357
1323 1357
1323 1996
1996 3249
1866 3249
663 1866
440 663
440 4121
1897 4121
1897 2790
433 2790
433 1070
804 1070
804 1723
1723 2297
2297 2717
1733 2717
601 1733
601 901
901 1985
1585 1985
1585 3679
3679 4767
1218 4767
1218 4689
3845 4689
819 3845
819 2536
2536 3585
3037 3585
526 3037
526 2684
2684 3959
3279 3959
1251 3279
1251 3105
3105 4305
1711 4305
1711 2351
2351 3986
1456 3986
1152 1456
1152 3871
3308 3871
480 3308
480 1039
1039 2467
303 2467
303 3627
3627 4900
3173 4900
3173 4145
98 4145
98 4556
661 4556
661 3506
909 3506
721 909
721 3243
635 3243
635 1847
1847 3742
61 3742
61 2854
524 2854
524 4665
2512 4665
2512 4873
2593 4873
1754 2593
1754 4858
2753 4858
628 2753
628 823
685 823
685 4387
991 4387
991 2332
1465 2332
1465 3067
3067 3551
252 3551
252 3060
1179 3060
1179 3234
1085 3234
1085 2532
2532 3414
3414 4895
2155 4895
367 2155
367 4851
2531 4851
2531 3352
1178 3352
1178 2265
2194 2265
2194 2692
1645 2692
813 1645
813 2365
1571 2365
1571 2279
1288 2279
1288 2834
749 2834
749 3553
2152 3553
2152 3894
1549 3894
1549 3110
48 3110
48 4644
1117 4644
1117 4815
4206 4815
1458 4206
1458 2491
2491 2552
2552 4775
4498 4775
3640 4498
350 3640
350 2826
2523 2826
2224 2523
2224 2925
1507 2925
1507 2222
659 2222
659 2537
91 2537
91 4942
1573 4942
1573 4899
47 4899
47 2106
2106 2889
1482 2889
1482 4506
1049 4506
109 1049
109 1955
1955 3641
3431 3641
3364 3431
3364 4588
4116 4588
748 4116
748 2851
378 2851
80 378
80 1140
1140 1267
1267 4224
4141 4224
2008 4141
885 2008
885 4878
1699 4878
1393 1699
217 1393
217 1834
1834 2269
1389 2269
28 1389
28 280
280 3783
14 3783
14 2625
1504 2625
1504 4371
283 4371
283 1960
1960 3120
1426 3120
1384 1426
1384 2221
29 2221
29 2575
2575 3754
3754 4531
54 4531
54 4543
2490 4543
2490 4186
26 4186
26 2162
1734 2162
1734 1755
1755 2018
1725 2018
692 1725
692 2824
2127 2824
1801 2127
1801 3651
3495 3651
3495 4780
3134 4780
3134 3927
3927 4126
2083 4126
2083 2391
2391 3189
2022 3189
1001 2022
1001 4612
3771 4612
2919 3771
1014 2919
1014 2885
1833 2885
1833 1924
1924 4992
3786 4992
3786 4854
4789 4854
3875 4789
1533 3875
247 1533
247 463
463 851
851 4353
2742 4353
2742 4820
1169 4820
1156 1169
1156 1930
1930 4590
3001 4590
3001 3999
3999 4845
260 4845
260 2165
2165 4696
1902 4696
1902 3664
2707 3664
2024 2707
107 2024
107 418
418 2516
2516 4440
204 4440
204 1269
1269 3879
1197 3879
1197 4492
605 4492
605 4489
120 4489
120 4292
4292 4616
1411 4616
1348 1411
750 1348
750 4232
3572 4232
2477 3572
1280 2477
344 1280
344 2429
2429 3203
1403 3203
1399 1403
1399 2711
2711 3123
478 3123
285 478
285 3643
2140 3643
449 2140
449 4378
1565 4378
1565 3445
644 3445
644 2153
2153 3238
1154 3238
1154 1259
1259 3365
2762 3365
2762 3013
2852 3013
908 2852
908 1617
1617 4539
4388 4539
3840 4388
2738 3840
482 2738
482 4122
2409 4122
401 2409
401 4238
2770 4238
1726 2770
791 1726
335 791
256 335
256 978
978 4158
3146 4158
2176 3146
2176 3309
359 3309
359 2794
90 2794
90 4421
1934 4421
1934 3068
1327 3068
465 1327
465 1367
1367 3955
678 3955
678 4168
1068 4168
1068 4002
2116 4002
2116 2485
2485 3165
196 3165
196 4536
2107 4536
2107 3402
289 3402
236 289
236 4658
4658 4731
3332 4731
3332 4427
1903 4427
1903 4692
622 4692
622 3554
681 3554
681 3740
1771 3740
647 1771
647 1450
894 1450
894 3293
1767 3293
1767 1785
1544 1785
377 1544
377 2774
1143 2774
1143 3741
2151 3741
2151 2169
1440 2169
1440 4736
1101 4736
1101 2071
75 2071
75 1052
1052 3910
3910 4132
4132 4335
4001 4335
110 4001
110 1997
1997 4622
1797 4622
393 1797
393 3409
652 3409
652 1420
18 1420
18 4915
2392 4915
2392 4595
1 4595
1 1397
1397 2390
2390 3073
2701 3073
436 2701
436 1907
239 1907
239 4484
1175 4484
1175 3336
3233 3336
2092 3233
1851 2092
1313 1851
1313 3368
3014 3368
1196 3014
1196 4621
1331 4621
1138 1331
1138 4865
4467 4865
2603 4467
816 2603
816 4975
1842 4975
1842 2055
2055 3094
3094 3957
1927 3957
1927 2432
1875 2432
636 1875
636 2641
1121 2641
566 1121
566 3735
2756 3735
785 2756
785 1453
1453 1810
1810 1999
1999 3049
358 3049
358 3876
3876 4874
1553 4874
1553 4833
2617 4833
1128 2617
1128 4532
4152 4532
3115 4152
616 3115
324 616
324 2465
2148 2465
2148 2804
1006 2804
1006 1112
1112 1220
1220 4188
2320 4188
2061 2320
2061 2121
2121 4215
4212 4215
1461 4212
1461 3386
2364 3386
2364 4264
1530 4264
1530 3181
1135 3181
1135 3072
3072 4317
1284 4317
1284 1567
1567 4099
3812 4099
2953 3812
1417 2953
1417 4102
910 4102
910 3469
2698 3469
1959 2698
1959 2751
2244 2751
862 2244
862 3961
1710 3961
190 1710
190 969
969 3010
552 3010
552 1658
1658 3046
1262 3046
1262 4094
3300 4094
3300 4839
689 4839
689 2964
2964 4035
1476 4035
1476 3604
3604 3656
2218 3656
2218 2960
2960 4917
3313 4917
1610 3313
1610 4660
4660 4888
3032 4888
853 3032
853 1113
1113 1394
1394 2501
2501 3371
230 3371
230 1363
1363 4350
3329 4350
262 3329
262 559
559 3680
3680 4671
2883 4671
211 2883
211 997
997 2582
968 2582
968 2329
2329 3676
3676 4219
1832 4219
1427 1832
1289 1427
1289 2339
251 2339
251 4081
3093 4081
3042 3093
1619 3042
1619 3682
3682 4162
3022 4162
1709 3022
1709 4784
933 4784
933 3337
3337 4419
4061 4419
3654 4061
19 3654
19 607
257 607
257 4110
2045 4110
1823 2045
1160 1823
338 1160
338 4273
2379 4273
2379 3158
1282 3158
1282 4745
1064 4745
1064 2676
1359 2676
1359 1489
300 1489
300 830
216 830
216 1368
747 1368
747 4027
189 4027
189 4469
2322 4469
2322 3558
1448 3558
1448 4787
709 4787
171 709
171 1077
1077 1908
806 1908
806 4136
2384 4136
1260 2384
1260 4147
1277 4147
1277 4656
2455 4656
2455 4574
2876 4574
2876 4843
1347 4843
1347 4078
32 4078
32 700
700 3678
3678 4891
1513 4891
1513 1686
1686 1840
1840 4991
1494 4991
1090 1494
1090 2450
2450 4864
1971 4864
1505 1971
1505 2624
2624 4759
1532 4759
1532 2927
2927 4055
4055 4857
6 4857
6 3535
3535 4071
3969 4071
3489 3969
3489 4234
1358 4234
1358 4661
2912 4661
2912 3717
2230 3717
2230 3719
3719 4701
437 4701
437 1869
1869 2772
1340 2772
1340 2792
2792 3887
1492 3887
1492 4142
485 4142
485 759
44 759
44 471
471 1514
984 1514
417 984
417 1896
1896 3642
206 3642
206 3033
1111 3033
1111 4070
971 4070
971 2640
1541 2640
1541 2716
2716 3622
3148 3622
1333 3148
1333 1948
729 1948
729 3237
2385 3237
198 2385
198 1568
116 1568
116 4044
2422 4044
928 2422
928 3898
890 3898
890 4654
1092 4654
1092 3714
2675 3714
2675 4271
3432 4271
2871 3432
2871 4569
2210 4569
2210 4179
1987 4179
1987 2363
1881 2363
1881 4876
670 4876
173 670
173 2144
1309 2144
1309 3167
3167 4287
2081 4287
2044 2081
2044 4739
3689 4739
1732 3689
1732 4974
3341 4974
3341 4935
4524 4935
1122 4524
1122 3452
