4999
(())(())(()())))((()()))(())((((()(()((())(((()())))((()))()(((()((((()))(()()))(()))))((()))(())))())(((((())()()())((()((()()))()()((())(()()))(())((())((()()()(()(((()(())))()())))(()))))))((())(()((())))(())((((())(((()()((())())(())((((())()())((((((()))(()(()())))))))))(())))(((((()))))))))))))(((()(()()((()((())()()))(())((()(()())()(()())())(((((((()))()))())))((((((())()((()(((()(())()(()()()()(((())))())))))))((()(())()()(()))))(((()((())())(())(((()()))))))())(())))())(()))(((()(((()))))()(((())))((())))((((((((()()())((()()(())(()()()))(((())(())((())()()((())())))(((()))((((((()()()))))())())))())))()(()(())(()())()(((()((()(((((()))(((())((()((()()))))))((()()()))(((()(()()()))()(()))()(((((((()())()())(()))())())())(()))()()(()((()(((()())()(()))))))))(()())))()(())))(())))))())(()(())()()())()()()(()((()))))()))((())())()())(())()()((())(()))))))()()()))))())((()()(()()())((())))()))))))((()(()))(()()(()))))(((())()(((())(((((()()((()(((())())()))((((())(((((()(()())(((((())()())(()()(()())((()((())))(((())()())())(()()())(((()))(()()()())))()(())())())))((())()))())(()))())))))()(()(())((((()(((())()()))())()))(((())(()()((()((())()()()(()())))((()((())))(()))())(())(())))()())()((()(())))()(()()))())(()(((()))((((((())()))((((()))()((()))())()))()))()()())(())()(())()))()()(((()())))))))(()((()()(())()()))(())(((((()())))(()))())))))(()(())))())((((()()((()(()(()())()()(()(()()((()()()())))((()))()()(()((())(()()))))))))()))))))))(()))(()(()))())()(((((()(()(()))(())(())(()))()((()()(((())()))((())))()()(())))()())(()((((())))()(()))((()())))))(())))))(()((()(()((()))())))()())((())(((()()((()))())()())))(()((()((()()((()((()()()((()()()(()))()((()())))())(())))()(((())())()()((((()((()))()())()(((())()))))()()))))())(((())(())())()))(((()(()(()((())))(()))(())))))()()())(()()()()((((()()()()())()))((())))()))(()())))))()))))))()()(())(())((())))())))()))()()())((()))(()))((((()((()()()(())))(((((())(((((()(()))()))))()())))()())))((()()))()))(((()()()))(()()()))))())()(())))())))))())())())(()()))())))((((((((((()((()(()(())))((()))())))()))(()())(()))((()()(()(((((()(()())()())((()()))))(()((()())))(())()())()((((((()())((()))))((())(((()(()(()()))()))()))))((()())()))))())()()()((()()(())))()()()(((()()((()(()()()())((()))())(())))()))))()()(()))))())())((()()())()))((()()))()((()(((())(()()()(())))((((((()(()))))())())()()(()((())())(((()(()())(()()()(()())(((()))())))()(()(()(((()(()(()(()))()(()))(()()))()))(())())(()))((())(((()(()((()())((()))()))())))))))())((()))))(((()(((())(()(())()))(((()))(()((())((((()))(()())((()))))))()()(()((((((((())()()())())((())()(()())()())()(()()())(()((()()())())())(()()))())((()(()())()())))())(()(())))()))()((()(()(()((((((()(()())()()(()((((())))(()()))(()())())())())(((()(((())(()())(()(((()(((()(())()(()())))()(()))((((()()(())))(()(())()()((()())()(()()(()))(((((())(()()(()(((((()(())(((()(()(((()))()())(()))()(())(()))(()()(())))()))(()())()())()()(())))((()))())()))()()(()()))(()())((()()(()))()()()()))()())(((((()(()((())(()()((()))()(()((((())()()))(())())()())()())((()))))(()()(())()(((()((())(((()())()))))(((((())))))()()(())()()())(((((((()((()()(((()((()())))(())())(()))()(()((()((((((((((((()(()(((((()))()())((())(()(()))())(((()()(((((()((((())()(()(()))()))(())())(()((())((())()())((((())(()(()))))(()(((((()))))((())())()((()())((((()()))((()))(()((()))()()())()((())())(()))(((())()))(())))(()()))))(()))()(()))())(()()()((((()(())()()((((((()))))(())((((()()())((()(()()()))((((())((())(()()())))()()))((()))((()())()()))(())())()())))))))(())))())))()(()())))((())(()()(()()(()(()()))())((()((())(())((((())((((()())))()))))())(())))(((((())()()))())()(()))()))())()(())()((()))(((()))()()(())((((()((())()(()((((()())())))())((()(()((())((()(()(())(())()()())())()))(((((()()))))(()((()(((((()))()))((()(()())()(()()(()())()()((()(()))((()())()(()(()(((())(()()())(()(((())))))(()))((())())))()((())()))))()()()()()((()()(())))((()((())(()())()()(())())()((((((())))))(()(()()((((((((()))()())())()(())()((())((((()()(()())(()(()))(()))()(((((()(())((((()()((()(()(()))(()))((())(()(()))(((()))))))((()()))()())())(())()())))(()(()())()()))))()))()((((()))))))(())))))(())(()()((((()))()())(()))))))()(()))(())(()()()((((((()))))()(())()()((())())(())))(()())(()((()()((()()))()(()(()())()((()((((()))()(()())((())(())()))())(()((()())(())))()(())))()())()()()()()))))))()))())))))))))))))))()())))))))((()()))))()(())()())((((((())(()())(((()(()())))(()()((()(())))(()()())))(())))))())())))(())(((()))))))()(())(()()(()(((()()(()((()(()()(((()))(((()(()()(())))(()(())((((((()((())(((()))())))()))))(((())(()))))((())))()))()()()))))(()()((()())())()()()()()))()()()((())))(())()))))((()()((()))((()()))(((((((()())()()(()))))()((())())))(()(())))()((())(((())(()())))())(()))))()(((())((()((()((((())()()()(()))()(()))))()((())(((((((()()()(()))())()))(()((())())))(()())((()()()())()))))(())()(((()))())())())()))((()))((((((())()(()((((()((()))((())((()
1067 4455
1067 1126
1126 2303
1873 2303
1873 3110
2967 3110
2540 2967
2540 3931
3931 4059
58 4059
58 2325
2325 3381
2266 3381
1038 2266
1038 1660
217 1660
217 4233
1439 4233
224 1439
224 468
468 4393
438 4393
438 3040
3040 4172
1970 4172
1970 4755
2563 4755
2563 3612
1481 3612
1481 1817
1817 3191
3191 4189
2023 4189
2023 3725
990 3725
990 1131
1131 2337
2337 4113
3870 4113
2347 3870
2347 2811
2811 3699
3699 4351
4351 4742
2549 4742
2549 4516
2224 4516
1800 2224
556 1800
556 3082
3082 4252
1929 4252
1929 3562
3201 3562
124 3201
124 3371
1814 3371
1259 1814
1259 4618
86 4618
86 2987
2987 4866
2499 4866
1638 2499
1076 1638
1076 2094
384 2094
384 2616
2616 3490
1289 3490
1289 3502
1046 3502
1000 1046
246 1000
246 1170
1170 3588
3075 3588
3075 3451
3451 4083
1213 4083
214 1213
214 1424
1424 4446
4446 4758
1613 4758
1613 3374
2343 3374
1917 2343
751 1917
751 4848
1928 4848
1928 2147
2147 2316
1070 2316
1070 2647
236 2647
236 1295
1295 2289
2289 4798
2924 4798
1228 2924
1228 4962
3634 4962
3634 4514
1112 4514
1112 1961
1961 2139
2139 2874
715 2874
715 4693
4474 4693
1825 4474
1825 3102
659 3102
659 4628
4628 4691
358 4691
358 609
609 863
863 2272
2272 2642
2373 2642
2373 3171
744 3171
744 3443
2890 3443
1979 2890
1234 1979
1234 1838
1838 2250
2250 2975
2975 4935
266 4935
266 1358
1358 3602
3563 3602
38 3563
38 4870
4614 4870
3983 4614
2317 3983
2317 4138
3595 4138
745 3595
39 745
39 2822
1985 2822
1985 4036
4036 4262
1099 4262
1099 2959
1227 2959
1001 1227
1001 2126
2126 3019
1179 3019
848 1179
848 2828
2828 3139
3139 3397
2018 3397
2018 4797
3722 4797
3722 4307
1311 4307
851 1311
576 851
576 2281
1743 2281
1743 3773
3773 4998
2470 4998
2470 3642
2248 3642
992 2248
992 3257
1445 3257
1445 3746
3668 3746
3668 4007
3970 4007
2338 3970
940 2338
940 4487
4487 4782
1452 4782
727 1452
691 727
691 4170
2396 4170
2396 4571
249 4571
12 249
12 3921
1628 3921
1628 4603
3753 4603
3753 4559
1934 4559
501 1934
501 3750
3750 4936
3273 4936
3238 3273
18 3238
18 1922
1922 4650
2234 4650
895 2234
895 1084
140 1084
140 3571
3571 4785
1671 4785
1671 4900
4746 4900
446 4746
446 3103
3103 4872
2528 4872
2528 4041
3420 4041
2905 3420
530 2905
530 3031
2666 3031
1386 2666
1386 1435
1435 2575
2575 4442
3275 4442
935 3275
935 4885
3888 4885
64 3888
64 4431
1510 4431
1510 2002
2002 4215
3433 4215
3382 3433
3382 4806
1607 4806
1326 1607
632 1326
632 2585
1377 2585
1281 1377
1281 2301
2301 4701
1396 4701
1396 4484
3281 4484
3281 3567
1840 3567
1840 4430
4051 4430
4051 4076
30 4076
30 1978
1978 3432
1595 3432
104 1595
104 2075
239 2075
239 362
362 2800
1037 2800
998 1037
998 3914
927 3914
927 1222
1222 2852
2492 2852
587 2492
587 2727
2727 4073
2721 4073
1927 2721
1927 2838
2722 2838
2051 2722
2051 4741
2678 4741
2648 2678
2648 3573
768 3573
768 1193
1193 1959
1675 1959
1675 4754
855 4754
855 2839
494 2839
494 2913
2913 4050
3261 4050
3261 3589
1565 3589
1565 4027
3988 4027
3187 3988
3176 3187
4 3176
4 142
142 4006
256 4006
256 4127
656 4127
656 1177
1177 4643
4049 4643
359 4049
359 4166
809 4166
809 2818
2818 4729
2223 4729
857 2223
857 3509
732 3509
732 3717
2546 3717
2546 4855
4129 4855
2754 4129
2754 4708
2038 4708
45 2038
45 4341
708 4341
708 2914
2914 4227
3797 4227
1257 3797
1257 1535
1535 3549
1653 3549
1653 3872
3872 4133
3154 4133
3154 4921
3854 4921
3388 3854
3215 3388
2441 3215
2441 4658
3012 4658
1011 3012
1011 4784
1328 4784
1328 4089
4089 4091
1942 4091
185 1942
185 1508
1508 1530
93 1530
93 677
677 2081
593 2081
593 4388
1044 4388
1044 3026
2132 3026
1215 2132
1215 1960
176 1960
176 3887
3036 3887
635 3036
412 635
412 445
445 822
822 4353
394 4353
9 394
9 1372
1372 3813
3813 4366
4366 4549
1827 4549
1827 4992
2446 4992
2446 2969
2969 4675
2084 4675
1868 2084
683 1868
624 683
591 624
591 2190
2190 2371
2371 4411
81 4411
81 797
797 3826
2916 3826
941 2916
941 1943
1943 3731
3507 3731
3507 3675
568 3675
568 3377
3109 3377
1383 3109
1383 2853
2853 3405
3394 3405
1414 3394
1339 1414
1339 2989
2989 3079
1412 3079
1176 1412
1176 3568
1297 3568
1297 2287
1841 2287
575 1841
79 575
79 2704
2704 3055
2892 3055
2653 2892
2653 2819
2819 4943
4627 4943
4627 4887
4805 4887
1187 4805
1187 2806
1015 2806
1015 1773
1465 1773
1465 2695
1198 2695
1123 1198
1123 2812
156 2812
156 3560
155 3560
155 4593
4339 4593
1086 4339
1086 4600
4600 4673
4000 4673
3098 4000
2067 3098
2067 4548
2736 4548
2736 4726
4726 4883
4670 4883
3892 4670
3892 4313
2440 4313
2440 2869
717 2869
717 1775
1676 1775
1676 2360
2360 3713
183 3713
183 850
850 3047
3047 3267
1973 3267
1973 3258
3258 4413
4413 4563
3902 4563
1002 3902
1002 3299
2168 3299
1610 2168
1610 2911
882 2911
882 3515
3515 3965
2503 3965
2503 4871
4013 4871
4013 4633
48 4633
34 48
34 1763
1500 1763
687 1500
687 4854
2057 4854
2057 2402
2402 4678
2431 4678
1186 2431
676 1186
676 3046
3046 4713
1892 4713
1892 1993
1779 1993
1365 1779
1365 4068
337 4068
337 4815
2277 4815
2277 2354
2354 2435
2435 3123
3123 4634
377 4634
377 1524
1492 1524
1492 4376
974 4376
974 4344
2833 4344
1995 2833
1902 1995
1902 4316
317 4316
317 2823
2823 4717
707 4717
707 1826
1826 4888
3751 4888
3751 4846
443 4846
443 2332
2332 2723
229 2723
229 3146
3146 4169
4169 4794
891 4794
95 891
95 4648
3398 4648
1466 3398
1466 3274
3274 4533
516 4533
516 4545
2577 4545
2577 4418
3282 4418
1317 3282
1272 1317
1272 2382
1292 2382
1292 4114
595 4114
366 595
366 4759
1418 4759
1418 3464
3449 3464
669 3449
669 2862
2862 3903
2019 3903
2019 3225
131 3225
131 3629
1010 3629
1010 1050
282 1050
282 1791
1791 1874
644 1874
644 1488
352 1488
51 352
51 2260
2260 4209
1954 4209
1954 3355
1955 3355
1862 1955
1862 4831
4463 4831
3062 4463
334 3062
334 3285
1178 3285
62 1178
62 3240
3240 4981
2210 4981
2210 3548
125 3548
125 179
179 1406
1406 3151
178 3151
178 4274
1688 4274
1688 3951
2581 3951
703 2581
703 881
881 4282
764 4282
759 764
653 759
344 653
175 344
175 3859
3859 4143
1115 4143
1115 2504
2504 4485
1809 4485
460 1809
460 2622
2622 3674
1437 3674
1254 1437
1254 2369
2369 3735
608 3735
608 4924
3623 4924
3623 4010
2095 4010
2095 2706
2706 4647
3853 4647
431 3853
308 431
308 2225
2225 3033
1201 3033
1201 4333
1980 4333
1065 1980
1065 1119
1119 3790
174 3790
174 3621
3621 4428
2024 4428
2024 2844
2844 3445
3358 3445
3358 3769
3769 3994
2410 3994
2410 3581
658 3581
605 658
605 760
196 760
196 529
529 3724
1662 3724
1662 2554
1821 2554
813 1821
813 3294
1888 3294
1888 3552
11 3552
11 3877
1509 3877
1509 2808
2342 2808
1738 2342
1738 4212
4212 4748
4695 4748
3708 4695
2691 3708
2691 3058
696 3058
696 2496
1935 2496
1935 3808
1140 3808
1140 1502
1502 3620
3219 3620
3219 4390
2115 4390
2115 3511
3220 3511
535 3220
535 2278
1171 2278
931 1171
803 931
615 803
615 1819
987 1819
987 2078
2070 2078
2070 3532
1571 3532
128 1571
128 2127
2127 2625
713 2625
713 3316
3316 3450
874 3450
492 874
492 1428
1428 2104
1005 2104
1005 1720
52 1720
52 4852
3835 4852
2414 3835
2414 3871
403 3871
403 4864
885 4864
173 885
173 3228
1356 3228
1356 2899
2899 4532
854 4532
854 3993
1128 3993
1128 4354
889 4354
889 1581
1581 2893
2411 2893
2411 4577
2022 4577
2022 3048
3048 4736
1161 4736
1161 2580
1644 2580
598 1644
598 1443
913 1443
913 2510
2510 2708
1630 2708
1630 2829
2829 3322
237 3322
237 3899
1599 3899
1599 4996
2555 4996
2555 4074
3823 4074
1157 3823
1157 3607
781 3607
781 2129
2129 3693
2358 3693
2358 3105
3105 3417
1883 3417
1585 1883
1585 2194
583 2194
583 875
158 875
158 1421
1421 2958
2958 3565
3455 3565
3056 3455
371 3056
371 1856
1856 4850
3555 4850
325 3555
325 1501
1501 4666
3338 4666
3338 4664
4032 4664
3770 4032
203 3770
203 4405
68 4405
68 849
26 849
26 3090
2367 3090
680 2367
680 2412
1643 2412
240 1643
240 4550
1351 4550
1351 4033
4033 4486
3646 4486
1309 3646
404 1309
404 2366
2366 4951
2733 4951
330 2733
330 1367
41 1367
41 728
728 2286
2286 4118
4118 4737
4329 4737
2711 4329
2711 3034
1894 3034
1894 2088
2088 2671
2671 3401
3317 3401
3317 4001
3101 4001
842 3101
380 842
380 2640
553 2640
553 2877
2705 2877
2705 3890
1212 3890
1212 3185
223 3185
223 1199
1199 2597
2597 4974
4159 4974
4159 4257
792 4257
792 4289
170 4289
170 497
497 645
645 3244
1923 3244
1923 4101
3427 4101
1302 3427
1302 2141
806 2141
806 1518
1518 3886
3886 4769
3522 4769
3522 4037
1363 4037
1363 2850
135 2850
135 733
733 2112
2112 2375
1891 2375
1891 3469
2896 3469
484 2896
484 1666
1666 3558
1544 3558
1544 2512
2512 3740
451 3740
353 451
353 4665
3354 4665
614 3354
614 4508
1470 4508
1470 4047
4047 4327
2109 4327
1081 2109
63 1081
63 2027
354 2027
354 2529
1527 2529
1527 4284
2599 4284
2599 3095
3095 4952
2669 4952
2669 3679
322 3679
322 4589
4524 4589
845 4524
845 2415
228 2415
228 2191
647 2191
647 730
730 4194
2378 4194
988 2378
988 4536
4498 4536
2511 4498
2511 2624
298 2624
298 4030
1397 4030
1397 2801
1615 2801
1615 3768
3768 4999
642 4999
642 1889
1889 4680
1837 4680
462 1837
462 3000
1392 3000
1392 3353
10 3353
10 3180
1028 3180
1028 2682
349 2682
349 2252
2252 3714
109 3714
109 3005
3005 4531
476 4531
476 3440
428 3440
428 3885
2082 3885
2082 2859
1936 2859
1936 3436
3436 3514
810 3514
810 4255
636 4255
636 4834
3380 4834
2187 3380
2187 2270
719 2270
719 3545
741 3545
741 3814
3814 4157
2085 4157
2085 2273
2273 4610
1288 4610
1288 3500
3500 4106
2592 4106
2592 3429
2525 3429
2525 3050
2713 3050
2713 3408
1567 3408
1567 2340
2340 2813
2813 3688
756 3688
335 756
335 2885
1235 2885
1235 2420
2420 2601
2285 2601
1972 2285
1972 2574
2574 3707
1921 3707
1921 3492
698 3492
199 698
199 3849
3849 4265
673 4265
673 4615
2397 4615
2397 4162
726 4162
726 3027
887 3027
887 1398
1398 1570
1521 1570
1521 2292
2292 3250
1079 3250
1079 1564
1564 2394
2262 2394
734 2262
734 3579
1279 3579
6 1279
6 3227
2737 3227
616 2737
616 4867
2487 4867
522 2487
522 2214
1423 2214
1423 1462
1238 1462
1238 2261
2200 2261
1899 2200
549 1899
549 1343
1343 2579
1341 2579
982 1341
982 2298
2298 2786
1477 2786
1477 3474
3474 4630
3837 4630
511 3837
511 4148
1382 4148
1382 1546
1546 4631
3787 4631
834 3787
834 2688
402 2688
402 3493
2795 3493
1216 2795
1216 4932
4764 4932
604 4764
604 4561
544 4561
544 1689
1689 2565
738 2565
738 2311
2311 3496
1667 3496
426 1667
426 1246
1246 3651
3651 3761
3454 3761
1756 3454
1756 2176
1091 2176
130 1091
130 4204
3926 4204
3926 4447
3368 4447
1270 3368
767 1270
767 4029
1554 4029
1554 3495
1447 3495
1447 2209
2209 3045
1267 3045
1267 4011
1803 4011
1803 3321
3321 3847
2777 3847
2777 3553
113 3553
113 2636
1629 2636
1629 4458
4458 4471
3141 4471
264 3141
264 414
414 1945
1945 3210
3210 3910
3910 4407
1118 4407
262 1118
262 2798
1393 2798
1023 1393
1023 1982
1982 2365
2365 4790
3243 4790
2099 3243
1155 2099
1155 2031
1182 2031
1182 1622
1622 3771
2762 3771
2762 3163
1761 3163
1761 3247
129 3247
129 4460
2335 4460
2335 3633
2909 3633
2909 3326
790 3326
2 790
2 1064
1064 3638
3145 3638
3145 3830
2105 3830
1906 2105
1150 1906
1150 3305
2485 3305
1130 2485
271 1130
271 396
396 3286
3286 4346
571 4346
253 571
253 3664
3207 3664
3085 3207
999 3085
999 4077
622 4077
622 4075
2241 4075
2241 2620
979 2620
979 3084
3084 4898
4382 4898
4382 4927
3661 4927
3661 3781
430 3781
430 1313
1313 3836
177 3836
177 564
564 4055
3418 4055
1056 3418
1056 4676
816 4676
816 2167
2167 4466
2598 4466
2598 2750
1976 2750
1976 4835
838 4835
838 2403
76 2403
76 689
243 689
243 3342
3342 4884
1175 4884
1175 3896
2146 3896
469 2146
469 1692
1692 2957
2957 3783
865 3783
865 2910
2910 3673
3673 4786
3073 4786
3073 4314
3564 4314
525 3564
525 2479
1252 2479
1252 2361
1033 2361
1033 3950
1556 3950
1556 2881
2865 2881
395 2865
395 2572
2032 2572
2032 4637
2996 4637
2788 2996
2213 2788
2213 4816
1455 4816
1455 4622
2626 4622
2021 2626
582 2021
582 3508
2430 3508
2430 2567
2567 4972
1658 4972
1658 3939
3901 3939
2521 3901
2521 4756
1552 4756
1552 2148
2148 4207
918 4207
918 2464
2464 4599
1266 4599
1266 1932
1932 2710
2710 3166
3166 4725
4725 4934
3670 4934
2352 3670
2352 4543
2758 4543
893 2758
893 2370
869 2370
321 869
321 2111
2111 3487
3487 3956
1158 3956
364 1158
364 4540
858 4540
858 2826
2826 3666
2930 3666
97 2930
97 1926
1457 1926
1457 3941
1576 3941
1576 2450
73 2450
73 398
398 3647
3164 3647
3164 3636
3636 3961
934 3961
393 934
393 2559
2458 2559
2458 4070
4070 4991
1532 4991
1532 2761
2761 3928
2120 3928
1323 2120
971 1323
971 3862
1168 3862
1168 4380
3081 4380
2920 3081
2920 3989
2776 3989
1299 2776
1059 1299
1059 3226
3226 4492
4217 4492
2185 4217
388 2185
388 1603
1603 4911
1104 4911
1104 1350
1350 2864
2864 4967
896 4967
473 896
473 3200
2480 3200
2480 3697
169 3697
169 3792
2746 3792
517 2746
517 2197
2197 4443
1478 4443
1478 4115
2288 4115
441 2288
441 2659
1403 2659
1403 2253
65 2253
65 3959
1557 3959
692 1557
692 1366
1366 2576
1169 2576
1169 3796
1759 3796
1574 1759
1574 1762
1762 2392
2392 3990
3990 4377
2547 4377
1637 2547
1637 3471
2201 3471
2201 3485
3116 3485
3116 4642
877 4642
877 4039
515 4039
515 4762
4018 4762
4018 4349
120 4349
120 3541
1491 3541
1491 4165
3866 4165
3437 3866
558 3437
144 558
144 2280
1719 2280
1719 2122
2122 3744
814 3744
814 3155
3006 3155
2026 3006
1264 2026
766 1264
304 766
304 550
550 1200
1200 4387
1537 4387
1537 2306
640 2306
640 1752
1752 2729
2274 2729
2274 2907
1485 2907
1485 4838
2564 4838
742 2564
206 742
206 646
646 4158
1580 4158
1580 3915
1744 3915
1744 2220
2220 4731
3987 4731
629 3987
629 4424
2816 4424
2816 3483
2934 3483
2934 4303
3824 4303
3824 4963
3812 4963
3732 3812
3732 3752
248 3752
248 3385
3385 3716
1563 3716
154 1563
154 932
932 3028
2279 3028
2279 3827
567 3827
567 740
740 4398
2307 4398
2307 4475
4475 4829
1080 4829
1080 3530
3239 3530
3239 3948
3340 3948
427 3340
427 2083
2083 4820
4131 4820
1458 4131
1458 2807
1116 2807
1116 3111
664 3111
664 4783
470 4783
152 470
152 1054
1022 1054
1022 1145
701 1145
701 3520
2532 3520
1285 2532
1285 4396
4396 4715
4296 4715
1681 4296
1681 4141
2116 4141
2116 2578
1031 2578
1031 1417
1417 4623
2687 4623
1884 2687
1884 2110
2110 3942
3942 4558
4250 4558
4250 4987
3962 4987
3962 4144
4144 4491
4491 4621
3431 4621
2493 3431
2493 3922
2416 3922
297 2416
297 4682
2686 4682
1263 2686
1232 1263
1232 2003
2003 2830
2453 2830
2453 4355
328 4355
328 2873
2873 4591
272 4591
272 3644
2955 3644
2955 3615
699 3615
278 699
278 4410
44 4410
44 474
474 542
542 4028
1058 4028
1058 2374
2374 3610
3610 3703
3415 3703
2936 3415
2936 3477
182 3477
182 1262
912 1262
912 3400
2615 3400
1166 2615
1166 4640
2922 4640
2790 2922
2448 2790
920 2448
920 4706
114 4706
114 1063
1063 4439
3858 4439
1846 3858
437 1846
437 1082
638 1082
638 2013
2013 4095
423 4095
423 1849
1849 1876
1876 3779
2175 3779
952 2175
952 2014
902 2014
902 1370
54 1370
54 1094
1094 2391
2391 4154
2846 4154
165 2846
165 4116
4116 4350
1523 4350
633 1523
633 2251
2251 3667
3667 4511
4015 4511
2508 4015
2359 2508
2359 4847
2090 4847
2090 3593
736 3593
736 1806
1806 3709
506 3709
506 1540
1540 4481
2764 4481
213 2764
213 3897
2919 3897
2773 2919
547 2773
547 4528
802 4528
802 1729
1729 4718
2993 4718
2993 4125
442 4125
70 442
70 1233
526 1233
27 526
27 4364
3107 4364
3107 3304
3304 3356
2628 3356
1013 2628
1013 3174
3174 3246
3246 4851
911 4851
897 911
876 897
876 1399
1399 1422
562 1422
562 1853
1853 3810
631 3810
631 2774
2774 4247
3108 4247
1298 3108
1298 2495
1975 2495
892 1975
458 892
458 2731
2731 3280
2066 3280
1962 2066
1962 3720
2978 3720
2978 3742
3742 4436
3984 4436
3984 4440
639 4440
639 4379
1860 4379
1860 3976
2904 3976
2904 4653
712 4653
712 1040
1040 1354
1236 1354
1236 1315
1315 4973
3845 4973
839 3845
839 3064
983 3064
954 983
954 1983
1983 4613
2295 4613
1768 2295
1768 4587
2552 4587
1454 2552
1454 4259
2092 4259
2069 2092
2069 3264
222 3264
222 2915
538 2915
538 2709
823 2709
435 823
435 1654
279 1654
279 3008
1379 3008
1379 3430
47 3430
47 2810
1606 2810
1606 1767
621 1767
621 2866
2522 2866
2522 3924
3924 4938
1 4938
1 2336
2336 4352
91 4352
91 4824
1460 4824
1460 1712
1712 2566
2566 2783
2143 2783
2143 3999
2654 3999
356 2654
356 3819
2876 3819
763 2876
763 2961
391 2961
391 716
716 4451
168 4451
168 2698
1489 2698
301 1489
241 301
101 241
101 3736
2238 3736
528 2238
528 4944
4608 4944
811 4608
811 3529
2054 3529
1039 2054
1039 2679
2679 3136
1060 3136
596 1060
596 1247
1247 2061
2061 2815
1494 2815
1494 2020
1947 2020
611 1947
611 3811
1061 3811
1061 2103
2103 2997
1209 2997
1209 1467
1467 4960
1912 4960
1678 1912
1678 3802
3802 4876
3018 4876
3018 4922
1835 4922
1835 4920
1497 4920
1497 3645
3080 3645
3080 3349
3349 4384
1602 4384
1602 2312
2312 2509
702 2509
702 3889
2887 3889
1014 2887
1014 1512
1512 3086
3086 3271
3271 3949
1742 3949
1742 2655
2655 4510
227 4510
227 4679
2150 4679
2150 2449
2449 3491
3327 3491
3327 4271
2079 4271
2079 4094
1208 4094
1208 3363
3363 4414
3630 4414
3630 4426
226 4426
226 937
937 4918
4292 4918
4292 4807
2741 4807
2553 2741
2553 3348
507 3348
507 1103
1103 2974
1189 2974
1153 1189
1153 1705
1705 3608
3241 3608
1048 3241
1048 3256
3256 3937
3763 3937
3343 3763
3343 3488
3488 3611
3611 3863
2980 3863
1642 2980
657 1642
657 1520
922 1520
922 4954
946 4954
946 4072
3677 4072
3677 3904
2589 3904
1875 2589
1755 1875
1568 1755
1568 1931
293 1931
293 3446
3332 3446
3332 4368
4368 4489
2383 4489
49 2383
49 3973
2715 3973
1077 2715
1077 4180
2136 4180
1416 2136
1416 2556
2556 4161
1146 4161
1146 4359
2652 4359
1865 2652
111 1865
111 1534
1534 2189
2189 2491
172 2491
172 4230
4230 4795
3680 4795
2765 3680
2765 4958
4632 4958
2267 4632
2267 4560
3968 4560
2591 3968
2591 4953
381 4953
381 3306
2331 3306
2331 2467
2467 4338
513 4338
513 1074
1074 4860
4860 4980
4415 4980
4415 4856
153 4856
153 2732
2732 3362
3362 4219
3880 4219
3775 3880
3775 4056
4056 4700
694 4700
491 694
491 2681
2180 2681
2180 3800
103 3800
103 3594
841 3594
841 4268
2782 4268
2782 4334
2119 4334
2119 4707
3955 4707
1797 3955
1795 1797
774 1795
774 2149
20 2149
20 4112
4112 4270
4270 4286
2623 4286
1822 2623
1702 1822
415 1702
415 4490
4490 4612
2011 4612
2011 2454
455 2454
455 4298
3656 4298
1727 3656
1727 3839
3839 4686
997 4686
714 997
714 3943
3943 4997
2236 4997
2097 2236
2097 4882
3676 4882
3404 3676
3404 3580
958 3580
958 3351
1857 3351
1857 4983
2096 4983
2096 3037
3037 4401
4401 4993
4808 4993
2650 4808
15 2650
15 1783
933 1783
933 2364
2364 4409
1745 4409
1745 4278
3167 4278
2558 3167
425 2558
425 1319
1319 1519
1519 1753
1753 2476
2476 3396
219 3396
219 1698
1698 4568
2107 4568
2107 2712
2668 2712
853 2668
853 2456
2456 3423
770 3423
770 4733
3806 4733
3134 3806
244 3134
244 3798
3798 4358
2064 4358
945 2064
945 2629
1202 2629
122 1202
122 4889
2059 4889
2059 3639
3639 4356
4356 4709
3359 4709
2738 3359
821 2738
613 821
613 3475
1971 3475
1971 2632
2632 4690
1433 4690
211 1433
211 2076
2076 3140
2330 3140
1480 2330
1402 1480
1402 3203
3203 4574
4218 4574
3178 4218
3178 4821
1861 4821
1861 2381
1253 2381
928 1253
928 2007
1371 2007
157 1371
157 3410
3410 4192
2372 4192
2372 4312
3599 4312
909 3599
909 4126
1984 4126
1984 4501
1999 4501
1999 3657
1794 3657
348 1794
348 2008
299 2008
299 4176
1588 4176
1588 2584
2584 4058
4058 4826
1072 4826
1072 1147
1147 4779
3476 4779
2102 3476
2102 3313
3313 4479
3350 4479
3350 3425
3425 4959
2242 4959
1241 2242
98 1241
98 3070
306 3070
306 3801
3801 4136
1998 4136
1998 4553
1226 4553
311 1226
311 524
269 524
269 3463
1813 3463
1813 4535
4328 4535
2483 4328
2483 3278
3278 4804
747 4804
747 3161
2520 3161
2520 4304
1634 4304
1634 4025
3143 4025
3143 4493
4493 4507
242 4507
242 4315
4315 4620
1329 4620
285 1329
285 1361
626 1361
626 3683
3232 3683
1487 3232
1487 1801
1801 3727
1401 3727
1401 1847
1847 2609
1974 2609
1337 1974
1337 1621
341 1621
341 1877
1877 3233
71 3233
71 1495
1495 2847
2847 4171
2702 4171
410 2702
410 4322
202 4322
202 4267
3523 4267
3523 4527
1620 4527
1611 1620
1611 2545
2545 2931
2931 3125
3125 4242
1496 4242
1496 2594
2594 3383
2433 3383
1135 2433
1135 2138
2138 2451
2451 3733
1055 3733
1055 4330
2333 4330
483 2333
483 2472
2472 4287
4287 4335
1210 4335
1210 2530
2232 2530
1114 2232
1114 3582
3074 3582
1471 3074
1471 2193
2193 4472
4249 4472
386 4249
67 386
67 4802
3728 4802
1045 3728
574 1045
574 3124
2060 3124
267 2060
267 4949
7 4949
7 3895
2935 3895
2935 3536
1391 3536
1391 4060
3457 4060
3100 3457
3100 4775
4669 4775
3333 4669
146 3333
146 361
361 3301
3301 4521
2878 4521
976 2878
976 4326
2748 4326
2748 2994
709 2994
201 709
201 820
820 2461
1110 2461
1110 4057
2421 4057
2257 2421
2257 2386
2045 2386
2045 4004
3632 4004
57 3632
57 3259
3259 4925
1624 4925
1624 2017
2017 3997
1958 3997
1958 3616
832 3616
832 3035
3035 3743
2001 3743
2001 3096
94 3096
94 4994
3516 4994
972 3516
607 972
607 984
984 4188
2455 4188
2455 4221
2990 4221
1482 2990
1482 3944
3248 3944
798 3248
798 3659
3365 3659
251 3365
251 2186
2186 2734
554 2734
554 3841
1195 3841
1195 1273
1273 2985
374 2985
374 3758
378 3758
378 503
503 2501
2501 3249
2837 3249
2569 2837
2569 4477
2047 4477
2047 3925
3925 4908
3684 4908
1710 3684
1710 4093
4093 4948
4761 4948
3700 4761
3700 3754
499 3754
499 1589
1429 1589
1340 1429
102 1340
102 4046
1230 4046
1088 1230
1088 2231
2231 4677
1107 4677
132 1107
132 2427
2427 2933
274 2933
274 2728
2728 2821
288 2821
288 3499
610 3499
610 3587
2944 3587
2944 3352
3352 4445
3428 4445
3138 3428
3138 3302
2052 3302
2009 2052
2009 2271
2030 2271
35 2030
35 3875
3875 4290
3559 4290
1012 3559
1012 2040
1090 2040
1090 1619
1619 2747
1895 2747
1895 3978
3762 3978
3762 4193
1441 4193
584 1441
584 2950
2950 4646
419 4646
419 1776
1776 3685
3328 3685
1136 3328
1136 4539
3119 4539
1939 3119
1939 2600
2600 4173
275 4173
275 3998
2134 3998
2134 2275
563 2275
563 4830
619 4830
619 3963
1381 3963
1381 3315
1274 3315
1274 2445
1981 2445
1981 4696
3016 4696
343 3016
343 4459
449 4459
449 950
950 4264
878 4264
878 2465
413 2465
413 4054
452 4054
318 452
318 1237
1237 1713
1713 3574
3462 3574
3462 3908
2356 3908
2356 4892
2693 4892
1561 2693
1561 4728
1324 4728
1324 2246
569 2246
569 957
884 957
134 884
134 908
389 908
389 1645
1645 1646
833 1646
833 4609
4609 4904
509 4904
509 4912
2752 4912
2055 2752
2055 3336
3336 4926
2544 4926
668 2544
668 3957
617 3957
617 4801
4266 4801
3649 4266
3465 3649
888 3465
888 2842
2842 4694
1223 4694
1223 3833
3833 4042
757 4042
757 1804
1804 3297
1626 3297
1626 4244
2714 4244
904 2714
418 904
418 1604
1604 3671
3671 4069
1073 4069
1073 4103
2323 4103
2323 3150
1994 3150
1346 1994
96 1346
96 453
453 4061
2614 4061
1808 2614
1808 3218
1558 3218
208 1558
208 2184
2184 2621
2621 4235
4235 4248
2633 4248
536 2633
536 4406
981 4406
981 2426
2426 4749
3024 4749
3024 3759
2028 3759
2028 2349
1649 2349
1649 3678
2328 3678
2074 2328
2074 4251
1389 4251
1385 1389
1385 4470
1483 4470
1483 4859
2140 4859
118 2140
87 118
87 4023
3627 4023
3042 3627
1799 3042
1799 2845
2845 3710
3710 4905
4512 4905
3416 4512
2519 3416
2519 3745
871 3745
871 4444
2025 4444
245 2025
245 3290
3290 4044
3422 4044
2658 3422
2658 4195
1034 4195
1034 3640
1623 3640
581 1623
581 3601
3601 4810
1229 4810
1229 3900
3209 3900
1240 3209
1240 2077
2068 2077
19 2068
19 60
60 788
466 788
466 3804
1872 3804
216 1872
216 368
368 1732
502 1732
502 4644
2542 4644
2161 2542
2161 3421
3318 3421
3318 4381
90 4381
90 127
127 3004
481 3004
481 735
735 3153
1528 3153
1528 2779
2690 2779
969 2690
969 3542
2153 3542
2153 2541
2541 4389
4389 4645
4645 4655
948 4655
406 948
406 1409
1409 3292
754 3292
754 1885
1885 2258
2258 3723
2943 3723
2943 4224
434 4224
434 2321
2321 2956
2956 3584
1769 3584
1769 4423
2484 4423
2484 2536
2536 4942
1134 4942
828 1134
828 2159
2159 2797
370 2797
370 750
750 4581
4454 4581
4137 4454
1172 4137
1172 1793
795 1793
795 1291
1291 2444
2444 3192
332 3192
332 831
831 1924
292 1924
292 665
665 1864
710 1864
710 4128
3791 4128
3739 3791
3739 4160
1918 4160
1918 3367
3367 4950
312 4950
312 518
284 518
284 1699
1316 1699
1316 4525
1908 4525
1908 2537
2537 3439
3039 3439
286 3039
286 2965
2965 3906
3175 3906
3175 4917
1408 4917
1408 4564
2319 4564
2319 2502
1916 2502
919 1916
919 3224
376 3224
376 4601
2409 4601
1286 2409
74 1286
74 1164
508 1164
508 4216
980 4216
980 2438
2438 4777
3334 4777
1451 3334
1451 1464
1464 1944
1944 1965
1965 2612
785 2612
785 2498
2498 4361
495 4361
495 3344
234 3344
234 2086
2086 4099
3882 4099
1355 3882
1322 1355
1322 4223
3133 4223
3133 3964
3964 4652
2539 4652
1871 2539
184 1871
184 2376
2376 2720
2720 4340
3222 4340
1384 3222
1384 3934
2160 3934
195 2160
195 4236
961 4236
907 961
907 3308
16 3308
16 1925
1925 3760
1093 3760
600 1093
600 3619
3497 3619
1582 3497
1582 2507
1578 2507
1578 3173
1728 3173
1207 1728
1207 3135
3135 4857
2460 4857
2460 4246
2858 4246
1812 2858
387 1812
387 2820
2820 4310
4310 4828
2380 4828
1586 2380
1586 4827
4827 4915
3061 4915
3061 3865
3467 3865
3467 4668
1301 4668
1301 3131
2832 3131
2452 2832
2452 4865
720 4865
720 1725
1718 1725
1718 2174
870 2174
870 3958
512 3958
512 1749
560 1749
560 1035
1035 2106
527 2106
527 2123
2123 3665
1555 3665
965 1555
965 4288
1152 4288
1152 4291
1027 4291
1027 3572
1618 3572
552 1618
69 552
37 69
37 2265
1612 2265
1612 3122
2244 3122
2117 2244
1344 2117
1344 1952
1952 4789
2856 4789
2856 3129
3129 3774
2178 3774
2178 2339
847 2339
847 4840
2497 4840
2310 2497
1320 2310
666 1320
666 4425
3051 4425
3051 3785
2759 3785
2759 3057
1695 3057
700 1695
139 700
139 3097
3097 4585
3254 4585
1549 3254
780 1549
363 780
363 4778
2561 4778
110 2561
110 1296
1296 3169
3169 3764
1987 3764
1148 1987
1148 4275
1117 4275
1117 4745
3561 4745
50 3561
50 1083
1083 3551
3551 4066
4066 4586
3460 4586
1380 3460
1380 4916
268 4916
268 939
939 4853
1608 4853
300 1608
300 4663
3755 4663
3755 4156
880 4156
880 3544
2351 3544
2351 2685
2685 4147
4147 4496
603 4496
603 1915
1915 4817
3181 4817
3181 3444
305 3444
305 4674
465 4674
465 2946
2946 4035
2091 4035
2091 2627
2627 2641
2468 2641
1940 2468
231 1940
231 2300
238 2300
238 3535
3535 3625
706 3625
706 3592
3592 4240
625 4240
625 2675
2675 4933
2646 4933
463 2646
463 1760
1760 1919
1737 1919
1737 2362
2362 2872
1124 2872
1124 2348
2173 2348
548 2173
548 4203
801 4203
801 985
985 3330
1244 3330
281 1244
281 2341
2341 3635
3635 4969
1647 4969
1378 1647
1378 2630
2630 2854
2677 2854
2401 2677
731 2401
731 2941
225 2941
225 3669
1360 3669
678 1360
678 3023
3023 3911
3911 4654
2617 4654
2617 4699
1249 4699
1249 1449
859 1449
859 1004
1004 4371
1823 4371
1529 1823
671 1529
198 671
84 198
84 3001
3001 4096
4096 4273
4273 4517
372 4517
13 372
13 2619
141 2619
141 2442
2442 2756
2756 3517
3517 4636
4100 4636
3952 4100
1506 3952
1506 4012
1910 4012
1096 1910
1096 4625
3106 4625
1473 3106
422 1473
422 1833
1833 3789
586 3789
586 2769
1807 2769
1807 3556
3270 3556
2314 3270
2314 3229
500 3229
235 500
92 235
92 1334
289 1334
289 3393
2901 3393
2901 3726
3726 3913
166 3913
166 1694
1694 1757
1757 4720
1036 4720
1036 4464
1277 4464
1277 4891
2488 4891
2488 3834
25 3834
25 3407
2264 3407
1151 2264
1151 1677
478 1677
457 478
457 793
793 4551
2657 4551
2657 3861
1690 3861
1463 1690
1463 2804
2804 4343
1933 4343
681 1933
681 4299
3303 4299
1747 3303
1747 3648
3312 3648
2158 3312
2158 4175
277 4175
277 4120
649 4120
649 1990
1990 2195
397 2195
61 397
61 4557
4360 4557
4205 4360
1538 4205
1538 3996
1243 3996
1053 1243
1053 4704
1043 4704
1043 4404
3448 4404
2726 3448
1197 2726
327 1197
327 1310
1310 3208
3208 4611
4526 4611
3923 4526
2434 3923
2434 2775
2775 3202
2618 3202
1019 2618
791 1019
791 4402
162 4402
162 1149
1149 2034
643 2034
643 2689
679 2689
679 2142
2142 3198
769 3198
769 4302
1225 4302
1225 4253
1531 4253
1531 1656
1656 4776
4776 4822
4822 4929
4616 4929
4105 4616
4105 4881
1904 4881
1904 3011
2760 3011
543 2760
543 2970
2171 2970
2171 3072
3072 4111
4111 4325
1089 4325
200 1089
200 2586
320 2586
320 338
338 4909
599 4909
599 4681
1196 4681
1196 3426
2912 3426
112 2912
112 3848
1798 3848
159 1798
159 4067
3506 4067
2154 3506
962 2154
782 962
782 4385
4385 4956
2012 4956
901 2012
901 2505
2505 4703
2329 4703
772 2329
772 3276
804 3276
804 2514
480 2514
480 2590
2548 2590
2548 3266
2334 3266
1785 2334
1627 1785
1627 1714
1714 2033
2033 2073
2073 2459
2459 4739
3712 4739
2891 3712
2891 3434
3434 4321
4321 4861
4595 4861
1771 4595
1636 1771
1636 3596
3596 3920
3920 4045
1122 4045
319 1122
319 1318
784 1318
784 2203
2203 3867
3867 3953
1648 3953
1648 2884
2884 4397
2902 4397
2573 2902
555 2573
555 1120
1120 1181
602 1181
602 3041
835 3041
835 3059
22 3059
22 890
890 4819
620 4819
620 964
964 4986
873 4986
873 3230
3230 3295
1498 3295
1400 1498
1173 1400
1173 1513
1513 2157
1869 2157
1869 1957
1957 2050
955 2050
955 1951
1951 4955
1991 4955
1796 1991
1796 4110
313 4110
313 4809
1493 4809
1141 1493
355 1141
355 3757
2835 3757
2835 4544
2245 4544
1307 2245
1307 3391
3391 4957
2181 4957
1575 2181
1239 1575
1239 4437
836 4437
836 1075
753 1075
753 4258
3279 4258
2605 3279
2605 4214
3930 4214
3930 4121
4121 4724
4724 4965
1219 4965
551 1219
551 2717
2717 3112
3112 4064
2840 4064
2840 3132
2299 3132
1294 2299
1294 4117
2457 4117
310 2457
310 2474
2406 2474
1051 2406
1051 1217
1217 1854
789 1854
789 3575
2684 3575
2684 3586
115 3586
115 3235
762 3235
762 3157
2730 3157
2587 2730
2587 3237
1490 3237
1490 3828
2128 3828
537 2128
537 4880
978 4880
978 1095
1095 1269
1269 3818
2436 3818
2436 4063
899 4063
899 4515
4026 4515
2882 4026
724 2882
724 2551
2551 3641
2799 3641
748 2799
748 4090
1331 4090
1331 2283
2283 2635
2635 4813
1946 4813
347 1946
347 1685
1685 3389
1387 3389
1387 2506
523 2506
523 1087
1087 4465
3850 4465
3850 4890
4225 4890
1863 4225
1777 1863
1057 1777
1057 1911
1911 3652
3652 3946
3654 3946
2041 3654
1097 2041
1018 1097
1018 1682
1682 4473
1772 4473
1772 1778
540 1778
540 3844
3844 3979
3782 3979
392 3782
392 4034
2860 4034
2486 2860
106 2486
106 4300
1711 4300
1711 1901
1901 2608
2608 4206
2903 4206
2903 3718
43 3718
43 4043
3869 4043
3869 4705
3268 4705
3268 3855
3479 3855
1855 3479
1855 4910
3441 4910
3441 4684
3916 4684
1133 3916
1133 4602
4602 4689
4369 4689
601 4369
601 799
799 3093
369 3093
369 2998
1335 2998
263 1335
263 534
534 4977
3696 4977
3162 3696
14 3162
14 2725
2725 2952
2952 4107
1774 4107
1774 4370
3799 4370
3799 3846
3846 4280
4178 4280
3695 4178
3695 3851
276 3851
276 4721
3960 4721
3960 4295
4163 4295
2172 4163
2172 3296
3296 4462
23 4462
23 4020
886 4020
886 3825
573 3825
573 1788
1788 3435
3092 3435
3092 3481
2098 3481
24 2098
24 2121
2121 2940
1731 2940
1731 3681
3438 3681
1459 3438
1459 3929
1113 3929
1113 3265
1967 3265
1967 4124
942 4124
942 3466
3466 3935
3935 4812
1683 4812
1683 3115
2015 3115
88 2015
88 4146
1890 4146
1890 4079
4079 4592
4342 4592
3702 4342
906 3702
906 3711
2044 3711
2044 4970
326 4970
119 326
119 4923
4190 4923
1287 4190
1287 4372
4372 4757
4191 4757
580 4191
31 580
31 3384
3242 3384
577 3242
577 4902
4588 4902
1434 4588
1434 2692
1314 2692
1314 1348
1348 2062
2062 4639
108 4639
108 3662
3329 3662
3329 4185
3822 4185
1300 3822
1300 3881
3626 3881
2390 3626
2204 2390
1159 2204
996 1159
996 1828
1828 4438
3424 4438
3424 4200
3148 4200
3148 3236
3117 3236
3117 4365
3063 4365
2324 3063
1641 2324
1641 4988
4085 4988
1596 4085
1596 1956
1956 3803
3255 3803
1333 3255
1333 2363
1183 2363
1183 2700
2700 3199
1665 3199
475 1665
475 4836
3411 4836
3411 4261
4261 4978
4311 4978
1893 4311
1893 2437
2049 2437
2049 2188
590 2188
590 2237
2237 4919
3030 4919
1848 3030
1848 3052
2463 3052
778 2463
778 1275
1275 4400
2228 4400
2228 2607
2607 2724
1525 2724
1525 1844
1844 3461
3461 4478
2781 4478
1650 2781
1650 4457
4457 4787
866 4787
866 2770
755 2770
755 1436
1139 1436
1139 2247
2247 4104
2282 4104
2282 3780
2793 3780
2793 4021
864 4021
864 4132
3525 4132
2422 3525
2422 3077
3077 4858
1542 4858
316 1542
121 316
121 4770
2593 4770
2593 2831
1430 2831
1430 4053
3816 4053
3816 4456
4456 4697
722 4697
722 2432
2432 4122
1111 4122
1111 2042
1583 2042
1041 1583
1041 3347
3347 4534
1617 4534
1069 1617
190 1069
190 4260
3622 4260
3505 3622
3505 4945
2949 4945
1723 2949
1717 1723
439 1717
439 1184
1184 2212
2212 2817
2817 4427
4210 4427
2407 4210
2407 4877
915 4877
661 915
661 1260
1260 3557
2740 3557
2740 4500
519 4500
519 2670
2670 2948
2948 3372
3149 3372
3149 4605
4605 4930
2345 4930
991 2345
991 1986
1986 2183
2183 3494
3494 4071
826 4071
826 923
923 2870
2870 2942
2942 3747
1444 3747
1444 4087
85 4087
85 2868
2557 2868
2557 4331
365 4331
365 2827
837 2827
837 3613
973 3613
973 2667
2667 3291
314 3291
314 725
55 725
55 1138
1138 1977
1715 1977
1715 3971
2649 3971
2649 4277
4277 4765
2610 4765
2610 2696
2696 4578
3876 4578
1996 3876
1663 1996
1663 4416
2393 4416
2393 4606
3403 4606
3403 3794
539 3794
539 1851
471 1851
471 2344
1102 2344
1102 4022
1256 4022
1256 3974
3617 3974
1394 3617
914 1394
250 914
250 315
315 4279
4279 4792
3360 4792
2743 3360
2137 2743
2137 3777
1659 3777
1659 2305
461 2305
461 2043
2043 3310
3310 3704
303 3704
303 2229
1220 2229
1220 4276
2848 4276
852 2848
852 3419
3419 3459
2802 3459
2802 3044
3044 4538
3917 4538
29 3917
29 1410
1410 4667
1368 4667
1368 4301
4301 4719
779 4719
779 1188
1188 1486
1486 2595
2595 3898
3898 4497
1988 4497
1988 4894
3213 4894
295 3213
295 3643
3643 4285
3815 4285
3298 3815
648 3298
648 1160
307 1160
307 2596
1651 2596
1651 1751
1751 4433
844 4433
844 1407
1407 1594
1594 2637
2637 4297
1784 4297
1784 4843
1824 4843
1824 2291
2291 3756
340 3756
340 4734
4734 4903
3936 4903
3795 3936
3590 3795
787 3590
787 2938
2938 3053
1411 3053
1411 2932
385 2932
385 416
416 2346
975 2346
975 2494
2035 2494
2035 3231
1431 3231
167 1431
167 2778
623 2778
623 3022
2749 3022
2749 4823
4062 4823
2513 4062
1265 2513
1265 3534
1655 3534
1655 3406
2322 3406
1770 2322
1770 4019
1632 4019
1271 1632
1271 2308
938 2308
618 938
618 3083
2384 3083
2384 3570
382 3570
382 4594
4594 4931
4243 4931
4243 4688
3705 4688
628 3705
628 4772
800 4772
800 4052
2500 4052
655 2500
655 2694
2694 3309
606 3309
606 2999
1505 2999
1505 3369
3369 3672
1231 3672
417 1231
417 663
663 4995
126 4995
126 1469
1469 1964
1964 3442
2219 3442
2219 2851
1453 2851
1137 1453
1137 1992
1992 4164
1590 4164
1590 2986
1374 2986
1374 1468
1468 1897
1504 1897
1415 1504
1415 4417
4167 4417
4167 4452
2065 4452
187 2065
187 533
533 4199
3156 4199
420 3156
420 637
637 3076
1886 3076
1205 1886
1205 3319
1276 3319
1276 4502
1754 4502
1754 2114
2114 2697
2697 3893
3893 4624
4323 4624
3020 4323
252 3020
252 4272
4272 4740
3577 4740
448 3577
448 1687
1687 2419
2419 4659
4626 4659
4109 4626
2824 4109
2824 4432
3868 4432
1503 3868
1503 2718
273 2718
161 273
161 4201
3721 4201
682 3721
682 1017
1017 3287
597 3287
597 2981
1938 2981
1098 1938
1098 1129
1129 1206
1206 2871
2767 2871
1261 2767
1261 4651
3214 4651
883 3214
883 3221
1820 3221
514 1820
514 634
634 968
968 1706
1427 1706
1427 2971
959 2971
257 959
257 4743
4569 4743
2443 4569
2206 2443
2206 2939
189 2939
189 2857
1686 2857
1686 2207
684 2207
150 684
150 188
188 4065
2735 4065
2152 2735
2152 4186
2883 4186
1592 2883
75 1592
75 1030
1030 1633
1068 1633
1068 3300
783 3300
746 783
746 2897
2897 4583
2523 4583
2523 4552
4181 4552
1162 4181
1162 1735
1735 1845
265 1845
265 862
862 3029
704 3029
704 3954
2976 3954
1369 2976
1369 3038
2226 3038
2226 4229
3692 4229
3585 3692
3007 3585
2703 3007
2703 4119
3498 4119
2602 3498
2240 2602
207 2240
207 1280
1280 3554
566 3554
566 2408
2408 3341
309 3341
309 2036
2036 3379
1730 3379
1730 3933
1420 3933
454 1420
454 3628
3533 3628
1597 3533
1597 3473
2780 3473
2780 3624
3624 3738
3729 3738
565 3729
565 815
815 4003
3447 4003
1842 3447
1842 4347
819 4347
819 1989
861 1989
861 3966
1336 3966
3 1336
3 1566
1566 3049
1290 3049
1290 3945
2010 3945
1829 2010
151 1829
151 860
860 3320
3320 4152
4152 4573
4419 4573
2218 4419
1584 2218
1584 2875
2875 4394
3170 4394
3170 4434
4434 4566
1701 4566
1701 3223
2290 3223
1024 2290
192 1024
192 4971
1042 4971
1042 1724
1724 2389
2389 4016
1780 4016
1347 1780
1347 2533
2533 4308
685 4308
685 3121
138 3121
138 2477
761 2477
761 4580
3860 4580
2239 3860
2239 3967
1016 3967
1016 3793
3793 4842
1448 4842
1448 2046
1553 2046
1553 2603
925 2603
925 4584
1349 4584
995 1349
995 1569
1569 3179
3179 4771
4771 4825
4825 4989
4529 4989
1167 4529
1167 4839
1461 4839
1461 1559
1559 1811
765 1811
765 4662
2125 4662
2087 2125
2087 4038
4038 4183
3912 4183
3778 3912
3251 3778
3251 3512
2604 3512
2604 4947
4140 4947
4140 4522
1353 4522
1353 3054
1579 3054
1032 1579
390 1032
390 4811
1631 4811
1631 2784
2784 4750
2757 4750
572 2757
572 1405
1405 2550
488 2550
488 3217
296 3217
221 296
221 2755
1680 2755
145 1680
145 4710
2918 4710
2918 3120
3120 3262
3262 3637
3637 4420
3413 4420
1758 3413
1203 1758
541 1203
541 3099
900 3099
900 4378
910 4378
910 3010
545 3010
212 545
212 1029
1029 1741
1413 1741
1413 3260
2315 3260
1514 2315
1514 3524
2423 3524
2423 4598
3734 4598
1716 3734
1716 3366
3366 4537
4488 4537
350 4488
350 917
917 3147
3021 3147
2524 3021
2524 4468
3852 4468
3518 3852
589 3518
589 2179
674 2179
674 3879
2809 3879
2809 4306
4005 4306
1251 4005
994 1251
994 4939
3817 4939
1562 3817
83 1562
83 1052
1052 2861
2861 4849
817 4849
346 817
346 2037
254 2037
254 4964
4513 4964
4363 4513
1499 4363
1499 3390
2368 3390
2368 3663
2606 3663
1805 2606
1805 2400
905 2400
905 1191
1191 3927
193 3927
193 2588
1625 2588
1625 2379
1674 2379
1476 1674
1476 3480
3480 4017
825 4017
825 3765
1573 3765
1376 1573
1376 1789
1789 4123
1390 4123
1390 4174
2388 4174
1593 2388
1593 2863
960 2863
960 4841
1739 4841
1739 3486
2973 3486
2805 2973
2805 3540
2259 3540
520 2259
520 840
840 1733
1733 3919
2227 3919
2227 2983
612 2983
612 2377
2377 3206
3206 4555
2004 4555
2004 2217
2217 4450
36 4450
36 3373
808 3373
808 936
936 3078
2151 3078
401 2151
401 3977
1438 3977
1143 1438
1143 1342
1342 3578
3578 4318
472 4318
472 3550
2256 3550
383 2256
383 2841
2841 4383
3277 4383
1357 3277
1066 1357
1066 3784
578 3784
578 1953
1953 4520
989 4520
421 989
421 2664
1321 2664
1321 1388
1388 4619
493 4619
493 1867
805 1867
805 1661
1204 1661
1204 4108
2908 4108
2216 2908
2216 3025
2906 3025
2792 2906
1640 2792
1640 4088
2995 4088
2656 2995
2517 2656
2517 4345
4345 4687
1605 4687
1605 1815
1815 4893
1190 4893
1190 4712
2921 4712
2921 3776
3776 4198
2313 4198
2313 4896
4649 4896
3932 4649
3698 3932
3698 4638
4638 4875
3598 4875
136 3598
136 3807
40 3807
40 3452
3204 3452
3204 3689
2834 3689
2478 2834
1026 2478
1026 2113
2113 4941
230 4941
230 2399
2399 4226
2304 4226
2304 3614
3614 4869
4604 4869
82 4604
82 3193
2318 3193
2318 4031
2063 4031
2063 3655
2923 3655
2672 2923
570 2672
570 4422
4422 4727
1765 4727
1765 3409
2745 3409
2745 3212
3212 4796
3650 4796
3539 3650
3539 4565
3071 4565
546 3071
546 4009
4009 4985
4530 4985
490 4530
490 2772
2772 4097
4097 4579
4579 4763
1007 4763
1007 4220
3375 4220
929 3375
929 4196
4196 4774
749 4774
53 749
53 1898
1898 4232
1810 4232
1810 2785
2785 4744
3284 4744
2928 3284
2243 2928
180 2243
180 1920
1920 4837
1218 4837
796 1218
796 4879
1312 4879
1312 3335
2165 3335
2165 3104
3104 4375
3843 4375
672 3843
672 3873
818 3873
818 1474
1474 4766
247 4766
247 641
641 4357
559 4357
559 1834
1834 2979
1684 2979
1684 3043
46 3043
46 3144
3144 3456
3456 4895
107 4895
107 4269
4269 4979
1881 4979
1881 3370
3370 4907
2192 4907
1969 2192
1969 2568
2182 2568
2182 4320
721 4320
375 721
375 2977
261 2977
261 2215
1882 2215
1882 3566
32 3566
32 4672
1691 4672
1673 1691
1673 3165
3165 4319
4319 4832
2951 4832
2951 4886
4788 4886
3376 4788
433 3376
433 3772
3189 3772
2968 3189
2177 2968
2177 3981
1616 3981
1616 4519
2309 4519
1284 2309
1284 2651
711 2651
711 4399
2071 4399
2071 2526
2526 3682
1782 3682
1782 3618
2089 3618
2089 4332
4332 4461
4324 4461
2462 4324
2417 2462
2294 2417
1668 2294
1472 1668
1472 3907
2665 3907
1522 2665
705 1522
705 4946
3468 4946
3468 4150
2164 4150
287 2164
287 2644
947 2644
947 1941
1941 2673
1572 2673
1305 1572
1305 4155
1913 4155
1913 3069
1432 3069
1432 2701
2680 2701
2680 2988
2988 4671
459 4671
459 4391
1475 4391
1475 2889
2475 2889
1704 2475
294 1704
294 4570
3940 4570
2787 3940
2787 4702
485 4702
485 2428
1766 2428
1766 4421
2880 4421
856 2880
856 2395
2133 2395
255 2133
205 255
205 4081
4081 4179
2570 4179
2570 2663
2663 2683
117 2683
117 405
405 3364
450 3364
450 2945
829 2945
829 4135
1664 4135
1664 3060
2768 3060
1963 2768
1963 4791
3982 4791
3211 3982
3211 4844
1425 4844
1425 1968
594 1968
594 2836
1997 2836
1997 4641
4305 4641
3547 4305
1832 3547
1832 3609
498 3609
498 1144
220 1144
42 220
42 2676
2676 3788
3788 4873
943 4873
943 4773
1547 4773
1547 2039
360 2039
17 360
17 3346
758 3346
758 2131
1703 2131
1703 4239
3821 4239
2469 3821
2469 3269
3269 4149
1185 4149
737 1185
737 1786
148 1786
148 894
894 2053
1142 2053
1142 1950
100 1950
100 723
408 723
408 3288
3182 3288
3182 3537
3537 3938
1049 3938
1049 3263
3263 4256
4014 4256
3002 4014
3002 4142
3918 4142
921 3918
739 921
739 1404
1404 1696
1696 4168
1907 4168
1907 3842
2144 3842
2144 3969
868 3969
868 1850
1850 2205
2205 3694
3604 3694
2255 3604
2255 2515
2515 3293
3293 4145
3543 4145
3114 3543
3114 3829
3749 3829
496 3749
496 652
652 1362
1362 3513
3513 4937
827 4937
827 963
963 3188
2425 3188
1900 2425
373 1900
373 4906
1600 4906
1020 1600
1020 2429
2429 3245
1101 3245
99 1101
99 4222
4222 4781
3216 4781
2473 3216
1127 2473
72 1127
72 1214
197 1214
197 1330
1009 1330
1009 2814
2814 4899
993 4899
993 1303
1303 1887
1887 3331
1746 3331
1746 1748
1748 4751
3252 4751
5 3252
5 1905
579 1905
345 579
345 2953
1526 2953
1526 4263
2263 4263
2263 3325
1587 3325
1587 2560
2560 2926
2490 2926
1750 2490
1003 1750
1003 4213
2489 4213
2489 4395
3395 4395
1545 3395
1545 1878
1839 1878
147 1839
147 4596
667 4596
667 2825
2825 4617
1852 4617
1852 1914
1914 3687
1670 3687
1670 3067
3067 4966
1304 4966
1304 2849
951 2849
521 951
521 1764
1764 2398
2297 2398
2297 2660
2005 2660
409 2005
409 1541
1541 4084
1536 4084
1536 3402
3402 4914
561 4914
561 3631
1105 3631
56 1105
56 1125
1125 1456
1456 4494
181 4494
181 407
324 407
324 1693
210 1693
210 2100
2100 4732
2991 4732
977 2991
977 4153
2327 4153
2327 4448
824 4448
824 2662
843 2662
843 3068
970 3068
970 4082
2156 4082
956 2156
956 4984
424 4984
424 1937
688 1937
688 4231
2170 4231
2170 4453
949 4453
949 4780
2387 4780
930 2387
651 930
651 3234
3234 3458
1282 3458
1282 2751
2751 3159
1221 3159
1221 1896
1896 3032
3032 4429
4429 4467
2962 4467
2235 2962
2235 4768
2571 4768
2571 3009
3009 4868
4660 4868
4482 4660
2963 4482
2645 2963
2645 4197
3527 4197
137 3527
137 4080
4080 4607
1442 4607
1268 1442
1268 4281
4281 4716
1332 4716
1332 4576
4412 4576
1025 4412
1025 2543
2543 4098
2268 4098
2268 2867
2867 4202
1306 4202
1306 4913
4760 4913
2166 4760
2166 3838
1352 3838
270 1352
270 4575
3013 4575
171 3013
171 510
510 2124
2124 4722
4509 4722
3980 4509
2719 3980
2719 3706
3521 3706
329 3521
77 329
77 4238
2518 4238
467 2518
467 3831
3831 4008
105 4008
105 1859
1830 1859
1830 3324
3324 4184
4184 4362
33 4362
33 1085
1085 4348
464 4348
464 3832
3337 3832
3091 3337
3091 3323
2716 3323
1577 2716
1577 2707
2707 4228
4228 4597
440 4597
440 1375
1375 1426
1426 1450
1450 2101
2101 2794
160 2794
160 4499
3345 4499
3345 4793
2302 4793
2118 2302
2118 3519
2742 3519
1657 2742
1657 2211
2211 2643
1598 2643
487 1598
487 504
290 504
290 1831
1831 4139
4139 4480
3127 4480
194 3127
194 447
447 3884
3884 4730
2613 4730
2613 3874
1533 3874
872 1533
872 1635
807 1635
807 1062
342 1062
342 4241
2960 4241
2960 3088
3088 3130
1669 3130
1669 2535
693 2535
693 2208
2208 2966
2966 3253
3253 4048
4048 4863
3137 4863
3137 3142
2269 3142
1071 2269
163 1071
163 1781
323 1781
323 1283
486 1283
486 2326
2326 3158
3158 3653
3653 3995
3995 4392
2108 4392
2108 2202
2202 2954
1373 2954
1373 3017
1543 3017
1543 4747
280 4747
280 1548
133 1548
59 133
59 3690
2058 3690
1843 2058
1843 4374
489 4374
489 4657
3701 4657
3113 3701
232 3113
232 1672
116 1672
116 2992
2992 3985
2169 3985
2169 2405
794 2405
505 794
505 2233
218 2233
218 3387
1165 3387
1008 1165
1008 3591
1816 3591
291 1816
291 436
436 3399
1836 3399
1787 1836
1787 3168
3168 4086
3386 4086
2972 3386
482 2972
482 4554
1047 4554
1047 2162
697 2162
697 4505
1446 4505
588 1446
588 4656
1338 4656
695 1338
411 695
411 1515
1515 1679
1679 3378
143 3378
143 3289
3289 3660
2562 3660
743 2562
743 3339
3311 3339
1709 3311
1709 4309
4309 4753
3307 4753
2230 3307
2155 2230
1949 2155
1949 4814
3194 4814
1345 3194
456 1345
456 3857
3737 3857
2276 3737
2276 3128
3128 4177
367 4177
233 367
233 444
444 3195
3195 4901
28 4901
28 3992
2418 3992
2418 4002
1858 4002
1858 4961
2638 4961
2638 4968
259 4968
259 903
903 2199
2199 3177
773 3177
773 3453
1293 3453
1293 1419
627 1419
557 627
557 718
718 1736
1736 3094
867 3094
867 3066
1609 3066
1609 2796
2796 3197
1639 3197
1639 3715
3715 4441
1192 4441
1192 3184
1560 3184
1560 3126
3126 3205
3205 3766
2611 3766
1132 2611
1132 2895
654 2895
654 4469
2789 4469
2789 4698
351 4698
21 351
21 3597
3597 3691
2947 3691
2947 3986
776 3986
776 3414
379 3414
333 379
333 2582
879 2582
879 1550
1550 4386
2196 4386
2163 2196
2163 3991
429 3991
429 670
670 4541
3152 4541
3152 4752
2056 4752
260 2056
260 2843
2843 4976
2661 4976
1180 2661
1174 1180
1174 2048
2048 4629
2293 4629
1697 2293
1440 1697
1440 4818
4040 4818
4040 4403
830 4403
830 2080
2080 2791
339 2791
339 3503
3503 4234
1250 4234
1250 4506
1006 4506
1006 4151
2927 4151
2927 4187
4187 4735
4408 4735
2886 4408
2413 2886
2145 2413
2145 2482
1395 2482
1395 1517
1517 4711
4293 4711
4293 4874
4767 4874
3015 4767
777 3015
777 3361
1708 3361
1708 3538
1516 3538
1516 2888
1364 2888
1364 1511
1511 2937
2634 2937
1108 2634
1108 4518
4134 4518
4134 4799
532 4799
302 532
302 1790
1790 3748
675 3748
675 3878
3878 4504
1507 4504
149 1507
149 3605
2353 3605
89 2353
89 4546
4367 4546
4102 4367
630 4102
630 1707
1700 1707
204 1700
204 3719
729 3719
729 3272
3272 4738
4692 4738
1255 4692
1163 1255
1163 4294
2739 4294
2739 4567
2221 4567
2221 2471
2471 4845
186 4845
186 2803
2803 4862
399 4862
399 3118
331 3118
331 3686
3686 4483
1258 4483
1258 1601
1601 4723
4590 4723
2855 4590
357 2855
357 1551
1551 1880
1880 2296
1242 2296
1106 1242
1106 1722
1245 1722
477 1245
477 3484
2674 3484
1092 2674
592 1092
191 592
191 2093
2093 4254
2029 4254
2029 2763
585 2763
585 1156
1156 3600
2631 3600
123 2631
80 123
80 4897
4685 4897
209 4685
209 3891
2198 3891
924 2198
531 924
531 2006
2006 4337
1903 4337
1792 1903
1792 3314
1100 3314
1100 3569
1818 3569
1818 3576
3501 3576
2222 3501
967 2222
967 4635
2466 4635
1325 2466
690 1325
690 2699
2699 3531
258 3531
258 3809
3805 3809
3805 4336
3840 4336
3357 3840
3357 3972
2917 3972
2917 4495
2744 4495
2744 3196
2404 3196
2404 4476
3730 4476
771 3730
771 966
916 966
916 2527
1721 2527
953 1721
953 1614
1614 1802
1224 1802
1224 2130
1109 2130
1109 3478
3478 3603
3183 3603
78 3183
78 1211
1211 4928
1870 4928
1359 1870
1359 1652
898 1652
898 1479
1479 2355
2355 2879
2879 4990
2753 4990
660 2753
660 4283
8 4283
8 4092
3482 4092
3482 4800
4800 4975
3741 4975
3741 4523
2771 4523
1879 2771
1879 4211
775 4211
775 4435
4182 4435
650 4182
650 4562
2583 4562
2583 3392
3392 3767
2982 3767
986 2982
986 2016
2016 3526
3526 4449
2964 4449
2964 3087
1930 3087
1930 2925
2925 3470
846 3470
846 3856
686 3856
686 2284
2284 4714
164 4714
164 4572
2898 4572
2898 3003
926 3003
926 3186
2929 3186
2534 2929
2534 3172
3172 4317
432 4317
432 2249
2249 3472
2516 3472
2516 2766
2766 3014
3014 3510
3160 3510
662 3160
662 1909
1909 2320
2320 4833
215 4833
215 4542
3190 4542
479 3190
479 944
944 3905
3905 4940
2254 4940
1539 2254
1539 2900
2900 3864
752 3864
752 4683
2984 4683
2531 2984
2531 3283
2357 3283
2357 3583
2894 3583
2894 3658
3658 4130
1308 4130
1308 3947
2639 3947
2639 4024
4024 4245
4078 4245
3504 4078
812 3504
812 4237
2385 4237
2385 3489
786 3489
786 4373
4373 4556
1278 4556
1278 3065
1966 3065
1966 3909
3909 4208
283 4208
283 1194
1194 2424
2424 3089
3089 4878
3528 4878
3528 4982
2072 4982
336 2072
336 1591
1591 3894
3412 3894
2135 3412
2135 3546
3546 3606
3606 4803
1327 4803
400 1327
400 2350
2000 2350
2000 2538
1740 2538
1740 2439
2439 4661
4503 4661
3820 4503
2447 3820
2447 2481
2481 3786
1484 3786
1121 1484
1121 1154
1154 1248
1248 4547
1948 4547
1078 1948
66 1078
66 1021
1021 1726
1726 1734
1734 3975
1866 3975
1866 4582
3883 4582
