4999
][][[[][]]][[[][[[][[][][]]]][][[[[[]][[][]][][][]]]][]]][][]]][[[][][]][]][]][[]][[][[[]][]][[][[][[]][][[[[]][[]]][[[[]]]]][][][][[][]]]]][[[[]][]]]][][][[][[[[[]][]]]]]]][[][[][[[[[][[]][]][[][]][]][[]]]][[[][[][[[]][[[][[[][]][[][]]][[]][[][]]][[]]]][[][[[[[][]]]]][][[]]][[[[]][]][]][][[][[[][[][[]][]][][]][[[]]][[[][[[]]]][]]][][][]]][][[][][][[[][[]][[][[[[[][][]]][][]]]][[[[]]][][][][[[[[[]][][]]]]][[][[]]][[[[]]][[]][[]][][]][]][]]][]]]][[]][[[][[][][[[[]][[[[][]]]][]]][[]][][][[][][[[[][[][]]][[][][]][]][]][]][][[][][][[[][[[][]]][[][[][]][]]][]]][][[]][]]]]]]]][[[][]][]]]][[]]]]]][[[[[][[]]]]]][[][[[[[[]]][]][]]][[]]][][[]][]]][[]][]]]]][][][]][][[][]]][[][][[[[[][[[[[[[][]][[[[]][][[][]][]]][]][]]]][][][][[][][]][[[][][[]][[[][[]]]]][[]][][[[[[][][[][[[[]]]][[][]]][][]]][][]][]][[][[]]][[[][]][][[][][][[[[[[[[]][[][]][][[[[][]]][[][[[]][][]]]][]][[][]][][[][[[][]]][]][][[]][]][[[]][[[[[]][][][[][][[]]]]]]][[[]]][]]]][[]][[[]][[][[]][][]]][][[[[[[][[]]]][[[]][[]]]][][]]][]][][][]][]]][][]][][]]]]]][[]][][[]]][][[][]]]][[[][[[][[]][][[[][[][[][][][]][[][]]]]][]][[[[]]][[[]][]]][[]][]]][]][[][]]]][]]][][[]][[[][]][[]][[[][[]][][[]]][[][[[]]][][[[]][[[][]][[][][[][[][][[[[[]][[[]][[]][][[]]]][[[]]][[][[]]]]][[[][]][]]][[[][[[][[[]]]]]]]][]][][]]]]][[][]]]][][][]]][[][[[]][][][][[[[]][[][[][][]][[[[][][]]]][[[][[][[[]]]]]][[][[[[][[[]]]]]][[[[[][[]]][[]]]][]]]]]][[]]]]][[[[]][]]][]][[[][][[[][[][[[]][[[[[[[[[[[]][][[]]]][]][[][[]]][[][[]]]]][[][[][[[[][[]][]][]]][[[[]]][[[[]][[][[]][][][[]][][]]][[][[][][][]][[][]][][]][]][][[[]]][][]]][[[[[[]]]][[][][[][][[][]]][[]]]][][[[][[[]][[[[[[[]][[][[][]][[[]][]]][][[][]]]]]][[[[]][]][][][]][][[]]][][][[][[[]][[]][][[[]][][[[[[[]][[[[][]]][[[][[[[][]]]][]]]][]][[][][[]][[[]]][[[]]][[[[][]]]]][]][[[[][[]]]][[]][[[[[][[[[][[[][]][][]][]]][][][]]]][][]]][]][[]]]]][[[[][][[[[[[][[]][[[[]][][[][][][[[]][[]][][][[[[[]]][[[[][[][[[[][[[[][[][[][[][][]][][]]]][[]][][]]][[[[][[[[[[][[]]][[]]][]]][]][[][][[][][][[][][][[[[[[]]][][][][][[]][][[[]]][][[[][][[]]][]]]][]][[[[][][]][][[[[]]][[[[[]][]]][][][[][[[[[]][[]][]][[[]]][[][][[[][[[[[[[][][[[[][]][[]][[][[[]]][][[[][[]][]][]]][[[]][][][]]][[[[]][][[]]]][]][[][[]][]]]][][[]][[][]]][[[[[]]]]][][]][][[[][][[][]]]]]][[[[]][[]][][]][[][[[]][[[]][[]][][]]]]][][[]]][][]][[]]][[[]][][]]]]][][[][[]][]]][]][[][]]][]][]][][][[][[]][][][]][][][[[[]]][]][][[[[[[[[]]]][]]][][[][][]][[]]]][[[][[[[[[]][][][[]][][[][[]]][[]][[][[]]][[]][[[]][]][][[][]][][][][[[][[[]][[][[[[][[][[]][][[]][[]]][]]][]][]]][[]][[]][[]]][]]][][][][]][][[[][[[][][[]][[]]][[][[[][[[[][][][]][][[[]][[[[]]]][][][][[[[][[[[[]][[[]][[[[][]][[][][[[]][]][[][[[][[][][]]][[[]][[[[]][[][[[][][[][[[]]][]][][]]]]]]]][[[][[][][]]]]]][][[][]]]][][][[][][]]]][[]][][[]]][][[[[]][[[[[][[[[][]]]]]]]][]]]][]]]]]][][]][]][[]][[]][]]][]]]]]]][[][[]][[]][]]]]]]]]][]]]][[[]][]]]][]][]][[[]]]]]]][[][]]][[]]][]][[]]]]][]][[[[][][[][][[][]]][[]][[[[]]]][]]][[[[]][][][[][[[][[][[]][]][]][[]][]]][]]]][[[][]]]]]]][[[[]]]]][[]][[]][][[[][]][[]]]][]]][][[]][[[][][]][[][][][[[]][[[][]]][[][[][[]]][[[[[][]][][[]][][]]]][[[]]]][[[]][]]][]]][][[]]][[[]]]]]][[[]]]]][]][[[][[[]][[]][]][[]][][][[[[[][]]][[[][[[][[[[][[[]]]]]][[[[[]][[[]]]][[][]]][][[][[[[][[[][[][[[][]][]]]][[[[[[[][]][]]]][[]][[][[[]]][][[][[[[[[][[[[]][]][][[][[[][[[[][]]]]]][][[[]]]][]]][][[[]]]]][[]][][[[][]]]]]][][[]]][]][]][[]]][][[]][][[]][][[[][]][]]]][[][]][]][]][[[[[[[][[]][[][]][]][]][][[]]][][[[[]]][]]]]]][][[[[][[][][[]]][][]]][][][][[[[]]]]][][]][]]]][][][[]]][]][]]][[]][[]]][]][]][[[[][]][][][[[[][][[][][[][[]]][[]][[[[[[]]][[[][]]]][[[[][[[]][][[[[[[[]]]][[][[[[[[]]]]]]][]][]]]][[[]][[[][[[[]]]]]][[[][[[[[[[][[[]][][]][[][[][[]]][[[[[]]]]][][[[][]]][]]][[[[]][[[][[][]][[][]][]]][][][][[]][[[]][]]]][[[]][]][[]][][][[[][[]][]][][[][[[]]][[]][][[]][[][]]]]]]]]]]]][]]][]]]]][[[[][[[][]][[[[][[][][]]]]]]]]][][[]][[[[[[][]]]]][]]][[][][[[]][][[]]]][]][[[][[[][]]]]][]]]][][]][][[[][][]]][]][[[]]]][]]][[]][][]][][]][[][[]]][[][][][]]][]]][]][][[][[]]]]][[[]][[]][[[][[[[[[][[[[]][][]]][][][]]][[[[[[]][[][[[]]][][][[[[]]]][[[][[]]][[[][[]][[[[[][[]][][][]]][[]]]][[[][][]][]][]][[[][]]]][][]]]][[]]]][]]][][]][[]][][[[][]]]]][][][[]]]]][]][]]]]]][][[[[[[[]]]]][[[[][[[[]][]][]][[]][[[[][]]][][[[[][[][[][[][]]][[][][[[][[]]][]][[]][[][[][[]][[]][[[[][[][]]][[]][[][][[][[[][]]]]]][[[[[[[][[[][]]]][][]][[[[[[[[[[][[]][]]][[[][][[[[][[][[][[[[[[][[][]][]]][]]]]]][[[[]][[][][][][[[][]][[[]][[[]]][][]]]]][[[[[[][][]]][[[][[[][]][[][][]]][][[][[[]]][[[[][[[][[[[]]]][]]]]]]]][[[[][][]][[]]][][[[][[]][[[]]]][]]]][][[][][[]][[[][][[]][][][[[][[]][]]][[[[[]]][[[][[[[]]][[][][[][][[[]][][[][]]]][][][[]][]]]][]]][[]][[[[[[]][[[]][[]][[[][[][[[[]]]][[[]][]][[[][][[[[][[]]][[]]]][[[[[[[]]]]][][][]][]]]][][][[][[][[]]][[[][]]][][[][]]][]]]][][]]][[[][][[[]]][[][][][[]][[[[[][[[[[[[]][[[]]]]][]]]]]][][[]]][[]]][[[][[[[]]]][]][]][[[][[]]][[[[]][[][[[]][[[[[][[[[[[[][[[]]]]]]][[]]]][]][]]][]][][[]][[[]][][[[][[][[]]][[[]][[][]]][[[][][]][]
2944 4650
1009 2944
1009 1908
1908 4423
3628 4423
891 3628
891 1426
1426 2339
1851 2339
1851 3356
3356 4044
2387 4044
838 2387
838 3801
3267 3801
3176 3267
459 3176
459 2884
2884 3766
3766 3914
3914 4605
2538 4605
187 2538
187 267
267 2268
2268 2437
2015 2437
1644 2015
1644 3321
3321 3915
1046 3915
1046 2817
952 2817
952 2942
2942 3544
343 3544
343 909
909 1332
1332 2016
1461 2016
1361 1461
1361 4684
1494 4684
1494 4049
1688 4049
606 1688
606 2775
2620 2775
1910 2620
1910 2325
2325 2996
2996 4879
946 4879
946 1866
1866 3187
2755 3187
456 2755
456 3523
2555 3523
1725 2555
1725 4690
3661 4690
3661 4686
1833 4686
1833 3238
2140 3238
1188 2140
1188 3683
3078 3683
2033 3078
579 2033
579 4530
2682 4530
2682 4732
658 4732
658 1397
1397 1736
1111 1736
1111 2698
2698 4340
519 4340
519 2867
2152 2867
2152 4417
3052 4417
168 3052
168 4833
1389 4833
1389 1401
176 1401
176 1458
1458 2164
2164 2254
1215 2254
83 1215
83 4934
1679 4934
1395 1679
1395 3079
3079 3319
1880 3319
1880 3652
1255 3652
1255 4594
410 4594
410 3488
3488 3746
3152 3746
1804 3152
1804 4610
1316 4610
1316 2974
143 2974
143 3484
2417 3484
2417 4076
4076 4859
3531 4859
2929 3531
2929 4158
1876 4158
467 1876
467 1293
1293 4754
2927 4754
2927 4956
2612 4956
44 2612
44 1354
1354 4264
3843 4264
3843 4797
3423 4797
3423 3538
3538 4593
1869 4593
1869 4231
275 4231
275 1855
1855 4730
2316 4730
2316 3365
2916 3365
2369 2916
2269 2369
1023 2269
1023 1654
1654 1943
1943 3002
2957 3002
1693 2957
1664 1693
937 1664
937 4607
1193 4607
1193 4953
3670 4953
3573 3670
1974 3573
1974 4287
133 4287
133 4093
843 4093
843 4935
2356 4935
961 2356
961 4355
3690 4355
2043 3690
2043 4854
1584 4854
1584 2101
2101 2910
1408 2910
1408 3106
1078 3106
1078 4011
2458 4011
2458 2940
2940 4432
390 4432
390 1650
1650 4346
1958 4346
1958 3570
3570 4121
3076 4121
424 3076
424 3496
218 3496
218 2616
2560 2616
1653 2560
1653 3357
1360 3357
1360 1673
1673 1920
1920 4179
3426 4179
3426 4964
259 4964
259 2470
414 2470
414 4385
4259 4385
1448 4259
1448 1917
1917 4505
3229 4505
1730 3229
496 1730
496 1411
1411 2323
2323 3809
3809 4674
2796 4674
2758 2796
2758 2839
1856 2839
1856 2692
2692 3883
3883 4700
2908 4700
2908 4224
4224 4382
1081 4382
1081 1622
1622 2249
2249 3419
3419 4566
1721 4566
1721 3167
1487 3167
1485 1487
1485 4046
3260 4046
1742 3260
1742 2522
1544 2522
1544 4452
2527 4452
1858 2527
1609 1858
1609 2174
502 2174
502 1788
954 1788
954 4757
4247 4757
3868 4247
258 3868
258 4391
2064 4391
2064 2832
2832 3881
3340 3881
3087 3340
3087 4868
3435 4868
3435 4857
2076 4857
2076 4431
4431 4991
2517 4991
2517 3528
2844 3528
2768 2844
2768 4599
1137 4599
400 1137
400 450
28 450
28 2941
2428 2941
2428 4089
2066 4089
1430 2066
1430 3353
3353 4169
2874 4169
744 2874
744 1712
830 1712
830 4138
1775 4138
1647 1775
1647 2512
2512 3890
673 3890
673 3713
2972 3713
191 2972
191 966
737 966
737 1626
43 1626
43 3186
2506 3186
2190 2506
2190 2442
1954 2442
1954 3542
3371 3542
2720 3371
2234 2720
2234 2797
2797 4299
3211 4299
3211 4832
3465 4832
163 3465
38 163
38 2320
2320 4746
1484 4746
1484 4855
203 4855
203 588
588 4867
1347 4867
1347 2110
2110 4380
4380 4985
2261 4985
2261 4347
1486 4347
1486 1655
1648 1655
1248 1648
1248 4240
95 4240
95 4290
1076 4290
682 1076
682 1590
1590 4135
3665 4135
3665 4820
1867 4820
1867 4938
1495 4938
1495 4828
4180 4828
1026 4180
1026 2688
2688 4692
688 4692
688 4021
2291 4021
1629 2291
1629 4019
1893 4019
967 1893
967 3376
2798 3376
2798 3777
1739 3777
1739 2897
1723 2897
1723 2967
1129 2967
328 1129
328 399
312 399
312 4646
1174 4646
1174 1335
1335 2937
2937 4481
2407 4481
2407 4292
4172 4292
3970 4172
3970 4805
1030 4805
93 1030
93 2345
2345 3130
748 3130
748 4163
1951 4163
1951 2954
2954 3731
3731 3797
2939 3797
1743 2939
1743 2589
2589 4693
1091 4693
1091 2132
2132 4613
505 4613
505 2708
2705 2708
2431 2705
2431 3951
13 3951
13 545
545 3379
2933 3379
2933 4513
1794 4513
1794 2763
593 2763
109 593
109 1157
1157 3778
2987 3778
2987 4894
2391 4894
2391 3742
3742 3818
853 3818
853 976
976 1304
1304 1716
829 1716
829 1751
931 1751
931 3121
3121 4725
2355 4725
2355 3192
3192 4618
3397 4618
265 3397
265 4701
4053 4701
4053 4681
3101 4681
4 3101
4 2505
2263 2505
2263 2825
770 2825
770 888
888 1792
1792 4131
2396 4131
2396 3594
157 3594
157 235
235 2025
507 2025
507 2330
776 2330
776 3057
3057 4975
565 4975
565 2902
2902 3644
3475 3644
3466 3475
3466 4816
4816 4826
692 4826
692 4061
2208 4061
2104 2208
1977 2104
1841 1977
1841 3331
1163 3331
1163 4948
3184 4948
1676 3184
1605 1676
468 1605
468 3144
2719 3144
2719 2830
2830 3629
1789 3629
99 1789
99 1800
1800 2277
650 2277
635 650
635 4495
1109 4495
1109 2928
2928 3470
3470 3975
1227 3975
1219 1227
1080 1219
1080 3271
3271 4707
4023 4707
3794 4023
1208 3794
1208 4414
3562 4414
2020 3562
70 2020
70 3738
3738 4515
3595 4515
3457 3595
2402 3457
2402 3784
1269 3784
1269 4395
4272 4395
1944 4272
1944 3715
2141 3715
2141 3447
3447 4280
1577 4280
313 1577
313 676
676 2198
2091 2198
1642 2091
1642 2876
2606 2876
2606 4229
1994 4229
1994 2243
135 2243
135 3137
855 3137
855 2535
2535 4020
2792 4020
1463 2792
1131 1463
1131 4768
4768 4962
627 4962
627 3401
3401 4249
493 4249
493 3224
3224 3506
1895 3506
1895 3339
1031 3339
1031 1991
1991 4538
139 4538
139 3323
3323 3657
3657 4841
4558 4841
2212 4558
2212 3386
2965 3386
2965 3114
2959 3114
2959 3585
1904 3585
1904 2255
2027 2255
1212 2027
1212 2711
385 2711
32 385
32 4321
4321 4763
327 4763
327 4116
408 4116
408 2599
254 2599
254 960
960 1184
1184 4332
1566 4332
1566 4213
2450 4213
2414 2450
2412 2414
873 2412
873 1728
1728 4096
2281 4096
2281 4165
3637 4165
1528 3637
1528 3534
3534 3782
940 3782
291 940
291 1936
769 1936
769 3478
979 3478
979 2702
2702 4977
572 4977
572 4954
61 4954
61 4989
2739 4989
2739 4813
3308 4813
2337 3308
2337 2979
1680 2979
1680 2438
1992 2438
1992 2096
2096 4128
257 4128
257 4543
205 4543
205 3227
1656 3227
1105 1656
1105 3734
2952 3734
2952 4155
4155 4620
446 4620
446 922
922 2459
2114 2459
495 2114
495 2658
2658 4668
2343 4668
2343 3410
1071 3410
1071 1540
472 1540
472 2697
2697 4835
641 4835
641 1511
1363 1511
1363 4284
4197 4284
3545 4197
2734 3545
2024 2734
743 2024
743 2163
2163 3659
1254 3659
1254 3290
2630 3290
2630 4384
3266 4384
1151 3266
1151 2556
2556 3454
1592 3454
1592 2533
2121 2533
2121 4437
990 4437
990 1381
1381 1423
1423 2909
2909 3649
3649 3904
487 3904
333 487
333 1051
1051 4992
3233 4992
3233 4568
370 4568
370 3608
3474 3608
3474 4683
4440 4683
4002 4440
4002 4639
621 4639
621 686
686 3745
3217 3745
3217 3897
1050 3897
27 1050
27 104
104 3887
3730 3887
3730 4463
1885 4463
1885 2809
2678 2809
2678 4396
4396 4428
2547 4428
2547 4486
4167 4486
243 4167
243 2014
2014 4028
63 4028
63 509
509 4453
535 4453
535 2541
2541 3045
3045 3601
1434 3601
1434 2745
2087 2745
518 2087
199 518
199 3658
3658 4771
1939 4771
1939 2544
1386 2544
1386 4770
2588 4770
2588 2645
833 2645
833 4473
3605 4473
1123 3605
1123 2154
2154 4724
655 4724
655 4378
1192 4378
1192 4852
247 4852
247 4664
2887 4664
2887 3940
2326 3940
867 2326
867 2441
617 2441
233 617
233 801
801 4001
1623 4001
1623 2166
2166 3172
2408 3172
2408 3476
2282 3476
2282 4883
2980 4883
2980 3537
1539 3537
1069 1539
1069 3707
793 3707
207 793
207 826
826 3372
3372 4782
3480 4782
761 3480
761 2051
2051 2347
1263 2347
388 1263
388 2038
1312 2038
1312 2216
580 2216
580 4083
738 4083
738 4056
162 4056
162 4880
3223 4880
3223 4569
1024 4569
1024 4787
12 4787
12 671
292 671
292 4234
1191 4234
1191 3360
2065 3360
584 2065
584 4403
4403 4790
3908 4790
3316 3908
1675 3316
1675 2088
2088 2953
2953 4017
286 4017
286 4112
1687 4112
1687 3155
3155 3352
2889 3352
2889 3799
2137 3799
2137 3917
2160 3917
2160 3081
2585 3081
1990 2585
1990 4074
2221 4074
2221 4706
1565 4706
977 1565
977 3160
1857 3160
1392 1857
1392 3561
3561 4327
3392 4327
1144 3392
1144 3343
624 3343
624 2808
2808 4745
137 4745
137 4098
4098 4207
2494 4207
304 2494
304 3937
2224 3937
1359 2224
1359 2071
1957 2071
1957 4026
310 4026
310 3416
3416 4927
3143 4927
451 3143
451 3791
3582 3791
326 3582
326 3097
3097 4421
1755 4421
1755 4254
283 4254
283 1165
1165 2186
728 2186
728 2094
1349 2094
1349 3387
3387 3987
1371 3987
1371 2634
2634 4642
1564 4642
1564 3441
3441 4895
1625 4895
1625 3960
678 3960
678 1782
1478 1782
1478 4944
4806 4944
640 4806
640 3753
148 3753
148 2655
747 2655
747 4641
693 4641
693 3588
904 3588
904 3901
3901 4736
4091 4736
4091 4274
3113 4274
3113 4796
3817 4796
3222 3817
2617 3222
2617 4647
4159 4647
4159 4581
2116 4581
2116 3876
591 3876
591 1056
338 1056
276 338
276 4035
698 4035
698 3668
105 3668
105 4442
1921 4442
1921 4107
2783 4107
2783 3309
812 3309
812 2619
975 2619
975 1579
1468 1579
1468 3521
3072 3521
2260 3072
2260 3247
3247 3252
939 3252
939 1779
1779 2509
2509 4404
4404 4552
4357 4552
1124 4357
1124 3787
3787 3928
2111 3928
2111 2602
1573 2602
1573 3510
774 3510
774 2309
2309 4549
2138 4549
599 2138
583 599
583 2981
1660 2981
870 1660
870 1453
1453 4110
4110 4150
4150 4557
1747 4557
1747 2451
317 2451
317 2226
760 2226
47 760
47 4496
1771 4496
1771 3693
3693 4329
526 4329
526 4154
3396 4154
14 3396
14 4769
4144 4769
3616 4144
3616 4878
1894 4878
330 1894
330 576
576 4877
10 4877
10 933
933 4196
4196 4370
3820 4370
174 3820
174 2346
182 2346
182 4640
1665 4640
928 1665
928 3208
3208 3402
3402 3905
2804 3905
898 2804
898 2564
2112 2564
847 2112
847 1420
488 1420
488 4601
248 4601
248 1532
1532 2643
294 2643
294 851
851 3361
1327 3361
80 1327
80 2781
2781 3980
1094 3980
1094 2200
2035 2200
2035 3239
2420 3239
1985 2420
1985 4073
352 4073
352 4466
4466 4920
121 4920
121 4306
4306 4533
4533 4741
1627 4741
1627 2737
2737 4864
2561 4864
611 2561
611 4694
670 4694
670 2007
2007 4309
883 4309
883 3569
3569 4602
1101 4602
1101 2314
2314 4151
1118 4151
587 1118
587 1853
1853 2899
1343 2899
1224 1343
1224 4723
4221 4723
2613 4221
2613 4162
2421 4162
2421 4536
435 4536
435 3936
1246 3936
1246 2122
1722 2122
1333 1722
87 1333
87 2484
2484 3756
3719 3756
1834 3719
1834 2961
2961 3504
1641 3504
1641 4596
794 4596
794 3273
543 3273
543 3003
1429 3003
1429 2054
74 2054
74 2642
1181 2642
876 1181
876 4294
600 4294
600 3760
3760 4590
2801 4590
2801 4104
3015 4104
3015 3673
900 3673
832 900
57 832
57 892
274 892
274 3579
3370 3579
1480 3370
1201 1480
1175 1201
1175 3759
3759 4634
3272 4634
1183 3272
1005 1183
951 1005
951 3442
2562 3442
2203 2562
2203 4323
657 4323
657 4032
75 4032
75 4269
2812 4269
2049 2812
2049 2572
2528 2572
2528 2973
17 2973
17 806
806 3946
219 3946
219 2747
597 2747
597 4942
625 4942
429 625
429 754
754 2958
1305 2958
1305 4979
4638 4979
2082 4638
1113 2082
1113 2135
306 2135
306 2565
2565 3110
2201 3110
1338 2201
221 1338
221 1817
917 1817
751 917
751 2949
2813 2949
2813 3303
3303 3947
420 3947
420 3102
2641 3102
2117 2641
2117 2837
2518 2837
2518 3284
1871 3284
1871 2230
41 2230
41 2142
2142 4988
1797 4988
1797 2265
2265 2297
1959 2297
712 1959
610 712
610 4450
2155 4450
2155 4717
1223 4717
1223 1339
1339 4366
3862 4366
2097 3862
194 2097
194 3276
3276 4608
2647 4608
1683 2647
1683 2502
1979 2502
1979 3296
1636 3296
890 1636
890 2404
2404 3509
479 3509
479 1772
1772 3092
1854 3092
1854 4059
2289 4059
835 2289
662 835
662 2434
1926 2434
795 1926
795 4595
4492 4595
3249 4492
141 3249
141 3050
3050 3191
2963 3191
54 2963
54 4314
4314 4541
192 4541
192 4837
723 4837
723 4627
1158 4627
1158 3047
3047 3776
1879 3776
1365 1879
1365 1694
1694 3660
1897 3660
1897 3011
3011 4669
486 4669
486 1063
1063 3355
3355 4400
3369 4400
3369 4460
331 4460
331 2680
2680 3950
789 3950
789 803
277 803
277 2871
2871 3672
22 3672
22 1145
1145 2252
2252 2317
138 2317
138 980
980 4498
542 4498
542 1027
1027 4058
2526 4058
2526 4563
4563 4885
538 4885
538 2548
2548 4540
2401 4540
2401 3182
3182 4609
3025 4609
3025 3596
2378 3596
1886 2378
1886 4088
784 4088
784 2571
490 2571
490 2105
229 2105
229 4524
4524 4715
363 4715
363 2125
1986 2125
1986 2328
2328 4734
1941 4734
84 1941
84 1216
1216 2760
2760 3320
3320 3988
3988 4461
4461 4753
1525 4753
1525 3250
3250 3404
1557 3404
1557 3482
715 3482
715 2695
2695 4398
1345 4398
1345 1466
1466 2525
2525 3880
2019 3880
394 2019
394 544
544 948
948 1417
639 1417
639 3785
547 3785
547 3931
2827 3931
1033 2827
368 1033
368 4360
3613 4360
2499 3613
2499 3150
3150 3349
848 3349
848 1805
1805 2382
1301 2382
504 1301
504 553
553 856
856 4261
2968 4261
2968 4799
1176 4799
1176 4550
2319 4550
2319 2744
2523 2744
872 2523
663 872
663 710
710 3620
3620 4611
36 4611
36 3806
1351 3806
1351 1720
1720 4631
4186 4631
1780 4186
309 1780
309 756
756 1699
1699 2284
2284 3304
321 3304
321 2736
2068 2736
2068 4148
1571 4148
1571 2476
1835 2476
56 1835
56 3507
405 3507
405 1490
1490 3714
831 3714
831 1126
1126 1633
1200 1633
687 1200
687 3380
3380 3796
1150 3796
1054 1150
1054 4749
4489 4749
2405 4489
2405 4062
1291 4062
1291 1740
1740 4849
3879 4849
1353 3879
1353 3430
1690 3430
1690 2170
2170 4571
958 4571
173 958
173 1596
287 1596
287 1850
1850 3497
1777 3497
564 1777
564 4218
428 4218
428 3251
2144 3251
2144 3935
782 3935
782 3016
164 3016
164 2852
1132 2852
76 1132
76 3856
3856 4802
1366 4802
1366 3854
2338 3854
2338 3512
2424 3512
602 2424
602 3230
536 3230
536 1815
1815 3592
2032 3592
741 2032
741 1931
1422 1931
1093 1422
1093 3790
1899 3790
1899 2157
730 2157
730 1250
1143 1250
1143 2223
2223 3978
1213 3978
1213 2600
1874 2600
1874 1884
40 1884
40 4827
2596 4827
837 2596
837 1844
1844 3147
1993 3147
1993 2997
2997 4893
3173 4893
2767 3173
2767 4670
2178 4670
2037 2178
2037 3728
2453 3728
1079 2453
1079 2360
1529 2360
1529 4000
4000 4788
3643 4788
3305 3643
2040 3305
2040 4548
3821 4548
2714 3821
2714 3863
1226 3863
485 1226
485 4006
2257 4006
906 2257
906 4567
3422 4567
3422 3979
3979 4514
4514 4738
1049 4738
1049 1424
1424 3330
2151 3330
469 2151
469 1186
844 1186
844 1310
1310 2207
725 2207
725 4348
4348 4531
1177 4531
1177 1387
1387 3444
1039 3444
780 1039
780 3485
3485 4405
3638 4405
1898 3638
1758 1898
1574 1758
1574 4068
703 4068
703 3046
2628 3046
897 2628
897 3120
3120 4986
4454 4986
1456 4454
1456 2365
171 2365
171 2982
1082 2982
466 1082
466 2741
2741 3411
3411 4932
4114 4932
3925 4114
3201 3925
3201 4115
397 4115
397 3642
3642 4129
150 4129
150 1542
1542 1942
1942 3930
3367 3930
1762 3367
1762 2701
2701 3193
3193 3197
3197 4482
1520 4482
1520 4901
503 4901
503 1916
1916 3508
3508 4588
834 4588
834 2660
2660 4856
2072 4856
2072 3017
3017 4900
2654 4900
2042 2654
1741 2042
231 1741
231 4319
2868 4319
2851 2868
2851 3793
1651 3793
18 1651
18 808
808 2735
1967 2735
604 1967
604 1984
421 1984
421 4212
108 4212
108 3792
3792 4673
4623 4673
4623 4875
3929 4875
1393 3929
1393 2907
2675 2907
2675 4241
3723 4241
2342 3723
260 2342
260 2780
1385 2780
1004 1385
879 1004
879 1272
1272 4276
4276 4546
2410 4546
2410 4057
2653 4057
1811 2653
1811 4658
2073 4658
2073 4519
1674 4519
1674 1820
1820 2520
2520 4755
436 4755
436 3882
379 3882
379 4615
481 4615
481 4993
2843 4993
2843 3852
3852 4474
2969 4474
2969 3741
2890 3741
2890 3813
1927 3813
1927 4206
1859 4206
1859 3346
2146 3346
2146 4109
1538 4109
1538 1823
1705 1823
348 1705
348 2911
195 2911
195 1962
50 1962
50 1187
1187 4996
4873 4996
2966 4873
2966 4408
2713 4408
2264 2713
1706 2264
1706 2429
2429 3617
238 3617
238 1837
996 1837
994 996
994 2622
2622 3861
3686 3861
1672 3686
1149 1672
1149 1488
1488 2807
322 2807
322 1976
1489 1976
302 1489
290 302
290 1949
644 1949
644 3918
1261 3918
355 1261
355 3934
878 3934
878 3886
2403 3886
1189 2403
677 1189
677 2960
2960 4184
3094 4184
1756 3094
1756 4520
1754 4520
1754 2283
2283 3700
3700 4939
465 4939
24 465
24 489
206 489
206 4740
271 4740
271 1315
1315 1505
1505 4564
3865 4564
1229 3865
1229 1972
1170 1972
1170 2419
907 2419
907 3069
3069 4812
1428 4812
1060 1428
9 1060
9 3583
3583 4308
590 4308
590 4528
734 4528
734 2318
2318 2497
2467 2497
353 2467
353 4164
4164 4779
1002 4779
1002 4485
645 4485
645 2993
2993 4168
4168 4518
72 4518
72 1012
1012 4157
4157 4471
2595 4471
2595 3065
2601 3065
616 2601
616 2514
2514 4335
1178 4335
1178 1481
134 1481
134 2578
2578 3828
1865 3828
1865 2241
2055 2241
71 2055
71 4262
371 4262
371 4246
2859 4246
2384 2859
189 2384
189 1325
1325 2210
2210 4969
4142 4969
181 4142
181 1299
126 1299
126 3819
3819 4503
4447 4503
4368 4447
1403 4368
1403 2308
2308 3218
461 3218
461 1167
1167 2267
2267 3210
2516 3210
2516 3586
3586 4743
2703 4743
1549 2703
1549 4166
3209 4166
3209 4342
2158 4342
2158 4502
3157 4502
375 3157
375 2293
1738 2293
1738 3070
124 3070
124 3597
81 3597
81 1318
1318 3530
272 3530
272 2192
152 2192
152 988
256 988
256 865
865 3600
786 3600
786 3548
2978 3548
2978 3750
3009 3750
1425 3009
337 1425
337 4271
1697 4271
1369 1697
866 1369
866 1597
1597 2191
1929 2191
136 1929
136 3235
3235 4666
1162 4666
1162 4209
3451 4209
3008 3451
1323 3008
1323 2932
2932 4263
111 4263
111 4921
4798 4921
3105 4798
2924 3105
1632 2924
1632 2107
2107 2738
887 2738
887 4711
608 4711
608 2286
510 2286
510 4350
2569 4350
973 2569
973 1649
1649 3626
3626 4874
569 4874
89 569
89 270
270 2059
1761 2059
1761 2153
2153 3215
1923 3215
1923 1950
1257 1950
1257 3256
3256 4776
2377 4776
444 2377
444 3878
2006 3878
2006 2366
2366 3262
3262 4570
4525 4570
4260 4525
2397 4260
1235 2397
1235 1734
1734 3590
3590 4712
3671 4712
529 3671
529 4789
3083 4789
3083 4411
899 4411
899 2486
2486 2789
2789 4575
506 4575
506 3019
1331 3019
1331 4275
4275 4537
30 4537
30 3158
3158 4100
3195 4100
3195 3337
2621 3337
2621 2878
197 2878
197 2093
2093 4527
729 4527
211 729
211 1374
1374 3747
2962 3747
2472 2962
2472 4082
1892 4082
1892 4501
3062 4501
1614 3062
1614 2388
113 2388
113 4947
4040 4947
634 4040
634 4233
284 4233
284 3056
1121 3056
825 1121
825 2352
1952 2352
1952 2706
2706 2800
2800 4850
4003 4850
757 4003
757 3780
389 3780
389 4080
1205 4080
1205 3517
3517 3539
6 3539
6 4870
2272 4870
2272 3513
1077 3513
1077 1289
1289 4600
1714 4600
1714 4625
2362 4625
1510 2362
11 1510
11 3675
1659 3675
731 1659
731 3681
2886 3681
2886 3705
1185 3705
859 1185
859 3598
2799 3598
1133 2799
807 1133
807 2133
886 2133
886 4909
3136 4909
3136 3655
3427 3655
455 3427
455 1715
1715 4624
2901 4624
1684 2901
1684 4208
3733 4208
3378 3733
3378 4060
2028 4060
2028 2546
2546 2554
2554 4553
3735 4553
3735 4937
2625 4937
1171 2625
1171 2841
2814 2841
2814 3536
3536 4307
2931 4307
1713 2931
869 1713
869 1795
293 1795
293 464
464 4756
4756 4845
4383 4845
2862 4383
1218 2862
1218 1225
1225 3059
2001 3059
1778 2001
1778 2557
2557 4424
3145 4424
172 3145
172 404
404 701
701 2287
2287 2534
2534 4955
2661 4955
2661 3487
515 3487
515 2593
1902 2593
660 1902
660 919
919 1947
1947 3118
3118 4556
1210 4556
1210 1402
1402 4189
3786 4189
1968 3786
1968 4266
2845 4266
413 2845
413 2964
2964 4376
1813 4376
1813 2810
2394 2810
2394 3739
840 3739
840 3293
3293 3632
2435 3632
1932 2435
1295 1932
962 1295
962 1718
1718 2537
2440 2537
1048 2440
411 1048
411 2891
2881 2891
2098 2881
2098 2306
2306 4237
955 4237
955 2217
2217 2456
2456 3140
359 3140
359 1209
1209 1356
1356 1482
1482 1682
1678 1682
161 1678
161 2406
2406 2679
2344 2679
1961 2344
1961 3640
2057 3640
2057 2710
2495 2710
2495 4665
4436 4665
3515 4436
882 3515
882 2912
2912 3291
1249 3291
1249 1924
956 1924
956 3775
875 3775
875 1701
1701 3298
3298 4472
4472 4842
2415 4842
1863 2415
210 1863
210 2802
298 2802
298 3213
445 3213
445 1390
1390 1418
664 1418
664 2333
2333 3525
3178 3525
2194 3178
1807 2194
1807 3938
612 3938
612 1727
1727 3849
1241 3849
1241 3575
3575 4544
1198 4544
1198 2304
889 2304
889 2872
1702 2872
1702 4585
846 4585
846 2312
154 2312
154 3234
1342 3234
1342 3547
631 3547
631 2828
2566 2828
416 2566
416 2193
1016 2193
1016 3721
1278 3721
1278 2423
2423 4295
3077 4295
2485 3077
2485 3891
3891 4464
3236 4464
3236 3823
3706 3823
3706 4509
4081 4509
3729 4081
2463 3729
2463 4574
2791 4574
2791 3888
3164 3888
2950 3164
2503 2950
1136 2503
1136 4758
4415 4758
1409 4415
1409 3199
694 3199
694 3838
705 3838
705 1965
1798 1965
1798 3265
2475 3265
699 2475
699 4407
268 4407
268 2723
2723 4244
4244 4282
2462 4282
2462 3611
2530 3611
2530 3761
1377 3761
1377 2492
2492 4467
3669 4467
3669 3986
3680 3986
1873 3680
1873 3556
1770 3556
1770 3364
3315 3364
296 3315
296 1062
668 1062
668 739
739 1710
1710 3088
3088 4861
1746 4861
908 1746
863 908
863 2250
1960 2250
1960 3453
3453 4161
289 4161
289 3318
2938 3318
2938 3910
3910 4147
2558 4147
1247 2558
1247 1404
1404 2575
2575 3151
3151 4318
2353 4318
183 2353
183 938
938 2574
2220 2574
2220 3900
3550 3900
2553 3550
2553 3347
3347 3448
2782 3448
2627 2782
2627 2850
2850 4278
1634 4278
1634 2052
386 2052
386 2083
387 2083
387 4416
653 4416
653 2214
1407 2214
1407 4027
3073 4027
3073 3698
1341 3698
1341 4379
170 4379
170 1524
1524 4117
1368 4117
179 1368
179 2754
2754 4591
1340 4591
1340 3535
2005 3535
2005 4476
107 4476
107 3243
821 3243
821 2750
2750 4354
2258 4354
2258 2696
2696 4803
3502 4803
3502 4298
3031 4298
571 3031
571 1906
1906 2724
2724 3189
2430 3189
798 2430
798 4343
1172 4343
1172 2292
2292 4388
4388 4418
4418 4846
1639 4846
1088 1639
227 1088
227 1825
711 1825
711 1812
407 1812
407 2432
341 2432
341 4990
3063 4990
1220 3063
1220 1376
1376 3051
1290 3051
1290 1541
1541 2581
2581 4539
4539 4997
2062 4997
2062 4252
1435 4252
1435 2238
681 2238
681 2464
746 2464
746 2856
2856 4729
2199 4729
2199 4036
792 4036
792 3012
3012 3445
3153 3445
1576 3153
1440 1576
1440 1999
474 1999
474 1014
1014 1344
1065 1344
226 1065
226 4663
1035 4663
1035 3648
3599 3648
651 3599
651 4248
263 4248
263 1760
1760 3499
3499 4316
2159 4316
2159 2651
2651 3824
1337 3824
560 1337
560 2368
2368 2988
2988 3228
3115 3228
3115 3624
3619 3624
1284 3619
567 1284
567 2803
1311 2803
1311 4364
2785 4364
2118 2785
2118 3850
3850 4649
1753 4649
1753 3898
431 3898
431 1580
1580 2975
555 2975
555 4766
2489 4766
2489 4892
4334 4892
1072 4334
1072 1709
1083 1709
697 1083
697 3997
3997 4583
1259 4583
1259 2684
2684 4125
3109 4125
3109 4655
4469 4655
3082 4469
2247 3082
2247 2820
2820 3126
1638 3126
1265 1638
1265 1810
1810 4429
3328 4429
3328 4242
3128 4242
3128 3639
3639 4119
3563 4119
151 3563
151 4106
2496 4106
2245 2496
2245 3462
1152 3462
633 1152
633 3124
2376 3124
2376 3967
3111 3967
471 3111
471 1364
1364 4709
3054 4709
3054 4831
2332 4831
1203 2332
1203 2583
2583 4077
1600 4077
319 1600
319 2846
2586 2846
85 2586
85 881
881 2795
1790 2795
1790 3492
1691 3492
432 1691
432 3688
1156 3688
1156 2501
2501 3428
1888 3428
339 1888
339 3804
3703 3804
2879 3703
2699 2879
2699 3180
957 3180
957 2976
2976 3024
3024 3857
2349 3857
2349 2818
850 2818
850 1115
1115 4488
1276 4488
1276 3969
65 3969
65 4043
1037 4043
1037 3973
3053 3973
596 3053
33 596
33 2069
2069 2303
1545 2303
1545 1585
628 1585
628 3612
2663 3612
2663 4825
2686 4825
2686 3300
3300 3892
508 3892
508 4317
2444 4317
2444 4223
3035 4223
1845 3035
1845 1996
556 1996
556 3565
3565 4065
2573 4065
861 2573
810 861
810 1036
1036 4052
3004 4052
943 3004
943 2236
2236 3555
3 3555
3 2079
2079 2390
2390 3282
3108 3282
3108 3179
1517 3179
1517 3922
3163 3922
764 3163
764 2992
2161 2992
2161 4629
16 4629
16 3248
381 3248
381 1735
1735 3481
1593 3481
1593 4174
2085 4174
2085 3853
2700 3853
365 2700
365 4635
3325 4635
3325 3342
334 3342
334 4777
3221 4777
1575 3221
1575 3685
3685 4941
999 4941
999 2195
1328 2195
1328 3827
3827 4580
3949 4580
3949 4092
1348 4092
685 1348
685 4801
2361 4801
2361 3769
3489 3769
3489 4320
2029 4320
2029 4176
3653 4176
3329 3653
3329 4718
3498 4718
1017 3498
1017 4103
1852 4103
982 1852
982 2045
2045 4793
1141 4793
1141 2513
356 2513
356 704
704 3966
523 3966
523 4393
2427 4393
1025 2427
1025 3042
1236 3042
1236 4532
425 4532
425 2274
1130 2274
1130 2511
2511 2524
2524 4957
1214 4957
1214 1450
112 1450
51 112
51 2367
1537 2367
1537 3752
925 3752
925 3086
3086 3702
2904 3702
2644 2904
2644 3650
1982 3650
1982 3696
3696 4981
3957 4981
1273 3957
1273 4912
3460 4912
2672 3460
1689 2672
1689 1750
1750 2892
2892 4836
4836 4881
2742 4881
1737 2742
132 1737
132 3000
3000 4808
2920 4808
2080 2920
1319 2080
1319 4268
3835 4268
2296 3835
2296 3779
3779 4967
2162 4967
2162 3141
1260 3141
1260 4336
921 4336
601 921
601 614
614 2380
2380 2461
1695 2461
1469 1695
1469 3920
3848 3920
3848 4487
2866 4487
2866 3875
1925 3875
1643 1925
1643 3559
722 3559
722 766
766 3375
1384 3375
1380 1384
1380 3089
3089 3663
2242 3663
2242 4523
554 4523
554 4134
367 4134
367 3450
1509 3450
384 1509
384 2285
2285 4773
893 4773
893 964
964 2730
2730 2994
1620 2994
395 1620
395 4750
1883 4750
1883 1969
619 1969
619 3618
2446 3618
123 2446
123 828
828 3322
1818 3322
1818 3212
3212 4443
799 4443
799 885
885 3606
2532 3606
2532 4499
2468 4499
1474 2468
1474 4069
1098 4069
222 1098
222 661
661 3955
2729 3955
2729 4008
2609 4008
2609 3589
3589 4748
4739 4748
90 4739
90 3395
1394 3395
1394 2652
2652 3023
3023 3287
3287 4534
299 4534
299 4277
2413 4277
2413 3633
1207 3633
1207 2294
2294 4067
1530 4067
1530 2044
2044 3501
2624 3501
2624 3206
1095 3206
1095 1125
1125 3170
3170 3384
2030 3384
1601 2030
1601 3084
3084 3181
3181 3452
1568 3452
1568 2363
2363 3358
1619 3358
1619 2307
2307 4913
4102 4913
2077 4102
2077 4822
2773 4822
1161 2773
1161 1765
1765 1767
305 1767
305 2046
2046 4959
924 4959
924 3726
927 3726
927 4029
2855 4029
1108 2855
1108 2838
1211 2838
1211 3899
3716 3899
629 3716
629 3924
929 3924
929 1375
1375 4863
1326 4863
1326 4344
1945 4344
1945 2058
2058 4219
1262 4219
862 1262
862 3591
3591 4680
2050 4680
1501 2050
1501 1578
1578 3161
3161 3219
3166 3219
167 3166
167 3495
251 3495
251 695
695 1882
1148 1882
1148 2336
2336 3699
475 3699
475 3621
3621 4619
4063 4619
4063 4589
773 4589
773 3998
3847 3998
329 3847
329 3242
2650 3242
2650 4914
4654 4914
494 4654
494 4869
3443 4869
3443 3554
2477 3554
1013 2477
1013 3058
1696 3058
1696 4830
2936 4830
279 2936
279 623
623 2922
2922 4095
2582 4095
2582 3773
3183 3773
3091 3183
2592 3091
2592 3156
2262 3156
1074 2262
1074 4232
2310 4232
42 2310
42 777
777 3560
1512 3560
1512 3214
557 3214
557 2134
2134 3906
1288 3906
1288 1669
1669 3651
3131 3651
3131 4204
2717 4204
2717 2833
2833 3446
3446 4995
4579 4995
605 4579
548 605
548 1496
1258 1496
1085 1258
1085 1535
374 1535
361 374
361 647
647 4084
1749 4084
1749 2202
242 2202
242 1964
1964 4742
1470 4742
1470 2733
2733 3034
3034 4236
998 4236
998 2811
1 2811
1 4031
721 4031
721 4313
1103 4313
1103 3676
3593 3676
2577 3593
2577 3789
58 3789
58 3866
3274 3866
3274 4630
1618 4630
340 1618
340 4101
1087 4101
392 1087
392 3390
1472 3390
1472 2167
2167 2656
2656 2794
1983 2794
1983 4328
672 4328
672 4688
1160 4688
1160 2990
2990 4924
4051 4924
1433 4051
1433 1918
193 1918
193 204
204 4682
3959 4682
2869 3959
2869 4761
430 4761
430 3519
2145 3519
145 2145
145 4462
1034 4462
1034 3275
3275 4005
4005 4386
3963 4386
160 3963
160 609
609 3737
926 3737
926 4936
2722 4936
2722 4038
4038 4078
1431 4078
1431 3244
2762 3244
2329 2762
2329 4522
3622 4522
1717 3622
1717 2568
501 2568
501 568
568 3099
2732 3099
177 2732
177 3389
463 3389
463 4200
805 4200
805 3159
3159 3682
3682 4187
1451 4187
1451 4048
1745 4048
1745 3280
802 3280
586 802
586 1604
240 1604
240 4181
959 4181
959 4225
1169 4225
118 1169
118 1222
1222 3989
3989 4183
3200 4183
59 3200
59 159
159 4933
3432 4933
3432 4149
3576 4149
241 3576
241 2130
788 2130
788 3261
3103 3261
3103 3391
3391 3725
3292 3725
3292 4352
4352 4983
3684 4983
2666 3684
266 2666
266 2139
2139 4113
1661 4113
1661 2637
1827 2637
1827 2147
2147 4387
1781 4387
947 1781
947 1441
1441 1981
997 1981
997 4034
3246 4034
720 3246
720 2000
636 2000
636 2448
2448 3104
1442 3104
1412 1442
1412 2298
2298 3841
1362 3841
1362 4310
3903 4310
3895 3903
589 3895
589 2632
1803 2632
1803 2608
2608 4735
347 4735
347 3687
2498 3687
2498 4722
2487 4722
2487 3572
1438 3572
1438 2914
684 2914
684 4170
4170 4791
649 4791
649 2955
188 2955
188 2232
674 2232
674 2985
2985 3867
3867 3984
3112 3984
3112 3345
3283 3345
3283 4622
4622 4628
971 4628
971 4220
1168 4220
122 1168
122 4636
2231 4636
2231 4703
4653 4703
3368 4653
648 3368
648 2398
2313 2398
1978 2313
1978 2896
2896 4215
378 4215
378 638
638 4324
364 4324
364 3630
1726 3630
1551 1726
1551 2948
1864 2948
98 1864
98 155
155 4322
403 4322
398 403
398 1553
1553 3636
1358 3636
1061 1358
1061 2048
1097 2048
7 1097
7 2635
29 2635
29 4145
1406 4145
250 1406
250 3926
2063 3926
1274 2063
1274 4928
2173 4928
2173 3270
2004 3270
1308 2004
1007 1308
1007 3117
3117 3341
3341 4190
4190 4457
4018 4457
2436 4018
2034 2436
2034 4325
3049 4325
3049 4930
3532 4930
3268 3532
3060 3268
3060 4974
1861 4974
1861 4330
1668 4330
1668 2842
2842 3174
1928 3174
1928 4182
3026 4182
3026 3551
2877 3551
2716 2877
1334 2716
1334 2165
2165 2545
2545 3203
1662 3203
1662 3913
1032 3913
1032 1277
1277 3327
3327 4449
4426 4449
264 4426
264 2633
2633 3064
2206 3064
68 2206
68 447
447 4227
443 4227
443 4529
3021 4529
2740 3021
2740 3317
2905 3317
1230 2905
1230 3514
654 3514
654 2665
2639 2665
2090 2639
2090 4794
2379 4794
2379 3048
2482 3048
2482 2943
1112 2943
1112 4305
1202 4305
1202 4817
1652 4817
1652 2233
2215 2233
2215 3933
1677 3933
1677 2176
2176 4446
4446 4551
2086 4551
477 2086
477 3041
3041 3473
2693 3473
2693 4304
255 4304
255 3744
3744 3771
2550 3771
2550 4814
2860 4814
1940 2860
1940 4689
2102 4689
2102 4007
4007 4660
4584 4660
2256 4584
514 2256
376 514
376 2271
2271 3830
3830 4671
3627 4671
1119 3627
1119 3297
3297 3449
2549 3449
415 2549
415 2426
2426 4141
3418 4141
1396 3418
1396 2276
592 2276
592 1067
1067 1298
1298 3814
3814 4235
1446 4235
1446 3770
3770 4130
3198 4130
3010 3198
944 3010
944 4374
237 4374
237 4195
4045 4195
2 4045
2 1523
511 1523
77 511
77 4679
1546 4679
1546 3558
214 3558
214 2177
953 2177
953 1053
1053 4860
3568 4860
2022 3568
2022 2478
2478 3220
212 3220
212 991
991 1419
1419 4925
2123 4925
2123 3877
3877 3907
1847 3907
1847 4839
1533 4839
1533 2728
1832 2728
1832 2278
2278 2788
2788 3991
3991 4853
2131 4853
2131 4775
3810 4775
3810 4576
3334 4576
1410 3334
1410 2829
1980 2829
1980 3962
574 3962
574 4326
1092 4326
1092 4819
4819 4987
2640 4987
440 2640
440 4696
102 4696
102 2570
1612 2570
1516 1612
1516 2778
396 2778
396 4191
4191 4949
1000 4949
1000 3614
3505 3614
2119 3505
439 2119
439 1059
1059 4203
4203 4255
3826 4255
666 3826
666 4858
4858 4945
717 4945
717 4744
3107 4744
894 3107
874 894
66 874
66 448
448 3757
2631 3757
1913 2631
1913 2667
2667 3981
989 3981
989 3350
2253 3350
2253 4698
2756 4698
2756 4152
3237 4152
3237 3692
2184 3692
1570 2184
1240 1570
1240 1400
1400 3971
325 3971
325 3754
382 3754
382 1281
1281 2508
2508 2674
351 2674
351 3403
2915 3403
2915 3566
3566 4632
131 4632
131 540
540 2480
2480 3344
1086 3344
1086 1587
1587 4358
2056 4358
423 2056
423 1774
1449 1774
1449 4685
986 4685
986 3381
3074 3381
1182 3074
1182 3100
3100 4477
2784 4477
2784 3168
3168 3409
2552 3409
2552 4363
2127 4363
2127 3030
2460 3030
2460 3678
1336 3678
1280 1336
1280 2772
2772 4047
1868 4047
1868 2128
2128 3580
500 3580
500 2183
2183 4542
3748 4542
630 3748
630 3546
2659 3546
2659 4691
2998 4691
2504 2998
125 2504
106 125
106 300
300 3805
779 3805
779 2149
1018 2149
1018 4778
935 4778
935 1875
69 1875
69 530
530 1732
1732 3795
537 3795
537 1370
1370 3961
1914 3961
1914 2070
5 2070
5 512
178 512
178 1787
1631 1787
718 1631
119 718
119 4435
525 4435
525 541
541 1909
1041 1909
1041 1569
1569 3313
3302 3313
3302 3458
2439 3458
2439 4022
245 4022
245 1998
1998 2481
2481 2539
2013 2539
2013 3299
1454 3299
1454 4727
816 4727
816 1243
1243 3336
778 3336
778 4907
201 4907
201 2751
1373 2751
1279 1373
116 1279
116 516
516 1029
1029 1602
1602 3574
2766 3574
2766 4283
320 4283
320 460
460 4311
2690 4311
2690 4122
3383 4122
3383 3477
223 3477
223 4960
4146 4960
2383 4146
114 2383
114 4780
4341 4780
3338 4341
3338 4510
745 4510
745 1138
1138 4444
4444 4480
1610 4480
1447 1610
1447 4517
1070 4517
1070 4560
758 4560
758 2340
2340 2454
2454 4919
1459 4919
1459 2598
2598 4014
1504 4014
1504 2103
2103 2854
2854 2971
2971 4394
2989 4394
1846 2989
158 1846
158 513
513 4847
2244 4847
2244 3803
860 3803
860 995
970 995
62 970
62 1956
945 1956
945 3615
3005 3615
3005 3348
2335 3348
845 2335
845 1117
1117 1416
1416 3033
1703 3033
707 1703
559 707
303 559
303 1522
1522 4279
4279 4483
2863 4483
1242 2863
1242 2746
1786 2746
1685 1786
1685 4598
771 4598
549 771
549 4136
2748 4136
2399 2748
2399 3125
3125 3869
613 3869
613 1099
1099 2707
2707 3061
3061 4214
1303 4214
910 1303
910 4238
3154 4238
2823 3154
1698 2823
1698 2790
217 2790
217 1757
1757 1922
1922 2917
2395 2917
2395 4980
2400 4980
318 2400
318 2591
2591 2895
689 2895
689 2092
2092 3255
2888 3255
8 2888
8 3718
3169 3718
2563 3169
249 2563
249 2197
2197 2913
2913 4968
1613 4968
1613 3018
2580 3018
2580 2759
2273 2759
667 2273
667 4656
2776 4656
852 2776
852 1987
1860 1987
1860 3096
2536 3096
2536 2831
1476 2831
1476 2590
903 2590
903 2749
2749 3540
2222 3540
2222 4230
719 4230
719 1645
1645 4422
598 4422
598 3939
1518 3939
1518 2822
2822 3798
2662 3798
2662 3709
1686 3709
1658 1686
1658 2543
2452 2543
2334 2452
1663 2334
453 1663
453 4050
3965 4050
3965 4862
1881 4862
823 1881
823 1830
1830 4455
768 4455
484 768
484 4526
4526 4786
2370 4786
2370 2389
1828 2389
1828 4710
2002 4710
2002 4108
4108 4465
1816 4465
750 1816
750 1432
1432 3522
2584 3522
2584 4676
4559 4676
706 4559
706 3896
3503 3896
3503 4714
1011 4714
1011 2126
2126 3954
3071 3954
1271 3071
1190 1271
476 1190
476 932
932 2084
2084 4604
3781 4604
491 3781
350 491
350 4687
1769 4687
1769 4555
2787 4555
2787 4297
3301 4297
2956 3301
2956 3923
3146 3923
3146 4090
4090 4434
1477 4434
1477 3654
1471 3654
202 1471
202 4188
3860 4188
3860 4185
566 4185
115 566
115 280
280 3043
2834 3043
480 2834
480 1040
37 1040
37 4614
2875 4614
1302 2875
1302 2185
45 2185
45 4010
3944 4010
2209 3944
2209 4916
983 4916
196 983
196 1492
1492 3400
521 3400
521 3149
797 3149
797 4582
820 4582
820 2204
2204 4946
3289 4946
3289 3976
1793 3976
1793 4737
2676 4737
2676 2727
2354 2727
1346 2354
1346 3543
2188 3543
1572 2188
185 1572
185 3529
3529 4882
2381 4882
2381 4911
3245 4911
3245 4085
4085 4876
993 4876
308 993
308 669
669 762
762 3085
3085 3516
3516 4783
2409 4783
1635 2409
1635 4699
1583 4699
539 1583
539 1783
1309 1783
354 1309
354 2351
357 2351
315 357
315 911
911 4390
46 4390
46 2712
2712 3945
3354 3945
3354 4389
2906 4389
2906 2970
550 2970
550 4535
1801 4535
1801 3486
2777 3486
2777 4270
4270 4972
1321 4972
1321 2618
2618 4448
4448 4751
478 4751
478 1057
1057 2614
1589 2614
1589 3518
73 3518
73 1607
60 1607
60 581
581 2903
2903 3142
2490 3142
1398 2490
696 1398
696 1603
1603 4807
1814 4807
819 1814
819 4491
2425 4491
1759 2425
1759 2611
2611 4153
3712 4153
48 3712
48 49
49 3028
261 3028
261 1937
1047 1937
1047 4606
740 4606
740 1588
1588 4493
4493 4562
1140 4562
1140 2280
2280 4821
912 4821
912 4512
4459 4512
278 4459
278 4747
1995 4747
1995 4193
3774 4193
1752 3774
1752 3013
1667 3013
1667 3767
391 3767
20 391
20 2757
1628 2757
1628 3982
2753 3982
2753 3825
767 3825
767 1378
1378 3134
2026 3134
2026 4171
2392 4171
1270 2392
1270 2433
2433 4178
1657 4178
1657 4024
3912 4024
3032 3912
3032 3740
3740 3758
1415 3758
871 1415
871 1773
1773 3977
2515 3977
2515 4973
253 4973
253 4392
2386 4392
2386 4926
930 4926
930 1536
1536 2321
483 2321
483 1878
1878 4838
4838 4906
2770 4906
2770 3257
1731 3257
1731 3772
3772 4952
4657 4952
1028 4657
1028 2935
1900 2935
31 1900
31 4886
2925 4886
1514 2925
1514 2288
25 2288
25 4603
3438 4603
1232 3438
1232 3902
1829 3902
1829 3382
3382 3463
3463 4508
2136 4508
2136 4565
2373 4565
2373 4079
3831 4079
366 3831
366 659
166 659
166 2715
984 2715
281 984
281 2457
2457 4199
1970 4199
1970 3674
419 3674
419 1287
1287 3254
3254 4865
4800 4865
2815 4800
2815 4678
4678 4848
3405 4848
1020 3405
1020 3581
346 3581
100 346
100 3836
492 3836
492 3844
3844 4216
3635 4216
2443 3635
2443 4445
1116 4445
1116 2341
234 2341
234 1808
1796 1808
1796 2945
2945 4891
401 4891
401 3258
2474 3258
2418 2474
2418 2816
755 2816
755 2422
2422 3783
3175 3783
3175 4545
3871 4545
3645 3871
2683 3645
2683 3067
1554 3067
1554 3425
3425 3812
3812 4451
1021 4451
1021 2670
1591 2670
775 1591
775 2067
2067 2629
2629 4999
1228 4999
449 1228
449 3020
2219 3020
295 2219
295 3552
1911 3552
1911 1948
1948 2143
2143 2240
2240 2301
1052 2301
130 1052
130 4644
2327 4644
1598 2327
1455 1598
1455 2626
1414 2626
1414 1707
498 1707
498 3788
1615 3788
1194 1615
1194 2455
2455 2765
1507 2765
252 1507
252 273
273 2011
2011 2689
2689 4843
1307 4843
437 1307
437 2074
2074 2721
1135 2721
1135 3190
3036 3190
3036 3373
2918 3373
372 2918
372 1719
1719 4896
426 4896
426 1784
809 1784
809 1733
1733 4648
140 4648
140 2610
2610 2977
2977 3768
1907 3768
1907 2926
880 2926
880 4251
2849 4251
1503 2849
1503 2947
2648 2947
2648 4409
2507 4409
2507 4697
1439 4697
849 1439
849 4621
1527 4621
1527 4228
4228 4478
4406 4478
307 4406
307 2983
1493 2983
1493 3119
1122 3119
1122 4810
4810 4887
913 4887
129 913
129 3006
607 3006
607 1379
1379 4173
499 4173
499 3277
2761 3277
2761 3440
3440 4612
3326 4612
2228 3326
110 2228
110 2934
1173 2934
1173 4497
2691 4497
2559 2691
1567 2559
1567 2169
2169 3196
3196 3312
1106 3312
1106 1436
594 1436
594 4075
2179 4075
1090 2179
434 1090
434 1842
1842 3631
735 3631
482 735
482 3845
3080 3845
3080 4470
2225 4470
2225 4626
1467 4626
1467 2995
457 2995
457 470
470 2041
2041 4866
814 4866
814 2331
2331 3941
3941 4840
2357 4840
2357 3471
3471 3526
3417 3526
1543 3417
1543 2017
877 2017
877 3983
3983 4490
969 4490
969 2385
2372 2385
2372 4667
2669 4667
1267 2669
21 1267
21 4015
4015 4192
4192 4809
213 4809
213 4256
2806 4256
2806 3996
3996 4345
4345 4377
4377 4767
4767 4910
4844 4910
3893 4844
3893 4331
4331 4781
4312 4781
103 4312
103 3808
1611 3808
1611 3421
3421 3822
1896 3822
15 1896
15 4915
2445 4915
2445 3607
1766 3607
1766 4201
4201 4365
4302 4365
4302 4785
79 4785
79 1624
1624 4303
3807 4303
3736 3807
1350 3736
1350 4296
716 4296
716 3075
3075 4337
3226 4337
377 3226
377 4413
2836 4413
2836 2894
2894 3413
228 3413
228 4834
3972 4834
3972 4458
1256 4458
1256 2821
2821 2865
462 2865
239 462
239 2984
2636 2984
2636 3165
620 3165
620 3132
128 3132
128 3839
3610 3839
1836 3610
1836 3811
551 3811
551 4721
4572 4721
1237 4572
1237 4210
3952 4210
1692 3952
1268 1692
1268 4381
4111 4381
4111 4267
532 4267
532 2469
2469 2923
2923 4716
3697 4716
149 3697
149 618
246 618
246 1616
1616 2861
2393 2861
2275 2393
1445 2275
335 1445
335 3846
282 3846
282 1357
1357 4439
458 4439
458 575
575 3133
3123 3133
3123 3204
2594 3204
665 2594
316 665
316 1534
1139 1534
342 1139
342 4500
3310 4500
3185 3310
3185 3603
1930 3603
1930 4257
3717 4257
1292 3717
1292 3749
3749 4367
3194 4367
1100 3194
905 1100
905 2156
2156 2858
675 2858
675 1933
1555 1933
1555 3415
3415 4982
732 4982
732 3483
822 3483
822 3874
2295 3874
2295 4823
3439 4823
2471 3439
2471 4772
4726 4772
2168 4726
1038 2168
1038 1595
1595 2172
2172 4399
4118 4399
3264 4118
301 3264
301 4139
1324 4139
1324 2182
2182 3722
3722 4016
3604 4016
417 3604
417 915
915 1621
1313 1621
713 1313
713 3393
714 3393
714 3288
941 3288
941 4506
4479 4506
360 4479
360 1264
1264 2786
2576 2786
2576 4587
3732 4587
3533 3732
380 3533
380 1785
690 1785
690 1831
1831 4133
4123 4133
3755 4123
2010 3755
1963 2010
1963 4456
573 4456
573 1252
1252 3641
2113 3641
2075 2113
1872 2075
1872 2986
1497 2986
1497 1599
1599 2061
2061 3994
2003 3994
2003 4662
578 4662
578 2793
2793 4300
230 4300
230 3720
3720 4120
1809 4120
1464 1809
1464 4507
3762 4507
781 3762
781 1506
1506 4217
3634 4217
2466 3634
2466 2718
1443 2718
1283 1443
1283 4774
3001 4774
3001 4033
2031 4033
2031 3388
393 3388
393 4293
558 4293
558 2235
2235 4815
4815 4965
800 4965
800 1887
1887 4554
86 4554
86 3177
942 3177
942 1008
1008 1670
1670 4902
902 4902
902 1560
1195 1560
1195 1367
981 1367
981 1107
1107 1973
1973 2521
2491 2521
934 2491
934 3491
531 3491
531 3406
92 3406
92 3815
127 3815
127 1399
1399 2646
1946 2646
1806 1946
1806 2597
2597 3964
2120 3964
2120 2921
1073 2921
1073 2290
920 2290
920 3919
3919 4719
2359 4719
1953 2359
1953 2305
362 2305
362 3992
225 3992
225 4291
522 4291
522 2218
2218 2579
198 2579
198 4143
3434 4143
3434 3942
3278 3942
3278 4577
1548 4577
120 1548
120 2882
2882 4923
3332 4923
811 3332
811 4984
438 4984
438 2805
702 2805
702 1444
1444 2664
2664 4824
3557 4824
1019 3557
1019 3623
1266 3623
224 1266
224 1120
901 1120
901 3269
1763 3269
1763 4333
433 4333
433 517
517 3584
3584 4412
180 4412
180 796
796 3307
3307 3859
1300 3859
1300 4851
1405 4851
1405 2677
2677 4012
3873 4012
1127 3873
1127 4273
1197 4273
1197 2012
208 2012
208 3259
3259 3493
3493 3711
749 3711
67 749
67 4704
53 4704
53 323
323 4720
1015 4720
1015 3911
1239 3911
1239 3479
3479 3921
972 3921
972 2100
78 2100
78 1606
1606 4760
1286 4760
1286 1955
1955 2900
1180 2900
1180 1221
1221 3884
3884 4695
2018 4695
1988 2018
1988 4784
642 4784
642 1768
1608 1768
1322 1608
88 1322
88 733
733 4586
978 4586
978 1457
1457 1826
1826 2519
1630 2519
1630 3279
742 3279
742 1066
1066 2694
2694 4160
987 4160
987 3188
533 3188
533 4890
2196 4890
836 2196
836 1317
1317 4970
169 4970
169 2853
2853 4804
2251 4804
1819 2251
1819 2483
2483 2704
262 2704
262 311
311 1966
520 1966
520 3324
1971 3324
1971 2671
2671 4484
2473 4484
2473 4950
1640 4950
916 1640
563 916
563 4222
1843 4222
1843 3520
3520 4922
3864 4922
2205 3864
2205 3095
3095 4433
3549 4433
454 3549
454 4013
2769 4013
2769 3055
3055 3999
3999 4672
3553 4672
3399 3553
3399 4338
2449 4338
1204 2449
1204 3490
2348 3490
1646 2348
232 1646
232 3436
3436 4818
3832 4818
314 3832
297 314
297 4289
2603 4289
1427 2603
1427 4675
4281 4675
4281 4943
3956 4943
1452 3956
1306 1452
1306 3851
527 3851
527 1729
1729 3472
3241 3472
3231 3241
2779 3231
2779 3691
2607 3691
2175 2607
2175 3225
2615 3225
1217 2615
1217 1711
146 1711
146 1473
1473 4198
1475 4198
1475 2180
2180 4427
3027 4427
3027 4087
3587 4087
992 3587
637 992
637 4637
3927 4637
1934 3927
26 1934
26 813
813 2529
2529 3858
3858 4561
1704 4561
1704 1839
1839 3207
427 3207
427 4349
2673 4349
787 2673
787 4359
1462 4359
1462 3456
2375 3456
2375 3295
1849 3295
1849 3412
3412 3469
2299 3469
2299 3148
1022 3148
344 1022
344 3679
1617 3679
817 1617
817 3710
3500 3710
3494 3500
2115 3494
2115 3314
2752 3314
2752 4132
2681 4132
1437 2681
1437 4245
1045 4245
1045 1556
1556 2109
2109 3335
3335 4226
3377 4226
3377 4430
3129 4430
184 3129
184 4903
4903 4998
358 4998
97 358
97 1526
1413 1526
1413 2181
1089 2181
1089 1499
646 1499
646 3974
2946 3974
2946 4361
3414 4361
1824 3414
1824 4978
1285 4978
534 1285
534 4301
857 4301
857 3577
1483 3577
1483 1821
1821 2187
1044 2187
1044 4475
1114 4475
772 1114
772 1382
383 1382
383 864
864 2447
2447 3139
3139 4009
1500 4009
336 1500
336 752
324 752
324 4762
4371 4762
4371 4884
2106 4884
2106 3662
841 3662
841 4425
4425 4963
269 4963
269 1744
1744 4764
4362 4764
2078 4362
1096 2078
1096 4713
4410 4713
3205 4410
91 3205
91 884
700 884
700 3695
1791 3695
1791 4792
147 4792
147 3459
727 3459
727 3116
3116 3240
2315 3240
2229 2315
2229 4976
763 4976
763 1840
216 1840
216 2930
2930 4054
2880 4054
2108 2880
2108 4752
1776 4752
1776 3366
3366 3567
3567 3751
3751 4353
2731 4353
1919 2731
1919 4951
1010 4951
1010 3541
1330 3541
1330 4086
2479 4086
1043 2479
1043 1901
1901 2999
2857 2999
2857 4286
497 4286
497 1147
1147 4397
4205 4397
3202 4205
2567 3202
1179 2567
1179 1561
1561 1997
1997 2764
1519 2764
1519 3694
3694 4578
1238 4578
1238 4373
603 4373
603 4592
3724 4592
3724 4651
3990 4651
1001 3990
1001 2840
2840 4898
3802 4898
804 3802
804 4042
2411 4042
2411 4597
1146 4597
1146 1282
1282 2826
2826 3461
724 3461
724 4888
2604 4888
1388 2604
1388 2623
1166 2623
1166 4175
2148 4175
765 2148
765 2510
783 2510
783 1383
1064 1383
1064 1764
1764 2358
2358 2898
209 2898
209 3816
585 3816
585 790
552 790
552 2587
985 2587
985 1915
1915 3420
963 3420
963 1199
1199 2919
2919 4211
1206 4211
1206 3467
2374 3467
2374 3468
709 3468
709 3664
3664 4633
3689 4633
3162 3689
3162 4140
854 4140
656 854
656 2743
2465 2743
2465 4072
1155 4072
1155 4731
2726 4731
1581 2726
1581 4315
1234 4315
23 1234
23 4645
3571 4645
96 3571
96 4872
4872 4994
679 4994
288 679
288 528
153 528
153 1164
1164 4288
1724 4288
1724 2239
2239 2649
2649 2824
2824 4066
3437 4066
582 3437
582 4940
402 4940
402 4126
3171 4126
1594 3171
726 1594
726 2270
2270 3253
1515 3253
1515 1891
1891 2324
923 2324
923 3362
3362 3842
1153 3842
918 1153
918 1245
1245 1465
1102 1465
1102 3524
2008 3524
2008 3090
2060 3090
2060 3306
1666 3306
1003 1666
1003 2848
2095 2848
2095 3704
3704 4097
406 4097
117 406
117 1075
1075 2211
1562 2211
1562 4728
1294 4728
1294 4375
1799 4375
35 1799
35 643
643 1372
1372 3829
1563 3829
1563 2036
2036 2774
1128 2774
736 1128
736 3066
3066 4702
3894 4702
3135 3894
3135 4617
2542 4617
2129 2542
34 2129
34 3359
3359 4285
791 4285
791 1502
1502 3647
3647 4829
19 4829
19 1355
1355 1521
1521 3625
1231 3625
441 1231
441 3127
1508 3127
1508 2053
2053 3408
2089 3408
2089 3007
3007 4127
3995 4127
622 3995
622 2099
2099 3578
1903 3578
1877 1903
1877 4904
1550 4904
1550 2259
2259 2322
1671 2322
165 1671
165 3646
473 3646
473 3948
452 3948
452 1862
1862 4419
3916 4419
3333 3916
1134 3333
1134 1329
1329 4468
3953 4468
3953 4105
914 4105
914 1531
1531 4356
3285 4356
3285 3433
3433 4908
4705 4908
3840 4705
2124 3840
2124 2687
2687 4250
2870 4250
2870 4897
4897 4966
1042 4966
1042 1296
1296 4929
1559 4929
1559 1838
1838 3993
3993 4494
345 4494
345 4511
3855 4511
422 3855
422 1890
1491 1890
1491 3286
3286 4402
2893 4402
412 2893
412 3014
2488 3014
2488 3800
842 3800
842 4765
4339 4765
4194 4339
562 4194
562 1848
1848 4025
968 4025
968 3833
974 3833
974 4811
4438 4811
3968 4438
2416 3968
2416 4094
4094 4351
3564 4351
3564 3943
1110 3943
1110 3834
3834 3870
3870 4401
4401 4652
2047 4652
868 2047
868 3068
409 3068
409 1297
936 1297
936 2246
2150 2246
2150 4918
3040 4918
190 3040
190 3263
1159 3263
369 1159
369 1748
1513 1748
1513 2847
2847 4124
4124 4243
965 4243
546 965
546 2493
2023 2493
753 2023
144 753
144 2771
2771 4616
1421 4616
1421 3374
2227 3374
39 2227
39 3909
3029 3909
3029 3889
94 3889
94 896
896 3394
2864 3394
1251 2864
1251 4441
2685 4441
595 2685
595 2009
2009 4971
3039 4971
2873 3039
2873 4643
626 4643
626 4372
815 4372
815 4899
4037 4899
1889 4037
1889 3022
1006 3022
1006 1391
1391 3294
1084 3294
1084 2531
373 2531
373 1547
1547 3093
708 3093
708 785
785 3363
3363 3765
2551 3765
1058 2551
1058 3656
3656 4253
3708 4253
524 3708
101 524
101 1586
1586 1870
244 1870
244 4677
1253 4677
827 1253
827 949
949 3609
3609 4708
3037 4708
82 3037
82 3602
52 3602
52 691
691 4759
2189 4759
1989 2189
1700 1989
1700 2266
2266 4369
824 4369
824 3677
1314 3677
142 1314
142 1068
1068 4039
4039 4516
2237 4516
2237 2300
2300 3044
1681 3044
895 1681
895 3527
2039 3527
2039 4099
2081 4099
2081 3407
3351 3407
950 3351
950 2540
2540 2605
2605 2725
1244 2725
1244 2638
2638 4004
2213 4004
442 2213
175 442
55 175
55 1320
1320 3424
1708 3424
1708 3122
3122 3667
3667 4917
4795 4917
236 4795
236 3385
3216 3385
1938 3216
1912 1938
818 1912
818 3038
3038 3098
3098 3701
3701 4661
4156 4661
1154 4156
561 1154
561 2350
2350 3138
1352 3138
1352 2500
1552 2500
1552 3455
186 3455
186 2364
2171 2364
1975 2171
632 1975
632 3763
3763 4521
4064 4521
349 4064
349 4931
2021 4931
2021 4055
2885 4055
570 2885
570 4265
1822 4265
615 1822
577 615
577 3464
1142 3464
1142 1558
1558 4961
4258 4961
839 4258
839 1582
1582 4547
220 4547
220 4202
4202 4420
1233 4420
1233 3885
2883 3885
2883 3232
2279 3232
1196 2279
1196 1637
1637 4958
1055 4958
1055 3872
2371 3872
418 2371
200 418
200 3311
3311 3985
3985 4137
3398 4137
156 3398
156 3958
1802 3958
1802 2835
1905 2835
1905 3764
2302 3764
2302 2311
1479 2311
1479 3431
1935 3431
1275 1935
1275 4905
2657 4905
2657 4871
4659 4871
4659 4733
1460 4733
680 1460
680 2248
2248 4041
4041 4177
4177 4504
4030 4504
4030 4071
3837 4071
683 3837
683 2991
1104 2991
332 1104
332 4070
3743 4070
759 3743
759 3511
215 3511
215 4573
2709 4573
285 2709
285 3281
3281 3932
3429 3932
858 3429
858 3727
3666 3727
3666 4889
1498 4889
1498 4239
652 4239
64 652
64 2819
2819 2951
2668 2951
