4999
{}}}}}{{{{{}{{{}}{}}}}{}{{}{{{{{}}{{{{{{{}{{}{}{{}{}}{{}{{}{}{}{{{{{{{}}{{{{}}}}}}}}{}}{}}{}}}{{{}{}{}{{}{{{{{}}}{{{{}}}{}}}}}}}{{{{{{}}}{}{{}}{}}{{{}{{}}{}{{{}}}{{}}{}{}{}}}}}}{}{}{{{}{}{{}}}{}}{}{{}}{{}{{}{}{}}}{}{}{}{}}}}{}}}{{}}{{}{}}{}{}}}{}{{{}{}}}{}{}{}}{{{{}{{}}}{}{{{}{{{}}}}}{{}}}}}}{}}}{{{}{}{{{}}{}}}}}}{{{{}{}}{}}{}{{}}{}}}}{}{}}{{{}}{}{}{}{}{{{}{}}}{}{}{{}{}{}{{}{}}{}{}}}{}{}{{{{{{}}}}{}{}}}{}}}}}}{}}{{{{}}{{{{}{}}}}{{}{}}{}}{{}{}{{{}}}{{}}{}{{{{{}}}}{{{}{{{{}}{}}{{}}{{{{{{{{}{{{{}}{}{{}{}}}}{{}}{{}{{{{{}}{{{{{}}}}}}}{}}{{{}{{{{}}}}{{{{}}{}{{{}{{{}{}{}{}}}}{{{{{{{{{}{}}}}{}{}}}{{{}{{}}{}{{}}}}}{}}{}{{}}}{}{{}{}}{}}{}}{}}{{{{}{}{}{{}}{}}{}{{}}{{}{{{}}{{{}}}}}{{}{{{}{}}{{}{}{}{{}{}{{}}{}}}}}{{}{{}{{{{}{{{}{}}}}}}}{{}}{{}}{{}{}}{{}}}{}}{{{{}}}}{{}{{{}}}}}}{}}}{}{{}{}{{}}{{{{{}{}{}{}}{}{}}{}}{}}{}}}}{}{}{}}{{{}{}{{}}}}}}{{}{{}}{{}{}}{}{{{{}{{}}{{{}}{{}{{}{{}{{}}}}{{{{{}{}}}{{}{}}}}}{}{}{}}}{}{}}{}}}{}}{{{}{{{{}{{{{{}}}}{}{}{{}}{}}{{}}{{{}}{{{}{{}}{}{}}{}{{{{}{}{{}{{{{}{{}{{}}}}{{{{}}}}{}{{}{{{{}}}}}{{}{}{{{{}{{}{{}{}{}}}}{}{}}}{}{{{}{{}{}}{{{{}{{{{}{}{}{}}}}}{{{{{}}{}{}}}}{{{}}{{{}{}{}{}}}{}{}{{{{}}{{{}}}{{}{{{{}{}}}}{}{{}}{{}{}{{{{}}}}}{}}}}}}}{{}{}}}}{}}{{{{{{{}{}{{}}{{}{}}{}{{{}{}{}}}}{}}{}}{}}{}{{}}}{}}}{{}{{}{{}}}{}}{}{}{{{{}{{{{{{{}{{}}{{}}{{{}}}}{}}}{}{{{{}{}}}}}}}}{{{}}{}{}{{{{}{{{{{{}{}{{{{}{}{}{}{{{}}}{{{}{{}{{}}{{{{{{}}}}{{{{}{}}}{{{{}}{{}}}}}}}{{}{{{}{{{{}{{{}{{{}{}{{{}{}}}}{}{}}}}{}{{}}}{}}{{{}{{{}}}}{}{}}}{{}}{}{}}}}}}{}{}{{{{}}}{{}{}}}}}}{}}{{}{{}}{}}}{}{}}}}{{}{{}}}}{}}{}}}}}}}{}}{}{{}}}{}}{{{{}}}}}}}}{}}{}}}}{}{}{{}}{}}}{{}}}}}{}{}}{}{}}{}}}{{}{}}{{{{{}}{{{}}}}}{{}{}{{}{}{}}{{}}{}{}{{{{}}{}}{{{}{{}{{}}}}}}{{{{{{}{{{{}}}{{{{}}}{}}{{{{{{}{}}{{{{{{}}{}{}}}{{{}}}}{}{}}{{}}}}{{}}{{{{{{{}{{}}}{{}{{}}}}{{}}{}{}}}{}}}}}}{{}}{{}{{{{{{{{{{}}{{}}}{}}{{{}{{}}{}}}}}}}}}{}}}}}}}}{}}}}}{{}{}{}{{{}}{{}{}}}{}}{}}}}}}{}}{{}}}}{{}{{}{{}}}}}{{{}}}{{{{{{}{}}{}}{{{}}{{{{}{}{}}{}}{{}{{}{}}{}{}{{}}}}}{}}}{}{}}}{{}{}}{}}}}}}{{}}{}}}{}{{}{}}{}}{{{}}}{}}}}{{{}}{{{{}}{}}{{{}}}{{{{{{}{}}{{{{{}{}{}}}{}{}{}}{}}{{}{}}{}{}}{}{}{}}{}}{{}}}{}}{}}{{}{}}{}}{{{{}}}}{{}{}}}}}}}}}}}{}}}}}}}{{{}{}}{{{{{{{{{{}}{{{{}}}}{}}{{{}{{}}{}{{}}{}}}{{}{}{{{{}}{{}}}}{{}}}{}}{{}{{}}{}{}{}}}}}}{}{}{{}}}}{{{{{}}{}{{}{{{{}}}}}}{{}{{{{{{}{}{}}}{}{}}{}}{}{{{}}}}}{}}}{{}{{}{{{}}}{{}{}{}}{{{}}}}{{}}}}}}}{}}}}}{{{{{}}{{{{}}}}{{{}{}}}{}}{}{}{}{}}{}{}{}{}{}{}{{{{}{}{}{}{{{}{}}{}{}}{}{{{}{}}}{{}}}{}{}}}}}{{{}}}}{{{}{{{}}{{{}}{}{}{{{}{{}{}{}}}}}{}{}{{}{}}{{{}}{{{{}{}{}}{}{{{}{{{}{}}{{{}{{{{{}{}}{}{}}{{}{{{{{}{}}}}}}{}{{}}}{}{{}{}}{}}}}{}}}{}}{}}{{{{{{}}{}}}{}}}{}{{}}}{{{}{{{{}{{}{{}{}{{{}}{{}{{{}{}{}}}{}}{}{{}{}}{}{{{}{}}}}}{{{}{{{}{}{}}}{}}{{{{}{}}{}}}}}}}}{}{}{{{{}{}{{}{}{{{}{{{{{}{{{{{{{{{{{}{{}}{}}}}}}}{}}}{}{{{}{{{}}{}{}}{}}{}{{}}{{}}{{}{{{}}}}{}}}}}{{}}}}}{}{}}{}}{{{{{}}}}{{}{{}}}{}}}}}}}{{{}}{}{{}{}{}}}{{{}}{{}{}{{}{}{{}}{{}{}}}}{}{{}{{{}}{{}}}}{}}}{}{}}{{{{}{{{{}{}{}{}{}}}{{{}}{{}{{{}{{{{}}{{}}}}{{}}}}{{{{{}}{}{{}}{{{}{}}}}{}}{{{{{}}}}{}}{{}}}{}}{}{}{}{{}}}{{{}}}}{{}}}{}{{}{}{}{{}{}{}}{}}}{}{}{{{}{}}{{}{}}{}{}{}{}{{}{{}}{{{}}{{}}{}{{{}}}}{}{{{{}{}}{{{}}{}}{{}{{{}{}{}{{{{{{}}{{}{}}{{}}}}{}}{{}}{{{}{{{{{{}{}}{{{{}}{}}{}}}}{{{{}{{{}}}}{}{}}{}}}{}}}}{}}{}{}{}}}}{{{}{}}}}{}{}}}{}{{}}}}}}{{}{{}{}{}{{}{{{{{}}}}{}{{}}}{{{}{{{{}}}}{{{}}}}}}}{{{{}{{{}}{}{}}}}{}}}{{{}}{{{}{{{}}}{{}}{}}{{}{}{{{}{{{}}{{{{{}}{{{{{{}}{}{{}{}{}{}}{{}}{}}}}}{}{}}}}}{}}{{}{}}}}}}{{}{}{{}}{}}}{}{{}}}{{{}}{}{{}{}}{}}}}{{}}}{{}}{{}}{}}}}}}{{{{}{{}{{}}}{{{}{{{{}{{}}{{{}{}}}{{}}{}}}{{}{{{}{}}{}}}{{{}}{{{{{}{{}{}{{{}}{}{{{}}{{{{}}{{}}{}{}{{}{}}{}}{}}{{}}{}}{{}}{{}}{}}}}}{{}}{{{}}{}{{}}{{{}}}{{}{{{}}{{{{}}{{{{}}}}{{}}{}{}}{{{{{}{}{}}{{{{{}}}{{{}}{}}}}{{}}{}}}{{}{}{{{{}}}}{{}}{}}{}}}{{{{}}{{}{{{}}{}}{}}{}{{}}}}{}}{{{{}}{}{{{}}{{{}{{}{}}{{{{}{{}}{{{}}}}{{{{{{}{}}}}}{{}{{{{{{}}}{}}{}}{{}}{{}}{}}{{{}{{{{{}{{}}{{{}}}}}{}{{{}{}}{{}{}{{{}{{{{}}}}{}{{{}}{{{}}{}{{}}{}}}}{}{}{}{{{}{{}{}}}{}}}{}}}{{{{}{}}{}}}{}}{}}{}{{{}{}{}{{}}{{{{}}}}}}}{}{{}{{}{{{}{}{}}}}{{{{}{{}{{{}{}{{}{}}}{}{}{}{{{{}}}{{}{{}{}{{{}}{{{{{}{}{{}{{}}}{{{{{}{{{}}}{}}{}{}}{}}{}}}}{{}{{}{{{{}}}}}{{}}}{{{}}}{{{{}{{{{{{}{}{{}}}{{{{}}{}}}}{{}{{}{}}{{}{}}}{{}{{{}{{{{{}{{}}}{{{{}}}{{{}{{{{}}{}{{{}}}{{}}}{{}{{{{{{{{}}{}{{{{}}{}{{{{{}}{{}}}}{{}{}}}}{{}{{}{}}}}}{}{}}{}{}}{{}}{}}{}{}}{{{}}}}}}{}{{{}}}{{{{}}}}{}{}}}}}{}}}{{}{}{{{}{}{}{{}{{{{}{}{}}{{}}}}{{}{}}}}}{{}{}{{}}}}}}}{{}{}{{}{}{{}{{}}}}}{{{}{}{{{{}{{}{{}{}{}{}{{{}{{{}{{}}}}{{}}{{{{}{}}}}}{{{{}}}}{{}}{}}{{{{}}}}}}{{}}{{}{{{{}{{{}{}}{}}{{}}{}}}}{}}{{}{{}{{}}{}{{}{}}}{}{}{{{}}}}}}}}}{{}}}}}}}}}}{{}{{{{{{{{}{}{{}}}{{{}{}{}{{{{{}{{}{}{{}{}}{{{}{}}}{}{}{{{{{{}{{}{{}{}{}}}{}{}{}{}{{{{}}{{{{}{{{}{{}{}}}}{{}}{}}}}{}}{}{}{{}}}{}}{}{}}{}}}{{}{}{}{}}{{}}}}}{{{}{{}{}}}{}{{}{{}}{{{}}{}}}}{{}}{{{{{}{{}{}{{}{{{}}}}}{}{}{}{{{{{{}}}{{}{{{{{{}{}}{}{{{{}{{{}}{}}}}}{}{{}{{{{}{{}{}{{}}{}{{{{}}{}{{{{{{{}}{{{}}{}}{}{}}{{}}}}}{{{}}{}}{}{{}}}}{}}{{}}}{}{}{}}{{{}{}{{{}{}{}{{}}{}{{}{}{}}{{}}{{}{{{{}{}{}{{{}}}}{{}}{{}}{{}}{{{{{{{{{{{}}{{{{}}}}{{{{}{}}{}}}{}}{}{}}}{}{{}{}}{}{}{{{}{{{}}{}{}{}{}}}{}}{{}}{{{{
1169 1757
1757 2658
2658 2854
1973 2854
158 1973
158 217
217 4011
4011 4186
2774 4186
2774 4024
1929 4024
1929 3192
3192 4495
538 4495
538 714
714 1351
1351 2425
2222 2425
2222 2832
2199 2832
1219 2199
1219 2744
2744 2772
811 2772
811 1963
1963 3155
2783 3155
1577 2783
886 1577
886 4694
1562 4694
1562 2785
2012 2785
2012 2077
2077 2466
2466 2999
2999 4854
3615 4854
3602 3615
3602 4541
4189 4541
3410 4189
1651 3410
1647 1651
1647 2016
1774 2016
1774 2209
2209 2393
1886 2393
1488 1886
601 1488
242 601
242 723
723 4028
1347 4028
1347 4957
1540 4957
1540 1691
1691 1975
320 1975
320 1652
1128 1652
1128 3619
903 3619
236 903
236 4654
1446 4654
1446 3963
134 3963
134 2266
2266 3881
3881 4817
2291 4817
476 2291
476 2381
2180 2381
2180 3072
3072 3444
3444 3482
835 3482
835 1318
1318 3382
738 3382
738 1280
1280 3782
1501 3782
1260 1501
1149 1260
1149 1869
78 1869
78 4161
630 4161
630 3805
336 3805
336 3579
3579 4230
4230 4521
1914 4521
96 1914
96 1597
216 1597
216 881
881 2005
1092 2005
1092 3998
2800 3998
597 2800
597 814
814 3845
1670 3845
1670 3686
2985 3686
2985 4572
2413 4572
2413 3608
1767 3608
1330 1767
826 1330
826 2680
774 2680
329 774
329 3157
189 3157
189 1475
233 1475
233 4442
4442 4529
3299 4529
2876 3299
2876 3058
3058 4919
594 4919
594 4966
260 4966
260 1617
1617 3256
569 3256
451 569
451 1185
1185 4037
4037 4148
1718 4148
1718 3212
770 3212
770 2736
231 2736
231 3564
2718 3564
2718 3146
2096 3146
2096 4662
3249 4662
1243 3249
1243 2309
2309 4373
2788 4373
2788 3917
1528 3917
617 1528
617 4368
2320 4368
658 2320
494 658
494 4031
1500 4031
1500 3474
503 3474
503 2801
2801 3261
135 3261
135 3600
2616 3600
2023 2616
1924 2023
1924 2672
2672 4549
3741 4549
986 3741
986 1594
1445 1594
1445 3778
1805 3778
1601 1805
1518 1601
683 1518
683 4370
1659 4370
1659 3457
2493 3457
2493 4232
4181 4232
4181 4207
60 4207
60 3859
3859 4724
4724 4843
2014 4843
253 2014
253 1684
1684 2380
2380 4920
1408 4920
1408 3380
3380 3625
3087 3625
3087 3386
3386 3734
3462 3734
3462 4072
2919 4072
660 2919
660 4345
3547 4345
1851 3547
1851 1908
269 1908
269 2114
2114 3469
1136 3469
1136 3879
1668 3879
1218 1668
1218 3450
3450 4504
4504 4650
603 4650
603 3215
3215 3571
3000 3571
3000 4393
3419 4393
2408 3419
274 2408
59 274
59 2335
1310 2335
1310 1773
1773 4055
25 4055
25 1789
1789 4459
2001 4459
1157 2001
1157 1921
1921 3684
2526 3684
1428 2526
100 1428
100 1388
1388 2095
1916 2095
1916 2747
2747 3135
3135 3173
3173 4044
4044 4281
4281 4830
452 4830
452 1173
1173 1763
1680 1763
535 1680
535 2586
1741 2586
1741 2246
805 2246
689 805
689 4009
1564 4009
1564 2188
2188 3718
1574 3718
1337 1574
1337 4762
2853 4762
1588 2853
1588 4349
4349 4623
1752 4623
125 1752
125 4794
3131 4794
3131 4356
3205 4356
1250 3205
1051 1250
1051 4469
4469 4847
992 4847
992 3253
3253 4033
4033 4489
2117 4489
2117 2272
225 2272
225 1962
1962 3775
2740 3775
1125 2740
1125 1455
1225 1455
1225 3774
1835 3774
1835 2265
2265 4509
1811 4509
557 1811
557 4155
4155 4889
1932 4889
1932 3495
509 3495
509 3149
398 3149
398 3096
3096 4021
1268 4021
254 1268
254 425
425 3869
1502 3869
1502 2308
2308 4832
2904 4832
2904 2980
1021 2980
861 1021
861 2756
2756 3705
1939 3705
1939 2464
2464 3229
3229 3381
2799 3381
2799 2885
2885 3144
3144 3497
2032 3497
2032 3309
3309 4947
571 4947
571 1292
1292 3277
2863 3277
2863 3396
2621 3396
2147 2621
2040 2147
2040 4078
4078 4634
101 4634
101 1367
38 1367
38 386
386 2937
2937 3156
3156 4590
2412 4590
2412 4514
2185 4514
2185 2742
2742 3546
870 3546
870 2916
1885 2916
1626 1885
1033 1626
80 1033
80 4656
1587 4656
1587 2248
991 2248
991 1200
1200 2763
306 2763
306 3301
3301 4890
3929 4890
3593 3929
878 3593
878 1781
1545 1781
1545 1552
1552 3838
2135 3838
2135 4295
3803 4295
1244 3803
1244 1795
1795 3973
540 3973
540 2230
1332 2230
1332 2080
2080 2355
940 2355
940 1282
1282 4383
1925 4383
1821 1925
1821 3016
2382 3016
2382 3658
3412 3658
3412 3649
1762 3649
1762 4673
1181 4673
1155 1181
399 1155
399 457
457 2098
1895 2098
1895 4756
3938 4756
1591 3938
1591 2777
2777 4935
316 4935
316 3598
959 3598
959 2896
768 2896
768 2865
1970 2865
1970 2379
809 2379
809 2897
2372 2897
1301 2372
1301 2151
2151 4532
73 4532
73 2446
1980 2446
1980 3322
3322 3821
3821 4211
3201 4211
955 3201
552 955
552 3504
2949 3504
1417 2949
1417 1709
1520 1709
1520 3175
266 3175
266 1390
1390 4880
1039 4880
1039 4271
1607 4271
910 1607
910 2432
2432 2447
2447 2965
2965 3872
3872 4526
1609 4526
1516 1609
1516 3493
3493 4802
2137 4802
2137 3318
2483 3318
2274 2483
817 2274
515 817
261 515
261 759
759 2816
2435 2816
2435 3993
3993 4409
2202 4409
2202 2351
2351 4242
2555 4242
310 2555
310 4511
3530 4511
2019 3530
16 2019
16 2693
1710 2693
1710 4841
3107 4841
1437 3107
1437 2820
2294 2820
145 2294
145 2456
20 2456
20 4562
670 4562
670 2991
2991 4198
1364 4198
281 1364
281 4698
2104 4698
2104 4926
142 4926
142 2154
1592 2154
1592 4899
455 4899
455 1637
1637 3343
3343 3936
3664 3936
931 3664
931 2825
344 2825
344 4659
686 4659
686 808
808 4515
3465 4515
1328 3465
1328 2462
2462 3897
700 3897
700 4970
4530 4970
46 4530
46 411
411 3586
3586 4599
164 4599
164 1143
448 1143
448 3164
2894 3164
2894 2995
1052 2995
1052 1583
966 1583
966 3698
2366 3698
2366 2867
2867 4339
4339 4347
4347 4891
3112 4891
1024 3112
1024 1923
1923 4746
2886 4746
474 2886
458 474
458 2353
1370 2353
1370 4162
3007 4162
1452 3007
1452 3052
528 3052
528 2431
2431 4231
3154 4231
2822 3154
1522 2822
1413 1522
721 1413
721 3760
589 3760
589 2323
2279 2323
2279 3765
3180 3765
1888 3180
1534 1888
1534 2698
2698 4988
4925 4988
618 4925
618 3345
3345 4327
1378 4327
1378 4907
4613 4907
706 4613
706 2829
2371 2829
470 2371
470 3136
2826 3136
674 2826
674 4065
901 4065
901 4779
523 4779
523 3478
12 3478
12 64
64 3169
3169 4341
2809 4341
2809 4163
807 4163
807 4103
687 4103
687 1738
1738 3780
3780 4797
3063 4797
2587 3063
2587 4688
4279 4688
2267 4279
2267 4154
1341 4154
1341 1837
1837 3609
41 3609
41 1238
1238 1661
868 1661
868 4867
3002 4867
876 3002
661 876
661 1275
1275 4449
276 4449
276 1944
1944 2923
2659 2923
642 2659
642 4964
964 4964
964 4665
3328 4665
3328 4635
3426 4635
1075 3426
1075 1407
1407 2499
2499 3038
3038 3430
1735 3430
1735 4941
4018 4941
1937 4018
1937 2439
2439 2964
2964 3337
21 3337
21 248
98 248
98 418
418 2529
2529 3287
3287 4951
705 4951
705 2546
2190 2546
400 2190
400 468
468 4578
1850 4578
1850 3502
3502 4175
1554 4175
1262 1554
1262 2935
2935 4739
4657 4739
4041 4657
1613 4041
1613 3397
3397 4127
657 4127
657 3208
55 3208
55 623
623 3501
2445 3501
1293 2445
1293 3951
14 3951
14 1943
936 1943
936 3915
3915 4174
2046 4174
2046 3688
1160 3688
1160 3750
1632 3750
1632 1776
1776 3746
2254 3746
2254 3466
117 3466
117 2251
2251 4352
2311 4352
2311 3014
2423 3014
2423 3554
3006 3554
1486 3006
1486 1931
1931 2632
1823 2632
1823 4810
359 4810
359 1638
1638 3237
2427 3237
2427 4169
3711 4169
1068 3711
1068 1667
1667 4790
3185 4790
3185 4102
3291 4102
1167 3291
1167 3282
2064 3282
2064 3326
3326 4316
3100 4316
3100 4879
3210 4879
3210 4324
1615 4324
1615 3582
690 3582
634 690
634 1492
1492 2433
1175 2433
1175 3387
3387 3403
349 3403
349 383
227 383
227 831
831 3428
1441 3428
802 1441
802 4386
250 4386
250 4085
3032 4085
3032 4354
2111 4354
1532 2111
1532 3183
925 3183
925 4496
3461 4496
2653 3461
2244 2653
1531 2244
1531 3981
170 3981
170 1972
1971 1972
1971 2875
465 2875
465 829
829 1748
1748 2591
1650 2591
1650 2592
2592 4293
1994 4293
1495 1994
1495 2902
2902 3407
3407 3496
252 3496
252 2224
1846 2224
1846 3066
3066 4177
1432 4177
1432 2253
2253 2396
1639 2396
1639 4803
3187 4803
1323 3187
1323 4199
2887 4199
2087 2887
2087 3119
609 3119
609 2113
1294 2113
1294 2252
1717 2252
1717 4923
4077 4923
3041 4077
2018 3041
2018 2487
613 2487
613 1600
1600 4685
605 4685
605 3910
3910 4317
3966 4317
317 3966
123 317
123 2140
2140 4965
1357 4965
1357 2922
2922 4772
2131 4772
2131 2383
1248 2383
1034 1248
1034 3536
2781 3536
2781 4927
3003 4927
2725 3003
2725 3317
2075 3317
10 2075
10 847
847 4846
1192 4846
1192 4881
2273 4881
2273 4039
2983 4039
2983 3585
1246 3585
849 1246
246 849
246 1796
1796 4603
2270 4603
2270 3875
3875 3885
3885 4864
4864 4949
1043 4949
1043 4697
542 4697
542 2731
2731 3843
582 3843
582 2959
1995 2959
1995 2235
1355 2235
1322 1355
1322 2908
2908 4218
2054 4218
2054 2588
2588 4929
293 4929
293 3069
784 3069
784 3114
688 3114
688 2436
1384 2436
1384 1530
256 1530
256 3251
3251 3809
3809 4237
2967 4237
1093 2967
1093 1223
1223 3053
195 3053
195 2296
2296 3633
988 3633
988 2830
2830 4898
1653 4898
1653 3453
1233 3453
1233 4675
1935 4675
426 1935
426 4475
3148 4475
2771 3148
2771 4292
3181 4292
130 3181
130 4405
4183 4405
1621 4183
1399 1621
1399 4742
2975 4742
2811 2975
2811 3667
1875 3667
1875 3468
2939 3468
2939 3202
3170 3202
2451 3170
1305 2451
210 1305
210 271
271 4777
892 4777
892 2780
1958 2780
1958 3320
3320 3787
526 3787
526 2520
1356 2520
1356 1699
1699 4058
3143 4058
3143 3796
3796 3922
3596 3922
2984 3596
2984 4433
1473 4433
1473 4770
1474 4770
1474 4554
840 4554
840 946
946 4387
3905 4387
3884 3905
3884 4084
3720 4084
767 3720
767 974
974 1910
1296 1910
1296 2375
2375 4828
2438 4828
1988 2438
1988 3928
2349 3928
2349 3026
3026 4056
3252 4056
337 3252
337 926
926 2730
2730 3321
2329 3321
2329 3073
2184 3073
169 2184
169 1165
1165 1396
1396 4090
2512 4090
2512 3521
152 3521
152 3394
799 3394
799 1590
1590 3081
3081 3082
1596 3082
1596 2037
2037 2239
2061 2239
2061 3238
1656 3238
1656 2277
2277 2844
2844 2930
2101 2930
2101 2301
1230 2301
1230 4013
221 4013
221 854
854 1550
1550 4167
611 4167
611 2056
2056 3338
1189 3338
1189 3258
3258 4516
2910 4516
2910 3129
2847 3129
2579 2847
2579 3488
188 3488
188 976
976 4017
1749 4017
1014 1749
1014 3612
735 3612
735 2543
2388 2543
2388 4243
3018 4243
1852 3018
1852 3691
3103 3691
2477 3103
2477 3214
338 3214
93 338
93 3640
3484 3640
2514 3484
2514 4241
1304 4241
894 1304
894 2528
2528 4538
2240 4538
2210 2240
2210 4968
1891 4968
1891 2168
160 2168
160 2745
960 2745
960 2027
529 2027
529 934
934 2828
1209 2828
1209 1415
1415 3084
2345 3084
2345 3008
1618 3008
1618 4992
1106 4992
651 1106
651 2400
2400 4712
4499 4712
4499 4766
3431 4766
1675 3431
1675 4955
4738 4955
685 4738
685 3827
750 3827
545 750
545 2767
2767 3764
875 3764
875 4425
4425 4486
1603 4486
1544 1603
1544 1628
1628 2354
2354 2750
2715 2750
663 2715
663 3992
3391 3992
621 3391
621 1510
1199 1510
1199 4249
2030 4249
2030 3408
3408 3572
2063 3572
467 2063
467 2091
532 2091
532 2348
421 2348
421 3065
3065 3445
3445 3823
3823 4204
3866 4204
741 3866
741 4437
4325 4437
4079 4325
52 4079
52 2583
1539 2583
896 1539
896 2207
2129 2207
1759 2129
1759 4000
2963 4000
2963 4379
17 4379
17 2878
2878 3834
3224 3834
3224 3333
906 3333
906 2276
2276 4720
2088 4720
2088 3310
353 3310
353 1156
1156 4410
1783 4410
1783 2611
2478 2611
830 2478
830 2918
1848 2918
1848 4536
2100 4536
2100 3447
1414 3447
1343 1414
1343 1484
1484 2229
2118 2229
2118 4798
1964 4798
1847 1964
1847 4642
3448 4642
3448 4956
1746 4956
1444 1746
1444 2495
2406 2495
2406 4289
4289 4701
851 4701
314 851
314 2957
2957 3171
2052 3171
2052 2156
795 2156
795 2757
2757 2974
2405 2974
1593 2405
1593 2152
496 2152
496 2849
1302 2849
798 1302
798 1828
1449 1828
1449 2363
2363 2398
1745 2398
647 1745
647 1959
273 1959
273 672
672 1758
319 1758
319 3196
3037 3196
1983 3037
414 1983
414 2522
2522 4363
1123 4363
138 1123
138 295
295 2793
2793 3275
1861 3275
860 1861
860 2361
506 2361
506 2972
2159 2972
614 2159
614 2717
2717 4857
3511 4857
2357 3511
2357 4493
2049 4493
2049 2336
2336 3327
3327 4382
4002 4382
2942 4002
953 2942
953 4631
898 4631
898 3061
2879 3061
2879 4695
4550 4695
3295 4550
3295 4783
3458 4783
3458 4320
4057 4320
4057 4460
3285 4460
1960 3285
1960 4252
4252 4939
3398 4939
2172 3398
678 2172
678 4131
4131 4384
1716 4384
1716 3777
3777 4764
3943 4764
2533 3943
1329 2533
1058 1329
1058 2313
2313 4676
918 4676
918 1543
1042 1543
1042 3356
1819 3356
879 1819
879 3409
3409 4119
3178 4119
874 3178
558 874
558 1026
1026 3696
2682 3696
1871 2682
942 1871
942 1818
1041 1818
1041 4250
788 4250
788 4229
157 4229
157 570
570 1366
1366 2562
2562 4924
3117 4924
433 3117
433 3361
350 3361
350 1176
1176 3599
2660 3599
2660 4855
1097 4855
1097 2523
2523 4040
3418 4040
3418 4825
2434 4825
2434 3557
3557 3888
326 3888
326 2649
335 2649
335 1030
1030 2648
2326 2648
2326 3776
3290 3776
2312 3290
2312 4274
3203 4274
3203 3747
2419 3747
801 2419
288 801
288 2148
2148 3182
345 3182
345 4781
4401 4781
283 4401
283 3987
1961 3987
1686 1961
1686 3483
500 3483
500 2882
2426 2882
2426 4852
91 4852
91 2629
859 2629
859 2201
2201 2945
1073 2945
646 1073
646 3522
3522 4626
3874 4626
3795 3874
2394 3795
2394 4130
4130 4323
3913 4323
1433 3913
739 1433
739 1221
1221 3964
3294 3964
527 3294
527 2595
472 2595
472 836
836 4718
2989 4718
2989 3049
971 3049
561 971
561 1855
1855 2169
2169 3404
2912 3404
2912 3730
937 3730
937 4309
3613 4309
1385 3613
1385 3783
2768 3783
2768 2970
1509 2970
517 1509
517 2322
2322 3209
3209 4906
1733 4906
1733 4994
1191 4994
207 1191
207 3467
1382 3467
1382 3800
2232 3800
1059 2232
1059 4150
75 4150
75 1035
1035 1479
237 1479
237 4038
832 4038
832 3786
1744 3786
327 1744
327 1977
1344 1977
1344 4953
1920 4953
1412 1920
1412 2687
2687 3926
2079 3926
1299 2079
1299 3266
3266 3567
3567 4663
965 4663
608 965
608 2258
2258 2940
1536 2940
1508 1536
1226 1508
1226 2868
2868 3417
3417 4466
1295 4466
1295 1725
1725 2839
2839 4153
3657 4153
3029 3657
3029 3298
3298 4164
4164 4670
2492 4670
1281 2492
473 1281
473 3912
3860 3912
166 3860
166 4362
2457 4362
2457 3414
3414 3614
3614 4113
2773 4113
2773 4692
1195 4692
1195 2708
645 2708
645 2221
716 2221
716 888
888 1993
1993 2241
2241 3856
2193 3856
2068 2193
1410 2068
1410 2743
2700 2743
2627 2700
2627 3147
3147 3420
3420 4245
2625 4245
871 2625
871 1954
1572 1954
397 1572
397 2889
1968 2889
1968 2981
1576 2981
1576 3141
1806 3141
1806 4537
4190 4537
1115 4190
932 1115
932 1782
1782 2177
1685 2177
1685 4844
2548 4844
2170 2548
1969 2170
1969 2034
2034 3551
927 3551
927 3797
3592 3797
428 3592
428 3759
3759 4652
2566 4652
2566 3062
3062 4990
4402 4990
291 4402
291 4042
2544 4042
2544 2612
2299 2612
2299 3733
3340 3733
950 3340
24 950
24 804
804 2463
2260 2463
548 2260
548 1568
625 1568
625 2085
2085 2804
1158 2804
1158 3150
933 3150
933 3315
489 3315
489 3302
3302 4601
4601 4829
65 4829
65 94
94 4478
4478 4640
4589 4640
4589 4677
1151 4677
1151 3604
1400 3604
1400 3097
3097 3324
1985 3324
1985 3111
754 3111
754 2834
1483 2834
1483 2344
2213 2344
2213 4145
3473 4145
2216 3473
2216 4856
1942 4856
1942 3563
559 3563
559 1558
1558 3840
466 3840
466 696
696 3538
3538 3751
1077 3751
1077 4377
325 4377
69 325
69 4862
3413 4862
2192 3413
2192 4083
4083 4397
4046 4397
615 4046
615 2042
2042 2149
2149 3933
3933 4244
659 4244
83 659
83 4552
610 4552
610 4456
707 4456
707 1719
703 1719
703 2841
1038 2841
1038 4360
4277 4360
4106 4277
2150 4106
2150 4348
4348 4582
3035 4582
2160 3035
2160 2917
1611 2917
1353 1611
1353 2261
2261 3089
2377 3089
2377 4376
1815 4376
1815 2263
1786 2263
1403 1786
596 1403
596 2497
981 2497
981 4705
3541 4705
1316 3541
1316 1393
1393 3199
3199 4378
13 4378
13 3978
1002 3978
1002 4713
654 4713
654 4096
2597 4096
2597 2676
110 2676
110 4761
3085 4761
2212 3085
2212 4483
1145 4483
1145 4047
4047 4668
3826 4668
3826 4674
3666 4674
1721 3666
1721 3976
5 3976
5 4389
600 4389
600 1979
1979 2058
141 2058
141 3406
895 3406
440 895
440 1537
1537 2298
2298 4754
1431 4754
1431 4624
3668 4624
423 3668
423 1722
1722 2459
1491 2459
1303 1491
1303 1324
1324 3334
2110 3334
891 2110
891 3706
2082 3706
1478 2082
1478 2489
2489 3284
793 3284
793 1466
15 1466
15 323
323 1085
1085 1166
806 1166
806 1912
1912 2683
2683 3715
780 3715
153 780
153 4560
852 4560
852 2281
516 2281
516 1198
50 1198
50 4684
4227 4684
4158 4227
3986 4158
3456 3986
1284 3456
486 1284
486 2065
333 2065
333 2504
2504 4859
4630 4859
1029 4630
1029 1112
1112 2651
606 2651
606 4963
2288 4963
591 2288
312 591
312 4010
2097 4010
2097 4961
2735 4961
2735 3505
1174 3505
1174 2898
1229 2898
1229 4355
4196 4355
3102 4196
2852 3102
2852 3862
3862 4503
4503 4999
4809 4999
1676 4809
1676 4568
2083 4568
1287 2083
525 1287
525 760
760 1620
1620 4973
4012 4973
2043 4012
2043 4100
2415 4100
1009 2415
1009 1273
1273 2626
2626 4497
2961 4497
351 2961
351 4282
4282 4427
3046 4427
3046 4984
996 4984
996 3583
3583 3871
143 3871
143 2186
2186 4763
2289 4763
1817 2289
1817 3955
1450 3955
1450 2397
2397 4138
3439 4138
3346 3439
2430 3346
1335 2430
356 1335
190 356
190 749
566 749
566 3558
2619 3558
2619 4905
4487 4905
4238 4487
3525 4238
3525 3985
3515 3985
1946 3515
1946 4116
2476 4116
2476 2929
1476 2929
1476 1563
1563 2264
2264 2909
229 2909
229 4366
1984 4366
1984 4851
4372 4851
3070 4372
3070 3962
2002 3962
580 2002
580 1398
321 1398
321 592
592 2257
1171 2257
1171 3436
3436 4627
3680 4627
1704 3680
1704 4909
2387 4909
2166 2387
727 2166
727 4463
2343 4463
2343 4648
2769 4648
2769 3286
1249 3286
257 1249
257 2414
241 2414
241 405
405 2823
2823 3145
2554 3145
1816 2554
1816 1870
1870 3671
3671 4284
493 4284
493 4484
3342 4484
1775 3342
1775 3370
1076 3370
1076 3289
1288 3289
228 1288
228 1695
1695 4361
1207 4361
1207 4524
264 4524
264 3472
2041 3472
1503 2041
1503 4799
3798 4799
3124 3798
810 3124
717 810
717 1766
1766 4147
4147 4257
962 4257
962 3415
2806 3415
2806 3013
2417 3013
2417 2755
2755 3618
708 3618
708 1799
1538 1799
1538 2480
2480 4275
3942 4275
1376 3942
1376 4989
4008 4989
815 4008
815 1096
1096 2552
2552 4491
1778 4491
1080 1778
1080 4140
3393 4140
3393 4432
3773 4432
3773 4448
4448 4490
1645 4490
1148 1645
1148 1697
1697 3983
1321 3983
1321 3128
147 3128
147 3854
2262 3854
2262 3969
1917 3969
1917 3898
3873 3898
3873 4485
3491 4485
3491 4686
607 4686
607 4618
3001 4618
1549 3001
131 1549
131 2538
2389 2538
1047 2389
1047 3907
471 3907
471 3708
3168 3708
3168 4780
902 4780
902 4520
3 4520
3 2593
1654 2593
1654 3930
3930 4586
2509 4586
2509 3549
1188 3549
1188 4468
3243 4468
3243 4209
2634 4209
2634 4715
132 4715
132 1838
1320 1838
1320 3744
26 3744
26 181
181 1132
1132 4818
3716 4818
1756 3716
1756 4256
111 4256
111 984
984 1360
1360 2521
201 2521
201 2637
2637 3672
3672 4280
1740 4280
1740 2926
1438 2926
1438 4733
3902 4733
3902 4985
919 4985
919 1694
1062 1694
1062 2638
2638 4933
11 4933
11 3626
3626 4299
2842 4299
2842 2874
2455 2874
121 2455
121 1566
1566 2752
2752 2956
2062 2956
2062 3241
1117 3241
1117 1162
230 1162
230 2734
2734 4983
2776 4983
2776 3348
3348 4381
4381 4727
1754 4727
1754 3830
3273 3830
3273 4895
176 4895
176 551
551 1928
1928 3442
212 3442
212 4612
1915 4612
1915 3683
3371 3683
3371 4005
746 4005
746 4290
3373 4290
3325 3373
3325 4467
460 4467
460 3360
3360 3957
3957 4411
745 4411
745 3824
1120 3824
22 1120
22 3529
665 3529
583 665
583 4239
866 4239
866 3757
2870 3757
2870 3264
2843 3264
2843 3932
3932 4600
1515 4600
287 1515
287 3946
3852 3946
1451 3852
1451 4979
3526 4979
1256 3526
1256 3174
478 3174
478 1702
1702 4269
508 4269
508 765
765 3437
1203 3437
1203 2175
1927 2175
1927 3227
650 3227
650 2758
214 2758
214 3034
1291 3034
537 1291
537 4247
3685 4247
103 3685
103 4223
2392 4223
2268 2392
2268 2813
762 2813
762 2481
72 2481
72 2074
2074 2399
2399 4741
4285 4741
1240 4285
1240 1512
1065 1512
778 1065
490 778
490 1214
1214 3697
3697 4757
2144 4757
2006 2144
2006 3789
1019 3789
1019 2695
2695 3021
48 3021
48 179
179 914
914 3165
1078 3165
1078 1551
1551 2541
2541 3198
2215 3198
2215 4143
62 4143
62 1142
1142 3568
372 3568
35 372
35 165
165 3779
1643 3779
1643 1787
1315 1787
776 1315
763 776
763 2316
1154 2316
1105 1154
1105 2284
2284 2332
2259 2332
2259 4214
86 4214
86 3841
3372 3841
3372 4621
2714 4621
2714 4597
1513 4597
1513 2812
2812 4811
4811 4838
3935 4838
234 3935
234 3812
3812 4740
289 4740
289 2364
1956 2364
1956 3590
3590 4588
4588 4942
1269 4942
1269 3677
3116 3677
877 3116
877 2992
2992 3297
3297 3895
3384 3895
3311 3384
1252 3311
238 1252
238 2574
1753 2574
1493 1753
1493 3682
873 3682
873 2352
29 2352
29 4576
2924 4576
2026 2924
2026 3839
2045 3839
1701 2045
585 1701
585 924
924 3587
958 3587
958 2721
2469 2721
2469 3374
3374 4408
2498 4408
2498 4179
1308 4179
1308 4300
4270 4300
2575 4270
2575 3411
2333 3411
1894 2333
1894 4795
4672 4795
2636 4672
177 2636
177 3405
1640 3405
1640 4110
3247 4110
3247 4641
4112 4641
577 4112
361 577
361 2416
2416 2537
518 2537
161 518
161 4089
1095 4089
1095 4682
2233 4682
2233 4439
3738 4439
44 3738
44 1190
1190 1465
1465 4555
3721 4555
941 3721
941 4558
226 4558
226 989
989 2479
1936 2479
1936 3785
3629 3785
590 3629
419 590
419 3054
1831 3054
1831 3971
403 3971
211 403
211 3344
363 3344
363 2206
2206 3383
3383 4359
119 4359
119 4137
1771 4137
1771 2951
87 2951
87 4014
1116 4014
1116 3304
1570 3304
1570 3723
464 3723
464 1881
1881 4026
4026 4598
698 4598
698 4893
3566 4893
702 3566
702 729
729 3761
3644 3761
3644 4912
2303 4912
1873 2303
1873 3701
2126 3701
390 2126
390 481
481 3556
2603 3556
2198 2603
1527 2198
1527 3047
619 3047
575 619
575 1066
1066 4950
340 4950
340 595
595 4922
4625 4922
4540 4625
2977 4540
2977 4591
2644 4591
2644 3768
3768 4671
4111 4671
1108 4111
1108 2420
2420 2610
2610 4286
4286 4502
1265 4502
136 1265
136 4699
2501 4699
436 2501
415 436
415 2979
2979 3088
1952 3088
1952 3218
3218 4188
4188 4579
4451 4579
2729 4451
2729 4129
4129 4454
4202 4454
1101 4202
1101 3441
3269 3441
668 3269
668 3574
3574 4638
983 4638
983 4683
2057 4683
1579 2057
1529 1579
1119 1529
200 1119
200 4430
2857 4430
2857 4569
4302 4569
4302 4679
2931 4679
2931 3479
771 3479
771 3555
1845 3555
1845 4400
2069 4400
1048 2069
1048 2770
2770 3045
3045 3819
1368 3819
681 1368
681 4997
4987 4997
584 4987
584 1362
70 1362
70 479
479 2905
2905 3190
712 3190
712 3323
3323 4703
855 4703
576 855
576 2066
2066 4886
4546 4886
4546 4595
1266 4595
1266 3064
402 3064
402 1255
1255 4498
389 4498
389 4892
18 4892
18 4473
2684 4473
2684 4760
1261 4760
1261 4157
2723 4157
2534 2723
304 2534
304 1966
1779 1966
1779 2890
133 2890
133 2732
2732 4331
1712 4331
1712 1919
1919 2598
2598 4097
4097 4911
262 4911
209 262
209 742
742 2468
822 2468
822 2171
1311 2171
1311 2071
782 2071
782 4297
1584 4297
1584 3634
3634 3903
968 3903
968 2204
2204 3847
912 3847
912 4443
2325 4443
920 2325
920 3044
1793 3044
1793 3319
2778 3319
2324 2778
301 2324
301 2218
27 2218
27 3050
204 3050
204 1254
1254 2590
2590 4166
2341 4166
1800 2341
1386 1800
1386 3055
3055 4134
4134 4518
4518 4834
4194 4834
1429 4194
1429 1627
1627 4107
275 4107
275 1965
395 1965
395 1506
1290 1506
1290 1571
1571 2726
63 2726
63 3653
154 3653
68 154
68 346
346 2133
422 2133
422 1055
243 1055
243 2563
2563 4301
957 4301
957 4800
1904 4800
1904 3651
155 3651
155 4481
3471 4481
3108 3471
3108 4863
4553 4863
2319 4553
1616 2319
1616 4737
4737 4744
2615 4744
737 2615
737 3031
2955 3031
2955 4390
4390 4617
4030 4617
173 4030
173 2021
2021 3377
3263 3377
2360 3263
2360 4743
1897 4743
565 1897
565 1950
1950 4868
2503 4868
1405 2503
1405 4172
3588 4172
884 3588
305 884
174 305
174 4073
1882 4073
935 1882
935 4805
3611 4805
3255 3611
1899 3255
105 1899
8 105
8 1082
1082 1889
1889 4446
218 4446
218 2051
2051 3726
2314 3726
2314 3694
766 3694
766 2500
2500 3818
1930 3818
1007 1930
1007 4054
3110 4054
1708 3110
1708 3769
1107 3769
1107 1389
251 1389
251 2473
2359 2473
1163 2359
1163 1286
1286 4051
2278 4051
2278 3857
3857 4159
307 4159
307 3490
3490 4716
369 4716
369 4108
2837 4108
1010 2837
1010 2370
2370 2661
2242 2661
2242 4977
4974 4977
81 4974
81 2482
1727 2482
1727 3814
3528 3814
3528 3846
1050 3846
1050 1707
1707 1812
1812 4535
4477 4535
4477 4734
3025 4734
3025 4319
499 4319
107 499
107 3632
977 3632
530 977
530 4350
303 4350
303 1012
1012 1220
1220 3040
1658 3040
1658 1743
1743 3745
3745 4064
1839 4064
1839 3543
3543 3941
159 3941
159 1020
1020 4507
3059 4507
844 3059
844 3743
3722 3743
3010 3722
1693 3010
789 1693
789 1172
1172 2306
1989 2306
1863 1989
459 1863
459 731
599 731
588 599
588 1633
1633 2921
2921 3920
3920 4962
2895 4962
1523 2895
1523 2471
633 2471
633 3550
3550 4351
2090 4351
2090 4681
1880 4681
1880 3276
3276 4510
4283 4510
249 4283
249 2007
2007 3995
2976 3995
263 2976
263 2535
2535 3313
3028 3313
1104 3028
1104 2307
2307 2932
2932 4644
2950 4644
2558 2950
2558 2650
2650 3176
393 3176
393 3166
3166 4542
185 4542
185 3956
2561 3956
2561 4022
2036 4022
1067 2036
1067 1524
1524 3459
2888 3459
1720 2888
1720 4343
2070 4343
1909 2070
1909 4755
863 4755
863 3388
2635 3388
2635 4687
2691 4687
2691 4767
139 4767
139 3033
752 3033
51 752
51 3560
36 3560
36 4522
4522 4693
1514 4693
1514 1663
1663 2914
2567 2914
2567 2779
2779 3057
3057 3425
3425 4725
4332 4725
171 4332
171 4821
4438 4821
1809 4438
186 1809
186 4608
2531 4608
2373 2531
1134 2373
435 1134
435 1833
1833 2146
510 2146
510 4201
3093 4201
3093 3724
978 3724
978 4735
2696 4735
162 2696
162 2227
1791 2227
1791 2376
1790 2376
1790 4276
388 4276
388 1905
1905 3071
3071 3517
3353 3517
368 3353
368 4609
4609 4822
1204 4822
1204 2893
1371 2893
299 1371
299 4262
445 4262
445 843
843 1751
1751 4431
387 4431
387 2219
1631 2219
1631 3603
3603 3829
3829 4622
3480 4622
2315 3480
2315 3961
1361 3961
743 1361
743 2796
2796 4827
2978 4827
812 2978
812 4519
358 4519
358 4453
2810 4453
1152 2810
1152 3160
3160 4007
4007 4751
2130 4751
2130 3772
365 3772
365 2673
2673 4215
722 4215
574 722
420 574
420 2669
2669 4328
3676 4328
2418 3676
2418 4015
66 4015
66 3429
3429 3630
3630 4019
3794 4019
1481 3794
1481 4729
1454 4729
1071 1454
1071 2628
2226 2628
1129 2226
1129 1307
744 1307
744 3831
3831 3850
3850 4585
4585 4594
2530 4594
2024 2530
280 2024
280 2078
1687 2078
1687 4268
2128 4268
507 2128
507 3240
3240 4986
1696 4986
1696 2247
2044 2247
2044 3988
3622 3988
2663 3622
1228 2663
1228 4200
2461 4200
2461 4653
3133 4653
3133 3739
3736 3739
3191 3736
3191 4253
1235 4253
1235 2704
2704 4517
3463 4517
3463 4928
3864 4928
1884 3864
366 1884
366 853
853 4885
4240 4885
475 4240
475 2549
769 2549
769 2969
2197 2969
2112 2197
1792 2112
1792 4967
4342 4967
1000 4342
885 1000
885 2547
497 2547
497 1553
1553 3498
3498 3719
3234 3719
3234 3610
2011 3610
2011 4422
3099 4422
3099 3268
1467 3268
1467 2607
2342 2607
1878 2342
1098 1878
430 1098
430 3953
2954 3953
1122 2954
1122 4806
3950 4806
2109 3950
167 2109
167 1517
1517 4664
1168 4664
1168 1319
999 1319
999 1084
244 1084
244 1622
1622 3221
967 3221
967 3350
2488 3350
2488 3399
2173 3399
534 2173
534 1471
427 1471
427 3518
2814 3518
2814 4876
4714 4876
3949 4714
1865 3949
1865 3670
483 3670
483 2390
755 2390
755 1103
786 1103
632 786
632 2448
1153 2448
1153 1785
1785 2443
2338 2443
2338 4512
3880 4512
375 3880
375 1210
1210 1664
1664 3004
1326 3004
1326 1706
719 1706
719 3015
3015 4564
1556 4564
1556 4278
556 4278
556 4120
1765 4120
1765 3918
656 3918
656 2275
2275 3254
2601 3254
2601 3545
278 3545
150 278
150 2688
322 2688
322 1742
1251 1742
1251 2994
2384 2994
1139 2384
751 1139
751 4136
4136 4831
4831 4871
3109 4871
3109 4785
846 4785
846 1768
1768 3638
3638 4696
2751 4696
1922 2751
1922 4991
407 4991
407 4235
2410 4235
355 2410
355 1797
1797 1854
1372 1854
1372 3359
3359 3527
1044 3527
1044 2690
1750 2690
1750 2287
441 2287
354 441
354 1124
1124 3540
3540 4709
564 4709
564 3206
3206 4333
127 4333
127 3138
3138 3828
944 3828
944 4639
4142 4639
2055 4142
1232 2055
1232 2738
2738 4932
622 4932
245 622
245 4548
2790 4548
2790 4776
1099 4776
1099 2081
2081 2701
1359 2701
1359 3177
3177 3808
1259 3808
1259 1862
1862 4418
4364 4418
2622 4364
736 2622
736 4060
969 4060
392 969
392 1567
1567 4771
4407 4771
1184 4407
1184 2891
487 2891
487 952
952 4104
124 4104
124 2739
2739 3011
3011 4472
883 4472
883 2584
2584 4943
502 4943
502 2913
2047 2913
1557 2047
867 1557
867 890
890 1334
1334 2155
2155 3452
224 3452
224 748
748 2871
2578 2871
1951 2578
1470 1951
1470 2015
2015 3523
1859 3523
163 1859
163 4075
1660 4075
1660 1830
1830 4726
4726 4903
2722 4903
653 2722
653 2556
2556 3965
3965 4394
2572 4394
495 2572
84 495
84 4788
1976 4788
1976 3679
2604 3679
268 2604
268 3901
3901 4998
2877 4998
1054 2877
1054 1692
184 1692
184 3121
492 3121
492 864
864 4525
2737 4525
987 2737
987 3756
692 3756
692 2662
2662 4566
2440 4566
560 2440
560 1585
434 1585
434 1953
1953 3790
2475 3790
2475 3446
3446 4424
2506 4424
2506 2835
40 2835
40 1345
202 1345
202 3271
2699 3271
2525 2699
1648 2525
1648 2560
541 2560
541 3578
1836 3578
1836 2760
2727 2760
2655 2727
30 2655
30 4691
4691 4753
1217 4753
1017 1217
1017 4125
1440 4125
410 1440
410 3520
3520 4212
2524 4212
2524 3278
3278 3507
568 3507
568 2317
2317 4839
469 4839
469 4820
2883 4820
413 2883
413 4711
3954 4711
3700 3954
374 3700
374 1374
1374 4052
2960 4052
339 2960
339 1780
409 1780
409 1860
1860 4632
2873 4632
431 2873
431 3455
1679 3455
1679 3476
3476 3652
1193 3652
1193 3835
3835 4121
2490 4121
2490 2754
2557 2754
2557 3091
676 3091
449 676
449 2285
2285 3887
1278 3887
1278 4255
2713 4255
376 2713
376 1770
624 1770
624 3113
1373 3113
1373 4063
3132 4063
1423 3132
485 1423
485 4610
3519 4610
450 3519
450 1456
1456 2794
1507 2794
1507 3470
3470 4016
2347 4016
2347 2465
2465 3648
1180 3648
1180 1306
1306 3767
477 3767
330 477
330 4464
3402 4464
3402 4180
820 4180
820 3606
3606 4462
1241 4462
1241 3825
222 3825
222 1635
282 1635
265 282
265 4731
3184 4731
2833 3184
2833 3799
342 3799
342 3095
2165 3095
2165 2901
2901 3753
2848 3753
1424 2848
1424 2733
1442 2733
1442 4816
61 4816
61 4165
1559 4165
1559 4981
4717 4981
4254 4717
675 4254
675 1573
1573 2608
2608 3997
2920 3997
1714 2920
1714 4584
4185 4584
4185 4220
3433 4220
1177 3433
1177 1662
1662 2711
511 2711
511 1494
1494 1777
1777 3533
3163 3533
909 3163
909 2178
2178 4894
3422 4894
2803 3422
2803 4860
1421 4860
279 1421
279 1083
715 1083
715 3492
1354 3492
297 1354
297 1242
1242 3367
671 3367
671 1182
1182 3890
3655 3890
3655 3975
1938 3975
199 1938
199 1419
990 1419
990 3771
3575 3771
1279 3575
1279 3627
3101 3627
2589 3101
2589 4637
2217 4637
2217 4866
4417 4866
2089 4417
2089 2467
2467 2639
2639 3673
1623 3673
1623 1947
1947 3669
1257 3669
1257 1548
88 1548
88 1113
1113 1375
1375 2786
1164 2786
1164 1598
1598 4921
4353 4921
679 4353
679 2444
1903 2444
1903 2334
2334 2570
2570 2856
865 2856
865 3293
921 3293
921 4719
2120 4719
2120 2328
1314 2328
1314 2356
115 2356
115 813
394 813
394 2271
756 2271
649 756
649 3576
3576 4615
2792 4615
1896 2792
1896 2228
2228 2337
2337 2374
1081 2374
1081 1589
1589 4643
1312 4643
113 1312
113 4908
2048 4908
2048 4095
4095 4452
3646 4452
2050 3646
2050 4336
1102 4336
1102 2728
2709 2728
104 2709
104 3801
3687 3801
3687 4321
4321 4367
1864 4367
1325 1864
1325 1369
439 1369
439 4690
2035 4690
691 2035
691 4357
816 4357
816 1732
1732 4450
3766 4450
2645 3766
2645 2766
2766 3908
1150 3908
1150 1505
1505 4993
4032 4993
3717 4032
1297 3717
783 1297
783 4344
4118 4344
1485 4118
198 1485
198 1005
1005 4205
192 4205
192 1448
1448 3944
3400 3944
2194 3400
579 2194
579 3230
3230 3914
3713 3914
1263 3713
120 1263
120 3656
2442 3656
1277 2442
1277 4091
3475 4091
3475 4217
57 4217
57 1678
1678 2020
2020 3161
3161 4086
223 4086
223 2157
2157 2407
2123 2407
2123 3967
3967 4392
382 4392
148 382
148 2220
2220 4645
367 4645
367 3514
3514 4436
2143 4436
2143 4099
3153 4099
2674 3153
2674 3580
3580 4087
2753 4087
2753 4461
1391 4461
1391 3216
2652 3216
2652 2818
2818 4513
1331 4513
857 1331
857 3755
3534 3755
3534 4808
3570 4808
3570 4782
4139 4782
2838 4139
1906 2838
1906 2250
2250 4375
3641 4375
54 3641
54 3921
1542 3921
1461 1542
1461 3126
733 3126
733 1087
1087 3257
3257 4793
1426 4793
1426 3260
3260 4423
954 4423
954 3331
1453 3331
1453 3078
178 3078
178 4611
3573 4611
1642 3573
1642 2243
2243 3858
2223 3858
2223 4388
4388 4666
1578 4666
1578 4952
4152 4952
1031 4152
290 1031
290 2789
1497 2789
578 1497
578 4887
1841 4887
1841 3681
2993 3681
1253 2993
1253 2605
1498 2605
1016 1498
1016 3009
667 3009
652 667
652 4482
3197 4482
3197 3699
3699 4187
4187 4296
2102 4296
1829 2102
1829 4440
720 4440
720 3200
3200 4070
1764 4070
1764 3728
3728 4318
3594 4318
3594 4773
3919 4773
2290 3919
1840 2290
1521 1840
1521 4669
3030 4669
1187 3030
897 1187
897 3510
3510 4419
2183 4419
1234 2183
1234 4551
4178 4551
4178 4224
3389 4224
3389 4403
2539 4403
2539 2642
34 2642
31 34
31 2861
2861 4533
4508 4533
2536 4508
2536 4819
183 4819
183 4980
3654 4980
334 3654
334 4195
961 4195
961 3120
3120 4421
4003 4421
3140 4003
3140 4728
4049 4728
4049 4587
1728 4587
298 1728
298 2540
2540 4494
156 4494
156 2759
2759 4571
259 4571
259 4146
3494 4146
1482 3494
982 1482
982 2824
2003 2824
2003 4088
4088 4573
823 4573
106 823
106 3561
701 3561
701 1340
1340 2859
704 2859
704 787
713 787
713 2646
2641 2646
2067 2641
2067 2946
2946 4273
362 4273
362 928
818 928
818 4141
2869 4141
2869 3732
893 3732
893 1317
308 1317
308 1898
1898 4556
4128 4556
4128 4303
3423 4303
2029 3423
2029 2195
2195 4476
206 4476
206 907
907 3225
3225 4404
1996 4404
916 1996
916 3308
3308 4837
2059 4837
1459 2059
364 1459
364 1406
1406 4385
2200 4385
1872 2200
1872 3675
2911 3675
2911 3562
378 3562
378 412
412 4435
732 4435
85 732
2 85
2 43
43 4606
4606 4937
2762 4937
887 2762
887 2486
2486 2821
1063 2821
797 1063
797 3379
3379 4114
3553 4114
3553 4184
82 4184
82 908
908 4029
1091 4029
1091 2618
2618 3195
3195 3958
2724 3958
2724 3357
1690 3357
1690 2846
2846 3984
456 3984
208 456
208 1457
1457 3245
1825 3245
1646 1825
1646 3162
2858 3162
2470 2858
2470 3339
1655 3339
1655 2280
662 2280
662 2600
1464 2600
1464 1496
315 1496
315 3714
2327 3714
2327 3300
1665 3300
1665 4850
3690 4850
3659 3690
3068 3659
1602 3068
1602 2577
2577 4565
850 4565
255 850
255 1460
1460 2807
2807 4528
3056 4528
899 3056
899 1619
905 1619
267 905
267 3597
3597 3740
437 3740
437 1519
6 1519
6 4976
4732 4976
4480 4732
45 4480
45 2657
1827 2657
567 1827
567 1245
76 1245
76 2515
2515 4233
1700 4233
1700 1900
1900 4288
753 4288
753 2679
1401 2679
1401 1672
1672 4098
2205 4098
1126 2205
839 1126
839 4305
3043 4305
3043 3500
2613 3500
2237 2613
2237 3788
3074 3788
3074 4213
1121 4213
1121 3665
1469 3665
1469 2761
2761 4873
3211 4873
1237 3211
1237 3464
3464 4053
3481 4053
114 3481
114 2953
2953 4824
3891 4824
3891 4527
1941 4527
1606 1941
1606 3960
2881 3960
1285 2881
373 1285
373 2385
2385 2986
2986 3623
995 3623
995 2017
2017 2474
2231 2474
2231 4996
347 4996
347 4465
2008 4465
447 2008
447 4267
1436 4267
1436 2707
2707 4531
900 4531
900 4334
1202 4334
1202 3635
1213 3635
1213 3213
1982 3213
833 1982
833 4747
1644 4747
837 1644
837 2502
2502 4561
4561 4567
4567 4792
4444 4792
4444 4574
4574 4607
2182 4607
2182 3460
3460 4335
2134 4335
1161 2134
1161 2302
604 2302
604 980
980 3427
3123 3427
3123 3663
3663 3832
3832 4445
1472 4445
1472 4414
4414 4602
501 4602
501 1111
444 1111
444 4025
4025 4869
4066 4869
4066 4978
514 4978
514 2305
2305 4221
4221 4593
1379 4593
803 1379
803 3017
1689 3017
1689 4182
1283 4182
1283 1565
1565 3883
544 3883
544 3036
348 3036
348 4765
682 4765
416 682
416 848
848 2297
521 2297
521 3899
635 3899
635 4505
3127 4505
3127 4768
2765 4768
2765 4877
2331 4877
2331 3758
2145 3758
2145 4151
1737 4151
1737 2391
2391 3233
2934 3233
2934 3844
1179 3844
1179 1206
175 1206
175 3067
3039 3067
2318 3039
2318 3650
1276 3650
1276 4752
1001 4752
1001 2245
2245 2851
740 2851
740 4171
1022 4171
371 1022
371 4543
1586 4543
1586 2795
824 2795
370 824
370 1703
550 1703
550 2236
2236 3770
3770 4861
913 4861
461 913
461 1582
1582 2938
1487 2938
1487 3152
3152 4311
3815 4311
2234 3815
2234 4059
3421 4059
2675 3421
2472 2675
1418 2472
1418 3643
2460 3643
2460 2706
2668 2706
2668 2997
2295 2997
2141 2295
2141 2702
1999 2702
1999 3115
2485 3115
2485 4842
1526 4842
1411 1526
1411 3207
180 3207
180 2565
2565 4604
4126 4604
4126 4758
4658 4758
1056 4658
773 1056
773 4791
4061 4791
1683 4061
1683 4944
1731 4944
1731 2181
1614 2181
1614 1671
1671 3972
2238 3972
2238 3994
637 3994
637 3092
2340 3092
2340 3952
1215 3952
1215 2836
2836 3228
3228 4702
3853 4702
1015 3853
1015 4312
930 4312
930 2458
2422 2458
1057 2422
1057 3893
2643 3893
2643 3569
2947 3569
593 2947
593 1834
1186 1834
1186 1224
1224 3725
3364 3725
1599 3364
1258 1599
1258 4176
71 4176
71 1061
693 1061
666 693
631 666
631 3080
3080 3535
151 3535
151 4122
3270 4122
122 3270
122 4006
4006 4523
524 4523
524 2300
2300 3024
3024 3401
3401 3503
677 3503
677 3226
3076 3226
3076 4308
1711 4308
1711 3678
3678 4689
2454 4689
2454 4101
4101 4570
612 4570
612 2365
406 2365
406 4391
531 4391
531 4749
1270 4749
1270 4071
956 4071
956 1769
1769 2321
1788 2321
549 1788
549 1866
997 1866
997 3292
219 3292
219 3172
3172 4457
1636 4457
1636 3712
1289 3712
1201 1289
1201 1940
332 1940
332 1978
1978 3385
3385 3934
438 3934
438 1734
1734 1981
1981 4225
384 4225
384 2998
945 2998
945 4897
2158 4897
1247 2158
562 1247
562 2214
2214 4813
109 4813
109 1298
1298 2880
2330 2880
2330 4076
4076 4326
4326 4913
790 4913
790 4294
2507 4294
2507 4878
379 4878
379 4736
2039 4736
1404 2039
1404 1945
1945 2620
747 2620
747 3909
1381 3909
1381 1439
761 1439
761 1555
1555 3979
845 3979
77 845
77 1197
1197 2028
1843 2028
1843 2647
2647 4916
1377 4916
1377 3837
3539 3837
3539 4203
915 4203
586 915
586 3552
3312 3552
1853 3312
1853 2122
2122 4661
2805 4661
1447 2805
1447 3244
3244 3842
1857 3842
1857 4428
1991 4428
1504 1991
1504 2623
2623 4559
711 4559
711 3392
2491 3392
2491 2943
2943 4173
47 4173
47 1887
1049 1887
1049 1425
1425 3330
2968 3330
404 2968
404 4474
3487 4474
3487 3754
2249 3754
2249 3288
3288 3358
3358 3900
1998 3900
1998 3636
1876 3636
396 1876
396 4680
4680 4833
2667 4833
2667 4168
432 4168
432 3868
3868 4934
37 4934
37 2053
1239 2053
1239 3142
3142 3335
3335 3836
3341 3836
3341 4358
3020 4358
3020 4092
2596 4092
1547 2596
1547 1867
1804 1867
1458 1804
1458 4246
2033 4246
2033 3347
3347 3645
3645 4004
3362 4004
3362 3882
2624 3882
2624 2712
1394 2712
1394 4557
3306 4557
3246 3306
539 3246
539 572
572 3329
194 3329
194 3083
3083 3432
581 3432
581 3833
3272 3833
3272 4395
1144 4395
1144 3876
3544 3876
232 3544
232 4708
4264 4708
3489 4264
2452 3489
108 2452
108 2136
2136 4045
3477 4045
1363 3477
128 1363
128 3877
3027 3877
629 3027
629 1480
318 1480
318 923
923 2511
2511 2872
2872 4545
4191 4545
3134 4191
943 3134
673 943
673 4936
2996 4936
2996 3863
929 3863
929 2429
718 2429
718 4872
4577 4872
4577 4969
2907 4969
2907 3816
3816 4655
33 4655
33 2031
796 2031
796 1395
1274 1395
140 1274
140 573
491 573
491 4910
2162 4910
1463 2162
1463 2831
2496 2831
2496 3375
2866 3375
2866 4960
3584 4960
3012 3584
1955 3012
1955 2038
2038 2402
2402 2840
213 2840
213 3537
1802 3537
1802 3179
187 3179
187 858
858 1196
324 1196
324 4479
2132 4479
1807 2132
505 1807
505 1849
1849 3811
3499 3811
3499 3661
3279 3661
2508 3279
2508 3159
2784 3159
380 2784
380 3855
3855 4649
1272 4649
1272 2802
2802 3804
2369 3804
2369 4124
3104 4124
2286 3104
2286 2585
1227 2585
1227 2283
2283 2421
2421 3792
309 3792
309 2791
2599 2791
2203 2599
2203 4646
3674 4646
3674 4069
1948 4069
1948 4796
2892 4796
2167 2892
1902 2167
1902 3851
951 3851
951 3660
3660 4093
4093 4975
4660 4975
1674 4660
1674 3889
1726 3889
1726 4875
1890 4875
1890 2582
2105 2582
2105 2606
2606 4149
1810 4149
1810 3267
3267 3704
1011 3704
1011 1677
1677 3122
3122 3896
2936 3896
2936 4884
2179 4884
2179 4413
4027 4413
3542 4027
2677 3542
998 2677
998 4287
781 4287
781 2125
2125 2568
2568 3589
2928 3589
2928 4426
3051 4426
1086 3051
1086 1760
1760 2749
2367 2749
1967 2367
800 1967
800 4416
2532 4416
97 2532
97 1208
1208 2013
2013 3449
680 3449
680 3075
2000 3075
2000 4959
4206 4959
3642 4206
2124 3642
2124 2973
239 2973
239 2072
2072 3303
2256 3303
2256 4314
1868 4314
1868 4807
3822 4807
794 3822
522 794
74 522
74 4801
2576 4801
1339 2576
442 1339
442 3305
3305 4710
1657 4710
827 1657
284 827
284 627
311 627
311 2815
2196 2815
2196 2899
2899 4266
3354 4266
3354 3621
3621 3793
3793 4313
1666 4313
1094 1666
1094 4329
3707 4329
272 3707
272 1333
1333 3023
1911 3023
1911 4261
4261 4789
1490 4789
636 1490
636 1892
1468 1892
1468 2403
2403 2450
2450 4616
4020 4616
2609 4020
2609 2703
2703 4940
4337 4940
2368 4337
2368 2915
1624 2915
1624 3647
3281 3647
2103 3281
1036 2103
1036 3424
182 3424
182 4995
3524 4995
215 3524
95 215
95 1090
1090 4315
3363 4315
1477 3363
1477 4982
2559 4982
2559 4258
3513 4258
1808 3513
1808 3581
385 3581
385 3968
2542 3968
1216 2542
1025 1216
247 1025
247 1300
1300 4628
1918 4628
1918 2855
2855 4721
3222 4721
939 3222
939 2378
2092 2378
2092 3265
821 3265
821 1309
1309 4840
1420 4840
1141 1420
1072 1141
725 1072
725 2580
639 2580
639 904
904 3019
2671 3019
2142 2671
2142 3151
3151 3189
3189 4583
2845 4583
32 2845
32 1739
1739 4581
4156 4581
4156 4972
1605 4972
1605 3870
1140 3870
1140 1997
512 1997
512 3451
3451 4835
638 4835
638 1926
1926 3937
3591 3937
3591 4815
777 4815
777 4605
3355 4605
3355 3991
3991 4901
3296 4901
3296 4651
4074 4651
377 4074
377 4263
3022 4263
302 3022
302 1604
1604 4954
2293 4954
2282 2293
1422 2282
1023 1422
547 1023
547 4853
3848 4853
546 3848
546 3516
2153 3516
1352 2153
1352 3731
3248 3731
3248 4667
4667 4759
792 4759
792 3692
3368 3692
3307 3368
3106 3307
3106 3235
3235 4441
4441 4723
734 4723
734 1634
1634 3223
2710 3223
2710 3977
819 3977
819 2782
1798 2782
1798 3438
3438 3999
286 3999
286 3729
3512 3729
3512 3548
3548 4882
2437 4882
2164 2437
2164 4310
3624 4310
3486 3624
3486 4938
2211 4938
2211 3813
911 3813
911 4874
1380 4874
1380 3485
1231 3485
1231 4769
3236 4769
3236 4117
3559 4117
3559 4750
4160 4750
2705 4160
1032 2705
1032 3886
3807 3886
1397 3807
1397 4001
626 4001
626 1715
947 1715
947 1130
1130 4067
2519 4067
1365 2519
1365 4915
1649 4915
1649 1957
1957 2189
2189 2900
193 2900
193 2664
2084 2664
2084 2225
2115 2225
2094 2115
1100 2094
1100 3806
1004 3806
1004 3980
3980 4135
2681 4135
2681 2741
2741 2748
834 2748
834 2884
2884 3186
1027 3186
1027 4371
3923 4371
3250 3923
2404 3250
2404 4547
3662 4547
3662 4539
838 4539
838 4592
1575 4592
1575 3628
56 3628
56 1541
1541 1681
1533 1681
1533 3508
3508 3948
3948 4048
3996 4048
102 3996
102 3763
3352 3763
3219 3352
1430 3219
1409 1430
772 1409
772 985
985 2787
1688 2787
1688 3927
2633 3927
2304 2633
648 2304
648 3727
3727 3737
3737 4322
643 4322
643 4946
4787 4946
1610 4787
1610 1822
1822 3316
1358 3316
628 1358
628 3314
587 3314
587 757
757 1612
1612 4338
3865 4338
3865 4945
1546 4945
1546 3959
949 3959
949 3283
3283 4900
3158 4900
1348 3158
979 1348
979 1212
1146 1212
1146 3509
2346 3509
1383 2346
1137 1383
1137 3440
2692 3440
2692 4192
684 4192
684 3802
1581 3802
1581 3086
699 3086
699 3781
3781 4596
2255 4596
2255 3990
3990 4251
1427 4251
1427 2138
1194 2138
1194 4062
4062 4447
4447 4730
1338 4730
1338 3894
1755 3894
1755 2564
360 2564
360 4374
4094 4374
1133 4094
1133 3867
3867 4259
520 4259
513 520
513 4197
4197 4492
1949 4492
1949 2424
2424 3931
3931 4144
3376 4144
3376 4260
2987 4260
1629 2987
1629 4918
1170 4918
1170 2441
2441 2719
2719 3906
872 3906
872 3395
1462 3395
1462 4471
2775 4471
424 2775
424 1416
1211 1416
1211 3639
3639 4216
4216 4330
2746 4330
2119 2746
300 2119
300 3735
3118 3735
3118 3810
842 3810
842 4455
4123 4455
1682 4123
1682 4917
4272 4917
3849 4272
3194 3849
970 3194
970 1580
205 1580
205 1724
1560 1724
1560 1883
1641 1883
1641 1974
828 1974
828 4501
1003 4501
1003 4620
3601 4620
3601 4914
3709 4914
2086 3709
1127 2086
825 1127
825 1813
1813 3060
352 3060
4 352
4 4544
616 4544
616 4786
2176 4786
2176 4208
2944 4208
2654 2944
1893 2654
1893 2551
1079 2551
1079 3125
1747 3125
1069 1747
1069 3416
3416 3749
3749 3945
1037 3945
1037 1814
993 1814
993 1723
1723 2640
994 2640
994 1803
1803 3892
1336 3892
1018 1336
9 1018
9 1705
1705 2505
2505 2808
2808 3262
53 3262
53 4380
90 4380
90 4629
4500 4629
764 4500
137 764
137 1074
1074 3259
724 3259
724 2060
2060 4904
3784 4904
2817 3784
2817 4704
2581 4704
2513 2581
2513 4534
2819 4534
58 2819
58 3695
1109 3695
1109 4193
4193 4412
1826 4412
889 1826
240 889
240 3791
1630 3791
1630 3390
1824 3390
1824 3531
3531 4080
2009 4080
1986 2009
1986 2510
2510 4036
2010 4036
118 2010
118 3970
2988 3970
2988 3947
1874 3947
1874 2716
2631 2716
880 2631
880 4488
4488 4804
1114 4804
1114 2409
1443 2409
1046 1443
1046 4406
1669 4406
1669 4778
2127 4778
172 2127
172 2827
19 2827
19 1267
504 1267
504 2161
640 2161
640 917
917 1820
1820 3378
498 3378
498 1349
1349 3349
129 3349
129 4346
3974 4346
2516 3974
1342 2516
1342 2798
2798 3005
2174 3005
2174 2933
2933 3130
1313 3130
270 1313
270 1271
973 1271
357 973
357 2550
1772 2550
1772 4210
3434 4210
1595 3434
1595 4971
1569 4971
1569 3817
1402 3817
482 1402
482 775
775 1236
1236 4745
2686 4745
2686 4399
553 4399
553 3351
3105 3351
1110 3105
488 1110
488 3098
2903 3098
2903 3878
862 3878
862 1118
1118 3940
2630 3940
453 2630
453 1040
1040 3094
2860 3094
1730 2860
1730 2941
2941 4115
429 4115
429 454
168 454
23 168
23 4647
4236 4647
4236 4458
2906 4458
2906 3605
3605 4434
4034 4434
3595 4034
1499 3595
1499 2453
2453 2571
2571 3242
480 3242
480 4930
79 4930
79 1784
1784 2362
2362 2797
555 2797
555 2208
313 2208
313 4415
2099 4415
2099 3366
3366 4265
697 4265
277 697
277 1327
1327 2982
2982 4823
4823 4826
4429 4826
3274 4429
791 3274
791 2139
144 2139
144 328
328 443
443 4948
641 4948
641 2958
758 2958
758 1138
1138 2614
2614 3861
3861 4678
4678 4858
4848 4858
1842 4848
1842 2694
1933 2694
1933 3193
695 3193
644 695
644 4883
116 4883
116 2107
2107 3188
1045 3188
1045 1064
1064 4784
4633 4784
1561 4633
401 1561
401 3336
3336 4958
2106 4958
2106 2386
2386 4234
536 4234
536 779
779 1147
1147 4043
28 4043
28 2269
975 2269
975 1535
620 1535
620 882
7 882
7 709
709 4775
3137 4775
963 3137
963 3232
3232 4812
2163 4812
2163 2411
2411 2518
2518 2927
2927 2966
1913 2966
1913 3204
3204 3982
3982 4896
39 4896
39 869
869 2569
2569 2962
1435 2962
1435 1625
598 1625
598 3689
67 3689
67 3079
3079 3435
2971 3435
2339 2971
2339 3139
220 3139
220 1907
972 1907
972 2665
2665 3607
2594 3607
2594 2678
2678 2862
2862 4774
938 4774
938 3911
3911 4298
785 4298
785 4870
2310 4870
2310 4035
3231 4035
3231 4845
1205 4845
1205 4619
462 4619
462 2764
1 2764
1 484
484 4219
4219 4420
2545 4420
1901 2545
1901 1990
112 1990
112 519
519 1159
1159 4563
341 4563
341 1489
1489 3280
1879 3280
710 1879
463 710
463 1832
1832 3637
2108 3637
2108 3620
296 3620
296 4291
1006 4291
1006 1346
669 1346
49 669
49 2292
2292 2401
2401 4614
3217 4614
92 3217
92 2449
1525 2449
1525 3565
292 3565
292 3506
3506 4133
294 4133
294 4706
554 4706
554 3925
2494 3925
922 2494
417 922
417 533
533 2617
1736 2617
1736 2076
2076 2116
2116 2670
1434 2670
841 1434
841 2358
2358 2850
948 2850
948 2073
2073 4105
1131 4105
1131 3454
2689 3454
42 2689
42 203
203 3369
2484 3369
2484 4470
726 4470
726 2573
856 2573
235 856
235 4575
4222 4575
381 4222
381 4836
2553 4836
2553 4304
3616 4304
1794 3616
1794 3532
730 3532
730 2952
1934 2952
602 1934
602 3048
3048 4228
1844 4228
343 1844
343 3703
2004 3703
446 2004
446 4636
191 4636
191 3332
3332 3916
1392 3916
1392 3762
1729 3762
1729 3693
664 3693
664 4814
543 4814
543 1713
1350 1713
1350 4226
4226 4748
2990 4748
1761 2990
1761 1877
391 1877
391 4068
4068 4306
3577 4306
3577 3710
3710 3924
99 3924
99 1856
1856 2022
1089 2022
1070 1089
1013 1070
1013 2093
2093 3042
3042 4888
3939 4888
149 3939
149 408
408 4700
126 4700
126 1608
1608 4398
2720 4398
2720 4396
1222 4396
1222 3443
3443 3989
1060 3989
1060 4865
197 4865
197 1028
1028 2350
2350 2948
2395 2948
2395 3617
3617 4170
1673 4170
258 1673
258 3631
2191 3631
2191 4365
1008 4365
1008 2666
2666 4050
4050 4248
3702 4248
196 3702
89 196
89 2187
2187 4082
1135 4082
1135 2527
563 2527
563 1992
1992 3365
3365 4849
4849 4931
655 4931
655 1088
1088 4132
4132 4722
4722 4902
1387 4902
331 1387
331 1183
1183 2656
2656 3748
3748 4340
2864 4340
2864 3904
3904 4707
3090 4707
3090 3167
3167 4307
1511 4307
285 1511
285 3820
2428 3820
1698 2428
1698 2517
2517 2925
1053 2925
1053 4369
4081 4369
3752 4081
2685 3752
2685 3742
3742 4023
3220 4023
1801 3220
1801 3239
1858 3239
1858 4506
728 4506
728 2025
1178 2025
1178 2697
146 2697
146 2121
2121 2602
694 2602
694 1987
1987 3077
3077 4580
1264 4580
1264 4109
