4999
))()()))((())())((())((((()()()((((()()())))((()()(())((()))())))(())()()()(()(((((())()))())))))())()((()()()(()((()((()(())()())))))()()())()))))()(()())((())))))))()(())()(())()(()()(()))))))))()(())))()()((((()(((((()())((()(((()(()(((()((()(((())))((((()()()()()(())(())((()(()())()()()((())())(((())()(((((((((((()((((((()(()()())(())(((()(((())()(()(()(())((()()(()((()()(((()))((((((((()()((())((())())))())()(((()()())))((())(()((()()((()(((((((())))((()))(((())()(()((()())((()(()))(((()(((()(())(()(((()))))))))()(()((())))())((((()()()((())())())((((((()())()))()()()(())((()(((()))())))()(((()())))(()()()((()((((()(())))()(((()()(())((((()(((()())()()(((())))((()))(()))((((()))))()()(())()())((()()()((()(())()())))(()))))))())((()()()()()())))(()((()((((()(()()())()((()(())((())))()(((())()()()()))())(((((((()())()())(((()()()))(()()()))(((()()(()())(())()()(()(()(()()((()()()))(())))((())(()))())())((())())(()((()(())))()()()))()()()()()((()())(((((())())())()(()()))))()()))((((()()((())(()()()(()()()(((()()))))))())(()(((()()(()))()(()())((())))()())(()((()()()()((())())))()((((())(()(())((((()(()(()()()()()(((()((((())()()))((())))(((()(((()))))()()()(()(()()((())())))(()())((())))))(((((((()(((()(()()))((()((((()(()()(((()((()(()((((((()()())()())((()((()((()(((((((()()))()())(()())((()))((()(((())())(())))())(()(((()))(((()))()(((()((()((((()))((()))(()(()())(((()(((((())((()()(()))()())(()((()()((((()(())(())())()((()()((()())())))((()())()))((()()()(()(()(((())))()))())()()(((()(((())((((()((()())()))((()(()())))))(()()))((((()(((((((((())()(())(((()()((())((()()))()))))))()))(()()(()((()()(()))(()()((((()(((())(()(()(((((()())())(()())()()()()((()()(()())(())((())))((((((()(((()((()()())))(())))()(())(()))()((()()())))(())))())()))())((((()())()))()))((((()())((()((())((((()(()(())(()((()())()((((((((()()((())))((())()(()))()))(((()((())((())()())(())()))()()((((()())()()((()()((()(()))))()))())(()()()((((())))(((((()()()()(()((()(()()((())()()))((())((()(((())()(((()(()(())(()(((())(()((((()()))()(((())(((())(()(()))()()()(()))())(((()(()))((((())((((()()(())((()))((((())()()()()()(()((()))()((((()(()))(()()(((())((((((()(()())((((())((()())((()())()(((())(()()()))))())))()(((((()))()(()((())(((()(()()((()(()(((()()))((())()()))()()))()((())(()(((((()))()))))()()(((()))((()()())(((((()()()))(((())()(()(((()()))))((((()(((((()((((()(())()((((())((((()((()(((())())(()))()(()(())())()()()())))()())(())()()()())(()))((()(((()()()((((()))()(((()((())()))()(((()()()())())()(()((()))()())()(((()())))())(()()(())((()()(())(((())(())((()()())(())())))()(()(()(())((()))((((()))))(((((())((()((((((())))()(())()())()))(()))((())()))(()))(())((((())()()))()))))(()(((((((()()(()())((()(((()((()))(((())()((()()))))()((())())(()())()))(()(()((()())())))())))())(()()((())(()()))(()())((())(()()))))()(()()())(((())((((()))((()()))())(((()(()))(())(((()(()((()))(((((((())()(((()()())(()(()()((()(()(()))(()()()())(()()))(((()()(()))())((()))))(()()((((()((((()(((())(())(((())()((((((()))(()(()))()((())))))))()((((())))))(((((()))((())(()(())(((()))(((()(()))))))((((())()((((())(()((((()))))()()(())))(())(()())))((()())()(()()(()))((()()(()))())(((())((()(())(((())()())(()(()))()()))))(()))(()((((())))())()()))((((()))((())()(((((()((()(((((())((()((((((()())()(((((()()(()())()()(((()()(()())()(())())()))())()))()((())))())(()))())())))()(()(((()(((((())((()(())()(()))(((()((())()()))())(()))())))((()(())))))((()((()))))))(())(())))))())(()((())((()()(()(((((()))))))))()())))(())())))(()((())))((()))()((()))((()())((((()))()())))(()))(())(()(())()()))(()(())())(()())((()()(()(())()()((()(()()))))((())))(((()()))))))(((()()())))(((((()()(())()))((((()(()))((())(()))(((()))(()(()))()()()))(((())(())()())()())(())((()()(((())((()()((((()))(((((((())(())((((((((()))(())))(()))(())()))()()()((())()((((()()(()())((())))()))))(((()))(()((((()())(()(()))())()))((()(((())(()(((((())()()()()(())))()(()()))((()()))()(()()((()(()))())(((()()()())()))))()(()(((())))())()(()(())((()()(()()(((((())(()((()(((()())()()))))(()((())))(()((((())())))((()(((((())()))(()((((((())())()))))(()()())((())(((()()()()()((()()()()()))()((()(()))()()))))(((())()(()))))(((())(()((()()())))()()((()(()())(()((((((()()()()())))))((()()((()())(((()()(()(()))))())((()((()()(()()())()))()(((()()())()))()()()()))()()())()(()))((((())()))())())(((()))(())))())((()((()))(()))))())(())(()((()())((((()(()(()(()((())(()(()((((())(()))((((()))((()(()(()())))(())))(()(())(((((())(()(())((())(())(()(()((()())((())())()()()(()))))((()()((()))()())()(((())))))()()()))(()(()())))()(()()())(())(((((()(()((()(()((((())(()((()((((()((((()())))))((())))()(())()))((()((()))()())(()())((()))))())(()(((((((()((())()(())())))))(()())))(())(((()(((((((()()()()((()()((((((()()(())))()()())((((((((()))(((((()(((((((()))(())((())(()()()))()())())())()()(())())))((((()))(()))())))(((((()(((()(()(((((((()))))(((()()()())))()))(()(())(()())())()(())(((())))()())((())))()))))
2801 4531
268 2801
2425 4531
2525 4531
268 4810
268 2678
2425 3321
2425 3304
2525 4470
2525 4091
617 4810
1321 4810
2678 4063
332 2678
3252 3321
3321 4870
133 3304
1732 3304
3339 4470
4133 4470
4091 4786
4091 4759
617 2969
617 4569
1321 3210
1321 1462
4063 4256
3192 4063
332 2073
332 3437
360 3252
3252 4213
449 4870
1387 4870
133 3311
133 3791
1732 3670
1732 4415
3339 3650
3339 4165
1451 4133
2900 4133
4499 4786
731 4786
1723 4759
1780 4759
30 2969
2969 2996
1079 4569
4482 4569
1851 3210
1948 3210
1462 3539
1462 1631
2930 4256
4256 4896
3192 4178
3192 4755
2073 2523
2073 4027
2972 3437
3437 4277
360 4591
360 2316
908 4213
2417 4213
449 1706
449 2752
1387 1421
1387 2447
497 3311
43 3311
3791 4457
534 3791
3670 4997
2559 3670
271 4415
1897 4415
3532 3650
2453 3650
16 4165
4165 4753
1451 3642
1451 1778
2900 3741
44 2900
4499 4606
4499 4556
263 731
731 1269
1723 3546
1723 1773
1749 1780
1780 3107
30 696
30 3655
2996 3430
2996 4723
1079 2448
1079 4475
2908 4482
4319 4482
1851 2955
1851 2019
1948 2957
1948 3447
3539 4806
2548 3539
1631 1905
1631 4862
359 2930
2930 4331
3232 4896
1869 4896
633 4178
2593 4178
758 4755
1793 4755
2523 4881
2523 2991
868 4027
2892 4027
1812 2972
1701 2972
1721 4277
3286 4277
3248 4591
2138 4591
2316 4485
2316 3190
908 3577
908 3269
1742 2417
1531 2417
699 1706
1699 1706
2752 3623
1529 2752
1421 4764
1421 4122
1585 2447
2447 3983
497 825
497 3562
43 3795
43 311
828 4457
4457 4636
534 3880
534 783
2716 4997
26 4997
2422 2559
1828 2559
271 607
271 3782
1897 2563
1897 2007
778 3532
3532 4014
2453 4028
2453 3131
16 2378
16 4683
997 4753
3821 4753
2836 3642
2319 3642
1778 1876
1778 3776
3153 3741
3340 3741
44 2623
44 1311
654 4606
3256 4606
36 4556
2729 4556
263 2822
263 3950
1269 4400
1269 3599
824 3546
3546 4365
1773 3805
1773 2625
1749 3296
1749 4250
3107 3707
1976 3107
696 968
696 4439
3281 3655
3655 3994
2301 3430
3430 4842
4139 4723
4723 4745
2448 3728
2448 3468
1043 4475
1324 4475
2278 2908
2908 4191
1698 4319
1322 4319
564 2955
823 2955
2019 3600
2019 4820
2485 2957
584 2957
3447 4708
3447 4483
323 4806
644 4806
1292 2548
2548 3012
1626 1905
1905 2554
2914 4862
1982 4862
359 1613
359 4694
4331 4705
826 4331
1463 3232
2873 3232
477 1869
751 1869
633 1597
633 2888
2593 3922
2593 2993
758 2478
238 758
1793 4360
1793 2734
2604 4881
2351 4881
1644 2991
2991 3572
240 868
868 2680
2892 4068
2892 3638
326 1812
1812 2721
390 1701
231 1701
1721 4677
1721 3062
2063 3286
3127 3286
3248 3959
1381 3248
1473 2138
611 2138
4485 4780
3543 4485
1340 3190
3190 4589
2746 3577
1956 3577
482 3269
3139 3269
1742 2235
1742 1850
367 1531
1531 2222
699 1195
699 854
811 1699
1608 1699
1232 3623
2123 3623
1529 3111
1529 3492
4005 4764
790 4764
3353 4122
1549 4122
1585 4196
1083 1585
1918 3983
3983 4679
789 825
825 2725
610 3562
3109 3562
3795 4323
1500 3795
311 1546
311 782
828 3890
828 3903
3027 4636
3989 4636
3402 3880
3880 4592
783 2952
783 3014
2312 2716
733 2716
26 4688
26 3673
2422 3826
1766 2422
1670 1828
193 1828
73 607
607 1992
2844 3782
2313 3782
2563 4354
2563 3557
351 2007
2007 3689
778 1094
778 1730
4014 4947
2870 4014
3762 4028
1271 4028
987 3131
415 3131
2378 3483
986 2378
3341 4683
3677 4683
587 997
554 997
3821 4560
2191 3821
2836 4750
2628 2836
2319 4876
2319 3507
1861 1876
490 1876
3776 4269
2777 3776
3153 4380
3153 3940
927 3340
3340 4966
2623 2674
2623 4067
1311 4495
1311 3952
654 2681
654 3495
990 3256
533 3256
36 1097
36 1882
2540 2729
149 2729
1999 2822
1777 2822
809 3950
1503 3950
4400 4886
397 4400
3534 3599
345 3599
824 2166
411 824
1784 4365
3843 4365
1604 3805
551 3805
2625 2708
2625 3878
3296 4078
1455 3296
786 4250
930 4250
2597 3707
1228 3707
1976 4127
1976 2682
912 968
339 968
2490 4439
3732 4439
2484 3281
2621 3281
2504 3994
2160 3994
97 2301
1206 2301
2688 4842
4188 4842
1430 4139
2352 4139
185 4745
4414 4745
742 3728
2841 3728
3355 3468
2620 3468
1043 1150
871 1043
261 1324
1324 4582
2278 2282
2278 4790
3910 4191
4191 4671
1698 3929
1698 4179
1191 1322
1322 2375
564 1486
564 2745
823 1062
823 2813
1337 3600
2935 3600
4649 4820
1965 4820
53 2485
2485 3706
584 2919
584 4195
4084 4708
2555 4708
42 4483
2667 4483
162 323
323 2940
644 2291
644 2218
1292 2268
1292 3236
3012 3386
1499 3012
1626 2901
1626 4588
340 2554
2122 2554
1169 2914
2914 3387
903 1982
1982 3551
1613 1775
1613 3378
3832 4694
2363 4694
1008 4705
4242 4705
191 826
826 4707
1463 2407
1463 2827
480 2873
2873 3522
477 2392
477 1129
751 1838
751 2078
1597 4575
1597 2598
2365 2888
2888 3829
3813 3922
1391 3922
1489 2993
2920 2993
2478 4980
160 2478
238 775
238 4258
2703 4360
4051 4360
1465 2734
2734 3953
99 2604
2604 4620
2351 2723
1459 2351
601 1644
979 1644
2585 3572
2419 3572
240 2325
240 1105
2680 3356
1092 2680
4068 4420
4068 4942
1411 3638
3207 3638
326 1466
326 3607
2721 2862
426 2721
390 3138
390 536
231 4950
231 4718
1478 4677
4144 4677
3062 3272
1924 3062
2063 3995
2063 4396
2388 3127
780 3127
3822 3959
3959 4521
1381 2085
1381 3703
1473 3900
1473 2570
611 1380
611 1130
1197 4780
1238 4780
1860 3543
785 3543
1340 4568
760 1340
257 4589
2483 4589
2746 2913
2746 2767
788 1956
1956 3699
482 4544
482 4418
2632 3139
3139 3165
2235 3413
2235 3481
294 1850
1850 4345
367 2700
367 4053
2222 2320
2222 4869
1195 3652
1195 4796
854 4697
854 4646
811 2834
811 3294
1608 4798
1270 1608
1232 4466
1232 2064
330 2123
667 2123
2649 3111
635 3111
3492 4060
3492 4877
4005 4117
1796 4005
790 2477
790 3372
1412 3353
3353 3931
1549 2335
1549 3943
1452 4196
4196 4665
1083 2359
1083 4372
1257 1918
1918 4530
217 4679
1639 4679
789 1527
703 789
2725 3017
1797 2725
610 1076
610 2717
3109 4146
1273 3109
3622 4323
2609 4323
1500 4756
1500 2181
1385 1546
1546 2982
782 914
782 1802
1961 3890
866 3890
2015 3903
2864 3903
1792 3027
1954 3027
66 3989
3501 3989
3402 4368
3402 4238
207 4592
3357 4592
1192 2952
2952 4252
3014 3261
2293 3014
2312 2371
2312 3337
733 1179
733 3083
648 4688
1930 4688
3673 4975
3673 4726
1995 3826
1515 3826
1766 1831
1766 4565
1670 2829
1670 4166
193 2261
193 1520
73 1013
73 3875
1992 2249
365 1992
2844 3506
1554 2844
315 2313
405 2313
1496 4354
4158 4354
2395 3557
3482 3557
351 3691
351 971
3689 4234
526 3689
1094 2657
139 1094
1730 2610
1730 3336
47 4947
1050 4947
329 2870
2870 3169
538 3762
1661 3762
1271 1712
1271 3819
987 2458
880 987
415 3909
415 3345
392 3483
3483 3658
986 3184
745 986
3341 4425
3341 4537
1544 3677
3677 4907
587 3361
587 4883
554 4148
554 2949
19 4560
3713 4560
1041 2191
2191 2953
4595 4750
4750 4793
2628 4773
466 2628
4200 4876
4586 4876
1627 3507
3507 4739
1861 4479
1861 2539
490 2145
490 1810
3124 4269
1442 4269
2777 4601
2777 4181
3868 4380
1342 4380
932 3940
55 3940
841 927
927 3803
2449 4966
2464 4966
645 2674
1295 2674
615 4067
4067 4655
2002 4495
3485 4495
3952 4048
3499 3952
621 2681
2681 4343
3495 4858
3495 3578
81 990
990 3295
533 4102
533 4271
1097 3467
1097 2474
1739 1882
1882 4358
2269 2540
1214 2540
149 342
149 3195
1999 2189
1741 1999
969 1777
1777 3274
809 1576
809 1582
1503 2337
1503 2588
1843 4886
1060 4886
397 508
397 2444
1678 3534
3301 3534
345 1824
345 431
348 2166
2166 2645
411 836
411 1895
612 1784
1784 4699
3843 4778
2842 3843
1355 1604
1045 1604
115 551
216 551
1946 2708
2708 2713
451 3878
3134 3878
2460 4078
3198 4078
1327 1455
1455 3214
786 1101
786 3972
930 2853
235 930
2597 3031
303 2597
881 1228
1228 2163
403 4127
2821 4127
1007 2682
3 2682
912 2788
912 2242
339 3754
339 4129
1407 2490
1364 2490
1908 3732
3732 3816
2252 2484
2484 3828
656 2621
1132 2621
2504 3906
2504 3282
2160 2824
425 2160
97 642
97 3926
1206 1844
1206 4080
70 2688
2688 2812
3172 4188
2253 4188
1430 2060
588 1430
2352 2526
2352 4062
185 2243
185 3637
649 4414
793 4414
742 3602
742 3370
2841 3472
322 2841
3326 3355
3118 3355
2489 2620
2620 4458
1150 2970
1150 4293
248 871
871 4197
261 3405
261 2322
2418 4582
1162 4582
2167 2282
1880 2282
1530 4790
1926 4790
453 3910
2676 3910
1572 4671
595 4671
234 3929
2498 3929
1519 4179
3996 4179
1191 4283
1191 1374
2173 2375
2375 4939
1486 3061
1486 4199
2096 2745
2745 4366
1062 2157
1062 1524
2813 3548
2813 4337
1337 1648
1082 1337
680 2935
2935 4872
3212 4649
35 4649
1965 3966
1965 4626
53 1687
53 3641
3706 4685
2472 3706
1212 2919
2315 2919
1923 4195
4195 4714
1110 4084
2130 4084
420 2555
2012 2555
42 313
42 3249
2667 3842
1541 2667
107 162
162 4540
2442 2940
2405 2940
1581 2291
883 2291
2218 4510
2218 4332
25 2268
2082 2268
1348 3236
3236 3863
3386 4686
3386 4395
1499 4016
1499 3775
2901 4846
2901 3730
4588 4953
398 4588
340 4036
340 3331
798 2122
928 2122
819 1169
1169 1425
3387 4572
2509 3387
903 2036
903 2100
3551 3927
255 3551
1775 3723
1078 1775
3135 3378
3378 4445
266 3832
1980 3832
2363 2566
1656 2363
1008 1943
1008 2309
1769 4242
767 4242
191 3797
191 1997
998 4707
4447 4707
651 2407
2199 2407
2827 3745
2827 3998
480 4891
480 2061
3419 3522
3186 3522
1117 2392
2162 2392
512 1129
732 1129
1372 1838
1136 1838
2078 2606
1643 2078
2537 4575
3275 4575
2598 4107
2598 4255
158 2365
2365 3314
1568 3829
619 3829
3560 3813
2727 3813
346 1391
347 1391
1489 3960
1489 3861
2695 2920
2920 4307
1450 4980
2357 4980
160 2048
160 4716
775 1182
775 2572
4258 4511
3916 4258
2703 4294
1510 2703
2578 4051
2831 4051
1465 3708
262 1465
1690 3953
3953 4404
99 478
99 2421
2377 4620
1185 4620
440 2723
2148 2723
175 1459
936 1459
601 3680
601 3398
979 4789
906 979
2585 3399
455 2585
444 2419
2419 3898
935 2325
258 2325
1105 3006
1105 3771
2818 3356
2858 3356
1092 2917
1092 1456
864 4420
3469 4420
4141 4942
4942 4943
52 1411
1121 1411
1279 3207
1058 3207
1466 4615
126 1466
3607 4763
2835 3607
922 2862
2862 2872
426 2473
426 925
1255 3138
2941 3138
536 1373
536 1565
3908 4950
3028 4950
1847 4718
4170 4718
1478 4402
838 1478
1065 4144
781 4144
3093 3272
1909 3272
1924 4729
1924 4901
2886 3995
2017 3995
2390 4396
4389 4396
2388 3160
2388 3303
38 780
780 1108
3822 4964
3822 4849
3182 4521
543 4521
2085 4378
1085 2085
3524 3703
3703 4186
3085 3900
3900 4978
1298 2570
1 2570
1074 1380
1380 3375
1130 3060
1130 2965
509 1197
1197 1958
1238 2494
1238 3494
1860 4008
1860 3684
785 2270
673 785
1668 4568
988 4568
356 760
335 760
257 3552
257 1735
1133 2483
1993 2483
2913 3892
1833 2913
2767 4574
2767 2815
12 788
788 3748
779 3699
3163 3699
2155 4544
2065 4544
2430 4418
3366 4418
2208 2632
923 2632
3165 4320
1464 3165
2434 3413
3413 3441
3481 3951
136 3481
294 2508
294 3633
4345 4603
304 4345
2700 4802
2700 4339
1583 4053
3618 4053
58 2320
1871 2320
2127 4869
3142 4869
279 3652
1281 3652
20 4796
275 4796
190 4697
2574 4697
1855 4646
818 4646
2834 3746
2834 4573
3294 4228
2307 3294
1969 4798
1990 4798
1270 2299
746 1270
2104 4466
614 4466
2064 2441
715 2064
330 1941
330 3477
667 4520
667 1539
505 2649
1036 2649
635 2692
635 4712
725 4060
4060 4853
992 4877
3480 4877
834 4117
2106 4117
250 1796
1796 2630
2477 3640
2477 3417
2922 3372
2669 3372
1412 3750
1412 4100
3931 4611
3931 4580
2335 2492
1652 2335
2683 3943
3674 3943
1452 2400
1452 2521
1550 4665
96 4665
2359 3682
2359 4406
4142 4372
4292 4372
6 1257
1257 2081
2225 4530
4530 4542
217 3675
217 3836
1639 2219
1313 1639
1527 2463
1527 2480
703 3128
703 3369
2904 3017
2201 3017
1797 2731
1797 2881
1076 3047
1076 2220
964 2717
2045 2717
4146 4504
3310 4146
141 1273
1273 2366
456 3622
63 3622
2609 2760
2609 3824
2984 4756
3451 4756
1708 2181
2181 3015
1385 3141
1385 2324
2982 3490
599 2982
914 3587
407 914
506 1802
1802 4094
1961 2236
1961 3519
110 866
866 1109
2015 2109
2015 2968
2308 2864
2864 4549
1792 2200
1792 3565
1954 2420
1954 3183
66 265
66 4902
1789 3501
2216 3501
4368 4386
658 4368
1053 4238
1131 4238
207 2411
207 2806
2180 3357
592 3357
1192 2254
401 1192
1987 4252
1603 4252
1087 3261
1484 3261
2293 3561
2293 3129
1414 2371
2371 4073
3337 3376
1106 3337
206 1179
180 1179
1689 3083
3083 3688
648 3410
648 2272
1930 2314
1930 3463
4464 4975
1771 4975
1409 4726
3627 4726
1786 1995
1995 2773
665 1515
1515 3099
1831 3849
1831 2807
835 4565
4190 4565
2427 2829
804 2829
1383 4166
1193 4166
1551 2261
2261 4357
1042 1520
677 1520
1013 2990
1013 4624
3611 3875
3875 4884
2249 4668
1607 2249
365 1681
365 4211
609 3506
3119 3506
1331 1554
1375 1554
315 4577
315 698
405 4264
405 458
132 1496
1016 1496
723 4158
4158 4746
2395 4826
1854 2395
3482 4281
1377 3482
3332 3691
2443 3691
971 4477
971 2223
4039 4234
4208 4234
526 1356
526 1389
2515 2657
2657 3019
139 2770
139 4559
2610 4194
2610 3871
3336 3877
2026 3336
47 3297
47 3290
1050 4541
124 1050
329 575
329 2845
3169 4900
1791 3169
538 1190
538 1768
1661 4412
1661 4771
1609 1712
1712 3734
1035 3819
3819 3973
1211 2458
2458 4044
880 2052
880 3726
2794 3909
2224 3909
1332 3345
31 3345
392 1967
208 392
891 3658
3658 3799
3184 3923
3184 4342
745 2116
745 2276
522 4425
2584 4425
1819 4537
4282 4537
1544 4899
1544 4297
3617 4907
4868 4907
1446 3361
3080 3361
1194 4883
2346 4883
2510 4148
2288 4148
2949 3018
2949 3798
19 865
19 3327
3713 4204
3713 4071
1041 1267
1041 3434
2953 4306
1691 2953
2569 4595
1443 4595
1404 4793
3610 4793
328 4773
172 4773
152 466
466 643
3159 4200
3698 4200
3453 4586
521 4586
1627 3626
1627 4717
672 4739
4739 4782
3962 4479
4421 4479
2539 3068
2539 3394
291 2145
2145 2699
1810 3155
1810 2131
646 3124
3124 3589
1442 4437
1442 2475
4601 4954
3464 4601
895 4181
1903 4181
3217 3868
2672 3868
131 1342
1342 4362
932 1971
932 1612
55 527
55 706
841 3648
841 3359
1696 3803
3566 3803
2449 4949
2449 2627
2464 4489
2464 4656
645 2174
188 645
1295 3187
1038 1295
615 719
615 1157
3999 4655
3985 4655
2002 2825
805 2002
3254 3485
3485 3963
777 4048
4048 4535
1747 3499
2090 3499
621 4967
621 2457
353 4343
4013 4343
3835 4858
1716 4858
976 3578
3578 4747
81 2846
81 252
1030 3295
3150 3295
2003 4102
4102 4140
557 4271
48 4271
320 3467
3467 4501
2474 3221
948 2474
1739 4262
1731 1739
3891 4358
3702 4358
372 2269
2269 3108
1214 4999
282 1214
342 3830
342 3088
3195 4751
3195 3987
2158 2189
1440 2189
383 1741
1741 2944
969 3541
969 4610
1528 3274
1890 3274
879 1576
1576 1942
952 1582
471 1582
13 2337
2337 4690
2588 3397
2588 3831
729 1843
1843 3298
1060 2424
1060 1611
508 3181
508 1369
2444 3202
849 2444
1678 3509
1678 4547
3301 4169
1033 3301
1658 1824
1023 1824
431 606
431 3122
348 4175
348 1014
1665 2645
2645 4407
836 3171
836 3586
1895 4487
1895 3262
612 4413
612 3373
3409 4699
1471 4699
2608 4778
3686 4778
2819 2842
41 2842
2 1355
1355 1913
1045 4898
1045 4552
115 2879
115 2701
216 4064
216 2837
1946 3715
855 1946
2713 3197
465 2713
451 4513
451 2614
3134 4335
1056 3134
641 2460
2460 3774
1558 3198
519 3198
1327 4599
946 1327
2852 3214
1697 3214
1101 1420
678 1101
3582 3972
3972 3976
2853 4743
2853 3825
235 3701
235 4417
3031 3097
7 3031
54 303
65 303
881 2774
414 881
1028 2163
2163 4932
403 2698
403 2227
2790 2821
2114 2821
1007 4159
1007 3841
3 3764
3 4055
1031 2788
2369 2788
1521 2242
2242 3379
862 3754
1848 3754
2992 4129
867 4129
515 1407
1407 1606
1364 2673
1364 2654
1908 4762
1908 4037
2763 3816
3152 3816
2252 3222
2252 3790
1274 3828
2053 3828
71 656
656 1602
1132 2295
1132 1988
1836 3906
3906 4299
3282 4010
171 3282
2824 3636
2824 4807
425 845
425 4097
642 3733
642 3092
1247 3926
3884 3926
1844 4202
1844 2535
198 4080
4080 4248
70 2643
70 4670
919 2812
2812 4721
1762 3172
2961 3172
2253 3235
2253 4463
2060 4363
2060 3915
588 2561
588 1066
794 2526
2016 2526
2710 4062
1835 4062
2243 3621
694 2243
582 3637
1301 3637
649 3588
649 2041
793 1350
793 4498
608 3602
2179 3602
1376 3370
1168 3370
2664 3472
3253 3472
322 1522
322 3225
2318 3326
1052 3326
3118 4608
842 3118
1630 2489
178 2489
4458 4765
4458 4760
2970 4229
1804 2970
569 4293
4230 4293
248 518
248 3904
692 4197
3512 4197
3405 4814
3405 4298
2322 4074
2214 2322
2418 2550
410 2418
653 1162
1162 2334
2167 4454
1285 2167
1880 2659
1416 1880
1186 1530
1155 1530
1628 1926
972 1926
453 2602
453 4112
1803 2676
1482 2676
1572 1634
1067 1572
595 3070
595 4754
234 3170
234 299
1589 2498
108 2498
1519 2581
1519 4621
3996 4387
2035 3996
965 4283
3672 4283
1374 1535
113 1374
2173 4800
2173 3470
2799 4939
2071 4939
962 3061
3061 4539
1049 4199
1916 4199
2096 2764
2096 3740
3767 4366
4366 4944
2157 3391
2157 3051
1524 3918
1318 1524
2416 3548
3548 4992
94 4337
363 4337
1648 1857
1648 2959
1082 3425
1082 4244
680 4652
671 680
3760 4872
4391 4872
3212 4018
1202 3212
35 4233
35 3769
253 3966
378 3966
1700 4626
2976 4626
1687 3765
1019 1687
2306 3641
3641 4931
1073 4685
3676 4685
737 2472
2472 3946
1212 3024
1212 1474
2277 2315
2315 4639
1923 2097
1923 2503
4135 4714
860 4714
1110 3352
1110 1156
901 2130
143 2130
420 537
420 1039
2012 4736
2012 2067
313 555
313 3883
3249 4979
1957 3249
3842 4863
473 3842
1541 1580
1541 3009
107 4340
107 1553
259 4540
663 4540
1004 2442
2442 4951
2405 4815
1878 2405
1171 1581
1566 1581
883 4562
163 883
1184 4510
4374 4510
524 4332
2838 4332
25 1467
25 2995
2082 2198
502 2082
1348 1595
1348 1436
3620 3863
2589 3863
975 4686
3529 4686
2098 4395
164 4395
2238 4016
846 4016
3775 4322
3775 3912
1497 4846
3151 4846
93 3730
3717 3730
2782 4953
483 4953
398 412
398 631
1864 4036
4036 4672
3036 3331
1899 3331
798 3271
798 3315
928 1336
928 3424
819 2758
819 2709
1425 2780
1425 3112
3770 4572
2329 4572
552 2509
2470 2509
2036 3553
2036 3712
2100 4245
2100 3809
457 3927
3927 4554
255 4704
255 2541
3234 3723
3614 3723
1078 4098
690 1078
3135 3810
3135 3279
728 4445
4023 4445
266 2433
266 3858
1002 1980
1980 3414
2566 3043
1119 2566
144 1656
1656 3057
1943 3420
1943 2896
2309 4861
2309 4004
1769 2450
1769 2854
767 1787
767 4905
1382 3797
2281 3797
1997 4279
1883 1997
622 998
998 3911
4447 4996
2150 4447
651 3132
651 4375
307 2199
1509 2199
1236 3745
2869 3745
531 3998
443 3998
3837 4891
21 4891
1210 2061
516 2061
145 3419
3419 4893
470 3186
2929 3186
1117 4972
1117 4216
2162 2704
2162 4401
512 4983
512 1307
331 732
732 4217
827 1372
1158 1372
1136 3058
577 1136
2564 2606
1774 2606
285 1643
1643 3104
2537 4029
2537 4267
3275 3312
3275 4020
1151 4107
1012 4107
2771 4255
3346 4255
158 597
158 3967
3314 3571
3314 4991
1568 4724
1568 3161
376 619
619 3347
3560 4052
1892 3560
1947 2727
2727 3881
346 2311
346 2507
347 2575
347 583
902 3960
3960 4392
2133 3861
3861 4930
1259 2695
2695 4492
984 4307
1727 4307
1450 2686
1450 3786
1801 2357
2357 3584
2048 2368
2048 3885
3907 4716
2394 4716
1182 3550
1182 2008
1676 2572
1813 2572
4476 4511
4511 4990
2144 3916
3916 4484
2506 4294
177 4294
1510 2382
1510 4579
2578 3257
2578 3164
684 2831
1329 2831
3708 4993
2580 3708
262 4963
262 2343
1690 1705
228 1690
159 4404
1172 4404
478 4111
478 944
2421 3189
713 2421
2377 4550
1328 2377
1185 4336
140 1185
440 2656
440 840
2148 3055
2148 2705
175 1981
175 3520
350 936
936 3237
384 3680
958 3680
2784 3398
3398 4598
4446 4789
429 4789
906 2947
906 3756
3399 3986
441 3399
455 844
455 4083
444 924
444 4938
3258 3898
90 3898
756 935
935 2878
258 3971
258 3140
2331 3006
938 3006
885 3771
1492 3771
996 2818
598 2818
2556 2858
459 2858
2917 3662
2456 2917
1456 3448
1456 1635
864 1578
864 2193
2194 3469
766 3469
2345 4141
1901 4141
4825 4943
1099 4943
52 2031
52 100
1121 4874
830 1121
1279 1300
1279 4397
981 1058
1058 2333
4615 4933
3363 4615
126 872
126 3526
558 4763
1392 4763
1516 2835
2835 4882
922 4844
922 1047
711 2872
1829 2872
1201 2473
194 2473
925 2927
925 1242
1255 3476
1255 3538
2941 4894
2887 2941
1373 4301
1373 3484
204 1565
1565 3439
1937 3908
3113 3908
3028 4490
815 3028
1847 4904
1847 3664
2967 4170
2601 4170
3149 4402
4402 4524
491 838
838 4912
1065 3091
417 1065
781 3778
781 4411
3093 4792
2762 3093
1909 2552
636 1909
2600 4729
4024 4729
3462 4901
1538 4901
2886 3653
2886 3856
427 2017
796 2017
2390 3537
2390 4007
1365 4389
1351 4389
3160 3440
939 3160
3303 3362
1449 3303
38 3229
38 4713
1108 3390
1108 4706
638 4964
4628 4964
2262 4849
3406 4849
2373 3182
101 3182
543 3793
543 1384
1222 4378
237 4378
293 1085
1085 1479
3524 3905
103 3524
1458 4186
627 4186
773 3085
2037 3085
2697 4978
744 4978
787 1298
1298 1408
1 1799
1 3751
1074 3576
1074 3804
119 3375
3375 4776
541 3060
2137 3060
74 2965
586 2965
509 776
509 3585
1594 1958
1958 2410
2494 3747
2494 3436
2455 3494
3494 3777
4008 4948
4008 4070
1148 3684
3684 4906
2270 4855
67 2270
673 4327
673 1753
687 1668
388 1668
988 991
988 1393
356 1057
356 792
335 2328
335 2014
1842 3552
2336 3552
341 1735
1735 3158
364 1133
1133 2592
1993 3508
1993 2349
920 3892
2547 3892
1215 1833
1833 3823
1977 4574
1719 4574
1555 2815
290 2815
12 1702
12 448
2070 3748
2505 3748
779 3280
779 4003
1881 3163
2300 3163
2155 4290
951 2155
381 2065
2065 3659
2430 4092
877 2430
675 3366
3366 4641
2208 2670
2208 2393
923 1785
923 3575
4320 4369
312 4320
1464 4955
1464 3889
2434 3308
2434 4118
3441 4341
3441 4261
2205 3951
1703 3951
136 1140
136 1832
2178 2508
1505 2508
3633 3886
3633 3739
4578 4603
2029 4603
304 890
304 2128
2188 4802
2033 4802
3827 4339
3692 4339
1583 3350
1513 1583
1840 3618
1891 3618
58 2088
58 1490
1871 3709
10 1871
2127 2624
2127 4925
659 3142
3142 4829
279 4875
279 3021
1167 1281
1281 2533
20 2850
20 3004
275 3205
275 3694
190 3007
190 1363
2574 3403
2574 4382
1855 3147
820 1855
818 2143
226 818
3746 4526
1103 3746
1018 4573
1293 4573
4228 4442
374 4228
553 2307
2307 2486
1969 3226
1969 2000
1734 1990
1990 2781
858 2299
604 2299
746 1180
686 746
2104 2644
2104 2183
614 2107
614 4785
2441 4962
2441 3011
715 3768
715 4545
666 1941
1941 2381
525 3477
1296 3477
1805 4520
1177 4520
1539 1973
309 1539
505 2487
505 875
589 1036
1036 3496
2692 4914
2692 3591
3958 4712
3456 4712
629 725
725 4353
1561 4853
123 4853
556 992
980 992
945 3480
1818 3480
834 2413
834 4184
1320 2106
2106 2233
250 3806
250 3902
548 2630
306 2630
2362 3640
2356 3640
1299 3417
1063 3417
1664 2922
2922 4968
2669 4695
375 2669
563 3750
302 3750
1915 4100
1334 4100
3137 4611
150 4611
1164 4580
3738 4580
1423 2492
2492 3348
1652 4506
230 1652
1666 2683
2084 2683
135 3674
3674 3783
2400 3457
695 2400
2257 2521
1006 2521
1427 1550
1550 3690
96 2139
96 2562
1426 3682
3050 3682
4056 4406
1308 4406
3233 4142
4142 4227
3839 4292
3145 4292
6 4527
6 3711
1352 2081
2081 4833
357 2225
2225 4427
4542 4584
1944 4542
3675 4941
432 3675
717 3836
2558 3836
2219 3030
2219 3974
1313 3042
5 1313
2463 4124
2010 2463
2480 3660
2480 2635
2232 3128
803 3128
2068 3369
2046 3369
1512 2904
2049 2904
2201 2372
1434 2201
2731 3608
2731 4564
2881 4732
2881 4551
2587 3047
3047 4448
2220 2406
2220 3510
964 3634
964 4459
1250 2045
2045 2207
1557 4504
3103 4504
354 3310
3310 3957
141 211
141 1815
469 2366
2366 2493
456 493
456 3511
63 1037
63 3729
2760 3143
2072 2760
413 3824
2451 3824
2364 2984
1814 2984
2462 3451
3451 3596
1673 1708
1708 2192
2560 3015
3015 4384
2583 3141
3064 3141
1986 2324
1567 2324
173 3490
2303 3490
599 1246
599 1686
114 3587
2497 3587
407 1011
407 1000
506 4777
506 4408
941 4094
2650 4094
379 2236
1598 2236
2111 3519
559 3519
110 3213
110 1198
1109 4934
1109 1632
2109 3504
1353 2109
2968 3846
2431 2968
2308 4922
1858 2308
4549 4634
4106 4549
2200 2925
2200 4488
484 3565
3565 4419
2420 3432
2420 2634
3183 4823
3183 3514
265 472
265 3218
2027 4902
3649 4902
1789 2966
1789 4205
1044 2216
1153 2216
2811 4386
1540 4386
658 1003
142 658
1053 1126
1053 4077
1131 1545
1131 3278
2411 3240
2411 2468
2806 2946
2102 2806
1226 2180
2180 2939
499 592
592 3853
167 2254
260 2254
401 501
401 4767
297 1987
1025 1987
1603 2798
1603 2786
308 1087
1087 3013
488 1484
1484 2118
1570 3561
1623 3561
2206 3129
3129 4781
1414 1460
833 1414
4073 4923
200 4073
3376 4888
301 3376
352 1106
821 1106
206 4728
206 4597
180 857
180 1188
712 1689
1689 2647
2298 3688
3688 3934
3410 3888
3410 3545
718 2272
2272 3227
2314 3736
1563 2314
3416 3463
118 3463
4253 4464
3094 4464
1771 2514
1771 4897
1409 4735
889 1409
3627 4935
2304 3627
886 1786
1786 3955
2773 4309
11 2773
665 2083
665 2749
2168 3099
3099 3154
3849 3977
2415 3849
2807 4203
1647 2807
835 2696
835 3076
4190 4645
3666 4190
2275 2427
244 2427
804 4607
804 3096
1383 2545
544 1383
1193 1599
870 1193
1551 2344
1551 2948
3167 4357
2642 4357
1042 4689
1042 1752
677 3893
677 685
399 2990
888 2990
3077 4624
1782 4624
1508 3611
1089 3611
1124 4884
3720 4884
430 4668
2387 4668
1278 1607
1579 1607
1681 4057
1681 2928
2568 4211
3251 4211
609 4553
609 3697
3119 3606
1139 3119
1017 1331
474 1331
1375 2666
1375 4650
560 4577
494 4577
49 698
698 3563
2905 4264
1693 4264
458 1746
454 458
132 2105
132 1346
1016 4709
1016 2579
723 1435
723 1494
4058 4746
1877 4746
4826 4959
530 4826
500 1854
1854 3530
4281 4409
4046 4281
1216 1377
1377 3887
389 3332
3332 4921
2443 3318
288 2443
2196 4477
2202 4477
404 2223
1542 2223
816 4039
3215 4039
4208 4278
1629 4208
1356 2840
1356 4852
239 1389
1389 3081
2515 3613
2515 4040
3019 3564
1960 3019
2770 2893
549 2770
4559 4605
4076 4559
4194 4558
3936 4194
3364 3871
3871 4152
2057 3877
1237 3877
2026 2502
1487 2026
2397 3297
2018 3297
3290 3714
917 3290
1952 4541
1523 4541
124 3063
124 4180
575 3023
575 2663
2845 4640
974 2845
2646 4900
3784 4900
535 1791
1100 1791
1190 2586
1190 2093
318 1768
1768 2839
1481 4412
3300 4412
3288 4771
3157 4771
1609 3247
1609 1827
1251 3734
2964 3734
1035 1807
1035 3833
2338 3973
1733 3973
1211 3034
1211 3095
467 4044
1904 4044
657 2052
1592 2052
23 3726
3726 4223
1098 2794
2794 4908
1637 2224
2224 2607
1332 3117
1332 3635
31 2030
31 763
1672 1967
892 1967
208 4311
208 4034
891 1475
891 3309
3799 4376
1618 3799
3317 3923
3923 4449
1514 4342
1239 4342
2116 4711
850 2116
2276 2926
2276 4801
522 4730
522 1654
2584 3351
2584 2889
1819 3894
1819 3647
489 4282
4282 4543
3852 4899
1675 4899
3993 4297
1642 4297
1398 3617
3617 3812
1189 4868
4643 4868
1446 3807
1446 3801
1316 3080
1205 3080
1194 3500
1194 2789
801 2346
2346 2379
2510 4329
2510 4984
1287 2288
2288 4514
3018 3615
3018 3924
1200 3798
349 3798
865 4768
439 865
2978 3327
3327 3343
2911 4204
565 4204
2648 4071
1406 4071
1267 2273
1267 3874
966 3434
3320 3434
1159 4306
1830 4306
1691 2726
1691 4035
2569 2861
504 2569
1443 1763
1443 2412
1404 4502
1404 1906
1564 3610
2803 3610
328 2302
328 3854
172 3925
172 1518
152 1963
152 3089
643 2398
643 2954
2921 3159
3159 4534
3206 3698
1075 3698
3453 4313
1233 3453
521 4270
521 3695
2999 3626
2195 3626
450 4717
310 4717
672 3074
17 672
1722 4782
4198 4782
2383 3962
2266 3962
1379 4421
4421 4916
3068 3619
3068 3668
2720 3394
300 3394
291 4189
291 4461
2292 2699
80 2699
3155 4015
3155 3380
2121 2131
1104 2131
646 1953
646 2376
2488 3589
3589 4456
4285 4437
4390 4437
2475 2542
697 2475
894 4954
2775 4954
3464 4045
743 3464
895 1235
895 2339
1419 1903
1040 1903
2546 3217
1223 3217
1305 2672
567 2672
131 774
131 878
1806 4362
753 4362
1586 1971
749 1971
688 1612
1526 1612
527 2404
527 3428
706 2671
706 2385
486 3648
2039 3648
232 3359
2557 3359
1696 3121
1696 2211
1445 3566
3566 4429
4811 4949
613 4949
1823 2627
2627 4436
2742 4489
1921 4489
3191 4656
2500 4656
1221 2174
1303 2174
188 316
188 3427
3187 4982
2851 3187
1038 4927
1038 1288
719 2182
719 2228
22 1157
1134 1157
2618 3999
3579 3999
3075 3985
3985 4860
1417 2825
2825 3544
805 4703
805 2176
847 3254
1714 3254
3963 4612
2894 3963
777 2998
777 3059
1024 4535
421 4535
1747 3022
1747 4509
2090 4791
2090 4602
4090 4967
1213 4967
949 2457
2457 4581
353 3811
353 2859
1622 4013
982 4013
3835 4630
3835 4924
1716 4087
1716 2006
976 4000
976 4517
2706 4747
550 4747
2633 2846
1816 2846
252 3400
252 4047
1030 2785
1030 2435
3046 3150
3150 4236
2003 2326
2003 3388
2772 4140
4140 4503
557 4987
557 2250
48 4847
48 479
320 4103
320 662
4501 4663
2622 4501
2092 3221
1165 3221
948 1330
79 948
3284 4262
3412 4262
1731 2050
1731 2501
445 3891
1562 3891
475 3702
264 3702
372 2778
372 3899
3108 4031
933 3108
957 4999
3980 4999
282 1966
282 4783
1470 3830
2747 3830
3088 4303
355 3088
1657 4751
3001 4751
3987 4254
3148 3987
2158 4472
2158 2389
1440 3471
1440 2684
383 1817
383 1084
334 2944
898 2944
3541 4824
2440 3541
1399 4610
4610 4818
1528 1839
681 1528
1243 1890
1890 2718
879 4960
879 2902
1942 2386
1942 3937
952 2739
952 953
471 2986
471 1779
13 806
13 3371
3518 4690
373 4690
2795 3397
2582 3397
3224 3831
2055 3831
729 4774
729 4247
3048 3298
3298 4831
2424 2816
2424 3411
1611 2544
481 1611
2963 3181
3181 4971
276 1369
1369 4433
2370 3202
2520 3202
849 2317
849 2884
2117 3509
1394 3509
1175 4547
2702 4547
45 4169
3377 4169
1033 1403
243 1033
640 1658
1658 3896
603 1023
1023 2880
120 606
606 1950
2907 3122
1715 3122
2042 4175
4175 4795
1014 1366
1014 4065
33 1665
859 1665
2280 4407
3753 4407
1326 3171
2481 3171
1684 3586
3177 3586
1866 4487
3629 4487
3262 4465
3262 4081
993 4413
2689 4413
2265 3373
1713 3373
2360 3409
1160 3409
1471 3583
1471 4669
1260 2608
1291 2608
327 3686
3686 4221
2819 4770
2819 4744
41 2945
41 510
2 822
2 4660
507 1913
1401 1913
983 4898
714 4898
1294 4552
1798 4552
1692 2879
1107 2879
2701 4249
590 2701
3033 4064
3381 4064
869 2837
2837 3342
3715 4328
2956 3715
855 3568
855 2094
1448 3197
3197 3628
465 1834
465 852
4513 4836
2636 4513
1219 2614
2614 4274
3385 4335
4335 4804
281 1056
1056 3250
641 2479
641 4383
9 3774
839 3774
1558 1717
1558 1710
519 1920
519 3536
1244 4599
3595 4599
946 1912
946 1601
418 2852
2852 2942
1697 2694
1495 1697
1420 1809
1420 3968
678 3486
77 678
664 3582
14 3582
3505 3976
3289 3976
1143 4743
3838 4743
1275 3825
668 3825
151 3701
800 3701
4417 4787
4259 4417
1010 3097
496 3097
7 1253
7 1745
54 4813
54 4631
65 280
65 2736
2774 3323
1984 2774
414 3516
414 1183
83 1028
1028 4910
4678 4932
1879 4932
2698 4576
2698 4156
2227 3556
2227 2330
2750 2790
1432 2790
639 2114
2114 3038
218 4159
4159 4330
2867 3841
3841 4101
3764 4108
3764 4151
3802 4055
1636 4055
34 1031
1031 4664
1116 2369
2369 3949
765 1521
209 1521
2765 3379
169 3379
862 3815
862 1438
1848 3185
1848 2518
2640 2992
2992 4174
867 3086
867 4206
515 4432
515 4305
337 1606
170 1606
562 2673
485 2673
1128 2654
2038 2654
561 4762
2342 4762
61 4037
325 4037
2763 4379
1268 2763
539 3152
2113 3152
1227 3222
2399 3222
1263 3790
1088 3790
1274 4160
1274 3285
2053 3404
2053 2715
71 1400
71 970
1571 1602
1602 1659
2295 2677
2295 3625
111 1988
1988 4086
1517 1836
400 1836
1390 4299
4299 4434
960 4010
2384 4010
171 242
171 4257
32 3636
1919 3636
4807 4817
2409 4807
845 3710
845 3239
605 4097
2860 4097
1333 3733
3733 4928
423 3092
3092 4399
1247 1845
1247 2791
3884 4125
2753 3884
4202 4566
931 4202
1111 2535
2535 2661
198 3333
198 3101
2596 4248
2743 4248
2643 3870
2643 2898
3808 4670
1166 4670
394 919
919 943
4123 4721
371 4721
419 1762
396 1762
1362 2961
2961 3305
3235 4819
2230 3235
2380 4463
863 4463
2883 4363
3231 4363
3915 3988
591 3915
2561 3130
122 2561
1066 4478
1066 3446
794 1115
794 4049
2016 4212
2016 2985
708 2710
2710 4288
1835 2247
768 1835
2454 3621
3621 4570
694 2151
694 4426
582 1378
582 1290
1301 2101
1301 1870
3002 3588
769 3588
2041 4936
2041 3180
1350 1875
269 1350
2567 4498
3335 4498
608 2617
608 1325
2179 4758
2179 3204
386 1376
1376 2184
1168 3072
546 1168
1533 2664
277 2664
2532 3253
513 3253
1070 1522
1522 4698
3225 3630
3225 3979
1726 2318
2318 2899
848 1052
1052 1680
4318 4608
2432 4608
842 4284
542 842
1630 2495
1630 3008
178 755
178 187
4507 4765
4132 4765
2259 4760
4760 4835
2722 4229
3947 4229
1804 2719
771 1804
569 1547
569 4809
4147 4230
1972 4230
518 4153
518 812
1102 3904
1772 3904
692 2549
278 692
1114 3512
212 3512
2159 4814
2960 4814
2756 4298
366 4298
3426 4074
2759 4074
247 2214
1704 2214
462 2550
2550 2612
410 1402
410 1962
653 2577
653 4892
2334 2885
2334 4138
28 4454
2120 4454
1285 3100
1285 4889
2659 3921
2659 3292
1416 2994
1416 3913
1186 4276
1186 3431
1155 3422
179 1155
1628 2025
676 1628
972 4722
972 1141
1354 2602
2602 4956
1575 4112
2286 4112
578 1803
1803 3646
1482 4325
1482 4316
1634 3041
1634 1889
1067 1688
1067 1754
3070 4803
3070 3758
2244 4754
4754 4864
2733 3170
1264 3170
299 3090
299 4347
1589 3818
1001 1589
108 2748
108 3515
2581 4797
2581 4455
4621 4769
3743 4621
210 4387
3920 4387
2035 4225
2035 2297
965 3665
965 1669
3672 3859
3672 4583
1535 3105
1535 3718
113 3415
113 1718
3975 4800
861 4800
884 3470
72 3470
2799 3616
2799 4970
669 2071
2071 3820
962 3316
962 4500
4314 4539
4334 4539
1049 4952
1049 4779
1916 3459
1885 1916
2005 2764
2274 2764
1846 3740
1951 3740
3767 4911
3643 3767
4737 4944
1682 4944
1959 3391
3391 3547
2231 3051
2874 3051
176 3918
873 3918
286 1318
436 1318
2416 3267
2416 2516
4725 4992
1979 4992
94 977
94 581
363 4355
363 4538
18 1857
529 1857
2959 3005
909 2959
2641 3425
1437 3425
4244 4734
4172 4244
2020 4652
3273 4652
671 3679
671 2099
1345 3760
3760 4121
1173 4391
4391 4988
1055 4018
904 4018
1202 3945
1202 1852
4233 4799
4089 4233
511 3769
3769 4011
225 253
253 3287
378 3338
378 1645
1700 4918
1700 4351
104 2976
2976 3700
3765 4110
2054 3765
540 1019
1019 4742
1859 2306
1026 2306
4280 4931
2428 4931
382 1073
1073 4462
574 3676
3676 4438
438 737
737 3493
1936 3946
3946 4637
3024 4486
2327 3024
1474 1653
1474 2013
2277 4659
2277 3569
721 4639
4474 4639
76 2097
2097 2511
2503 4654
1282 2503
186 4135
4135 4839
860 4113
344 860
1051 3352
2294 3352
1156 2776
652 1156
249 901
901 3245
143 1370
143 4644
537 3174
537 3766
1039 1709
1039 2923
3817 4736
1395 4736
2067 2814
2067 3087
555 630
555 2915
1574 3883
3268 3883
3220 4979
3865 4979
1957 3438
1957 2973
1491 4863
3433 4863
473 3201
473 1925
700 1580
1396 1580
3009 3039
2321 3009
1468 4340
2164 4340
1553 4367
1553 3787
259 2354
87 259
663 3667
663 1660
1004 3244
1004 1483
4126 4951
4593 4951
3283 4815
1187 4815
1878 2213
1878 3497
1171 1429
1171 2808
1566 4633
1566 2396
600 4562
905 4562
163 2855
163 3992
1184 1309
709 1184
1265 4374
1649 4374
524 2685
524 2034
2838 4536
1469 2838
1154 1467
128 1467
2995 3779
2616 2995
220 2198
2198 2576
502 2119
502 1724
1493 1595
387 1595
1436 4821
1436 3016
3620 3757
3620 3632
2589 2975
831 2589
975 4851
975 4054
3529 4263
2290 3529
791 2098
2098 2626
164 1284
164 856
2040 2238
2028 2238
846 1135
846 2161
1756 4322
338 4322
3912 4557
3912 4822
1497 4623
1497 3796
3151 4619
1204 3151
93 2190
93 4909
985 3717
105 3717
2782 3645
2782 3408
483 3179
483 637
412 452
412 1022
631 3981
416 631
1485 1864
1864 4453
1929 4672
4435 4672
1989 3036
51 3036
1620 1899
1899 2936
2958 3271
3271 3393
1254 3315
3315 4308
1336 4693
1064 1336
3424 3788
955 3424
2758 4480
1249 2758
2075 2709
2709 4291
620 2780
2780 4913
1593 3112
1776 3112
1029 3770
1224 3770
182 2329
2240 2329
552 3133
446 552
2470 4423
1472 2470
368 3553
1080 3553
215 3712
1454 3712
4245 4715
1203 4245
3809 4661
3809 4219
457 4775
457 1137
1764 4554
4554 4866
2146 4704
3368 4704
2541 4025
2529 2541
3234 3965
2918 3234
246 3614
2595 3614
716 4098
4098 4571
690 4617
690 1413
1315 3810
2210 3810
2937 3279
3279 4828
728 3291
728 1940
3455 4023
4023 4120
2433 2897
229 2433
361 3858
761 3858
1002 2156
1002 2197
2868 3414
3414 3555
393 3043
3043 4647
1119 3789
1119 1234
144 2792
144 222
3057 4816
1837 3057
2350 3420
1781 3420
2896 4272
2896 2912
1218 4861
1488 4861
1863 4004
1968 4004
272 2450
2450 3123
2854 3307
2854 4522
1787 2906
1787 2655
4905 4976
3685 4905
1382 2170
1382 3126
157 2281
1927 2281
3299 4279
3208 4279
1883 3175
1821 1883
153 622
622 1898
468 3911
2126 3911
523 4996
495 4996
2150 3603
2150 3442
1590 3132
2531 3132
1046 4375
4218 4375
307 2724
307 4856
1509 3873
1509 3535
1236 3867
1236 1841
2869 3049
2869 4304
531 1371
531 4915
358 443
443 4838
1758 3837
1650 3837
21 3065
21 4731
1161 1210
1210 2185
516 3473
516 2108
145 3429
145 959
273 4893
3395 4893
470 528
470 1480
689 2929
2675 2929
1142 4972
2267 4972
2112 4216
4216 4515
1970 2704
2704 3106
4246 4401
256 4401
1996 4983
2476 4983
1307 3328
1307 4653
331 4658
331 4096
1800 4217
674 4217
827 2732
827 3223
1158 2172
219 1158
3058 4164
2769 3058
577 2237
577 2374
2564 3319
2564 4009
1774 4460
184 1774
285 1625
285 625
181 3104
1339 3104
4029 4444
2175 4029
4267 4622
2284 4267
3312 4398
283 3312
84 4020
764 4020
843 1151
1151 2738
1012 4232
810 1012
2771 4017
391 2771
3346 4441
3346 4385
597 1874
148 597
3967 4676
2496 3967
3571 4937
2934 3571
999 4991
2103 4991
199 4724
3731 4724
3161 4251
3026 3161
376 1811
376 2056
624 3347
2361 3347
626 4052
82 4052
1892 2074
1892 4422
1947 4154
1947 3445
570 3881
2171 3881
343 2311
2311 3209
747 2507
580 2507
2575 3781
2152 2575
583 1865
583 1849
902 1886
902 1241
4061 4392
2001 4392
2133 4977
2133 3933
2848 4930
1229 4930
1259 4168
1259 3115
1663 4492
2147 4492
984 4850
984 1573
1727 1788
156 1727
2686 3938
2686 4109
2573 3786
2248 3786
1801 3724
1801 4832
1991 3584
109 3584
2368 3570
2229 2368
2149 3885
1907 3885
3907 4050
3761 3907
2394 3848
1457 2394
2528 3550
3550 4772
2008 4012
442 2008
1676 4030
1641 1676
1813 3401
1813 2221
4038 4476
1261 4476
4919 4990
623 4990
2144 2255
1120 2144
3306 4484
2690 4484
2506 3719
2506 4143
177 2239
177 3834
1587 2382
2382 4162
3549 4579
2943 4579
808 3257
324 3257
2637 3164
2204 3164
684 2755
684 2087
1329 3293
1329 2124
4733 4993
4518 4993
2580 4361
2580 2712
2340 4963
3794 4963
1152 2343
380 2343
1705 2095
1705 3964
228 4022
228 408
159 1048
159 254
1172 3000
1172 4185
1368 4111
2226 4111
944 2793
944 2426
1894 3189
3189 4989
713 2828
713 1027
2971 4550
461 4550
1328 2903
1328 4638
2513 4336
2768 4336
140 3941
140 784
1258 2656
2429 2656
840 3020
840 2737
3029 3055
1588 3055
2705 3073
2705 4657
1981 4794
1343 1981
1917 3520
3520 4837
350 3114
350 2916
2215 3237
2264 3237
384 2021
384 3984
958 1240
116 958
2784 3772
2590 2784
1853 4598
4182 4598
3678 4446
963 4446
429 4471
429 1093
498 2947
2947 4667
3517 3756
3756 4079
1431 3986
1711 3986
441 4473
441 3752
844 1347
844 4965
1280 4083
3199 4083
924 3930
924 4237
4403 4938
4215 4938
2408 3258
3258 3396
90 961
90 4214
756 910
756 1314
1617 2878
2599 2878
3735 3971
3971 4974
1262 3140
1297 3140
2331 4508
585 2331
938 1388
938 3763
885 2169
885 2613
1492 4629
1492 2757
996 4494
996 2414
598 1433
598 4241
1884 2556
460 2556
459 4604
459 726
3662 4555
3662 4879
2456 4994
1441 2456
321 3448
1283 3448
137 1635
1635 2402
1578 4585
1578 2134
2193 4300
1783 2193
2194 4222
2024 2194
766 1266
766 4748
1964 2345
2079 2345
1901 2876
1901 2741
3991 4825
2467 4825
314 1099
1099 3032
2031 4523
2031 2817
100 1820
100 929
1902 4874
2258 4874
205 830
740 830
1300 3116
1300 3612
1501 4397
1146 4397
24 981
40 981
2333 4926
650 2333
576 4933
1090 4933
319 3363
1525 3363
872 3166
872 4452
2135 3526
3526 4788
558 1286
558 2693
1392 1985
1015 1392
1516 2658
1516 4666
1361 4882
57 4882
3554 4844
3681 4844
1047 2924
1047 3188
711 3407
711 3513
1829 2332
1020 1829
317 1201
1201 4830
194 2051
194 2305
197 2927
2927 2977
1242 3935
1242 4041
46 3476
503 3476
1695 3538
3259 3538
2987 4894
98 4894
2132 2887
2887 3860
4301 4533
602 4301
3484 4093
56 3484
204 3862
204 4627
3439 4840
705 3439
1937 3897
1937 4880
1123 3113
213 3113
710 4490
4321 4490
815 2933
815 3125
1536 4904
3421 4904
292 3664
655 3664
1975 2967
2438 2967
1217 2601
2601 4890
3149 4738
3149 3265
1410 4524
1605 4524
377 491
491 1118
1359 4912
1728 4912
1072 3091
1910 3091
417 4286
417 4043
1720 3778
2004 3778
2403 4411
3325 4411
3354 4792
435 4792
2762 3200
2762 3136
2552 4493
2552 2866
636 1750
636 1422
2600 3450
370 2600
4024 4243
3528 4024
3462 3857
3462 3693
899 1538
227 1538
1086 3653
2512 3653
3460 3856
837 3856
427 2865
112 427
796 4105
91 796
3266 3537
770 3537
1005 4007
3683 4007
1365 4651
1365 3010
967 1351
802 1351
3440 4614
3440 3850
939 1569
724 939
3362 4240
720 3362
1367 1449
1449 3102
921 3229
2348 3229
1662 4713
4548 4713
1248 3390
3082 3390
4706 4841
3590 4706
638 926
638 2461
2142 4628
4451 4628
1759 2262
2262 4973
3406 4808
1737 3406
2373 2651
947 2373
101 3329
101 1671
1077 3793
3230 3793
447 1384
1384 3639
918 1222
1222 4749
237 3997
237 3156
293 1633
293 3193
1479 4338
1479 4616
2639 3905
1862 3905
103 4895
103 1476
1458 3098
752 1458
627 2660
627 1552
221 773
773 2877
1054 2037
1504 2037
1138 2697
1770 2697
744 2875
744 3270
787 2744
787 3360
1408 4848
1408 2553
693 1799
1799 1998
950 3751
3751 4917
3576 4315
573 3576
2141 3804
1939 3804
119 3178
119 1615
596 4776
3461 4776
541 4596
541 3040
2137 2491
2137 3533
74 241
74 1424
586 2069
586 4220
776 2805
776 4268
1677 3585
3044 3585
1594 4302
691 1594
2410 4239
1145 2410
1125 3747
3358 3747
3436 3669
1122 3436
2455 4600
1808 2455
1447 3777
1306 3777
4741 4948
1790 4948
1245 4070
4070 4920
1148 2980
1148 3079
1230 4906
3037 4906
155 4855
4201 4855
67 634
67 4528
2652 4327
4327 4887
1753 3521
1461 1753
687 1914
687 3742
388 1032
388 4235
991 2023
722 991
934 1393
1393 3942
772 1057
1057 1252
792 3344
792 3847
989 2328
1931 2328
2014 3594
660 2014
15 1842
60 1842
2336 4625
2336 3876
341 3219
341 735
8 3158
75 3158
166 364
364 4104
298 2592
2592 2891
3508 3840
814 3508
2110 2349
1694 2349
920 4450
920 4082
2547 3264
1638 2547
1215 3928
1215 4662
3823 4066
734 3823
1977 3773
579 1977
1719 2401
1719 2285
1555 3211
1555 4193
290 2459
290 1826
1702 1760
1702 4467
448 750
448 1091
2070 2909
547 2070
2505 2527
1794 2505
2797 3280
3280 3465
4003 4871
4003 4021
1621 1881
1881 2796
632 2300
2300 4344
1405 4290
3025 4290
951 2809
951 2779
381 1319
381 4161
3659 3932
3659 4859
4092 4224
4092 4827
817 877
877 2543
88 675
675 2594
1061 4641
147 4641
2670 4675
2670 3384
2393 3654
1938 2393
1743 1785
1785 2367
3228 3575
813 3575
4114 4369
1600 4369
312 2895
312 2076
3053 4955
4296 4955
3663 3889
3889 4681
3308 3475
2271 3308
3656 4118
3302 4118
251 4341
4341 4469
1208 4261
3605 4261
2205 2465
1453 2205
1703 2165
1537 1703
1140 2140
1140 3969
39 1832
1196 1832
2178 4373
2178 3176
1505 1945
1505 3914
3886 4352
1767 3886
3739 4684
134 3739
395 4578
2353 4578
2029 4995
102 2029
890 913
890 4700
2128 4867
2128 4757
2188 2234
937 2188
245 2033
2033 4843
2047 3827
3827 4857
2043 3692
1922 3692
900 3350
3350 4115
1513 3418
1513 4720
385 1840
68 1840
1891 2089
1891 4136
2088 2289
1341 2088
1490 4945
1490 3277
3478 3709
3052 3709
10 2209
10 50
2624 4946
2624 4481
4680 4925
3901 4925
659 1679
659 3452
1511 4829
3580 4829
196 4875
2856 4875
3021 4468
3021 4873
757 1167
1167 1181
2533 3466
2533 3864
1415 2850
295 2850
2032 3004
3004 4740
3205 4187
2843 3205
2619 3694
3694 3716
3007 3238
2522 3007
1363 2857
1363 3737
3403 3961
876 3403
2603 4382
978 4382
1736 3147
1674 3147
820 4985
422 820
2143 3389
2143 4317
226 2154
226 4381
4069 4526
1949 4526
1103 1304
1103 2091
1018 3255
203 1018
369 1293
1293 2341
3374 4442
4442 4497
374 3382
374 4072
553 4171
553 1933
1667 2486
2486 4878
759 3226
3226 3866
2000 3567
1323 2000
1734 3054
1559 1734
2781 3367
78 2781
858 2009
858 2058
604 3069
604 3601
1180 4150
1180 4845
686 4519
686 3785
2644 4157
2644 3581
2183 3523
287 2183
214 2107
2107 4958
1358 4785
1256 4785
3324 4962
4701 4962
3011 4618
95 3011
3768 3879
2653 3768
3872 4545
2962 4545
666 4505
666 762
69 2381
2381 4784
525 3651
525 2466
1296 1548
1296 4394
1805 2296
274 1805
1177 3056
1177 4095
1556 1973
1973 4710
309 1591
309 333
1867 2487
2187 2487
875 897
520 875
589 1357
589 4885
3496 4719
3496 4594
138 4914
2437 4914
3591 3895
1757 3591
464 3958
3671 3958
593 3456
3456 4687
629 2950
629 4042
1822 4353
4353 4370
195 1561
1220 1561
123 1651
123 1655
556 2241
556 1149
980 4137
980 3982
945 4059
945 4561
1818 3146
1317 1818
305 2413
2413 4491
4184 4834
476 4184
1320 1560
1320 1983
406 2233
2233 4496
1081 3806
3806 4324
3755 3902
647 3902
548 4145
223 548
92 306
306 4231
2362 2668
2362 2629
2279 2356
2356 4085
1289 1299
1299 3687
1063 1386
1063 4691
1664 2988
1418 1664
4929 4968
4350 4968
2832 4695
3749 4695
375 1646
375 2446
563 1596
563 4266
302 3330
302 463
1009 1915
1915 1928
267 1334
1334 1978
807 3137
3137 3644
150 2679
150 4002
1164 2263
1164 3071
3598 3738
3738 4512
1423 1683
1423 2153
2436 3348
628 3348
4416 4506
3322 4506
230 1021
230 2080
1666 1738
1666 2203
2084 3527
2084 2136
135 4128
135 2783
3003 3783
1610 3783
2538 3457
2662 3457
695 3531
695 4155
2257 2800
754 2257
1006 4088
1006 4440
270 1427
832 1427
661 3690
1034 3690
106 2139
2139 3365
2562 4116
1868 2562
1426 2820
174 1426
2707 3050
1096 3050
3882 4056
2735 4056
704 1308
1308 3844
3233 4961
3233 4567
4227 4333
121 4227
2256 3839
736 3839
1069 3145
3145 3276
2804 4527
4431 4527
3711 3869
2534 3711
202 1352
1352 2823
2323 4833
1397 4833
357 4130
357 3110
2471 4427
3066 4427
568 4584
3162 4584
1944 4854
189 1944
4590 4941
2910 4941
432 954
146 432
717 4424
717 4356
2558 4163
2558 3722
2714 3030
1896 3030
4 3974
2730 3974
707 3042
1616 3042
5 701
5 1887
2665 4124
2751 4124
1725 2010
2010 2358
3479 3660
1534 3660
896 2635
362 2635
2232 4812
1707 2232
803 1888
803 851
2068 4430
2068 4388
1614 2046
2046 3990
1512 2260
1512 2787
2049 4957
2049 3334
2372 3246
2372 2631
1434 1477
1434 1872
1272 3608
3173 3608
1428 4564
4564 4998
1163 4732
4033 4732
670 4551
4026 4551
2587 4349
1147 2587
916 4448
4209 4448
1199 2406
2406 3727
3243 3510
3488 3510
296 3634
336 3634
2524 4459
1584 4459
874 1250
1209 1250
2207 3489
424 2207
409 1557
1557 1934
940 3103
2022 3103
354 2810
354 1338
3957 4260
2445 3957
211 795
211 1174
1815 3454
887 1815
469 2997
469 4546
2493 3203
2469 2493
493 4131
493 3609
2974 3511
702 3511
1037 2691
1037 2989
3078 3729
3729 4364
738 3143
2638 3143
2072 2347
1640 2072
413 4673
130 413
2451 3313
2451 4273
739 2364
2364 2938
85 1814
1814 3392
2462 3851
434 2462
1207 3596
433 3596
1673 2754
1673 2871
2192 3558
2186 2192
2115 2560
1619 2560
2059 4384
956 4384
2583 3956
2583 3944
86 3064
2571 3064
1986 4766
1986 4226
183 1567
1567 4295
173 3216
173 3744
2303 3725
1178 2303
1246 2536
1246 4019
1686 4177
1335 1686
114 3474
114 2863
2497 3970
2497 3593
1011 4346
1011 1577
1000 3168
161 1000
4692 4777
2565 4777
2830 4408
3759 4408
941 1312
233 941
2650 3503
289 2650
29 379
379 1170
1598 2423
1598 3444
2111 2826
1144 2111
559 618
59 559
2711 3213
3213 3780
1198 3917
1198 1532
682 4934
1994 4934
1632 3540
1632 2833
3504 3574
402 3504
679 1353
127 1353
3846 4443
2086 3846
2431 4192
2431 4632
532 4922
1624 4922
1858 2129
1858 4210
4359 4634
1277 4634
2287 4106
3045 4106
2925 4696
2925 4289
572 4488
1095 4488
484 2391
484 3067
1349 4419
3502 4419
853 3432
517 3432
1068 2634
2634 3423
4752 4823
4310 4823
1127 3514
3514 4119
472 3800
472 2740
3218 4001
3218 3242
2027 3919
995 2027
571 3649
129 3649
2966 3144
2519 2966
616 4205
1276 4205
1044 4149
168 1044
1153 3855
64 1153
2811 4075
2439 2811
1540 3084
1540 1932
1003 4167
1003 3631
142 154
142 1360
1126 2212
1126 3525
3845 4077
748 4077
1545 3978
915 1545
3278 4981
2044 3278
2611 3240
2951 3240
2468 4326
2468 2890
2932 2946
727 2946
1225 2102
1176 2102
428 1226
1226 4903
2246 2939
2077 2939
499 4702
499 3939
1856 3853
3120 3853
167 1740
167 4405
260 1344
260 1974
192 501
501 4134
37 4767
4532 4767
297 4275
297 1765
1025 4348
545 1025
514 2798
1751 2798
2786 4727
2786 4969
308 3383
308 2066
2615 3013
1543 3013
488 3241
488 4682
2118 4865
2118 3592
1302 1570
797 1570
1623 2983
1623 1755
236 2206
165 2206
4410 4781
224 4781
1460 3657
1460 1744
799 833
833 2530
3704 4923
1935 4923
200 3443
200 3721
942 4888
1795 4888
301 1439
301 4312
352 3435
352 2499
821 1900
821 1231
3194 4728
4032 4728
4597 4648
284 4597
857 2355
857 3487
1188 4006
1188 2761
712 1506
712 3035
2177 2647
566 2647
829 2298
2298 4265
2125 3934
1444 3934
125 3888
1113 3888
1507 3545
594 3545
718 1498
718 3597
487 3227
3227 4393
1502 3736
2062 3736
1563 1955
1563 3661
2452 3416
1748 3416
118 4099
118 3449
2551 4253
2251 4253
2517 3094
3094 3573
62 2514
2514 4805
4516 4897
2981 4897
4609 4735
2728 4735
889 4428
889 3954
2605 4935
4935 4940
1729 2304
2304 3491
886 4563
683 886
27 3955
3349 3955
1112 4309
1825 4309
11 4287
11 3792
2083 2283
2083 2766
2749 3814
741 2749
730 2168
201 2168
2931 3154
1893 3154
994 3977
907 3977
89 2415
437 2415
2245 4203
1310 4203
1647 3696
492 1647
882 2696
893 2696
3076 4613
3076 3498
1761 4645
2979 4645
3666 4587
3666 4761
2275 4525
2275 3196
244 1911
244 1873
3559 4607
4607 4635
3096 3263
1071 3096
2545 2687
2545 3458
544 1685
544 2882
1599 2847
1599 2802
870 2849
870 4207
2344 4173
117 2344
2948 3604
911 2948
3167 4529
3167 3260
2011 2642
2642 3705
4377 4689
3948 4689
1752 4674
1752 2217
3893 4642
1059 3893
685 4183
685 2310
399 4371
399 3624
888 2591
888 2482
3077 4986
3077 3542
973 1782
1782 4176
