4999
{{{}{}{}}{{{{{}{{{}}}}{}}{}{}}{}}{{}}{{}{{{}{}{}}}{}}{{}{{}{{{}}}{{{}}}{{{}{}}}{{}}{}}{}{{}{{{{}{}}}{}{}{{}}{{{}{}{{}{{}}{{{{}}{}{}}{{{}}}{{{{}}{{{{}}{}}{{{}{}{}}}{}{{}}}}}{}}{}{{}{}}{}{{}{{{}{{{{}{{{}}}{{{{}}{}}}}{{{}{{}{}{{{}}{{{}{}{{}{{{{{}}}}{}{}}}}{{}}}}{}{{{}{}}}{{}{{{}{{}{{}{}{}}}{{}{{}}{{}{}{}{{{}{{{}}{}{}{{{{{{}{}}{}}}{}}{{}}}{}{{}}{}}}}{{}{{{}{}}}{{{{}}}{{}{{{}{}{{{}}}}{{{}}{{}{{}{{}}}{}{}{}{}{}}}}}{}}}}{{}}}}}{}{{}}{{{{}}{{{{}{}}{{{{{}{{}}{}{}{{}}{}}{}{{}{{}}}}}}{{}{}}{{}{{{{}}}}{{}{{{{}}{{}}}}{{{{}}{{{{}{}{{{{{}{{{{}}{}}{{}{}}}{{}{}{{}{}{}{}}{{}{}{}{}}}{}}{}}}{{{}}{}{{}}}}{{}{{{{{}}{{{}}{{}}{{{{{{}{{}}{}}}}}}}}{{}{{{{{}{{}{}}}{{{}}{{{}}{{}{{}{{{{{}}{{}{{{{}{}{{{{{{}}}}{}{{}{}}}}{{}}{}{{}{}}{}}{{{}{}{{{}}}{}{{}}}}{{{{{{}}}}{{{{}}{}{{}}{{{{{}{}{{}{{}}{}}}{}}}}{{{}}{{}}}}}{{{}}}{}}}}}}{{{{}{{{}{}}{{{{{}}}}{}{{}}}}}{}}{}{}}}{}}}}{}}{{{{{}{{}}}{}}}{}{}}}}{}{}{}{}}{{{}{{}}{{{{}{{}}}{{}{}}}{{}}{{}{{{{}{{{{{{}{}{{{}{}}}{}}}}{}{}}{}{}}{}}{{}}{}{}{}}{}}{{{{{}{}{{{{}{{{{{{{{{{}}}{}}{}}}{{{}{}}}{}{{}}}{}}{{{}}}{{}{{{{{{}{{}{{}{}{{{}}}{{}}{{}}}}{{}{{{{}}}{{{{{{}{{{}}{}{{}{{{}{{{}}}{{}}{{{}{{{{{{{{{}}{}}}}}{}{{}}{}{}{{{}{{{{{}}}}{}{}{{{{{}{{}{{}{{}{}}{}{{}}{{}{{}{{{}}{{{{}{{{{{}}}}{{}{}}}{}}}{{{}{}{{}{}{{{{}{{}}{}{{}{{{}{}{}{}}{{{{}{}{}}{{{}}}}{{}{}{{{{{{}{{}}{}}}{}{{{}{{}{{}{{}{{}}}{{{{{{{}{}{{}{{{}{{{{{}{{{}}{}{{}}}}{}{{}}}{}}}{{{{{}{{{{{}{{{}{{}}{{{{{{}}{{}{}{{}}{{}}}}{}{}{}{{}{}{}{{}{}{{{{{}{}{{}}}{}{{{{}{{{{}{{{}}}}}}}{{}{{{}{{}{{{{{{}{}{}}{{{{}{{{{{{{}{}{}{{{}}}}}{{}{{}}}{{}{}}{{{}}{{{{{}{{{}{}{}}{}}{}}{}{}{}}}}}{{}{}{}{{{}{}}{}}}{{}{}{}}{{}}{}}{}{}{{{{}}{}{}{{{{{{{}{}}}}}{}}{{}}}}{{}{}}{{}}{}{}{{}{}}}}}}{}}{{}{}}}}{{}{{{{{{}}{{{{{{{}{{}{{}}{{}{{{{}}}{{}{}{}}{{{}{{{}{}}}}{{}}}{{}}{{}{{{}}}{{}{}{}}}}}{}}}{{}{}{}{}{}}{}}}}}{{}{}}}{{}{{{{}{{}{}{{}{}{}}}{{{}{}{{{}{}{{}}{}{{}}{{}}{{{{}}}{{{}}{}}}}{{{{{{}}}{}}{}}}{{{{{{{{}{}}{{{}}}}{{}}{}{{}{{{{{}{}}{}{{{{{{}}}{{{{}{{}}{{{}{}{}{{{{}{}}{}{}}}{{}{{{}}}{}{}}{}{{}{{{}}{{}}}}{{}}{}}}}}{{{{{}}}}}}}{{{{}{}}}{{}{{{}{{}}}}{{{}{{{}}{{}{{{{{}{{{}{}{{}}{{{{}{}}{{}{}{{{{}}{}{}}{}}{}{}{{}{}}{}}}{{{{}}{{{}{}{}{{}}{{{}{{}}{{}{}{{}{{}{}}}}}}}}}{{{}}{{}{{{{}{{{}}}{{}}}}}{}}{}{{{{}}}{{}{{{{{{}}{{{{{}{}{}}{{{{}}}{}{{{{{{{{{}}{{}{}}{{}{{}{}{{}{}{}}}}}}{}{{}}{}{{}{{{}{{}{}{{{}{}}}{{}{{}}{}{{{}{{}}{{}}}{}{{}{}{{}}}{}{{{}}}}}{{}{{}{{}}}{{}}}}{{{}}}}}{{}}}}{{}{{}}{{}{{}}}{}{}}{{{{{}}}{{}{}{{{{{{}{{}{}}{{{{}}{}}{{}{}}}}}}{{{}{{{{{{{{{}}{{{{}{{{{}{{{}}{{}}{}}{{}{{}}{}{}{{{}}}}}}}{}{}}}{}}{}}{}{}{{{{}{{}{{}}{}}{{}{}{}}}}}{{{{}}{{}}{}{{}}{{}}{{}{}}}}}{}{{{{}{}}{{}{{{}{}{}{}{{{}}{{{{{{}}{{{{{}}{{{}{{{}}}{{{}{}}{{{{}}}}{}{}}{{{{}}}{}{}}{}{{{}{{}}}}{}{}}{{{}{{{{{{}}}}{}{}}{}}{}}{}}{}{{}{{}{{}{{{{{{}{}}{{}}}{}}{{}}}{}{{}{}{}}}{}}{{{{{}}}}{{{{}}}{{{{}{{{{{}{{{{{}}{{{{}{}}}}{{{{}}{{{{{{}{{{}{{}}{}}}{}}}}{}}{{}{{{{{{}}{}{{{{}{{{{{}{}}{{{{{{}{{{{{{}{}}{{{}{}}}}}}}}}{}{}{{}{}}{}{{{{}}}{}}{}{{{{{}{}}{{{{}{{{{{{}{{{{{{}}}}{{}}{}}{}{{}}{}{}}}}{}{}{}{}}{}{}{{{{{{}{}}}}}}}{}}{{{{{}{}}}{{{}}}}{{}}{}{{}}{}{{}}{{{{}{}}{}}{}{{{}{{{}{{{}}{}{}{}{{}{{{{}{{{{{{}{{{}}{}{}{{}{{}}}{}{{}{}{}{}{{}{}}{}{}{}{}}{}{}}}}}{{}{{}}}}}{}}{}{}{{{}{{}}}{}{{}{}{}}}}{{{{{{}{{}{}}{}{}{}{}}}{}{}{}{{}}}{}{}}{}{{{}{{}{}}}}{{{{{}{}}{{}{{}{{{}{{{{{{}{{{{}{{{}{{{{{{{}{}{{{{{{{}}}}{}{}{}{}{}{{{{{}{{{{{{}}}}{}}{{}{}{{}{{}{{}}{}{}{{{{{{{}{{{{}{}}}}}}}{{{{{{}}{{}{}{{}{{}}{}{{}}{}{}{{{{}{{}}}}{{{{{{}{}{{{}{}}{}{{{}{}{}}}{}{{{{{}}}}}}{{{}{}}{{}}}}{}}{{}}{}}{}{}{}{{{{{}{}{}}{{}{}}{{{{{}}}{}{{{{}{{{{{{}{{}{}{}}}{{{{}{{}{{}{}}}}}{}{}{{}{{}}}{{}{}}{}}{}{}{}}{{{{{}{{}}{{}}{}}{{}}}}}{}}{{}{}{{}}}}{}{}{{{{}{{}{}{{{}{{{{}{}{{{}}{}{{{}}}{{{{}}{}}{}}{}{{{{{}{{{{}}}{}}}}}{}{}}}{{}}{}}{{{{{}{{{}{}}}{}}{{{}{{{{{}}{}}{{}{}{{{{}{}}}}{{{}}{{{{}{}}}}{}{{}}{{}{{}{{{{}{{{{}{{{{{}}}{{{{}}{{}{{{{}}{}{{{{{{{{}}}{{{{}{{{{{}}{{{}{}{{{}}{}{}{{{}{}}{}{{{{{}}}}{{}{{}}}{}{{{}}}}}}}}{{}{{{{{}{{{{{{{}{}{}}{{{{{}{{{}{{{{}}}}}{}{{}{{}}}}{{{}}}{}}{{{{}{}}}}{}{}}{}}{{{{{{}}{}{{}}}}}}}{{}{}{}{}}{}}}}}{{{{}{}{{}}{{}{}{{{}{{}}{}}{{{}{{}{}{}}{}}}{}}}}}{}}{{{}{}{{{{}{{{}{{{}}}{}}{{{{}}}}}{{}{{}}}}}}{}}}{}{{{}}{}{}}{}{{{{}{{}}{}}}{}}}}{}}}{{{}{{{{{{{{}{}}}{{}{{{{{{{}}{{{{}{}}}{}}}}}{}}}}{}{}}}}{}}}{{{{{{{}}{{{{}{}}{}{}{}{{{{{{}}}}}}}{}}{{}}{{}}}}}{}}}{}}}}{}}}{{}}{{}{}{}}{{{{}{{}}}{{{{{}{}{{}}{{{}{}}{}}{{{}}{{}{}}}}{}}{{{{}{}{{}{}}{{}}{}}{{}}}}}}}}{}{}{{}{}{}}}}{{}}}{{}{}}}}}{{}{{{}}{{{{{}}}}}{{{}{{}{{{}}}{{{}}{}}}{{}{{}{}}{{}{{}}{}{}{{}}{{}}}{}}{{{{}}{{{{{{}}}{}{{{}{{{}}{{{{{{{{{}{}{{}{}{{{}}{{}}}{{{}}{{}{}{{{{}{}{{{}{}}}{}{{{{{}}{{{{{}}{{}}}{}}{}{}}{{{{}}{{{{}}}{}}}{{}{}}}{{}}{}}{{}{}{{}}{{{}{{{{{{{}}}}{{}}{}}{{{{{}{}}}}{{{{}}}}}{}}}{{}}{{}}{}{}}}{{{}{}{}}}}{{}}}{{{{{{{}{}{{}{{{{{{}{}}}{}}}}}}{{}}{}{}}{}{{}{}}{}{}{{}}{}{{{}{}{{{{}{}{{{{}{}{{{{{}{}}}{{}{{{}}{{}}{}{{{}}{{}{{}}{{{{{{{{{}{{}{}{}}}}{}{}{}{{{{{{{}}}{}{}{{{}{{{}}{}}{{}{{{{}{}{{{{}}{{{}}}{}}{}{{{}{{}{{{{{{{{}}{{}}{}{}{{}}{}}{{{{}}{{{{{}{}}}{}{{{}{}}{{{{{}}}}{{}{{{}}}}{{{{{}{{{}{{{{}}}{{}{{{{}}{}{}{}{}{{{{}}}{{}{{{{{{}}}{{}}{}{}}{}{{{{}{{}}{}{{{{}{{}{}}}{}{{}}}}{}{{{}{}{}{{{}{{{{{}{{{}}}{}{{{{{}}}{{{}}}}}{{{{}{{{{{{{}
2766 4139
2395 2766
2472 4139
3779 4139
1796 2395
2395 3075
2472 2848
1530 2472
3779 4935
3615 3779
1021 1796
167 1796
275 3075
1654 3075
2848 2934
152 2848
1530 3038
824 1530
4174 4935
3311 4935
1336 3615
3615 4853
1021 4551
651 1021
167 2482
167 2029
275 577
275 2951
1654 2037
1654 3841
2934 3756
2934 2971
152 2127
152 580
3038 4597
3038 4276
271 824
824 3462
3925 4174
1844 4174
1357 3311
1628 3311
1336 1874
1336 4074
230 4853
1373 4853
296 4551
3784 4551
651 4563
651 1772
2396 2482
2482 3894
2029 2654
2029 4162
577 1966
577 1272
1237 2951
2951 3538
2037 2672
2037 2910
3450 3841
530 3841
3383 3756
2245 3756
2971 3063
2468 2971
1532 2127
2127 4490
580 4006
580 4339
1612 4597
2087 4597
869 4276
1325 4276
271 3484
271 543
2988 3462
2384 3462
3321 3925
2255 3925
1735 1844
1844 4934
20 1357
1357 4412
1628 4319
1628 1669
1077 1874
1874 3751
4074 4195
2957 4074
230 3879
230 397
605 1373
1373 2726
296 2429
296 2892
2588 3784
1425 3784
4563 4821
3467 4563
1403 1772
1772 2485
2396 3665
639 2396
626 3894
2666 3894
1197 2654
2645 2654
4162 4312
2653 4162
1966 4230
343 1966
1272 4983
1272 3125
1237 3128
50 1237
3538 3926
3538 3663
2442 2672
2064 2672
1744 2910
2910 4607
77 3450
3450 3903
33 530
530 4916
3383 4750
3383 3655
2245 4417
2245 3747
1848 3063
1052 3063
1807 2468
2365 2468
1005 1532
1532 4171
4294 4490
1693 4490
2682 4006
1786 4006
811 4339
4339 4880
1612 3647
1612 3219
893 2087
2087 2620
869 1698
869 2481
1325 3194
1325 2915
727 3484
3484 4357
543 2073
543 1524
950 2988
1113 2988
2089 2384
1522 2384
1625 3321
638 3321
2255 2494
2255 2865
1735 4330
1192 1735
892 4934
1076 4934
20 4975
20 1550
4412 4957
4240 4412
3985 4319
4319 4722
1669 4870
84 1669
938 1077
1077 1217
3298 3751
2560 3751
2086 4195
1372 4195
1450 2957
2957 4667
1850 3879
631 3879
397 4428
397 2322
309 605
605 3974
2726 3736
2726 4589
1093 2429
1887 2429
2892 3533
2892 3053
2588 4757
1375 2588
1425 4388
1425 3489
1352 4821
3583 4821
2839 3467
1381 3467
1403 4348
1403 1998
2202 2485
678 2485
2225 3665
2589 3665
639 830
639 4337
626 4411
626 3910
198 2666
2269 2666
1197 3167
455 1197
2645 3012
2645 3909
592 4312
3626 4312
2653 2941
2653 4328
3882 4230
3028 4230
23 343
343 3622
4365 4983
2076 4983
500 3125
1111 3125
3128 4786
3128 4124
50 2939
50 3046
3836 3926
2207 3926
3274 3663
2241 3663
2442 2819
1544 2442
2064 2069
113 2064
1744 3327
1141 1744
748 4607
2378 4607
77 3574
77 1759
3903 4487
3903 4499
33 320
33 2751
4471 4916
2389 4916
2609 4750
4000 4750
2767 3655
1860 3655
1252 4417
2585 4417
3747 4036
3747 3850
1742 1848
1708 1848
1029 1052
1052 3100
1807 4272
947 1807
624 2365
1571 2365
732 1005
1005 3363
920 4171
1259 4171
2335 4294
163 4294
1693 3316
1693 2914
1861 2682
2682 4084
1786 3670
1361 1786
811 4927
369 811
1904 4880
4506 4880
946 3647
272 3647
3219 3916
3219 4187
893 3021
893 2610
2620 4879
2620 4248
1698 3064
1698 4012
2051 2481
2108 2481
3194 4242
3194 3409
2915 4766
2915 3930
727 800
727 4341
2278 4357
3867 4357
810 2073
2073 3238
1524 3541
1524 3990
950 1956
950 995
1113 1542
1113 2823
1754 2089
2089 3981
1522 4933
1522 3451
851 1625
1625 3137
406 638
132 638
1952 2494
2249 2494
2865 3078
2865 3352
1218 4330
1183 4330
1192 3246
621 1192
892 1826
892 4219
1076 2070
1076 2246
3297 4975
523 4975
1550 4203
1550 4562
1392 4957
2532 4957
4118 4240
4240 4269
3521 3985
1439 3985
915 4722
161 4722
3759 4870
3110 4870
84 286
84 770
938 1922
938 2141
1217 3592
1217 3871
400 3298
3298 3998
2560 3048
2560 4862
2086 2580
1250 2086
83 1372
1372 4492
1450 4318
27 1450
4667 4873
3594 4667
1850 4418
1850 3932
64 631
631 2480
4428 4991
3144 4428
2322 4673
848 2322
309 1633
309 968
2047 3974
3753 3974
3736 4533
2929 3736
569 4589
4589 4769
52 1093
1009 1093
1887 3477
1348 1887
2742 3533
306 3533
3053 4301
3053 3509
2616 4757
495 4757
1375 4664
1375 1949
1060 4388
4252 4388
3154 3489
3489 3628
756 1352
256 1352
2129 3583
1503 3583
2839 3507
1207 2839
1381 3120
901 1381
2974 4348
3279 4348
590 1998
1998 2686
422 2202
2202 2835
678 2960
678 1650
2225 2912
2225 4369
328 2589
2589 2732
830 4354
830 1568
357 4337
4250 4337
1019 4411
3059 4411
70 3910
2699 3910
198 834
198 2140
2269 3062
112 2269
3167 4502
1646 3167
455 1087
455 560
1707 3012
3012 4764
3909 4802
2595 3909
592 2215
592 1615
339 3626
1238 3626
458 2941
2941 3900
2217 4328
4328 4828
324 3882
3362 3882
2769 3028
2512 3028
23 1498
23 1788
337 3622
3047 3622
4365 4656
150 4365
2076 2226
1806 2076
500 4425
500 4702
1111 3651
1111 4875
4004 4786
2677 4786
4124 4710
3101 4124
2939 3382
2939 3415
3046 3294
3046 3606
3836 4245
3836 4515
521 2207
1635 2207
3175 3274
1025 3274
1915 2241
887 2241
2111 2819
467 2819
1544 2383
1544 3887
2069 4454
4 2069
113 2032
113 1488
1921 3327
3327 4794
1141 3408
1141 2765
748 2647
576 748
2378 4326
2211 2378
3574 3952
3574 4956
1759 4799
1759 3590
2063 4487
2379 4487
3419 4499
2452 4499
320 3603
320 4827
2562 2751
2751 4730
4471 4609
1262 4471
2389 4618
2389 4891
2609 3549
1620 2609
4000 4051
707 4000
1171 2767
2618 2767
1789 1860
1860 3500
1252 2283
1252 3700
554 2585
2500 2585
2559 4036
2529 4036
3233 3850
1433 3850
1742 3918
1723 1742
1708 3173
1708 4353
1029 1909
1029 3058
3100 3855
1041 3100
3545 4272
1078 4272
74 947
947 3283
624 3180
239 624
1571 4842
1571 1886
732 1954
732 2723
2200 3363
513 3363
920 2748
920 3245
1259 1326
1259 2965
1965 2335
2335 4011
163 2459
163 2392
3316 4822
3316 4491
751 2914
1831 2914
1861 4130
1664 1861
3332 4084
3084 4084
1829 3670
2410 3670
518 1361
1361 3692
2874 4927
2964 4927
11 369
369 2991
1038 1904
1904 4590
2194 4506
2291 4506
799 946
946 2899
272 3232
272 2461
3815 3916
3916 4549
3995 4187
2463 4187
405 3021
649 3021
1404 2610
55 2610
418 4879
673 4879
1697 4248
3669 4248
3064 4258
3064 4527
217 4012
4012 4913
738 2051
2051 4679
1022 2108
2108 3723
2488 4242
2518 4242
292 3409
3409 4783
2851 4766
930 4766
1263 3930
2264 3930
800 885
800 3443
2067 4341
489 4341
855 2278
2278 3243
2054 3867
2174 3867
810 1470
810 2412
3238 3530
2738 3238
3092 3541
3541 3556
432 3990
917 3990
1956 3215
1328 1956
995 2504
974 995
1542 2590
1296 1542
1811 2823
2823 4729
1754 2078
1754 3166
2391 3981
983 3981
1064 4933
1823 4933
3447 3451
3105 3451
616 851
210 851
1014 3137
2271 3137
263 406
406 2863
132 2034
132 1747
1952 2554
1952 4928
2249 4340
2249 4384
3078 4806
2775 3078
3352 4157
2952 3352
1218 3488
1218 3432
1183 3729
1183 1322
1125 3246
3008 3246
621 4698
621 2982
1826 2466
897 1826
3143 4219
2421 4219
2070 4907
1333 2070
2246 3479
2246 3226
2626 3297
194 3297
523 1793
523 4019
2799 4203
3452 4203
173 4562
338 4562
1392 4414
1392 3097
763 2532
2532 3184
1409 4118
3701 4118
3107 4269
3614 4269
3521 3966
3347 3521
1023 1439
254 1439
915 2387
915 3539
161 3547
161 3528
1548 3759
3759 4371
3110 3145
3110 4392
286 2329
286 964
770 4173
770 948
1922 2356
1922 2309
1424 2141
2141 2856
3592 3854
754 3592
2596 3871
2782 3871
400 4146
400 4839
3998 4504
2789 3998
3048 3284
3048 4653
2968 4862
562 4862
2580 4103
2580 4858
1250 3176
1250 2919
83 4823
83 4646
240 4492
176 4492
2092 4318
3043 4318
27 4681
27 819
4073 4873
4511 4873
3594 4763
3594 4126
4007 4418
4418 4603
3932 4061
3932 4748
64 2627
64 4682
2113 2480
1798 2480
4924 4991
1303 4991
3144 4885
1564 3144
4363 4673
1787 4673
848 3413
848 3864
1633 3198
1633 4358
968 3044
968 2344
2047 3976
1878 2047
3753 4671
3753 4557
1126 4533
2145 4533
2929 4693
1527 2929
569 4443
569 782
4510 4769
1007 4769
52 1711
52 367
1009 3006
1009 4725
3477 4889
3477 4113
1348 2755
1348 3444
2742 3395
2742 4397
306 3181
306 3839
354 4301
119 4301
1902 3509
2240 3509
2616 4746
2616 3767
495 2222
80 495
595 4664
42 4664
1949 2725
1619 1949
280 1060
914 1060
4252 4694
1483 4252
1083 3154
2332 3154
3628 3693
496 3628
756 1222
547 756
256 765
256 558
2129 3372
148 2129
1503 3728
1503 2921
1928 3507
2363 3507
1207 3290
1207 3015
3120 3351
3120 3516
901 957
178 901
2974 4639
2974 3671
1976 3279
3085 3279
590 4645
590 2981
87 2686
1888 2686
422 1459
422 564
1494 2835
2563 2835
2715 2960
2664 2960
139 1650
1650 2953
2912 4069
2912 3804
4369 4644
2801 4369
328 3112
328 1056
2302 2732
2732 4470
1275 4354
16 4354
1568 2052
1568 2418
357 2772
140 357
1170 4250
3720 4250
1019 1616
1019 1146
3059 3179
1509 3059
70 501
70 4536
2519 2699
1449 2699
834 3133
834 4450
2140 2802
1411 2140
1777 3062
3062 3710
112 2711
112 3687
4451 4502
4502 4793
1646 2247
1646 3267
1087 4415
1087 2646
560 1535
447 560
1486 1707
812 1707
4764 4856
2351 4764
4790 4802
3460 4802
665 2595
2595 4394
2215 4513
860 2215
273 1615
1615 4675
339 4366
339 2643
1238 2212
1238 4430
458 2374
458 4756
3272 3900
864 3900
1085 2217
2217 3907
3577 4828
3083 4828
324 1304
324 451
1892 3362
894 3362
2769 4528
1533 2769
2512 4655
2512 4820
1498 3551
1498 2371
1788 1837
525 1788
337 1206
337 1354
283 3047
2622 3047
635 4656
1514 4656
150 1557
150 2632
2226 4302
2226 3465
1806 4751
1806 2173
317 4425
3384 4425
1043 4702
3049 4702
3651 4077
2038 3651
2548 4875
4107 4875
715 4004
61 4004
2677 4619
2677 4772
3389 4710
3661 4710
383 3101
1034 3101
164 3382
3382 3975
1814 3415
1849 3415
1431 3294
2691 3294
3606 4971
3606 4377
1475 4245
991 4245
2747 4515
1321 4515
233 521
419 521
1635 2745
881 1635
3175 4114
1876 3175
1025 4127
1025 1186
512 1915
1915 3341
870 887
887 2022
2111 4099
2111 3253
467 4494
467 4404
1190 2383
2383 4336
737 3887
449 3887
2956 4454
2409 4454
4 1562
4 2168
663 2032
2032 2625
1488 1942
984 1488
1858 1921
1921 2894
3486 4794
3088 4794
1013 3408
326 3408
14 2765
967 2765
1177 2647
54 2647
576 1216
576 3727
4183 4326
1178 4326
1640 2211
2211 4708
556 3952
3315 3952
3544 4956
2637 4956
4799 4949
1767 4799
3590 3706
241 3590
2063 3129
1150 2063
2379 3095
238 2379
1763 3419
3419 4112
38 2452
1512 2452
2066 3603
3603 3773
622 4827
759 4827
2562 4215
466 2562
3069 4730
3739 4730
2012 4609
2640 4609
648 1262
1262 1895
2763 4618
3764 4618
4579 4891
301 4891
3549 4598
3549 4962
8 1620
1620 4640
1058 4051
1983 4051
707 2286
707 3379
335 1171
802 1171
2618 4588
2618 2750
708 1789
1789 4985
2735 3500
2293 3500
2283 4930
1993 2283
3700 3760
213 3700
554 3945
554 2125
2500 4017
1882 2500
244 2559
849 2559
2529 2846
157 2529
861 3233
2551 3233
1433 2315
1433 2172
3918 4102
3918 3937
1723 4225
1723 4237
3173 3638
3173 4649
4353 4872
1349 4353
1909 3726
1909 3830
1748 3058
2727 3058
3522 3855
1122 3855
159 1041
1041 1423
3545 4274
3545 4479
1078 3482
1078 1996
74 143
74 3520
1722 3283
2338 3283
364 3180
1636 3180
239 933
239 966
1441 4842
548 4842
1886 4524
1267 1886
1166 1954
1778 1954
2630 2723
2723 4080
2200 2517
2200 3566
513 2931
513 2509
557 2748
2336 2748
1203 3245
3164 3245
1326 4406
1326 4137
1536 2965
2043 2965
1965 1968
1695 1965
2600 4011
2737 4011
2459 4071
276 2459
2392 4165
1301 2392
2213 4822
1950 4822
2543 4491
2483 4491
355 751
751 1639
1831 3600
1599 1831
509 4130
59 4130
724 1664
1664 4088
396 3332
3332 4217
3084 4335
3084 3893
1829 3454
218 1829
2290 2410
2410 3126
518 2416
518 1626
1973 3692
3103 3692
1330 2874
2874 4291
2411 2964
2964 4819
11 4368
11 1918
2991 4836
2498 2991
1038 4540
1038 4001
3029 4590
3707 4590
2194 2861
2194 3787
816 2291
2291 3593
799 4141
799 1225
2899 4221
2899 4900
852 3232
1006 3232
2461 3653
865 2461
443 3815
1070 3815
3929 4549
294 4549
1673 3995
2137 3995
2463 2515
899 2463
405 4148
405 2796
649 2689
649 3370
1404 3860
832 1404
55 2259
55 4055
418 3835
418 3801
673 2340
673 1340
1697 4468
1697 2641
1946 3669
2020 3669
750 4258
2628 4258
2432 4527
1982 4527
15 217
217 2743
2511 4913
1584 4913
585 738
738 4078
3999 4679
1464 4679
1022 4628
1022 1278
2822 3723
866 3723
2488 2832
2273 2488
2518 3014
2518 3553
292 2502
292 4244
2077 4783
1482 4783
473 2851
1995 2851
588 930
99 930
1263 1805
1263 4775
1176 2264
2264 3954
885 1274
885 1376
3443 3591
3443 3552
1624 2067
2067 2617
121 489
489 1877
855 959
855 2005
3243 4185
1577 3243
2054 4578
453 2054
1611 2174
929 2174
1470 4765
1470 3724
1302 2412
2412 3944
300 3530
336 3530
790 2738
2738 3786
2928 3092
138 3092
1780 3556
3556 4571
432 4308
432 3402
917 4982
702 917
136 3215
863 3215
529 1328
1328 2296
1758 2504
2504 4711
974 1866
974 2611
1645 2590
1017 2590
85 1296
1296 3704
1811 3240
1811 2181
2216 4729
2220 4729
2078 3958
2078 4149
3142 3166
46 3166
1746 2391
2391 3361
983 1312
983 4608
1064 3962
1064 4815
470 1823
1823 3951
3309 3447
3447 4407
483 3105
201 3105
616 1335
616 3586
210 2860
86 210
515 1014
1014 4282
2271 2678
1730 2271
263 2663
263 1930
2863 3235
2386 2863
2034 2375
366 2034
1747 3077
1747 4376
2554 4033
1068 2554
1049 4928
3080 4928
2665 4340
2821 4340
2423 4384
2169 4384
3045 4806
348 4806
1960 2775
2639 2775
2587 4157
3369 4157
137 2952
462 2952
3488 4259
29 3488
358 3432
3432 3749
1839 3729
3729 4501
1322 1658
1322 2707
1125 2267
606 1125
1605 3008
1559 3008
2138 4698
1835 4698
416 2982
644 2982
1300 2466
2466 4845
743 897
897 2909
3143 4028
3143 3613
2421 4999
2421 3469
4305 4907
4453 4907
1024 1333
1333 2818
3479 4361
3479 4032
3226 4570
3054 3226
2626 4771
2581 2626
194 2179
194 373
1793 2883
1793 3162
775 4019
415 4019
2799 4038
842 2799
1760 3452
2954 3452
173 429
173 2334
338 2306
338 3424
1115 4414
3472 4414
3097 4837
2593 3097
763 4441
763 4314
2195 3184
3184 4323
1409 4941
375 1409
3701 4576
1281 3701
2558 3107
1184 3107
954 3614
969 3614
1128 3966
3966 3987
3201 3347
3347 4224
1023 3502
322 1023
174 254
254 476
2387 3795
944 2387
2110 3539
1127 3539
1130 3547
1288 3547
2926 3528
2109 3528
1435 1548
1548 1969
3674 4371
2905 4371
1044 3145
1572 3145
4110 4392
2104 4392
2329 4864
2329 3842
504 964
964 3832
3948 4173
2501 4173
610 948
699 948
2270 2356
942 2356
2309 4555
2309 4134
679 1424
1424 2638
844 2856
2300 2856
3854 3942
3854 4560
754 3994
754 2963
2596 3738
2596 3228
2782 3849
1603 2782
3788 4146
4146 4523
4351 4839
185 4839
4504 4612
4257 4504
1657 2789
1644 2789
2967 3284
3284 4264
2071 4653
2367 4653
88 2968
441 2968
562 3400
562 1753
3007 4103
3838 4103
1701 4858
2311 4858
3176 4940
3176 4209
2919 4760
2919 3777
1506 4823
1822 4823
767 4646
24 4646
240 3155
240 2307
176 1510
176 2542
801 2092
169 2092
1344 3043
3043 3560
2419 4681
4352 4681
819 2606
819 3241
4073 4586
3416 4073
4058 4511
659 4511
129 4763
3778 4763
2474 4126
1555 4126
1082 4007
4007 4818
1161 4603
1540 4603
1297 4061
550 4061
3461 4748
3690 4748
2627 4090
2627 4691
1020 4682
4682 4887
2113 2880
2113 2354
1798 2754
1798 3374
1618 4924
2058 4924
1303 2244
1303 3770
3322 4885
1050 4885
1564 2197
1564 4846
1201 4363
4363 4456
1347 1787
1517 1787
2053 3413
346 3413
3002 3864
1394 3864
2568 3198
3198 3789
4358 4601
4214 4358
2783 3044
2441 3044
2344 4182
2344 4070
669 3976
3785 3976
149 1878
1878 3464
1802 4671
3440 4671
2430 4557
4031 4557
1126 4396
1126 1938
958 2145
1762 2145
1120 4693
3050 4693
1527 2911
1527 4936
1260 4443
4443 4654
782 3567
311 782
3168 4510
2312 4510
1007 4085
1007 1529
1523 1711
381 1711
367 4867
367 1959
713 3006
3006 3889
4725 4792
1854 4725
232 4889
4572 4889
2903 4113
655 4113
2755 4674
2755 3865
3135 3444
1862 3444
2684 3395
3395 3453
3906 4397
1681 4397
380 3181
726 3181
3839 4467
1205 3839
354 1827
354 573
119 4808
119 2448
1902 4133
202 1902
444 2240
1466 2240
3052 4746
3280 4746
3767 4461
3767 4313
1421 2222
2222 4630
80 2850
80 3187
595 2191
595 3508
42 197
42 544
867 2725
1091 2725
1619 4222
1619 1794
280 1547
280 2465
257 914
591 914
1970 4694
4416 4694
1483 4939
82 1483
1083 4978
1083 4817
2332 3641
2332 3742
474 3693
1452 3693
496 4076
496 3781
1222 3082
1222 3885
547 4151
547 2943
269 765
765 1057
558 1338
558 4186
1809 3372
1155 3372
148 3774
148 1294
3728 3791
498 3728
1606 2921
2921 3737
1928 4253
1928 4093
2363 3581
2363 3858
288 3290
2364 3290
3015 3848
2907 3015
108 3351
3351 4796
3512 3516
2708 3516
957 3623
957 4475
178 1631
178 2131
1821 4639
4321 4639
1896 3671
325 3671
1976 2599
409 1976
3085 4169
3085 3090
571 4645
2993 4645
2981 3033
1265 2981
87 3406
87 1755
1683 1888
1888 4403
1459 4370
534 1459
564 1149
564 2275
1494 3917
507 1494
2420 2563
2563 2916
365 2715
6 2715
228 2664
2642 2664
139 872
139 508
2614 2953
2953 4457
78 4069
251 4069
3804 4541
1143 3804
4160 4644
2094 4644
1499 2801
2801 4741
1053 3112
1699 3112
1056 3459
1056 1231
2302 2788
1852 2302
3762 4470
3506 4470
563 1275
1244 1275
16 2206
16 1859
846 2052
2052 3561
2418 3634
1291 2418
2772 3275
426 2772
140 788
140 4462
1170 4732
1170 4573
44 3720
1462 3720
1616 2847
1416 1616
435 1146
1146 3359
252 3179
3179 3346
1000 1509
1509 3216
501 803
501 4402
2233 4536
3349 4536
2519 4290
203 2519
1449 3436
1449 3501
3133 4677
3133 3244
1069 4450
477 4450
2802 3824
2802 2813
871 1411
1411 2279
1751 1777
687 1777
3710 3913
3710 3973
2711 3091
2674 2711
3687 4546
3687 4020
4451 4919
162 4451
1443 4793
714 4793
2247 2496
2247 4904
454 3267
3036 3267
1245 4415
1455 4415
1204 2646
2646 4268
30 1535
131 1535
447 2583
447 3852
1486 2090
1105 1486
812 3853
347 812
492 4856
2224 4856
771 2351
2351 2858
949 4790
609 4790
3214 3460
2440 3460
665 982
665 4743
2107 4394
2760 4394
4161 4513
3888 4513
860 1868
860 2366
273 2980
273 3978
784 4675
2060 4675
3964 4366
3997 4366
646 2643
1725 2643
2212 4062
2212 3030
2575 4430
3182 4430
1329 2374
2374 4097
4235 4756
3555 4756
939 3272
2866 3272
227 864
56 864
1085 4548
1085 4626
3907 3988
3907 3949
310 3577
891 3577
1955 3083
1632 3083
1304 2347
1304 3281
451 4391
451 3338
1892 3525
287 1892
894 1629
894 2136
3273 4528
25 4528
1533 4744
267 1533
2096 4655
1167 4655
1702 4820
2997 4820
1118 3551
3199 3551
2371 4145
2371 3546
177 1837
1448 1837
525 4298
525 4718
1206 1720
1206 1737
1354 4728
1354 1531
283 2262
283 4809
2602 2622
2622 3829
635 3209
48 635
1514 2055
1514 4286
1557 3977
1310 1557
2632 3498
19 2632
628 4302
2673 4302
3303 3465
3218 3465
3861 4751
3637 4751
883 2173
2173 4712
317 4736
317 2966
484 3384
927 3384
1043 4338
1043 4025
1495 3049
792 3049
1284 4077
3115 4077
1810 2038
843 2038
2548 3650
1834 2548
828 4107
331 4107
715 3337
715 2898
61 2930
61 1622
494 4619
1817 4619
3455 4772
3598 4772
1749 3389
3389 4095
421 3661
3122 3661
383 4206
383 1879
1034 4083
1034 1489
164 1556
164 2443
2794 3975
2415 3975
1814 2299
559 1814
1849 4911
1849 2045
1431 3124
1431 2887
1843 2691
2691 3725
2644 4971
1621 4971
2889 4377
4377 4449
825 1475
1475 1729
991 3511
991 2773
1941 2747
2747 3652
1321 3319
1321 2758
233 2679
233 1770
419 1800
419 2288
2263 2745
2745 3260
126 881
881 1097
3494 4114
3392 4114
1876 3814
752 1876
4127 4193
2117 4127
1186 4952
1186 4135
512 1430
512 3086
37 3341
3341 4159
870 1682
870 2528
1994 2022
977 2022
2352 4099
2348 4099
814 3253
3253 3448
3715 4494
1990 4494
4267 4404
3548 4404
1190 4692
1190 2984
436 4336
3335 4336
737 1736
737 4059
449 1913
449 3258
2956 3572
2956 2975
2409 4847
1752 2409
1562 4791
1562 2714
538 2168
2168 3378
53 663
663 941
2625 3301
2597 2625
1208 1942
1538 1942
731 984
984 4008
1858 2594
1858 4778
2701 2894
2143 2894
2031 3486
963 3486
412 3088
1147 3088
1013 3072
243 1013
326 4116
326 1440
14 4408
14 1142
967 2361
967 2824
741 1177
1177 3947
54 1690
54 4098
398 1216
1216 1589
3727 4013
3727 4544
4183 4448
2023 4183
493 1178
1178 2406
1422 1640
1640 2382
778 4708
1709 4708
556 908
556 1704
1173 3315
1979 3315
3544 4172
3544 4280
688 2637
40 2637
3607 4949
2845 4949
1767 1880
1767 2690
3621 3706
475 3706
241 710
241 503
2282 3129
1676 3129
1150 4478
1150 4079
2313 3095
3095 4251
238 4680
238 4800
1763 4662
1763 4886
461 4112
4112 4281
38 423
38 779
1282 1512
1512 2633
2066 4665
2066 4398
3773 4976
3703 3773
622 1401
622 2018
759 4423
759 3278
1234 4215
4215 4543
466 2390
466 2314
3069 4140
642 3069
3739 4970
3739 4863
2012 3073
2012 2837
2640 3899
393 2640
648 2458
648 1891
1895 3868
1895 3920
2763 4669
718 2763
2150 3764
1920 3764
797 4579
2886 4579
301 4877
301 2709
1249 4598
285 4598
4234 4962
1665 4962
8 2445
8 608
2655 4640
1219 4640
1058 1253
1058 1911
1047 1983
1983 4469
1987 2286
2286 3612
704 3379
3379 4044
335 2571
335 2189
802 850
641 802
4233 4588
4588 4638
706 2750
2545 2750
708 3694
708 1655
4447 4985
988 4985
1438 2735
72 2735
2293 4389
2293 3172
3463 4930
3429 4930
308 1993
1993 3051
3760 3806
1856 3760
18 213
213 3150
3945 4784
3945 4959
2125 3632
1137 2125
3225 4017
1191 4017
115 1882
1882 2435
244 4239
244 3204
849 4065
849 3678
1738 2846
1643 2846
157 1944
157 4755
861 3967
861 2938
2276 2551
1870 2551
539 2315
889 2315
2172 3914
2172 4854
1187 4102
3197 4102
1112 3937
2040 3937
3763 4225
3487 4225
2786 4237
2041 4237
3638 3681
1719 3638
4003 4649
4307 4649
4399 4872
141 4872
1290 1349
1349 4304
2265 3726
2970 3726
3830 4092
3254 3830
1748 2784
1748 3800
2727 4488
632 2727
3522 3602
3522 4009
1122 4938
1122 3318
159 2203
159 3845
1423 1853
1423 1932
1726 4274
371 4274
4479 4574
3721 4479
3482 4030
3482 4117
1996 3980
1996 3330
143 448
143 1269
3299 3520
3520 4629
1722 3146
1722 2810
2338 4108
2338 2989
364 2003
57 364
1636 2057
1157 1636
933 4958
813 933
966 2123
966 2121
1441 1453
1441 2569
548 4196
548 3682
3805 4524
931 4524
1104 1267
1267 3016
1166 1926
1166 2359
1778 2235
1778 1883
2591 2630
2630 3605
1311 4080
4080 4770
2517 2792
692 2517
1832 3566
684 3566
2931 4236
682 2931
469 2509
2509 3285
557 1808
557 4122
401 2336
2336 4704
1203 2749
1203 2994
3164 4324
1202 3164
2093 4406
740 4406
1230 4137
4137 4142
1536 3109
1536 3207
2043 4188
661 2043
1968 2170
1968 4016
1695 4868
1102 1695
2600 4526
35 2600
2737 4753
106 2737
4071 4587
1659 4071
276 1977
276 886
4165 4439
4165 4782
1301 3931
1301 4053
255 2213
572 2213
787 1950
277 1950
596 2543
2543 4263
2243 2483
2483 3503
355 3496
355 1040
1639 2573
1639 1819
3600 3941
2128 3600
1454 1599
1599 2987
482 509
66 509
59 1867
59 4676
724 2019
724 1501
4023 4088
3828 4088
396 3716
396 1185
4217 4807
392 4217
2816 4335
206 4335
3405 3893
1295 3893
3454 4779
3454 3526
142 218
218 2624
2290 3393
2290 2872
2316 3126
1652 3126
2416 2467
340 2416
1626 2634
1412 1626
1212 1973
1973 3571
2295 3103
3103 4706
1330 3579
1330 1734
3891 4291
2533 4291
2016 2411
2411 4830
4703 4819
1685 4819
1717 4368
4066 4368
1918 4996
1165 1918
3536 4836
1283 4836
1360 2498
1502 2498
28 4540
505 4540
1387 4001
776 4001
3029 3679
1400 3029
378 3707
3707 4184
2861 3702
2861 4440
2561 3787
3787 4575
816 4390
816 4197
1417 3593
3333 3593
4141 4405
3490 4141
1 1225
1225 3193
4221 4973
4221 4296
2251 4900
4438 4900
852 3568
852 2731
1006 1030
1006 2447
1812 3653
2791 3653
445 865
587 865
443 1648
443 2028
1070 4228
1070 3430
1715 3929
3394 3929
294 640
294 3825
1673 2250
1138 1673
2062 2137
2137 2662
2515 3719
1477 2515
899 4026
899 4218
3793 4148
3540 4148
1885 2796
2796 3818
1700 2689
13 2689
593 3370
3370 4781
1370 3860
2183 3860
832 4921
832 4841
2259 3675
2259 2408
2437 4055
3076 4055
3364 3835
124 3835
2844 3801
2803 3801
1608 2340
394 2340
1340 4401
1340 1543
3812 4468
4210 4468
133 2641
1914 2641
1946 4444
1946 3039
2020 2398
1764 2020
511 750
750 2292
2628 3265
1393 2628
2432 4745
884 2432
996 1982
1982 3542
15 795
15 2310
2743 4045
2743 3963
2511 4410
970 2511
1584 1674
1584 3714
585 1912
585 4194
1313 4078
2490 4078
1214 3999
2080 3999
1464 4859
1464 4509
4628 4960
1580 4628
971 1278
1278 1596
2800 2822
1362 2822
866 3269
866 3610
51 2832
2530 2832
2273 3718
1894 2273
1264 3014
205 3014
3553 4981
3553 4777
619 2502
2502 4910
3645 4244
471 4244
2077 4816
2077 4191
1270 1482
1482 3324
473 4701
473 868
1266 1995
1592 1995
588 1257
588 4848
99 1471
99 4409
1805 2163
1653 1805
1152 4775
4426 4775
1004 1176
1176 1953
3134 3954
3954 4892
1274 2154
1274 3005
1156 1376
1248 1376
1139 3591
2380 3591
3189 3552
3552 4227
1624 3984
304 1624
2617 4115
1675 2617
121 2360
121 4767
857 1877
1877 2876
612 959
959 1106
2005 4285
2005 3121
4185 4616
836 4185
1577 2188
1268 1577
2676 4578
1552 4578
453 1327
299 453
1611 3959
1611 4075
929 2891
929 1123
4048 4765
818 4765
158 3724
3724 4851
1302 2805
1162 1302
278 3944
2187 3944
224 300
300 4129
336 1964
336 2124
790 879
790 2744
1757 3786
403 3786
2928 4893
1131 2928
138 2180
138 2227
1780 4918
1780 3644
1451 4571
1830 4571
772 4308
134 4308
2741 3402
2001 3402
4050 4982
1508 4982
76 702
702 1818
136 1465
136 3817
863 2133
863 2516
529 4997
529 4192
2296 3618
2296 4106
1758 3972
459 1758
2831 4711
660 4711
1866 2256
376 1866
1160 2611
2611 3190
1645 4659
1645 3616
1017 4497
1017 1476
85 4824
85 4419
2540 3704
3704 4211
2343 3240
2698 3240
2181 4611
2181 4583
1478 2216
634 2216
2220 2990
2220 3934
90 3958
1429 3958
2132 4149
3629 4149
3142 3458
3142 3248
46 219
46 2906
1746 2402
1746 1828
760 3361
2680 3361
1312 2487
81 1312
2619 4608
4180 4608
1388 3962
3962 4780
1243 4815
303 4815
470 3079
470 2854
457 3951
389 3951
2101 3309
1175 3309
4049 4407
226 4407
483 1792
483 2333
201 1940
201 3782
1335 4865
1335 4538
552 3586
47 3586
2860 3163
187 2860
86 4749
86 2836
116 515
515 4724
4282 4512
1833 4282
2678 2695
2668 2678
229 1730
1730 3819
1154 2663
2663 3705
1930 2165
1930 3022
1432 3235
249 3235
2386 4915
721 2386
2375 4874
2375 3257
366 1256
366 806
3077 4505
3077 3960
3066 4376
4376 4972
1613 4033
2862 4033
433 1068
186 1068
1049 1947
293 1049
1293 3080
2584 3080
1174 2665
385 2665
921 2821
2821 3223
2423 3328
2423 3407
2169 4362
2169 4979
3045 3743
3045 3111
348 4367
2 348
1960 2021
1960 3563
536 2639
2639 4947
2587 3956
1677 2587
3369 4635
2520 3369
137 4931
137 2103
462 637
462 4289
1992 4259
190 4259
29 3695
29 4761
358 2208
358 4507
1251 3749
2531 3749
1839 4593
1839 4592
440 4501
110 4501
446 1658
1658 1687
1331 2707
2046 2707
2267 3356
2267 2867
606 3001
606 2477
321 1605
1605 2326
1559 4231
1559 2231
1320 2138
2138 3717
1835 4883
1835 4945
416 1239
416 4034
644 3041
644 2370
1300 1851
1072 1300
2806 4845
1037 4845
743 4105
743 1194
2457 2909
2909 2983
4028 4943
712 4028
3613 3745
3613 4687
3313 4999
3354 4999
1801 3469
821 3469
2476 4305
1988 4305
3353 4453
3961 4453
1024 4739
1024 3159
916 2818
2818 4789
3295 4361
350 4361
1086 4032
2199 4032
2623 4570
3266 4570
3054 3442
3054 4580
2230 4771
3291 4771
2581 3414
674 2581
2179 3195
2179 4519
373 1474
373 2979
2883 3642
439 2883
2547 3162
3162 3875
775 4522
775 3157
415 4776
415 4643
4038 4275
1905 4038
842 2717
842 3896
1153 1760
1760 3368
2954 3037
2954 4866
429 3435
429 2254
1593 2334
2334 3557
2306 4087
274 2306
671 3424
3286 3424
1115 1457
1115 2608
1546 3472
3472 4721
1927 4837
5 4837
1292 2593
1893 2593
3772 4441
3497 4441
3380 4314
2119 4314
2195 4043
1323 2195
3000 4323
3808 4323
2523 4941
4648 4941
375 2541
375 4890
4576 4668
1897 4576
1281 1504
1281 1346
2558 4855
1458 2558
1184 3365
1184 4627
954 2973
954 4204
969 2687
969 2553
1128 4531
1128 1434
1289 3987
2718 3987
34 3201
1358 3201
2544 4224
2015 4224
1795 3502
3224 3502
322 1324
322 3230
174 3466
174 1554
476 3688
476 1181
3795 4581
3795 4905
93 944
944 2556
1785 2110
2110 3217
1127 2579
839 1127
1130 1768
442 1130
794 1288
1288 2535
204 2926
427 2926
918 2109
1985 2109
1435 3514
1435 1781
1969 4713
1969 3449
3674 4246
3674 3689
2905 3504
2905 4243
1044 2841
1044 1991
1572 4696
1572 3776
527 4110
690 4110
2104 2996
2104 3915
3024 4864
675 4864
3562 3842
854 3842
504 3035
504 4060
3832 4052
989 3832
549 3948
1804 3948
2355 2501
522 2501
610 4670
610 2586
602 699
699 2721
783 2270
2193 2270
942 3160
942 4094
2615 4555
1696 4555
3119 4134
2728 4134
679 2808
679 913
2638 3183
2638 4081
844 3797
808 844
2300 4917
2300 4545
1604 3942
3009 3942
1379 4560
1055 4560
1641 3994
3576 3994
2963 3177
2407 2963
3738 4690
2537 3738
1364 3228
1108 3228
2098 3849
1098 3849
1603 3304
1603 4660
3788 4553
956 3788
4523 4953
1075 4523
2855 4351
12 4351
185 2868
185 3821
2499 4612
2470 4612
384 4257
3584 4257
1657 2330
1110 1657
1644 2166
1644 4700
2967 4265
985 2967
135 4264
2185 4264
2056 2071
584 2071
305 2367
2084 2367
88 491
88 3625
360 441
441 932
3302 3400
3400 3750
1753 2294
1753 1984
111 3007
746 3007
3730 3838
2196 3838
1701 3366
685 1701
2311 3287
910 2311
2793 4940
979 4940
485 4209
3317 4209
4760 4901
2239 4760
3777 3965
1427 3777
1506 3174
363 1506
1822 4912
1822 2025
767 2404
767 4843
24 1353
24 735
924 3155
3155 3986
2307 2503
2307 4599
1510 4565
1510 4223
388 2542
2542 3357
801 2097
801 1316
169 3807
169 2405
1344 1903
1344 4884
1989 3560
3560 3611
1200 2419
2257 2419
4352 4993
3308 4352
2606 3746
695 2606
2785 3241
468 3241
4586 4735
4586 4663
3416 4364
2182 3416
856 4058
3152 4058
184 659
659 1341
129 2007
129 4271
3778 4387
1598 3778
2474 3221
2474 4731
1468 1555
1555 4260
1082 3476
1082 4525
3872 4818
670 4818
1161 3672
709 1161
145 1540
1540 3921
1297 2377
1297 3377
550 4737
550 1046
2859 3461
3461 3880
122 3690
2958 3690
3425 4090
2546 4090
3186 4691
199 4691
1020 3993
1020 1227
2210 4887
3564 4887
2880 3314
2394 2880
517 2354
999 2354
1710 2754
2592 2754
2778 3374
2570 3374
1018 1618
1618 3396
2058 3411
222 2058
2244 3919
2244 4717
1463 3770
1651 3770
3322 4567
845 3322
1050 1756
1050 1791
154 2197
2197 2539
3968 4846
3147 4846
1201 3345
1201 3755
2790 4456
2272 4456
1347 4882
97 1347
1367 1517
1517 2184
463 2053
2053 4963
346 1741
346 2164
533 3002
3002 4672
1394 2469
1394 1881
1627 2568
486 2568
3741 3789
3789 4349
2613 4601
3446 4601
1637 4214
4214 4379
2397 2783
2783 2969
452 2441
2441 3483
2346 4182
2036 4182
2875 4070
2660 4070
669 723
290 669
2221 3785
3785 4965
149 3554
149 3437
1107 3464
3464 4621
1802 4455
1802 2759
1797 3440
3440 3597
2430 4445
2430 4897
1680 4031
3055 4031
1258 4396
4166 4396
270 1938
1938 2013
958 3032
909 958
1762 3859
1762 2908
1120 3873
1120 1374
3050 3936
2126 3050
2911 3660
1661 2911
693 4936
2151 4936
1260 1456
1260 1308
1011 4654
1561 4654
781 3567
3567 4170
311 3580
311 4131
2176 3168
793 3168
2312 3239
2312 3343
4085 4876
4085 4652
1469 1529
1529 3558
1523 3732
1523 3336
381 4420
381 3404
1518 4867
94 4867
1959 3025
1573 1959
434 713
713 3826
3323 3889
1776 3889
4792 4961
745 4792
1854 2147
1854 2601
232 1590
232 2159
2507 4572
820 4572
10 2903
769 2903
655 1479
655 3519
3247 4674
4674 4937
1569 3865
1520 3865
3135 4178
2605 3135
1862 2871
1862 3412
2684 2812
2684 4974
3453 4278
1414 3453
680 3906
905 3906
68 1681
1681 1779
380 1180
380 3492
726 3263
726 3735
2521 4467
3798 4467
1205 2115
1205 1279
1827 1957
1827 2932
573 2986
573 2297
766 4808
1513 4808
480 2448
438 2448
1718 4133
3138 4133
202 561
202 1485
444 4190
444 4550
1466 4813
1466 3003
3052 4797
652 3052
1943 3280
3280 3608
2350 4461
4128 4461
1774 4313
2337 4313
1421 2776
1421 3565
2710 4630
1114 4630
2850 3200
2850 3970
2393 3187
3187 3296
2191 3856
2191 2576
488 3508
3508 4465
197 3996
197 599
544 1027
200 544
867 3754
867 2917
1091 3664
191 1091
3433 4222
786 4222
1794 2368
1794 4650
925 1547
1547 1724
2451 2465
2465 4229
181 257
257 2920
356 591
591 2652
1970 3582
1970 3426
147 4416
3513 4416
352 4939
2651 4939
82 2237
82 4181
3758 4978
3810 4978
1221 4817
2033 4817
579 3641
1847 3641
2870 3742
3654 3742
474 3946
474 4641
1210 1452
1452 1873
160 4076
4076 4869
3781 4385
1334 3781
962 3082
297 3082
39 3885
3885 4014
2787 4151
2510 4151
1481 2943
1066 2943
269 3950
269 3531
1057 1199
242 1057
1338 1963
497 1338
4186 4284
262 4186
156 1809
1809 3822
1155 1551
1155 2026
3774 4310
2205 3774
1294 2431
1294 1415
2712 3791
1840 3791
498 1080
498 3752
664 1606
341 1606
118 3737
3529 3737
2807 4253
2577 4253
1537 4093
4093 4595
92 3581
3410 3581
2088 3858
3858 4010
288 2756
288 3094
2364 2853
888 2364
1447 3848
2424 3848
1820 2907
2907 3140
108 4582
108 3649
520 4796
1884 4796
524 3512
2044 3512
2413 2708
514 2708
1515 3623
3623 4109
225 4475
3185 4475
1631 4458
1631 4024
2131 3428
2131 4871
1821 4261
1821 2704
1306 4321
3765 4321
973 1896
1896 2095
325 1864
325 3381
1743 2599
2298 2599
166 409
409 1276
2829 4169
1426 4169
3090 3676
3087 3090
571 3857
571 2893
2993 3711
568 2993
1649 3033
841 3033
1265 4624
1265 4990
2162 3406
859 3406
41 1755
613 1755
1683 4584
528 1683
898 4403
3740 4403
4370 4878
875 4370
534 2232
534 3117
1149 2843
1149 4804
2275 4039
1384 2275
1663 3917
2667 3917
507 877
507 3927
2420 4104
2353 2420
1419 2916
2916 4564
365 1363
365 4925
6 658
6 2722
228 2904
228 2325
2642 4464
2642 2924
872 2427
872 4466
508 1129
508 926
2614 2779
2081 2614
307 4457
2685 4457
78 1079
78 1939
251 3020
251 2555
2417 4541
2649 4541
1143 2388
1143 4422
490 4160
2798 4160
2094 4559
2094 4167
1499 2834
1499 3708
2936 4741
4741 4773
1053 4733
1053 1134
980 1699
361 1699
3342 3459
3234 3459
1231 2976
1231 3371
2285 2788
2010 2788
1852 2713
431 1852
1413 3762
986 3762
2186 3506
3506 3699
563 4860
563 2493
1244 3326
1244 1980
2206 3827
1246 2206
1859 2857
815 1859
846 4153
3 846
2774 3561
1211 3561
3634 4992
1863 3634
1291 1366
1291 2719
1845 3275
2598 3275
426 960
426 1570
788 3524
788 1978
3646 4462
3310 4462
809 4732
1678 4732
3206 4573
4247 4573
44 3034
44 3589
1462 3938
1462 4596
2847 3011
2795 2847
1416 4529
1223 1416
435 2809
435 3796
3359 3877
919 3359
252 1460
252 700
3346 3734
1065 3346
681 1000
1000 4774
3196 3216
1578 3216
803 2888
803 2527
4402 4785
2658 4402
2233 4852
95 2233
3349 4622
3349 4212
2009 4290
4200 4290
203 1163
203 2648
3282 3436
3436 3550
3501 3534
3501 3901
105 4677
437 4677
3244 3585
2414 3244
753 1069
1069 4614
370 477
477 1496
195 3824
3824 4814
2659 2813
1307 2813
871 1241
666 871
532 2279
2279 3543
1751 3493
1751 3027
687 4356
687 3834
2228 3913
3913 4798
895 3973
730 3973
2357 3091
3010 3091
2674 4657
2674 3943
2100 4546
736 4546
2497 4020
598 4020
4914 4919
413 4919
162 3846
162 4829
216 1443
1443 4695
714 943
714 4287
2496 3104
2496 4495
130 4904
3259 4904
454 4738
454 4383
3036 3595
1934 3036
1245 2768
1245 1771
1371 1455
1455 3158
1204 2317
1204 3391
540 4268
349 4268
30 1317
30 1670
131 2006
131 281
2146 2583
128 2583
1359 3852
1813 3852
1135 2090
2090 4594
1105 1591
1105 2473
472 3853
2011 3853
347 4849
103 347
492 1031
492 3325
2224 4658
2224 2464
771 3510
526 771
1067 2858
1750 2858
949 2308
949 4946
609 3441
609 1588
264 3214
902 3214
323 2440
1193 2440
58 982
982 3874
4375 4743
717 4743
353 2107
1846 2107
2760 3823
611 2760
4161 4537
1420 4161
581 3888
3888 4610
1868 4926
1868 2552
2366 2705
2366 3423
2603 2980
2980 3339
1090 3978
3978 4270
784 1901
722 784
1923 2060
2060 4483
3161 3964
1133 3964
607 3997
3997 4175
646 3422
155 646
125 1725
1428 1725
2425 4062
2833 4062
2937 3030
1140 3030
2575 4651
1594 2575
3182 3427
2724 3182
1329 3387
1329 1383
235 4097
4097 4460
586 4235
4072 4235
7 3555
1910 3555
939 1271
939 4436
2866 3149
2866 4929
227 2959
227 1117
56 1924
56 1378
2479 4548
2604 4548
3640 4626
3169 4626
3866 3988
460 3988
3949 4631
1857 3949
310 1630
310 4850
891 1507
891 2362
923 1955
1955 3684
1632 3783
220 1632
1668 2347
2347 4424
3281 4503
3281 4120
4303 4391
2946 4391
3338 3992
1679 3338
2922 3525
1285 3525
287 4637
287 1314
1629 4554
1629 2358
1151 2136
2136 4895
1497 3273
2740 3273
25 4345
25 4068
3601 4744
334 4744
267 4632
267 1406
827 2096
1035 2096
1167 3578
1167 4699
1702 3656
1702 3261
1919 2997
2997 4292
1118 1997
318 1118
1581 3199
3199 4288
123 4145
362 4145
45 3546
1407 3546
177 3816
177 2661
1448 2002
1247 1448
67 4298
4298 4421
2323 4718
4207 4718
1720 2657
1051 1720
1737 3081
1737 4955
399 4728
2342 4728
1531 2436
1531 4720
2262 4719
768 2262
4809 4987
3898 4809
1148 2602
2602 4342
3264 3829
2729 3829
3209 4463
757 3209
48 643
48 101
62 2055
2055 3659
1446 4286
922 4286
319 3977
2697 3977
1310 4325
1310 2578
1033 3498
1706 3498
19 3106
19 4021
628 4306
628 3271
2673 4434
928 2673
2261 3303
1339 3303
1739 3218
2030 3218
3861 4833
2284 3861
316 3637
193 3637
883 1875
654 883
2733 4712
1003 4712
4064 4736
4686 4736
2966 3013
2966 3208
484 3202
484 604
927 1402
927 4811
189 4338
289 4338
4025 4201
3912 4025
1071 1495
1495 3231
792 1342
792 2526
1284 2771
1224 1284
2339 3115
1967 3115
1671 1810
1810 4374
843 2281
618 843
3650 4964
247 3650
1834 3123
1834 2152
828 2753
828 2884
331 2190
331 1437
2155 3337
236 3337
2049 2898
2898 4189
1705 2930
2258 2930
1622 4295
1622 4795
494 542
494 1728
1350 1817
1817 3683
3455 4395
1232 3455
1233 3598
2175 3598
1749 2878
1749 4317
716 4095
4095 4216
421 3418
421 4951
903 3122
2703 3122
4054 4206
4206 4311
1879 2403
1236 1879
1487 4083
972 4083
1489 3983
1489 2918
1556 2462
1556 3470
981 2443
2443 3099
2794 4998
807 2794
2415 4689
1583 2415
2299 3928
2299 2683
559 1623
559 1607
1309 4911
3188 4911
2027 2045
1103 2045
2303 3124
3114 3124
2887 4446
1576 2887
1843 4954
1843 4758
3305 3725
653 3725
2489 2644
2644 2817
1621 2234
1621 3691
196 2889
43 2889
3067 4449
1089 4449
729 825
825 2118
314 1729
1061 1729
1395 3511
1318 3511
2773 3802
2773 4047
1941 2696
978 1941
1745 3652
3652 4539
1684 3319
3319 4063
1028 2758
26 2758
89 2679
2679 2746
829 1770
1770 3229
1656 1800
1800 2274
1872 2288
2288 3262
1298 2263
2263 4902
3060 3260
3260 3609
126 4994
126 4382
428 1097
1097 4988
3494 4316
531 3494
2935 3392
1714 3392
3814 4481
3814 4810
752 2144
752 1917
3178 4193
1660 4193
2117 4320
479 2117
4373 4952
4801 4952
1566 4135
1299 4135
1430 4995
1286 1430
2897 3086
3086 3627
37 4333
37 4723
2039 4159
1073 4159
1682 2068
1305 1682
853 2528
2528 4202
1994 2885
1994 4143
977 4569
502 977
1356 2352
2352 4327
636 2348
551 2348
814 1582
814 4742
3251 3448
3270 3448
1493 3715
3250 3715
1990 2706
1990 2864
330 4267
4267 4697
391 3548
3548 4027
3205 4692
2219 4692
425 2984
2399 2984
436 4500
436 3397
1907 3335
2433 3335
1736 2777
1273 1736
1689 4059
4059 4378
1182 1913
647 1913
3258 3971
761 3258
3401 3572
976 3572
990 2975
2607 2975
4847 4894
2564 4847
1694 1752
1752 4826
1595 4791
2879 4791
701 2714
2714 3312
538 4147
538 4969
3378 4762
2156 3378
53 4480
53 4989
941 4334
941 1159
1397 3301
1461 3301
344 2597
2142 2597
1208 3686
60 1208
1538 1803
747 1538
266 731
731 1109
3939 4008
1473 4008
2594 3775
2114 2594
3630 4778
109 4778
614 2701
2701 4661
2059 2143
506 2143
2031 3293
2031 4293
963 3108
963 3473
412 4359
412 3799
73 1147
1147 3017
3072 3892
3072 4838
243 3840
243 3761
4116 4923
3780 4116
657 1440
1287 1440
2739 4408
667 4408
1142 3633
1142 4861
2361 2985
1045 2361
374 2824
1094 2824
741 4386
741 3213
1692 3947
1032 3947
1690 3766
1690 3837
4098 4226
4098 4832
398 2122
398 4344
953 1589
1589 3923
3420 4013
3908 4013
2277 4544
3242 4544
597 4448
4022 4448
2023 3935
1062 2023
493 3334
493 1188
1399 2406
2369 2406
1422 3131
146 1422
1948 2382
231 2382
778 3471
778 4472
215 1709
407 1709
615 908
908 1235
260 1704
1704 3803
1173 2549
1173 4896
1168 1979
1979 4056
719 4172
1999 4172
945 4280
4280 4427
688 3869
688 3662
40 758
40 1092
333 3607
2913 3607
2845 2998
987 2845
1586 1880
1880 2716
934 2690
2690 2945
3481 3621
2428 3621
475 1766
475 2074
710 2260
710 3070
503 4831
499 503
1088 2282
2282 4715
1676 3355
739 1676
2842 4478
2815 4478
368 4079
3722 4079
1519 2313
2158 2313
3203 4251
207 4251
151 4680
377 4680
372 4800
2345 4800
3851 4662
4400 4662
3518 4886
2454 4886
461 4437
461 4980
4281 4315
603 4281
423 2869
423 3876
779 1937
179 779
1282 2508
566 1282
2633 4734
2633 3847
1769 4665
3636 4665
395 4398
2072 4398
992 4976
4805 4976
3703 4256
2248 3703
1401 1869
1401 4179
2018 2877
312 2018
3421 4423
1074 4423
1614 3278
3278 4585
1234 2694
1234 1516
2139 4543
1226 4543
2085 2390
546 2390
2314 3794
1667 2314
3127 4140
2752 4140
642 3399
642 1099
575 4970
683 4970
3170 4863
519 4863
2730 3073
3073 3192
2157 2837
2837 3227
3899 4067
2675 3899
393 1898
393 3631
2458 3924
1351 2458
1662 1891
1891 3639
3868 3883
2947 3868
822 3920
31 3920
4476 4669
3733 4669
718 4518
718 3004
2150 4508
2150 2962
1436 1920
1920 4812
17 797
797 4309
1975 2886
676 2886
4683 4877
2017 4877
2709 3709
2565 2709
1249 1472
553 1249
285 3833
285 4238
2102 4234
4035 4234
1665 1972
1385 1665
1008 2445
2445 4489
329 608
608 2621
2655 4132
2655 3068
1219 2327
279 1219
993 1253
1253 1889
1911 4942
1911 4046
1047 3329
410 1047
2401 4469
3844 4469
1987 3881
1987 2105
3612 4716
1442 3612
704 935
704 4297
896 4044
2826 4044
2571 3165
2571 3635
36 2189
2189 4908
144 850
850 4262
641 1558
234 641
555 4233
4233 4803
2770 4638
2438 4638
706 961
706 1467
2475 2545
2545 3237
3367 3694
3102 3694
1655 1733
1655 1842
3445 4447
789 4447
625 988
988 2849
1345 1438
656 1438
72 237
72 567
1368 4389
4389 4474
3172 3559
805 3172
3040 3463
1824 3463
1198 3429
3429 4485
308 3696
308 1986
1343 3051
69 3051
3806 4678
3456 3806
1856 2656
1856 3886
18 4111
18 4138
2253 3150
955 3150
268 4784
4119 4784
1900 4959
1815 4959
188 3632
411 3632
940 1137
1137 3320
2820 3225
2524 3225
1191 4707
1191 2460
115 4101
115 4968
2435 4966
2435 4484
4239 4986
4239 4350
1609 3204
487 3204
3130 4065
4065 4220
1016 3678
127 3678
1738 2422
1738 2574
1643 3771
1643 2252
342 1944
965 1944
1124 4755
1916 4755
2506 3967
1597 3967
1553 2938
2938 3156
2276 4300
2276 4360
662 1870
1870 2669
539 703
539 4881
889 1255
889 3255
3914 4277
3914 4944
2209 4854
1935 4854
1187 2024
796 1187
998 3197
1116 3197
456 1112
1112 2106
22 2040
2040 4840
1254 3763
2192 3763
3487 4530
2948 3487
2786 3358
1962 2786
936 2041
2041 3569
3681 4205
3681 3748
826 1719
1719 3870
3252 4003
2514 4003
165 4307
3268 4307
1521 4399
2000 4399
141 3666
141 3042
1119 1290
1290 3895
4304 4977
172 4304
170 2265
911 2265
1490 2970
2970 3491
4092 4752
617 4092
3254 4688
114 3254
1408 2784
2784 3375
840 3800
3769 3800
1144 4488
2134 4488
632 4558
632 3619
3602 4005
1242 3602
3731 4009
4009 4152
2720 4938
1601 4938
1974 3318
3211 3318
2203 2373
430 2203
182 3845
3820 3845
1315 1853
1853 3697
1932 2495
1932 4759
1726 4857
1726 1765
371 4254
371 1228
1121 4574
4150 4574
3721 3792
3721 4899
3113 4030
2148 4030
4117 4726
2229 4117
728 3980
3980 4164
71 3330
1933 3330
448 3897
448 1647
1269 4442
1095 1269
3299 4605
420 3299
3768 4629
3620 4629
1931 3146
2484 3146
211 2810
2376 2810
2266 4108
4108 4213
2989 4898
837 2989
937 2003
1638 2003
57 4514
57 2048
214 2057
1587 2057
1157 2702
1157 2757
4347 4958
2882 4958
813 3141
623 813
1319 2123
2123 2304
904 2121
2121 2471
1453 4705
1453 1825
379 2569
878 2569
3139 4196
2238 4196
694 3682
2178 3682
223 3805
1164 3805
931 2236
931 3212
1104 2688
1104 4967
2160 3016
3016 4532
1926 2955
1926 3398
9 2359
1666 2359
594 2235
359 2235
1883 3575
1883 2505
725 2591
2082 2591
1491 3605
3605 3862
677 1311
1311 4754
798 4770
3417 4770
2792 3979
2341 2792
692 3136
692 2201
1784 1832
1832 2149
402 684
684 4666
4236 4431
578 4236
682 4057
682 3306
469 2949
469 3023
3285 4636
1179 3285
873 1808
450 1808
2381 4122
3537 4122
401 4493
401 4521
1958 4704
2900 4704
2749 4634
2513 2749
1039 2994
2204 2994
98 4324
630 4324
1202 3989
1202 2650
2065 2093
1761 2093
740 2014
740 1783
1230 2827
1230 4535
1908 4142
4040 4142
3109 3116
1145 3109
1951 3207
1240 3207
3031 4188
2923 4188
661 2671
661 4747
882 2170
2170 2434
481 4016
1600 4016
890 4868
4156 4868
1102 1906
1102 4273
2693 4526
1686 4526
35 4331
35 2289
4753 4825
192 4753
106 2135
106 3884
4168 4587
4587 4888
1659 4082
1659 4727
1977 2328
1977 4568
886 1838
886 952
1642 4439
3902 4439
3505 4782
912 4782
2320 3931
3570 3931
733 4053
2692 4053
255 2035
255 258
572 3657
572 1280
787 3673
787 2318
277 4232
277 3057
596 3790
32 596
833 4263
1610 4263
698 2243
2243 4520
3503 4208
3503 4163
2321 3496
697 3496
1040 4255
315 1040
2573 2636
1526 2573
102 1819
1819 1925
3074 3941
3434 3941
773 2128
390 2128
259 1454
1454 3667
2830 2987
791 2987
482 2050
482 3018
66 3256
66 3658
1867 3863
117 1867
3940 4676
2349 4676
2019 4647
2019 3276
1501 4199
1501 4517
2895 4023
3843 4023
3828 4950
3828 4381
3716 4372
3716 4625
120 1185
1185 3331
1505 4807
2042 4807
392 1063
392 1380
2816 4613
2242 2816
206 3292
206 1396
3405 4355
2700 3405
601 1295
1295 3056
2522 4779
2171 4779
629 3526
847 3526
142 2890
142 858
2624 2978
650 2624
3393 3953
2324 3393
823 2872
734 2872
831 2316
387 2316
183 1652
1652 3148
2467 3089
2467 2852
340 900
340 3523
414 2634
565 2634
742 1412
1412 3096
862 1212
1212 3388
672 3571
302 3571
2295 4685
1042 2295
1703 4706
2130 4706
261 3579
3535 3579
1054 1734
1734 3019
2112 3891
2942 3891
600 2533
1418 2533
2016 4561
2016 2091
3677 4830
209 4830
1100 4703
4249 4703
1685 1688
574 1685
1717 4176
1717 2814
2631 4066
2873 4066
4600 4996
1081 4996
1165 2301
1165 1389
541 3536
620 3536
1283 3904
1283 3744
1360 1672
1360 3648
589 1502
1502 3344
28 835
28 774
505 4498
505 3485
1387 4089
1209 1387
776 3680
776 838
2218 3679
3679 3813
1400 2453
1400 4002
378 3340
378 2083
1196 4184
4184 4709
3702 3890
906 3702
755 4440
1382 4440
744 2561
2561 3236
1855 4575
1500 4575
4343 4390
175 4390
464 4197
2372 4197
1417 2525
1417 4413
1084 3333
1534 3333
4405 4617
2331 4405
2681 3490
2797 3490
1 1579
1 645
2177 3193
417 3193
2478 4973
3878 4973
1871 4296
3905 4296
2251 4332
2251 4477
3350 4438
2999 4438
1816 3568
212 3568
104 2731
2731 3026
1030 1169
1030 3991
2447 3957
107 2447
1812 2153
1812 3098
2791 3604
2791 4547
291 445
445 570
587 3668
587 804
1648 3911
1648 4346
2028 2491
2028 4086
4018 4228
3222 4228
3191 3430
1398 3430
1715 2825
1715 2582
3394 3431
332 3394
640 4452
640 3955
1332 3825
3171 3825
711 2250
582 2250
1138 4279
1138 3403
1691 2062
2062 3118
1539 2662
2662 4144
1172 3719
2167 3719
1477 1525
1477 3220
1365 4026
1010 4026
668 4218
2901 4218
79 3793
2881 3793
633 3540
2319 3540
1885 4041
21 1885
3588 3818
3818 4123
1700 4322
253 1700
13 3385
13 4591
593 4788
593 4922
1782 4781
4542 4781
478 1370
1370 4482
2183 3151
1773 2183
180 4921
3809 4921
2557 4841
1158 4841
3277 3675
2944 3675
2268 2408
2408 4486
1001 2437
2437 4615
817 3076
876 3076
2761 3364
3364 4100
124 3480
124 1560
1195 2844
1480 2844
2803 3573
2803 3288
1608 1841
1608 2214
394 4948
394 777
785 4401
245 4401
1543 2670
1543 4429
3289 3812
3596 3812
2198 4210
2116 4210
133 2902
133 516
1914 4684
1914 2840
583 4444
3061 4444
168 3039
2079 3039
1836 2398
2398 4556
1189 1764
1764 2075
511 4432
298 511
2292 2927
1549 2292
2804 3265
2004 3265
1393 4577
1393 2925
3210 4745
2305 4745
884 1492
884 2992
996 3071
996 3713
1444 3542
3542 4459
795 1712
795 3698
2310 2995
2310 2446
2280 4045
404 4045
3963 4906
1585 3963
1971 4410
3515 4410
970 2536
970 994
1674 4096
1674 4125
3714 3757
1026 3714
1602 1912
1912 2486
3478 4194
1390 4194
1313 2762
49 1313
2490 3153
2490 4604
749 1214
1214 2950
2080 4136
91 2080
705 4859
3587 4859
4015 4509
4393 4509
3457 4960
4932 4960
1015 1580
1580 4768
971 4552
971 4473
1596 1890
975 1596
2800 4642
1132 2800
1048 1362
1362 3982
3269 4241
3093 3269
3610 4909
3300 3610
51 874
51 4835
2530 2977
1391 2530
351 3718
2629 3718
1213 1894
1894 4329
1264 3685
284 1264
205 3348
205 221
4606 4981
3922 4981
4777 4903
1541 4777
619 2492
250 619
4602 4910
4283 4910
2385 3645
3517 3645
471 3468
246 471
1731 4816
1036 4816
1899 4191
3811 4191
510 1270
63 1270
3324 3643
3324 3474
2456 4701
686 4701
868 1799
868 4121
1266 1929
1266 3933
1592 2612
1592 3599
1257 2538
1257 1936
1727 4848
3969 4848
1471 3307
265 1471
4037 4409
1716 4409
545 2163
1528 2163
248 1653
1653 3617
1152 2567
282 1152
4155 4426
1337 4426
535 1004
424 1004
1953 3532
1545 1953
3134 4623
313 3134
4266 4892
3249 4892
2154 2566
2120 2154
2838 3005
1445 3005
1156 1220
1156 2572
1248 3132
1248 1575
1139 1721
1139 2781
2380 4920
2287 2380
1775 3189
3189 4380
1511 4227
780 4227
1732 3984
1277 3984
304 4496
304 1405
3360 4115
4115 4566
1675 2736
1675 4158
153 2360
408 2360
689 4767
4198 4767
764 857
857 4984
1377 2876
1012 2876
612 3624
612 1229
1106 4844
1096 1106
1945 4285
3065 4285
2061 3121
1961 3121
762 4616
1002 4616
836 2455
836 2450
1261 2188
2188 4714
1268 4433
1268 4534
1059 2676
1790 2676
1552 4299
1552 2449
1327 4516
1327 4029
299 2940
299 3712
3959 4042
3499 3959
3373 4075
3438 4075
1981 2891
2891 3386
1123 1565
1123 2223
2764 4048
2828 4048
208 818
65 818
158 171
158 4787
1215 4851
2734 4851
2161 2805
880 2805
907 1162
1162 2961
278 386
278 1617
1101 2187
2187 3527
224 696
224 1634
2635 4129
2811 4129
1964 2444
1964 2400
2124 2534
537 2124
720 879
879 2099
2744 2972
1567 2744
1484 1757
1757 2780
96 403
403 3439
1865 4893
1713 4893
1131 4177
1131 3495
1355 2180
465 2180
2227 4154
2227 2550
4834 4918
997 4918
2439 3644
2008 3644
1451 2933
1451 4633
691 1830
1563 1830
772 4435
295 772
134 2426
134 2896
2741 3376
75 2741
2001 3390
627 2001
1740 4050
327 4050
382 1508
100 1508
76 1574
76 4620
1136 1818
951 1818
345 1465
1386 1465
3817 4740
3817 3831
1369 2133
2133 3475
2516 4091
1410 2516
