4999
[[[[[[[[[[[[[[[[[[[[[[[[[[[[[[[[[[[[[[[[[[[[[[[[[[[[[[[[[[[[[[[[[[[[[[[[[[[[[[[[[[[[[[[[[[[[[[[[[[[[[[[[[[[[[[[[[[[[[[[[[[[[[[[[[[[[[[[[[[[[[[[[[[[[[[[[[[[[[[[[[[[[[[[[[[[[[[[[[[[[[[[[[[[[[[[[[[[[[[[[[[[[[[[[[[[[[[[[[[[[[[[[[[[[[[[[[[[[[[[[[[[[[[[[[[[[[[[[[[[[[[[[[[[[[[[[[[[[[[[][[[[[[[[[[[[[[[[[[[[[[[[[[[[[][[[[[[[[[[[[[[[[[[[[[[[[[[[[[[[[[[[[[[[[[[[[[[[[[[[[[[[[[[[[[[[[[[[[[[[[[[[[[[[[[[[[[[[[[[[[[[[[[[[[[[[[[[[[[[[[[[[[[[[[[[[[[[[[[[[[[[[[[[[[[[[[[[[[[[[[[[[[[[[[[[[[[[[[[[[[[[[[[[[[[[[[[[[[[[[[[[[[[[[[[[[[[[[[[[[[[[[[[[[[[[[[[[[[[[[[[[[[[[[[[[[[[[[[[[[[[[[[[[[[[[[[[[[[[[[[[[[[[[[[[[[[[[[[[[[[[[[[[[[[[[[[[[[[[[[[[[[[[[[[[[[[[[[[[[[[[[[[[[[[[[[[[[[[[[[[[[[[[[[[[[[[[[[[[[[[[[[[[[[[[[[[[[[[[[[[[[[[[[[[[[[[[[[[[[[[[[[[[[[[[[[[[[[[[[[[[[[[[[[[[[[[[[[[[[[[[[[[[[[[[[[[[[[[[[[[[[[[[[[[[[[[[[[[[[[[[[[[[[[[[[[[[[[[[[[[[[[[[[[[[[[[[[[[[[[[[[[[[[[[[[[[[[[[[[[[[[[[[[[[[[[[[[[[[[[[[[[[[[[[[[[[[[[[[[[[[[[[[[[[[[[[[[[[[[[[[[[[[[[[[[[[[[[[[[[[[[[[[[[[[[[[[[[[[[[[[[[[[[[[[[[[[[[[[[[[[[[[[[[[[[[[[[[[[[[][[[[[[[[[[[[[[[[[[[[[[[[[[[[[[[[[[[[[[[[[[[[[[[[[[[[[[[[[[[[[[[[[[[[[[[[[[[[[[[[[[[[[[[[[[[[[[[[[[[[[[[[[[[[[[[[[[][[[[[[[[[[[[[[[[[[[[[[[[[[[[[[[[[[[[[[[[[[[[[][[[[[[[[[[[[[[[[[[[[[[[[[[[[[[[[[[[[[[[[[[[[[[[[[[[[[[[[[[[[[[[[[[[[[[[[[[[[[[[[[[[[[[[[[[[[[[[[[[[[[[[[[[[[[[[[[[[[[[[[[[[[[[[[[[[[[[[[[[[[[[[[[[[[[[[[[[[[[[[[[[[[[[[[[[[[[[[[[[[[[[[[[[[[[[[[[[[[[[[[[[[[[[[[[[[[[[[[[[[[[[[[[[[[[[[[[[[[[[[[[[[[[[[[[[[[[[[[[[[[[[[[[[[[[[[[[[[[[[[[[[[[[[[[[[[[[[[[[[[][[[[[[[[[[[[[[[[[[[[[[[[[[[[[[[[[[[[[[[[[[[[[[[[[[[[[[[[[[[[[[[[[[[[[[[[[[[[[[[[[[[[[[[[[[[[[[[[[[[[[[[[[[[[[[[[[[[[[[[[[[[[[[[[[[[[[[[[[[[[[[[[[[[[[[[[[[[[[[[[[[[[[[[[[[[[[[[[[[[[[[[[[[[[[[[[[[[[[[[[[[[[[[[[[[[[[[[[[[[[[[[[[[[[[[[[[[[[[[[[[[[[[[[[[[[[[[[[[[[[[[[[[[[[[[[[[[[[[[[[[[[[[[[[[[[[[[[[[[[[[[[[[[[[[[[[[[[[[[[[[[[[[[[[[[[[[[[[[[[[[[[[[[[[[[[[[[[[[[[[[[[[[[[[[[[[[[[[[[[[[[[[[[[[[[[[[[[[[[[[[[[[[[[[[[[[[[[[[[[[[[[[[[[[[[[[[[[[[[[[[[[[[[[[[[[[[[[[[[[[[[[[[[[[[[[[[[[[[[[[[[[[[[[[[[[[[[[[[[[[[[[[[[[[[[[[[[[[[[[[[[[[[[[[[[[[[[[[[[[[[[[[[[[[[[[[[[[[[[[[[[[[[[[[[[[[[[[[[[[[[[[[[[[[[[[[[[[[[[[[[[[[[[[[[[[[[[[[[[[[[[[[[[[[[[[[[[[[[[[[[[[[[[[[[[[[[[[[[[[[[[[[[[[[[[[[[[[[[[[[[[[[[[[[[[[[[[[[[[[[[[[[[[[[[[[[[[[[[[[[[[[[[[[[[[[[[[[[[[[[[[[[[[[[[[[[[[[[[[[[[[[[[[[[[[[[[[[[[[[[[[[[[[[[[[[[[[[[[[[[[[[[[[[[[[[[[[[[[[[[[[[[[[[[[[[[[[[[[[[[[[[[[[[[[[[[[[[[[[[[[[[[[[[[[[[[[[[[[[[[[[[[[[[[[[[[[[[[[[[[[[[[[[[[[[[[[[[[[[[[[[[[[[[[[[[[[[[[[[[[[[[[[[[[[[[[[[[[[[[[[[[[[[[[[[[[[[[[[[[[[[[[[[[[[[[[[[[[[[[[[[[[[[[[[[[[[[[[[[[[[[[[[[[[[[[[[[[[[[[[[[[[[[[[[][[[[[[[[[[[][[[[[[[[[[[[[[[[[[[[[[[[[[[[[[[[[[[[[[[[[[[[[[[[[[[[[[[[[[[[[[[[[[[[[[[[[[[[[[[[[[[[[[[[[[[[[[[[[[[[[[[[[[[[[[[[[[[[[[[[[[[[[[[[[[[[[[[[[[[[[[[[[[[[[[[[[[[[[[[[[[[[[[[[[[[[[[[[[[[[[[[[[[[[[[[[[[[[[[[[[[[[[[[[[[[[[[[[[[[[[[[[[[[[[[[[[[[[[[[[[[[[[[[[[[[[[[[[[[[[[[[[[[[[[[[[[[[[[[[[[[[[[[[[[[[[[[[[[[[[[[[[[[[[[[[[[[[[[[[[[[[[[[[[[[[[[[[[[[[[[[[[[[[[[[[[[[][[[[[[[[[[[[[[[[[[[[[[[[[[[[[[[[[[[[[[[[[[[[[[[[[[[[[[[[[[[[[[[[[[[[[[[[[[[[[[[[[[[[[[[[[[[[[[[[[[[[[[[[[[[[[[[[[[[[[[[[[[[[[[[[[[[[[[[[[[[[[[[[[[[[[[[[[[[[[[[[[[[[[[[[[[[[[[[[[[[[[[[[[[[[[[[[[[[[[[[[[[[[[[[[[[[[[[[[[[[[[[[[[[[[[[[[[[[[[[[[[[[[[[[[[[[[[[[[[[[[[[[[[[[[[[[[[[[[[[[[[[[[[[[[[[[[[[[[[[[[[[[[[[[[[[[[[[[[[[[[[[[[[[[[[[[[[[[[[[[[[[[[[[[[[[[[[[[[[[[[[[[[[[[[[[[[[[[[[[[[[[[[[[[[[[[[[[[[[[[[[[[[[[[[[[[[[[[[[[[[[[[[[[[[[[[[[[[[[[[[[[[[[[[[[[[[[[[[[[[[[[[[[[[[[[[[[[[[[[[[[[[[[[[[[[[[[[[[[[[[[[[[[[[[[[[[[[[[[[[[[[[[[[[[[[[[[[[[[[[[[[[[[[[[[[[[[[[[[[[[[[[[[[[[[[[[[[[[[[[[[[[[[[[[[[[[[[[[[[[[[[[[[[[[[[[[[[[[[[[[[[[[[[[[[[[[[[[[][[[[[[[[[[[[[[[[[[[[[[[[[[[[[[[[[[[[[[[[[[[[[[[[[[[[[[[[[[[[[[[[[[[[[[[[[[[[[[[[[[[[[[[[[[[[[[[[[[[[[[[[[[[[[[[[[[[[[[[[[[[[[[[[[[[[[[[[[[[[[[[[[[[[[[[[[[[[[[[[[[[[[[[[[[[[[[[[[[[[[[[[[[[[[[[[[[[[[[[[[[[[[[[[[[[[[[[[[[[[[[[[[[[[[[[[[[[[[[[[[[[[[[[[[[[[[[[[[[[[[[[[[[[[[[[[[[[[[[[[[[[[[[[[[[[[[[[[[[[[[[[[[[[[[][[[[[[[[[[[[[[[[[[[[[][[[[[[[[[[[[[[[[[[[[[[[[[[[[[[[[[[[[[[[[[[[[[[[[[[[[[[[[[[[[[[[[[[[[[[[[[[[[[[[[[[[[[[[[[[[[[[[[[[[[[[[[[[[[[[[[[[[[[[[[[[[[[[[[[[[[[[[[[[[[[[[[[[[[[[[[[[[[[[[[[[[[[[[[[[[[[[[[[[[[[[[[[[[[[[[[[[[[[[[[[[[[[[[[[[[[[[[[[[[[[[[[[[[[[[[[[[[[[[[[[[[[[[[[[[[[[[[[[[[[[[[[[[[[[[[[[[[[[[[[[[[[[[[[[[[[[[[[[[[[[[[[[[[[[[[[[[[[[[[[[[[[[[[[[[[[[[[[[[[[[[[[[[[[[[[[[[[[[[[[[[[[[[[[[[[[[[[[[[[[[[[[[[[[[[[[[[[[[[[[[[[[[[[[[[[[[[[[[[[[[[[[[[[[[[[[[[[[[[[[[[[[[[[[[[[[[[[[[[[[[[[[[[[[[[[[[[[[[[[[[[[[[[[[[[[[[[[[[[[[[[[[[[[[[[[[[[[[[[[[[[[[[[[[[[[[[[[[[[[[[[[[[[[[[[[[[[[[[[[[[[[[[[[[[[[[[[[[[[[[[[[[[[[[[[[[[[[[[[[[[[[[[[[[[[[[[[[[[[[[[[[[[[[[[[[[[[[[[[[[[[[[[[[[[[[[[[[[[[[[[[[[[][[[[[[[[[[[[[[[[[[[[[[[[[[[[[[[[[[[[[[[[[[[[[[[[[[[[[[[[[[[[[[[[[[[[[[[[[[[[[[[[[[[][[[[[[[[[[[[[[[[[[[[[[[[[[[[][[[[[[[[[[[[[[[[[[[[[[[[[[[[[[[[[[[[[[[[[[[[[[[[[[[[[[[[[[[[[[[[[[[[[[[[[[[[[[[[[[[[[[[[[[[[[[[[[[[[[[[[[[[[[[[[[[[[[[[[[[[[[[[[[[[[[[[[[[[[[[[[[[[[[[[[[[[[[[[[[[[[[[[[[[[[[[[[[[[[[[[[[[[[[[[[[[[[[[[[[[[[[[[[[[[[[[[[[[[[[[[[[[[[[[[[[[[[[[[[[[[[[[[[[[[[[[[[[[[[[[[[[[[[[[[[[[[[[[[[[[[[[[[[[[[[[[[[[[[[[[[[[[[[[[[[[[[[[[[[[[[[[[[[[[[[[[[[[[[[[[[[[[[[[[[[[[[[[[[[[[[[[[[[[[[
310 1117
1117 4515
310 2880
310 3849
280 4515
4515 4628
2880 3517
2525 2880
1463 3849
1002 3849
280 2513
280 3827
4599 4628
1163 4628
3296 3517
2492 3517
2326 2525
1397 2525
1463 4759
1463 1783
1002 4698
1002 4547
2513 4651
2513 2668
597 3827
3162 3827
3703 4599
2497 4599
1163 4023
201 1163
3296 3538
2626 3296
874 2492
977 2492
1363 2326
2326 2419
1397 2094
788 1397
883 4759
2252 4759
1783 1987
146 1783
1986 4698
2537 4698
2211 4547
1488 4547
4317 4651
3292 4651
2668 2720
2668 3166
597 4029
597 2913
1704 3162
1849 3162
3703 4258
1649 3703
2497 4535
2497 2761
2495 4023
2178 4023
201 2923
201 3674
3538 3548
3538 4998
966 2626
356 2626
874 1035
874 2392
977 4455
977 2223
1363 1851
741 1363
2419 3220
2419 3305
2094 2195
2094 3401
788 2026
788 4556
883 899
883 3281
2252 3521
18 2252
861 1987
1987 4241
146 2309
146 2776
1986 2953
1986 4612
1716 2537
2537 2702
2211 4470
2211 3627
422 1488
1488 2368
3014 4317
859 4317
2122 3292
517 3292
2720 4312
2720 4351
483 3166
1826 3166
3366 4029
2623 4029
2913 4741
499 2913
1402 1704
828 1704
1849 2200
1849 2303
2536 4258
2722 4258
1649 4522
1649 2108
4535 4657
3182 4535
2761 4483
2761 3111
397 2495
1891 2495
1687 2178
1725 2178
16 2923
2670 2923
3674 4308
590 3674
268 3548
3139 3548
1561 4998
4782 4998
966 2673
966 2878
356 4348
356 1939
176 1035
1035 4212
2392 4102
2392 4453
1587 4455
4455 4725
868 2223
1980 2223
1851 4032
1851 1871
741 3050
741 3043
3220 4643
3220 4848
1036 3305
2700 3305
865 2195
2195 3606
830 3401
2117 3401
2026 4724
2026 2028
3423 4556
2162 4556
606 899
899 4000
3281 4503
3281 3326
506 3521
2449 3521
18 3310
18 288
861 4815
861 896
2038 4241
4241 4507
2309 4812
2309 4288
2369 2776
581 2776
2953 3710
2953 3404
3312 4612
1691 4612
1661 1716
1716 3481
1866 2702
2702 4673
1727 4470
4160 4470
185 3627
3327 3627
422 658
422 3812
2368 4670
2001 2368
3014 3571
3014 3112
429 859
859 4564
2122 3410
1669 2122
517 943
517 1546
3128 4312
2901 4312
1636 4351
2418 4351
251 483
483 4340
1826 2216
1826 2517
327 3366
3366 3479
2623 3006
2623 3504
1438 4741
455 4741
499 4463
499 1273
857 1402
1402 4659
828 4773
828 2672
237 2200
2200 3932
2303 4716
2303 2907
1746 2536
2536 4681
1507 2722
819 2722
4074 4522
1477 4522
91 2108
2108 4565
2684 4657
4598 4657
482 3182
2646 3182
3482 4483
3946 4483
574 3111
3060 3111
202 397
397 1160
1891 3411
1891 3288
27 1687
1496 1687
869 1725
1725 2269
16 3491
16 68
2670 3300
1246 2670
259 4308
1589 4308
590 812
590 4658
268 428
268 2430
2119 3139
1115 3139
1561 4466
1561 3816
3559 4782
1845 4782
2503 2673
2673 4309
2878 4964
727 2878
2186 4348
841 4348
1939 2824
1939 3655
176 351
176 3920
1764 4212
2203 4212
554 4102
2348 4102
4453 4893
2247 4453
1587 2292
1587 4272
3608 4725
3908 4725
868 3921
868 2647
1980 4046
1980 3528
1258 4032
125 4032
1871 3417
1871 1936
1307 3050
3050 4174
1745 3043
3043 4593
451 4643
132 4643
4231 4848
4848 4919
1036 1931
1036 2785
2242 2700
1896 2700
454 865
865 4709
3606 4043
3606 4700
830 1711
830 1386
1575 2117
2117 4083
528 4724
1900 4724
293 2028
156 2028
1301 3423
1181 3423
842 2162
2162 3127
606 4009
606 3934
732 4000
3893 4000
344 4503
979 4503
464 3326
3326 4675
506 2144
506 1350
2449 3338
2449 3391
1978 3310
1466 3310
288 1823
288 4472
965 4815
710 4815
896 1848
698 896
631 2038
2038 4275
1312 4507
3427 4507
4223 4812
131 4812
1244 4288
3303 4288
2369 3008
2369 2656
581 1739
581 1210
1247 3710
1038 3710
1632 3404
3404 4347
1921 3312
2347 3312
1691 4314
1691 3124
345 1661
1661 2795
2355 3481
562 3481
1866 3554
1529 1866
4443 4673
378 4673
824 1727
1727 1872
2333 4160
1539 4160
185 1494
185 958
3327 4371
3327 3859
658 1499
658 2299
3566 3812
3551 3812
4071 4670
3409 4670
2001 4432
2001 4367
3544 3571
2597 3571
529 3112
2059 3112
429 3725
429 3091
1526 4564
1148 4564
1118 3410
3410 4313
1669 2522
1669 2448
943 2609
943 3469
1546 3294
1546 3599
3128 3677
3128 4911
2901 4001
863 2901
891 1636
1636 1958
45 2418
2418 2584
251 3299
251 1492
1185 4340
1408 4340
319 2216
2216 4887
2517 3563
2517 3628
327 4819
327 4710
821 3479
1542 3479
3006 3754
3006 3660
3504 4541
80 3504
273 1438
548 1438
455 1199
455 3383
2378 4463
1021 4463
889 1273
1273 2191
857 2367
857 2093
4454 4659
761 4659
4339 4773
2782 4773
2205 2672
705 2672
237 3353
237 2019
2012 3932
654 3932
54 4716
2888 4716
2907 4788
99 2907
1746 2283
1746 4647
361 4681
534 4681
1507 1798
1507 2387
819 4087
265 819
1089 4074
1433 4074
816 1477
1477 2792
91 1731
91 4653
431 4565
3894 4565
471 2684
2684 4276
2132 4598
2237 4598
482 2956
416 482
2646 2926
2646 2810
395 3482
1369 3482
2568 3946
1968 3946
574 3702
574 3425
106 3060
3052 3060
202 1502
202 3471
873 1160
1160 1242
3411 3532
898 3411
253 3288
2903 3288
27 4831
27 4618
1496 3233
387 1496
869 1836
869 1584
1811 2269
2269 4428
2627 3491
3491 4004
68 4026
68 270
1434 3300
1867 3300
347 1246
1246 2065
259 2734
259 1173
1589 3267
145 1589
812 1660
812 1096
2080 4658
1004 4658
428 683
4 428
1698 2430
303 2430
610 2119
846 2119
1115 4969
1115 3143
2843 4466
2423 4466
3816 4128
570 3816
3295 3559
1465 3559
1845 2168
1845 2797
2503 3271
2503 3573
3719 4309
737 4309
4449 4964
4005 4964
727 1949
727 4731
2186 4104
2051 2186
841 1501
841 1775
1747 2824
2824 2990
2724 3655
1786 3655
351 2414
351 4285
3486 3920
3843 3920
1764 2428
1764 1771
2203 2506
2203 3264
554 3716
111 554
2348 4206
2348 2488
2599 4893
70 4893
1283 2247
565 2247
2292 3641
2292 4738
2228 4272
3405 4272
2870 3608
2985 3608
3133 3908
2090 3908
1110 3921
663 3921
1880 2647
2647 3137
3770 4046
4046 4684
3528 4319
1471 3528
1258 2768
1258 4307
125 3790
125 423
3175 3417
3417 3850
1066 1936
681 1936
1307 1894
318 1307
1926 4174
3507 4174
1037 1745
1745 4506
4061 4593
354 4593
451 1665
451 1418
132 2588
132 2512
3903 4231
2560 4231
2784 4919
1646 4919
411 1931
1581 1931
2785 4324
2785 2973
2242 3035
564 2242
1896 2462
1896 3161
454 2861
454 789
2579 4709
4412 4709
236 4043
555 4043
388 4700
572 4700
1711 4836
1711 3122
1386 2111
1386 3474
796 1575
1575 1800
424 4083
3354 4083
528 1091
528 1186
1346 1900
1900 2601
293 987
293 1298
156 4068
156 4660
1301 4538
1301 1768
1181 4036
1181 3696
842 4722
842 3758
3127 4808
545 3127
2411 4009
2409 4009
3262 3934
3541 3934
732 948
133 732
3083 3893
3136 3893
344 2156
344 1191
979 3609
979 4208
464 1578
464 3273
1129 4675
1852 4675
2144 3731
12 2144
1350 1516
2 1350
3338 3614
3338 4988
3391 4366
476 3391
1978 4912
942 1978
1074 1466
1466 4337
1804 1823
1090 1823
3654 4472
3455 4472
965 3624
965 2928
710 4393
710 3189
403 1848
1305 1848
698 2356
698 2519
631 4580
631 2236
3030 4275
3986 4275
1312 4410
1312 2446
1856 3427
2698 3427
2841 4223
2546 4223
131 3152
131 1098
1244 4163
1244 3856
3303 3346
1097 3303
1950 3008
3008 4318
2287 2656
2656 3994
1739 3570
1739 3592
1210 2649
1210 1998
1247 3685
589 1247
1038 1444
1038 2576
1632 4369
1632 2058
4156 4347
1708 4347
1921 2071
1921 4479
90 2347
624 2347
112 4314
1774 4314
3124 4925
3124 3927
345 2145
345 373
2795 4835
1947 2795
1637 2355
2355 3032
562 4955
562 994
66 3554
1248 3554
1529 4994
1529 3339
3826 4443
4267 4443
126 378
378 2998
824 1538
824 3367
1872 4021
1178 1872
2333 3727
2333 4531
25 1539
1539 4596
1494 2466
740 1494
166 958
958 4271
1841 4371
2669 4371
3859 3889
11 3859
390 1499
1499 4202
2039 2299
2297 2299
2327 3566
2451 3566
1993 3551
3551 4424
1977 4071
2618 4071
3409 4509
2908 3409
497 4432
2282 4432
379 4367
3661 4367
325 3544
917 3544
810 2597
341 2597
529 2169
529 1084
2059 3757
2059 2365
1093 3725
910 3725
3091 4118
101 3091
1526 3546
1400 1526
907 1148
1148 1723
892 1118
412 1118
766 4313
7 4313
1289 2522
2522 3384
2448 2989
701 2448
2609 3009
1609 2609
3469 4871
3149 3469
2406 3294
1528 3294
3599 4766
3599 3709
3677 4544
244 3677
876 4911
2325 4911
2276 4001
2386 4001
863 1125
863 1835
891 4022
891 1207
1958 2379
1958 3466
45 2504
45 2634
885 2584
2584 3068
2680 3299
3299 4588
1492 3992
1492 2705
1185 1304
1185 3205
1408 2771
1408 2556
319 1778
319 2941
3101 4887
3805 4887
2029 3563
3563 4948
2037 3628
3628 3966
4436 4819
1426 4819
3335 4710
524 4710
821 4644
821 3290
1542 4990
36 1542
383 3754
3754 3786
2574 3660
938 3660
1461 4541
137 4541
80 4183
80 1752
273 3808
273 2077
284 548
548 1339
1199 4767
97 1199
339 3383
2828 3383
2378 4957
971 2378
1021 4765
1021 3708
889 1214
889 3676
1385 2191
2191 3743
2367 2467
2254 2367
2093 4629
2093 2220
523 4454
734 4454
761 3975
761 3328
1882 4339
4339 4550
578 2782
2782 4730
1721 2205
2205 4537
705 2704
705 3589
3353 4303
144 3353
2019 4249
1313 2019
2012 3887
380 2012
174 654
654 3443
54 2832
54 384
691 2888
2888 4282
1685 4788
478 4788
99 2820
99 3819
2283 2763
2283 3254
4647 4751
2917 4647
361 1740
361 4820
534 1969
534 3170
1414 1798
381 1798
2387 2542
2387 4467
3435 4087
2543 4087
265 2121
265 2708
1089 2909
1089 4493
1433 1935
576 1433
816 2085
816 3910
1493 2792
1270 2792
1731 2748
1731 2062
1533 4653
1668 4653
431 4152
431 991
1196 3894
1362 3894
471 1781
471 1839
3824 4276
915 4276
2132 2501
2132 4687
2237 3707
515 2237
2956 3505
2956 4362
416 2201
416 2083
906 2926
2926 3516
1022 2810
2533 2810
395 2352
395 3419
933 1369
277 1369
2568 3833
1076 2568
1370 1968
1300 1968
170 3702
2074 3702
1491 3425
3278 3425
106 769
106 3752
2005 3052
307 3052
1502 1918
1502 2120
2930 3471
2849 3471
142 873
706 873
1242 3330
1242 4757
1886 3532
3532 3760
898 3388
898 2053
253 4373
253 519
2903 4283
2611 2903
2687 4831
3071 4831
573 4618
2548 4618
3233 3695
759 3233
387 4066
387 897
1836 4664
333 1836
1584 4656
1584 2966
1427 1811
234 1811
3193 4428
3351 4428
2627 4261
1536 2627
3898 4004
1290 4004
1012 4026
1677 4026
270 3098
270 2765
1434 1843
1434 3706
1592 1867
1867 4049
347 2885
347 1044
84 2065
33 2065
2734 4131
2324 2734
63 1173
1173 1756
1086 3267
1169 3267
145 726
145 1956
1660 3775
1660 3518
1096 4468
1096 1703
1796 2080
2080 3629
1004 4402
1004 4465
683 2050
683 2213
4 807
4 3244
1137 1698
271 1698
303 785
303 1799
610 2829
610 3883
846 1000
846 2153
3309 4969
3645 4969
2796 3143
124 3143
989 2843
2843 3249
2267 2423
2388 2423
4128 4750
1306 4128
570 4827
570 1441
604 3295
3295 3871
895 1465
1465 2420
2168 4814
2168 4239
2797 4238
2257 2797
1508 3271
3271 4926
809 3573
3573 4445
3719 4407
3236 3719
737 4027
737 2047
2259 4449
3207 4449
46 4005
1757 4005
1949 2152
1949 3750
512 4731
435 4731
3110 4104
804 4104
1601 2051
826 2051
1501 2873
1501 3013
1775 2562
1377 1775
1747 1898
1520 1747
2337 2990
1659 2990
2724 4390
2724 4041
527 1786
1786 3196
2414 2509
1260 2414
638 4285
811 4285
3486 3488
2872 3486
43 3843
2180 3843
308 2428
2428 3150
1656 1771
1771 1793
2506 4632
2506 3634
164 3264
3264 3981
2578 3716
2589 3716
111 2321
111 2056
3210 4206
1197 4206
1469 2488
2391 2488
2599 2715
2544 2599
70 1347
70 470
1283 2553
1283 1338
565 2127
565 4566
3076 3641
2170 3641
2101 4738
2595 4738
2228 2455
2228 2739
2801 3405
986 3405
2436 2870
2870 4662
2217 2985
2985 3302
3133 3756
1937 3133
2090 3011
2090 4030
1110 2559
1110 3268
663 1679
663 808
1880 2399
1880 1973
2817 3137
754 3137
3770 4377
549 3770
1436 4684
1263 4684
3747 4319
1267 4319
1471 2240
456 1471
121 2768
2016 2768
4242 4307
2759 4307
3473 3790
1337 3790
423 1475
423 4006
539 3175
575 3175
469 3850
3414 3850
1066 2984
1066 4686
681 2401
681 1030
1894 4708
1894 3420
95 318
318 3129
1926 4370
1926 2844
709 3507
3507 4985
1037 3058
1037 4215
50 4506
1430 4506
3533 4061
4054 4061
354 1348
354 1257
1665 4655
864 1665
1418 2398
1418 2373
338 2588
2588 3870
1773 2512
2512 2624
3585 3903
1083 3903
2560 4504
2560 4497
2757 2784
2784 3036
974 1646
1646 3285
411 2948
411 3971
1581 3378
568 1581
1195 4324
334 4324
2973 4523
2973 3529
1568 3035
1593 3035
564 3767
564 777
427 2462
1557 2462
3161 4862
762 3161
2861 4880
1640 2861
789 4396
221 789
1729 2579
1333 2579
2422 4412
1510 4412
236 2619
236 4991
555 4874
555 2040
388 4353
388 3841
572 1531
572 4338
1256 4836
840 4836
2750 3122
688 3122
2111 3097
196 2111
212 3474
1806 3474
330 796
796 2253
1800 3561
292 1800
424 3748
424 3842
2294 3354
1134 3354
1091 4505
1091 2006
954 1186
1186 2032
1346 3602
1243 1346
2135 2601
2234 2601
987 4713
987 3314
1298 2196
1298 2349
3370 4068
3829 4068
2547 4660
3322 4660
4300 4538
1383 4538
934 1768
1040 1768
2182 4036
3209 4036
3696 4740
2933 3696
2827 4722
1194 4722
3525 3758
3758 4796
4378 4808
3372 4808
545 3318
545 4516
1585 2411
1235 2411
2308 2409
2226 2409
693 3262
3262 3749
3541 3958
3541 4640
948 1820
948 1892
133 2354
133 2977
1302 3083
3083 4442
3136 3970
3136 3828
716 2156
2156 4327
1191 4078
1191 1769
951 3609
3609 3925
3202 4208
2445 4208
1420 1578
1578 2975
1854 3273
1930 3273
1129 2812
1129 4334
1770 1852
1852 4951
2896 3731
3306 3731
12 3208
12 4846
304 1516
1516 3704
2 1678
2 1853
3614 4169
1281 3614
1683 4988
4379 4988
372 4366
2774 4366
476 4251
476 743
4829 4912
3307 4912
942 1008
942 4843
1074 1122
1074 4775
306 4337
88 4337
1804 1914
1804 2833
1090 1151
1090 1470
1884 3654
1586 3654
1067 3455
3455 4149
1819 3624
3624 4253
2150 2928
2928 4345
1864 4393
191 4393
29 3189
2295 3189
403 1932
403 2129
1305 2125
1305 3519
405 2356
1357 2356
1824 2519
2519 2999
3012 4580
3807 4580
1681 2236
2236 3181
3030 4627
3030 3735
3263 3986
3986 4854
4410 4609
3635 4410
2446 4221
2446 3821
1856 2491
1856 3142
275 2698
508 2698
2841 3201
2841 3228
2546 4332
1213 2546
1439 3152
1920 3152
1098 3717
1098 4214
4163 4245
1250 4163
2659 3856
3856 4266
3346 3434
2786 3346
1097 4583
1097 1808
729 1950
19 1950
1104 4318
1929 4318
2287 4881
1865 2287
3994 4924
3994 4250
1809 3570
1375 3570
882 3592
3313 3592
2649 2811
1919 2649
1998 2397
1524 1998
3685 4148
3685 3762
485 589
589 3549
1444 4855
1444 1831
1308 2576
1883 2576
4369 4487
1132 4369
2058 2914
2058 2712
247 4156
1175 4156
1708 4821
1708 3501
1917 2071
2071 2883
4479 4983
4479 4866
90 4826
90 3853
624 3115
624 1184
112 445
112 4830
1774 3522
343 1774
3524 4925
1879 4925
599 3927
3884 3927
2145 2390
630 2145
373 2805
373 462
1906 4835
1451 4835
1947 2534
1947 3164
1637 4864
711 1637
3032 4063
3032 3276
4859 4955
4554 4955
994 3039
402 994
66 4946
66 4562
1248 1644
1248 2344
2474 4994
1114 4994
393 3339
3173 3339
2535 3826
3368 3826
138 4267
4267 4526
126 130
126 4411
2998 3399
511 2998
71 1538
1538 4573
468 3367
2402 3367
4021 4073
189 4021
1178 2965
1178 2079
2328 3727
3727 4234
1817 4531
3125 4531
25 119
25 3656
3615 4596
1961 4596
2466 4391
2466 4793
740 749
740 2453
166 349
166 4265
905 4271
3496 4271
1841 2905
1384 1841
2594 2669
1176 2669
790 3889
620 3889
11 4274
11 2507
390 3478
390 3429
1846 4202
1479 4202
159 2039
513 2039
2297 3099
2297 3649
2327 4076
180 2327
2451 4762
641 2451
1993 4999
1993 3982
786 4424
74 4424
376 1977
1977 2745
2618 3379
2618 3369
4509 4557
913 4509
730 2908
1389 2908
497 2009
497 613
2282 4984
2282 4159
379 4434
379 4652
40 3661
3661 3798
325 1121
325 1985
917 1755
917 1873
810 1611
810 1604
341 4184
341 2592
2169 2971
2169 3801
1084 4204
1084 3361
2815 3757
1120 3757
2365 3567
440 2365
1093 2193
242 1093
910 4088
623 910
2749 4118
1268 4118
101 3653
101 3289
1629 3546
2314 3546
1400 4851
1400 2209
907 2241
907 1009
793 1723
945 1723
892 3037
892 1410
412 2800
412 3574
766 4786
653 766
7 3187
7 3274
246 1289
1289 3238
3384 3472
887 3384
2439 2989
2989 4575
407 701
701 3053
2602 3009
928 3009
1609 4634
153 1609
1395 4871
2472 4871
1046 3149
114 3149
2406 3940
612 2406
475 1528
1528 4891
3928 4766
1055 4766
3054 3709
3090 3709
123 4544
2664 4544
244 1518
244 931
876 3630
876 2459
2325 3527
2325 4168
2276 4560
89 2276
2386 3954
2386 3683
1125 3422
1125 2992
1835 4980
1835 4852
4022 4151
3996 4022
1207 3266
1207 4972
1323 2379
2379 4306
472 3466
3466 3935
2504 4372
2504 3962
222 2634
2010 2634
9 885
885 3741
2767 3068
1705 3068
2680 4702
2680 4015
3502 4588
2596 4588
1580 3992
3745 3992
129 2705
890 2705
1304 4975
1304 3359
241 3205
3205 4579
2771 3941
687 2771
2556 3713
1738 2556
1778 4734
1778 3392
2941 4232
1473 2941
3101 3680
3101 4408
750 3805
1689 3805
261 2029
2029 4917
4209 4948
276 4948
2018 2037
1264 2037
3642 3966
2489 3966
3675 4436
4436 4484
1426 2377
1426 1954
1515 3335
392 3335
524 3448
377 524
3697 4644
3555 4644
59 3290
3290 4935
4680 4990
4044 4990
36 3377
36 4636
383 2996
383 2892
601 3786
3093 3786
2224 2574
32 2574
938 2221
938 1252
1461 4510
1461 1537
137 1297
137 997
3537 4183
831 4183
1255 1752
1752 1966
3808 4101
3808 4081
2077 4927
305 2077
284 4025
284 552
1328 1339
1339 3225
4767 4838
1303 4767
97 1404
97 2925
339 1622
339 530
1608 2828
1345 2828
2740 4957
1080 4957
622 971
971 3740
4765 4993
4765 4828
2942 3708
2968 3708
1214 4794
1053 1214
3676 4760
3676 4279
1385 4359
1385 2417
1043 3743
621 3743
2467 4805
2467 3535
2254 2426
2254 4197
1934 4629
4629 4892
1131 2220
2220 2431
523 2114
523 4915
734 3442
734 1814
3795 3975
3584 3975
1619 3328
1734 3328
1882 4392
1157 1882
4550 4895
2452 4550
578 787
578 4719
829 4730
1162 4730
1721 1902
190 1721
3195 4537
4289 4537
2704 3212
2704 3684
3589 3784
746 3589
274 4303
3246 4303
144 1154
144 3293
1364 4249
4249 4525
1313 3120
1282 1313
2932 3887
3715 3887
380 2319
380 2248
174 4742
174 337
1828 3443
2839 3443
1992 2832
2832 4801
384 2610
384 2280
691 3387
691 1925
1527 4282
3666 4282
404 1685
571 1685
478 4800
478 4610
1522 2820
2674 2820
1706 3819
3819 4639
962 2763
914 2763
1193 3254
3254 3356
1666 4751
4395 4751
2917 4003
2917 3059
1740 4064
1740 3728
224 4820
2107 4820
835 1969
964 1969
2301 3170
3170 3462
1056 1414
1414 1941
381 4624
381 3200
2542 3222
2542 3738
109 4467
2372 4467
3435 3904
878 3435
607 2543
231 2543
1812 2121
2121 3163
1972 2708
1179 2708
398 2909
1595 2909
4039 4493
3796 4493
1935 4028
1935 2711
576 1457
576 2260
2085 3578
2085 2124
371 3910
3648 3910
522 1493
1493 4883
1270 2385
1270 4910
1232 2748
2748 4299
1654 2062
58 2062
894 1533
1533 1810
1204 1668
1019 1668
51 4152
2189 4152
991 3272
991 4688
1196 3510
1196 3794
1362 2320
1362 1944
685 1781
1781 4122
1839 3154
1839 4077
1672 3824
1544 3824
742 915
915 2027
502 2501
2501 3568
389 4687
3681 4687
2022 3707
1233 3707
515 4422
515 1788
3505 4758
3192 3505
1437 4362
510 4362
1212 2201
2201 3096
1327 2083
2083 4950
906 3498
906 4809
3516 4669
3516 4235
1022 1908
1022 2652
2533 3239
1277 2533
1551 2352
401 2352
1614 3419
1598 3419
386 933
933 3017
277 1319
277 1504
3833 4727
3476 3833
1076 3621
1076 1205
1370 3483
1370 2210
1300 2974
930 1300
170 2366
170 2494
2074 3761
1486 2074
1446 1491
1491 2545
1226 3278
3278 4321
769 1292
769 4615
2788 3752
3752 4930
2005 4033
935 2005
307 2566
307 2017
1918 2218
1918 3108
1787 2120
2120 2791
2930 3694
1013 2930
2116 2849
2304 2849
142 3412
142 2699
706 4171
42 706
646 3330
206 3330
448 4757
516 4757
1886 3712
1886 2291
3445 3760
55 3760
2361 3388
3226 3388
1060 2053
2053 3600
487 4373
2723 4373
519 3831
519 4605
3942 4283
3109 4283
509 2611
2611 3938
2687 2823
2481 2687
1231 3071
2963 3071
102 573
573 3618
2548 4013
2548 3576
1693 3695
210 3695
759 4361
759 4060
862 4066
4066 4401
897 2678
897 3421
992 4664
3873 4664
333 2137
333 893
4656 4779
735 4656
2966 4733
2231 2966
1427 3186
1427 2289
234 3191
234 2764
721 3193
3193 3959
632 3351
3351 3690
3781 4261
255 4261
1536 4623
1536 4508
1616 3898
798 3898
1290 1624
546 1290
783 1012
1012 4802
1677 3590
1168 1677
3098 4476
3098 4179
697 2765
1272 2765
559 1843
1843 3523
3706 4981
178 3706
57 1592
461 1592
2035 4049
3169 4049
639 2885
1269 2885
1044 2987
1044 2549
84 3646
84 792
33 4010
33 3034
1123 4131
2746 4131
494 2324
1354 2324
63 2410
63 936
1756 2789
1756 2983
1086 3720
1086 1657
1169 2268
391 1169
726 4354
726 3933
1621 1956
1743 1956
3775 4150
1959 3775
2806 3518
2021 3518
3603 4468
3261 4468
1703 4720
1703 4561
1796 4448
1796 1964
3629 3657
1075 3629
2395 4402
2631 4402
141 4465
2271 4465
2050 4217
2050 3257
2213 3024
2213 2607
807 1982
807 1736
479 3244
3244 3820
755 1137
595 1137
271 4692
78 271
785 1650
785 1149
521 1799
1409 1799
2829 3776
2258 2829
2997 3883
1535 3883
1000 2311
1000 4729
2153 4884
2153 3329
3309 4622
269 3309
3587 3645
1039 3645
973 2796
2796 4913
124 4112
124 2057
989 4273
989 1728
2502 3249
3249 4141
481 2267
591 2267
1952 2388
2388 3279
2514 4750
2732 4750
1306 4941
1306 2478
3251 4827
490 4827
1441 2105
1230 1441
604 4140
604 4857
3871 4690
1026 3871
895 4528
113 895
2420 2577
1744 2420
4814 4956
4134 4814
1135 4239
1249 4239
2787 4238
3937 4238
2257 3823
2257 2834
1508 2139
1508 4778
1816 4926
2772 4926
809 2394
540 809
4358 4445
2884 4445
1406 4407
4269 4407
3236 3357
3236 4513
3607 4027
2067 4027
2047 4909
1065 2047
2146 2259
1618 2259
1553 3207
3207 4381
46 2866
46 3219
1440 1757
1757 4587
2152 2454
677 2152
1189 3750
2554 3750
512 3413
512 4885
435 922
435 2572
3110 4097
2482 3110
804 4178
209 804
1601 4386
1555 1601
826 1903
531 826
1639 2873
1293 2873
3013 3437
493 3013
2562 2743
2562 3031
1377 1715
1377 2758
187 1898
1898 3298
1520 3426
1520 2444
2337 3825
2337 3394
1659 3929
1659 4726
1094 4390
1112 4390
1221 4041
2593 4041
527 648
527 2007
2692 3196
2663 3196
2509 4810
1360 2509
1260 4940
1260 2323
638 1718
638 3381
811 1239
811 3952
3488 4568
748 3488
2872 3029
1153 2872
43 2889
43 1582
2180 4119
120 2180
308 2920
308 1452
2270 3150
3150 4305
736 1656
1656 2744
1793 2783
1793 4144
4426 4632
3973 4632
2570 3634
3634 4421
164 3051
164 1942
1523 3981
3981 4850
2578 3066
2064 2578
2589 3800
1011 2589
1031 2321
2321 2558
1733 2056
2056 4785
618 3210
2138 3210
1197 1760
364 1197
1469 2096
418 1469
367 2391
2391 4035
2715 4406
2487 2715
1965 2544
2544 3834
1347 3726
1347 3909
470 2643
470 2703
2553 3211
2553 3782
1338 1374
1338 3430
2127 2342
1119 2127
2688 4566
1373 4566
3026 3076
817 3076
2170 4685
370 2170
169 2101
724 2101
2595 4520
2595 2681
2455 2573
802 2455
949 2739
2739 3082
409 2801
849 2801
986 2340
986 3644
1062 2436
2436 3094
776 4662
1957 4662
2198 2217
2217 4746
2773 3302
1948 3302
3753 3756
2937 3756
1937 2239
1937 4079
3011 3382
718 3011
976 4030
3730 4030
2559 4711
2559 3002
1429 3268
2374 3268
362 1679
1679 2013
808 2641
808 4461
2399 3876
853 2399
880 1973
1973 4082
1859 2817
2025 2817
67 754
754 4635
4116 4377
459 4377
549 795
549 4797
1436 1818
1436 2640
1263 4473
1263 4704
3747 4551
1411 3747
1267 4024
1267 4108
2240 2822
2240 4199
456 2857
456 1279
121 1573
121 2575
2016 3497
2016 4236
3785 4242
547 4242
2759 2818
1234 2759
3473 3658
2181 3473
1337 2709
1337 3886
1475 1813
1245 1475
3234 4006
3460 4006
539 1975
539 558
575 633
575 1627
469 2781
469 744
941 3414
3414 4417
2984 3243
2557 2984
3631 4686
1684 4686
295 2401
2401 4008
1030 3456
1030 4490
4038 4708
2515 4708
682 3420
441 3420
95 2510
95 4939
81 3129
1979 3129
486 4370
4370 4694
2844 3260
2844 3983
709 2738
709 3659
4492 4985
86 4985
614 3058
1847 3058
2737 4215
4215 4517
50 1680
50 3360
1430 2306
1430 1567
702 3533
1381 3533
2523 4054
61 4054
1348 1623
1348 2238
1257 3280
1257 2450
3235 4655
3364 4655
864 1830
34 864
2219 2398
2398 3204
2373 3308
432 2373
338 3062
338 2967
2263 3870
3870 3881
1773 3019
593 1773
260 2624
1888 2624
3023 3585
168 3585
1083 4872
1083 3944
1754 4504
2645 4504
3978 4497
1742 4497
2757 4896
2757 4399
1240 3036
3036 4576
974 4380
974 4886
2616 3285
1464 3285
696 2948
157 2948
426 3971
3512 3971
2429 3378
924 3378
568 4491
568 1620
1195 4355
1195 1717
334 400
334 1855
871 4523
2015 4523
152 3529
2978 3529
919 1568
1568 3457
1593 1909
1593 4296
3767 4842
3064 3767
777 4671
777 3882
427 2232
427 2660
1557 2819
1557 3633
1483 4862
2794 4862
762 2508
586 762
3231 4880
1424 4880
1640 2620
1640 2585
2612 4396
205 4396
215 221
221 2343
1729 4100
1729 3487
1333 4949
1333 2946
1352 2422
2422 4514
1203 1510
1510 4787
2619 3177
1776 2619
1989 4991
4824 4991
4180 4874
699 4874
1015 2040
346 2040
4089 4353
4205 4353
2066 3841
3665 3841
26 1531
1531 2590
2614 4338
194 4338
410 1256
1256 1413
328 840
840 2816
2750 3737
158 2750
688 1667
688 3711
218 3097
3097 4176
196 1014
196 232
212 399
212 1702
583 1806
1806 3915
330 4329
330 2879
450 2253
1719 2253
3561 4714
1525 3561
292 2313
292 4058
3705 3748
1311 3748
3842 4376
2842 3842
2294 4198
1712 2294
1134 2779
1134 2480
3176 4505
674 4505
2006 2329
2006 3961
954 1079
954 3063
2032 4451
2032 4075
3602 4732
3602 4906
1243 2747
1243 3000
598 2135
2135 3583
2234 3018
2234 4777
738 4713
1588 4713
3314 4527
2054 3314
2196 4699
488 2196
2349 2944
2349 3864
3072 3370
2860 3370
2262 3829
2899 3829
2547 2912
2547 3077
518 3322
296 3322
1503 4300
3907 4300
1383 4357
1383 2947
934 2187
413 934
1040 1358
1040 3612
2070 2182
1996 2182
1150 3209
238 3209
2048 4740
4383 4740
477 2933
1172 2933
2827 4776
10 2827
1194 2468
1194 2798
108 3525
2825 3525
1548 4796
4194 4796
2565 4378
4378 4774
2133 3372
3372 3837
2613 3318
2335 3318
2098 4516
4516 4717
1585 3146
1585 4106
1235 3885
1235 2490
2308 3494
2308 3451
2226 3185
2226 3869
250 693
279 693
2151 3749
3250 3749
3765 3958
3958 4439
1367 4640
1482 4640
1032 1820
1820 4822
1892 3441
1892 4135
2354 3103
2354 3877
2157 2977
957 2977
1302 3221
1302 3802
4431 4442
2049 4442
2095 3970
466 3970
1638 3828
1320 3828
716 4233
716 1541
1833 4327
1047 4327
3331 4078
4078 4252
1769 1988
1769 3736
951 1763
951 3477
465 3925
1476 3925
369 3202
1963 3202
2445 4181
2445 4200
1420 4834
1420 2555
2975 4548
1674 2975
1854 2924
1854 4676
1930 2671
1815 1930
2812 4387
452 2812
77 4334
3424 4334
49 1770
1770 2886
4951 4966
4452 4951
2149 2896
2830 2896
1262 3306
3306 3508
1425 3208
2293 3208
2777 4846
2837 4846
304 3565
304 1025
3670 3704
3704 4502
1678 2951
1678 3914
1853 3763
1007 1853
3493 4169
2713 4169
1281 2204
1281 3275
1683 4646
1087 1683
449 4379
3668 4379
372 4342
372 3131
1108 2774
1794 2774
447 4251
791 4251
5 743
743 4464
4385 4829
2092 4829
1606 3307
1200 3307
1008 3579
1008 3395
394 4843
3788 4843
1122 3687
1122 2636
1217 4775
2964 4775
306 4427
306 2300
88 1071
88 4952
200 1914
1868 1914
165 2833
2470 2833
1151 4582
1151 2288
1470 1737
1470 1777
543 1884
1884 4045
1586 2112
1586 3358
1067 2638
1067 2164
4149 4942
1603 4149
1819 2045
1819 4754
1251 4253
2906 4253
2150 4967
1707 2150
4345 4923
4345 4755
1864 4405
1399 1864
60 191
191 4384
29 2716
29 1106
2295 4931
2295 2799
1899 1932
1932 2637
1615 2129
2129 3855
541 2125
617 2125
3519 4002
3396 3519
405 3084
405 1694
1059 1357
1357 2661
1824 2130
1824 4889
2999 3552
2233 2999
211 3012
227 3012
2493 3807
3807 3987
844 1681
1681 2690
1182 3181
3181 3778
923 4627
2272 4627
3213 3735
625 3735
1450 3263
2580 3263
3 4854
6 4854
1574 4609
233 4609
2174 3635
1512 3635
1641 4221
1696 4221
1208 3821
3821 4192
2491 4683
2491 4570
1730 3142
298 3142
275 3055
275 4518
508 2900
508 2075
3201 3689
3201 4626
2315 3228
756 3228
1259 4332
679 4332
1213 3769
1213 2030
1439 1554
719 1439
1315 1920
1920 2055
3717 4900
3717 4444
2106 4214
1671 4214
2375 4245
3365 4245
1250 2754
1250 3452
2659 2845
2659 4201
4266 4965
4052 4266
2477 3434
3265 3434
2786 3230
2222 2786
1759 4583
2229 4583
1808 4616
514 1808
729 4489
729 4398
19 2689
19 1401
1104 2847
1104 2875
1929 4865
1929 3503
2457 4881
4126 4881
1865 4425
1865 4982
2123 4924
1695 4924
4250 4529
720 4250
1751 1809
1809 3613
1375 2697
1375 2000
882 4072
882 3153
2521 3313
3313 4336
2811 3431
2811 4718
1919 3948
1919 2644
2397 2651
188 2397
1054 1524
1524 2363
366 4148
1885 4148
2275 3762
1275 3762
485 4839
85 485
172 3549
1834 3549
4795 4855
294 4855
652 1831
1831 2718
690 1308
820 1308
867 1883
1883 2683
1325 4487
4487 4752
311 1132
1132 4146
2914 4789
2914 3874
2712 2952
2712 4791
247 2142
247 909
21 1175
1175 3373
2735 4821
1460 4821
3501 4415
1343 3501
1917 4293
1917 4280
2564 2883
881 2883
2868 4983
2895 4983
3495 4866
2322 4866
4817 4826
4388 4826
3838 3853
1983 3853
3115 3323
1445 3115
1184 2163
733 1184
445 686
445 4534
537 4830
1651 4830
3522 4898
3522 3832
343 2856
343 1612
484 3524
946 3524
1521 1879
615 1879
599 1224
171 599
3484 3884
542 3884
2390 4601
569 2390
630 2413
630 1805
2805 3968
2805 3667
462 775
462 3167
1057 1906
257 1906
1451 1602
1451 3861
2534 4816
2534 4844
3164 4173
2109 3164
1336 4864
4864 4918
711 960
711 879
122 4063
2004 4063
3276 3976
3276 4050
1560 4859
4259 4859
1355 4554
2317 4554
2245 3039
2461 3039
402 1697
402 815
2036 4946
79 4946
609 4562
2605 4562
1562 1644
1644 1860
1069 2344
970 2344
2474 3172
2474 4166
1114 3454
1114 1220
393 1782
248 393
3173 4567
665 3173
2535 3188
2535 4744
3368 4191
3368 3669
138 4703
138 3636
4057 4526
3860 4526
130 3625
130 3577
1505 4411
2416 4411
3248 3399
2598 3399
417 511
511 1495
71 4123
71 3617
3203 4573
667 4573
468 2296
468 1803
1724 2402
2126 2402
4018 4073
852 4073
189 1206
189 2339
2465 2965
2965 4137
2079 3078
2079 4665
2328 3433
1915 2328
2970 4234
1144 4234
1817 3105
1817 2033
3125 4792
1583 3125
119 980
119 1822
3656 3721
3656 4350
3562 3615
3615 4145
82 1961
1961 3771
2695 4391
3376 4391
2244 4793
700 4793
749 4781
749 4549
2453 3723
264 2453
349 1421
349 4488
3465 4265
1690 4265
905 3601
905 2532
2312 3496
2412 3496
656 2905
1051 2905
1384 2024
1294 1384
2594 3797
2594 3343
1176 1216
1176 1237
320 790
790 3891
620 3901
620 3283
3811 4274
287 4274
2031 2507
1296 2507
2192 3478
3007 3478
1285 3429
2603 3429
1846 2284
1010 1846
1479 3319
1479 3224
159 3733
159 2938
513 4291
513 2441
3099 3436
353 3099
2751 3649
2581 3649
1018 4076
4076 4645
180 4832
65 180
3284 4762
207 4762
641 2405
641 3575
1407 4999
17 4999
2714 3982
3772 3982
786 1881
786 3698
74 952
74 4512
376 3530
376 4346
2731 2745
2745 4971
1139 3379
2432 3379
636 3369
3138 3369
2082 4557
963 4557
913 3700
263 913
730 940
730 4237
1389 2949
1389 1784
2009 3028
1550 2009
613 4360
613 4400
1722 4984
2173 4984
645 4159
4159 4790
4434 4728
1215 4434
453 4652
4652 4928
40 780
40 1034
3798 4132
1136 3798
1121 4185
1121 4224
1985 2676
1985 4867
1755 2881
1755 2696
1873 3862
225 1873
1611 1758
1611 3682
1604 1662
1403 1604
972 4184
806 4184
2592 4256
2539 2592
2855 2971
1218 2971
3691 3801
3801 3943
1642 4204
3440 4204
3361 4617
1287 3361
96 2815
1692 2815
1120 3042
585 1120
1238 3567
3567 4586
440 1379
421 440
668 2193
2193 3117
242 2853
242 1382
1415 4088
4088 4441
623 1228
623 3955
359 2749
2749 4153
1268 3540
39 1268
3653 4706
760 3653
553 3289
1159 3289
94 1629
1629 3418
1599 2314
1167 2314
4053 4851
1372 4851
8 2209
2209 3672
723 2241
684 2241
959 1009
1009 4811
793 4017
793 3044
945 2694
460 945
3037 3543
1380 3037
1410 4689
1410 4863
2499 2800
2800 2871
3574 4707
3397 3574
1648 4786
602 4786
653 2890
653 3485
2632 3187
3187 4157
1309 3274
2742 3274
246 4477
246 833
208 3238
3238 4216
1147 3472
3472 4648
887 3453
887 2639
2439 4475
1146 2439
4569 4575
2376 4575
407 4878
407 1068
214 3053
3053 3126
2602 3374
297 2602
928 3403
928 1714
4286 4634
664 4634
153 1500
153 2171
1395 3174
1395 3075
2472 4095
2472 4311
1046 1340
532 1046
114 1138
114 969
3016 3940
3940 4120
612 4996
154 612
475 4113
475 2980
368 4891
4543 4891
3928 4697
3928 4621
1055 4037
1055 2346
3054 4533
1870 3054
3090 4133
3090 4630
123 290
123 4672
1686 2664
2664 3301
1518 2500
1518 2099
931 2685
37 931
1165 3630
692 3630
2459 3259
100 2459
2691 3527
2957 3527
1633 4168
4168 4394
695 4560
2940 4560
89 3463
89 382
1330 3954
3954 4753
847 3683
3107 3683
745 3422
2606 3422
818 2992
2992 4701
556 4980
3766 4980
627 4852
4638 4852
4151 4193
301 4151
3996 4712
1991 3996
2353 3266
3266 4105
3004 4972
1143 4972
1323 2693
1323 2848
544 4306
2104 4306
342 472
472 4344
2615 3935
2793 3935
3121 4372
434 4372
458 3962
1571 3962
222 2265
222 3897
1545 2010
2010 2078
9 76
9 1324
3741 4278
3741 3974
1701 2767
2767 3686
1705 2060
1705 4552
1726 4702
1976 4702
3316 4015
2061 4015
1393 3502
3502 4368
603 2596
2596 4067
1109 1580
904 1580
3745 4115
3662 3745
129 4668
129 3500
890 2357
567 890
3253 4975
2882 4975
3359 4165
2725 3359
241 1753
241 329
1875 4579
918 4579
1766 3941
3941 4020
687 4130
687 1387
3065 3713
1392 3713
1064 1738
503 1738
1142 4734
3113 4734
3392 3980
3392 3890
884 4232
4232 4745
1473 4870
1473 1946
3680 3931
3680 4175
3336 4408
3270 4408
750 1990
750 1280
1689 1890
1689 3922
261 4784
261 2864
1211 4917
4736 4917
858 4209
3620 4209
276 1897
276 2981
2018 4987
1795 2018
1264 4798
1264 3949
2741 3642
3038 3642
2489 2846
1910 2489
3675 4343
3675 4530
900 4484
4484 4954
2377 4186
2008 2377
1954 3406
1954 3067
659 1515
1515 4989
147 392
392 1785
3448 4437
870 3448
377 3848
377 2081
2076 3697
3324 3697
1288 3555
3022 3555
59 3069
59 2935
3912 4935
1295 4935
2807 4680
463 4680
2255 4044
4044 4284
1276 3377
3377 3595
149 4636
628 4636
489 2996
2251 2996
2892 4413
2892 3119
136 601
601 2183
357 3093
1676 3093
2224 4585
1253 2224
32 160
13 32
1161 2221
2221 3985
179 1252
822 1252
2988 4510
4138 4510
1266 1537
1537 2540
1297 1928
1297 3104
997 1156
997 3998
608 3537
3537 4404
644 831
831 921
1255 4065
1255 3588
282 1966
1966 2281
2393 4101
2961 4101
995 4081
1634 4081
1905 4927
3845 4927
305 4007
305 2642
2762 4025
3217 4025
552 4162
552 3458
1328 3809
457 1328
3225 3637
3225 4107
2041 4838
1316 4838
1303 2736
322 1303
1404 3780
1404 2726
2655 2925
765 2925
1033 1622
1622 3783
530 2485
530 3333
1608 2206
1608 4888
1345 2529
1345 2679
1365 2740
799 2740
1080 4943
216 1080
622 4902
622 1127
148 3740
2334 3740
3923 4993
4764 4993
4749 4828
4594 4828
2942 4403
2942 3857
2496 2968
1459 2968
2756 4794
563 4794
1053 4944
1053 1462
4042 4760
814 4760
1371 4279
1113 4279
4220 4359
2316 4359
2417 4992
2417 4584
1043 2250
1043 3906
621 3742
621 978
3734 4805
1223 4805
3535 4953
2469 3535
2426 3140
680 2426
4197 4228
675 4197
1934 2835
1934 2927
2197 4892
332 4892
1131 3237
1131 4936
38 2431
2431 2635
1331 2114
2114 3969
4606 4915
1291 4915
981 3442
163 3442
315 1814
1814 3145
643 3795
3795 4047
1635 3584
3584 3835
1619 3638
1619 4240
1734 4495
302 1734
1625 4392
4287 4392
1157 2486
1157 2351
3087 4895
956 4895
2452 4059
2452 3815
787 1893
473 787
637 4719
498 4719
731 829
829 1177
1162 1569
1162 4559
1902 4905
1902 2371
190 1962
190 4903
254 3195
2382 3195
3218 4289
4289 4498
3212 4246
3212 4110
3439 3684
3684 3852
1049 3784
3784 3997
436 746
746 3088
274 3045
274 2011
1128 3246
3001 3246
182 1154
1154 4856
2753 3293
374 3293
1364 2650
1364 1547
3586 4525
235 4525
3120 3902
1994 3120
1282 3639
1282 1532
2677 2932
2608 2932
2686 3715
1124 3715
2319 3777
340 2319
272 2248
1789 2248
725 4742
1761 4742
337 3342
337 3073
1828 4096
1349 1828
2839 4207
2839 3100
321 1992
669 1992
195 4801
1183 4801
594 2610
619 2610
2280 3350
770 2280
2023 3387
3387 4438
1925 4416
1925 3839
1527 3611
1388 1527
3287 3666
3666 4243
404 1063
404 640
571 4825
571 4375
1874 4800
3389 4800
1779 4610
3993 4610
1522 1887
1522 2790
902 2674
2674 3157
249 1706
1353 1706
4420 4639
1511 4639
181 962
962 3021
914 4167
914 3468
1193 4756
988 1193
1489 3356
230 3356
1666 2567
1666 2524
323 4395
4268 4395
1735 4003
4003 4873
256 3059
3059 3242
926 4064
3900 4064
324 3728
2199 3728
224 4418
224 4532
1219 2107
1092 2107
835 2264
835 2415
964 4768
584 964
438 2301
1749 2301
2350 3462
35 3462
1056 3490
1056 2279
1838 1941
1941 3371
1579 4624
805 4624
3200 4124
538 3200
492 3222
1390 3222
651 3738
3664 3738
109 2630
109 4997
2372 4546
2372 4195
3144 3904
439 3904
878 4542
878 2838
607 4739
607 2934
231 1133
231 3475
1812 3591
1812 4365
3163 4456
1827 3163
713 1972
1972 2876
1179 3355
1179 1732
398 1001
398 2261
1595 2955
1595 4804
4039 4481
3547 4039
1329 3796
2511 3796
193 4028
186 4028
104 2711
2591 2711
1457 2148
1457 4666
2260 2648
2260 2962
1391 3578
228 3578
2124 4471
2124 3130
371 1229
371 975
911 3648
662 3648
522 707
522 2310
4674 4883
2766 4883
2385 4462
2385 2836
3729 4910
1912 4910
1232 2290
1232 4625
4121 4299
2877 4299
1654 2902
1654 3515
58 4019
58 2662
894 3183
894 4968
1810 3651
1810 3926
1204 2014
1204 2230
1019 3148
98 1019
51 2097
51 605
2131 2189
2189 3315
1050 3272
3197 3272
2858 4688
671 4688
3510 4187
3510 4446
1821 3794
2571 3794
2320 3509
2320 4524
1944 3255
219 1944
299 685
685 3056
2657 4122
504 4122
2208 3154
3154 3514
1317 4077
1164 4077
1672 3622
1672 2370
1544 4590
1544 3732
742 996
183 742
2027 4230
2027 4876
502 2586
502 3803
3041 3568
3141 3568
389 2894
389 4553
3681 4480
1863 3681
2022 4519
2022 2177
1233 1442
1233 2140
771 4422
1201 4422
1788 1842
704 1788
3724 4758
2621 4758
1955 3192
1198 3192
1437 2464
1437 4086
510 834
510 1797
1212 1878
1212 2707
3096 4328
1398 3096
1327 4614
1327 2110
4563 4950
3227 4950
1663 3498
1889 3498
839 4809
3930 4809
2755 4669
4323 4669
4235 4294
425 4235
845 1908
1152 1908
23 2652
1490 2652
352 3239
385 3239
526 1277
566 1277
1551 4663
1551 1610
401 2852
401 2100
1614 4649
1453 1614
1598 2002
1598 4861
386 2044
386 932
2717 3017
2336 3017
1319 3951
1319 3080
676 1504
1504 4603
3057 4727
2979 4727
3476 3875
2091 3476
3216 3621
1017 3621
1205 3408
1205 4499
3483 3558
3483 3692
140 2210
1432 2210
2147 2974
1807 2974
930 1456
443 930
2366 4654
1911 2366
2494 4341
2494 4290
3761 4031
3761 3911
1486 2298
1486 3960
1446 3652
1446 3277
2545 3878
2545 4914
1226 4938
1226 1481
4321 4540
827 4321
1292 3643
1292 3822
757 4615
3499 4615
752 2788
1318 2788
3025 4930
2475 4930
1416 4033
600 4033
935 3447
935 1005
2566 3492
1174 2566
496 2017
2017 4677
1024 2218
2218 2561
44 3108
937 3108
1787 4613
1787 3918
2791 3999
2569 2791
3556 3694
2202 3694
419 1013
1013 2421
2116 3415
2116 3074
2304 4840
2086 2304
3412 4210
467 3412
2505 2699
128 2699
4171 4715
768 4171
42 3199
42 2305
646 4869
646 3542
206 944
206 4536
117 448
448 955
516 4667
516 1655
1971 3712
3428 3712
2291 4297
2243 2291
781 3445
3445 4783
55 2256
55 520
2361 2821
2361 4845
3223 3226
3226 3787
1060 2733
1060 4322
1366 3600
2518 3600
487 3867
487 767
2723 4737
2723 2943
3831 4458
2143 3831
203 4605
226 4605
1713 3942
1543 3942
430 3109
2986 3109
509 3229
48 509
588 3938
3938 4693
689 2823
289 2823
2179 2481
2481 3340
1231 4440
1231 2456
155 2963
1045 2963
87 102
102 843
2165 3618
2443 3618
3582 4013
4013 4325
626 3576
3576 3945
1029 1693
1693 4016
210 823
210 3755
239 4361
2891 4361
3135 4060
2463 4060
862 3650
862 3810
3160 4401
2960 4401
2678 4331
2678 3572
2551 3421
2516 3421
22 992
992 2155
3873 4012
3594 3873
1061 2137
286 2137
893 4721
893 4014
2273 4779
2976 4779
735 1943
735 1356
4494 4733
838 4733
309 2231
139 2231
3186 4363
3186 3818
2289 4254
561 2289
1254 3191
3191 4696
326 2764
2764 2778
721 3865
721 2583
1780 3959
3959 4979
632 1102
151 632
1517 3690
694 3690
1322 3781
2069 3781
255 4679
255 3799
408 4623
953 4623
3347 4508
3341 4508
1616 4255
1351 1616
798 2867
798 3679
1624 2396
1624 1877
546 4435
546 3015
783 3989
495 783
62 4802
800 4802
3590 3888
560 3590
314 1168
1168 4419
999 4476
2959 4476
779 4179
3647 4179
697 4142
697 2862
1272 2172
1272 2528
559 1485
559 1326
536 3523
855 3523
1923 4981
3744 4981
178 4619
178 4986
57 3699
57 2802
461 1564
461 4780
2035 4154
2035 3114
335 3169
1617 3169
639 2087
639 3957
243 1269
1269 2103
2987 4062
2987 4298
1158 2549
2549 4469
262 3646
267 3646
792 3879
792 1802
3773 4010
4010 4433
813 3034
535 3034
69 1123
1123 4219
2746 3830
1710 2746
494 4098
494 2249
1354 4970
877 1354
2410 3673
2410 3180
936 4485
936 2665
773 2789
283 2789
2983 3190
2034 2983
1261 3720
2887 3720
1657 4264
1657 4705
1405 2268
420 2268
391 3047
391 3678
4354 4901
4354 4695
3933 4447
375 3933
1621 4260
1621 3085
1743 2360
1743 3895
3977 4150
2541 4150
1959 4114
1959 4188
2806 3905
1107 2806
115 2021
2021 3116
1498 3603
56 3603
2675 3261
2046 3261
1126 4720
939 4720
3240 4561
1443 4561
4139 4448
4244 4448
825 1964
1509 1964
872 3657
1480 3657
363 1075
1075 3386
2395 2442
1682 2395
2631 4976
2631 4196
141 717
141 1688
2176 2271
2271 2527
4069 4217
4217 4247
3257 4858
3257 3936
1449 3024
3024 4916
491 2607
2607 4959
947 1982
1202 1982
1736 2471
1736 3557
162 479
479 2780
1767 3820
2804 3820
755 3872
755 3380
595 982
595 2604
1967 4692
1869 4692
78 3520
78 3198
1650 1913
1650 3134
31 1149
75 1149
521 2600
521 4364
1116 1409
1082 1409
3178 3776
2633 3776
629 2258
223 2258
2850 2997
1130 2997
1535 2160
1535 4682
557 2311
2311 4281
4056 4729
3751 4729
500 4884
355 4884
2358 3329
1506 3329
4093 4622
984 4622
192 269
269 4356
3587 3924
3349 3587
1039 2479
1039 2622
973 3804
973 2991
4595 4913
4837 4913
525 4112
3282 4112
1607 2057
2057 2266
1750 4273
912 4273
1728 3184
1728 2068
2502 3779
2502 3156
4141 4772
2911 4141
481 2473
481 2760
591 4051
591 4521
1952 3539
1952 3550
3279 4203
3279 4813
2318 2514
2514 4277
1645 2732
2732 2993
1748 4941
1321 4941
2380 2478
2478 3438
1565 3251
1284 3251
312 490
490 4225
2105 3580
2105 4262
1230 1995
1230 1431
3939 4140
3393 4140
3332 4857
1474 4857
657 4690
1534 4690
1026 1227
1026 4558
3070 4528
3746 4528
113 1514
113 1858
2577 3596
2577 4292
1744 2381
1744 4633
3040 4956
4349 4956
1765 4134
24 4134
1135 4977
1135 2088
501 1249
1249 2212
1628 2787
2787 4084
92 3937
666 3937
3823 4899
715 3823
2834 3851
2834 4085
2139 3967
2139 3352
4591 4778
2102 4778
1816 4539
1816 3297
2772 4450
2772 4894
920 2394
2394 3626
540 4807
540 1850
1334 4358
1419 4358
2884 3619
1101 2884
1406 2531
1406 2302
2498 4269
854 4269
3286 3357
3357 3560
110 4513
4513 4806
3607 3868
3449 3607
2067 2893
2067 2384
41 4909
2359 4909
1065 3155
1065 1862
2146 3553
2146 3194
1265 1618
1618 4457
1417 1553
1081 1553
3086 4381
1700 4381
1041 2866
2866 4222
1278 3219
990 3219
197 1440
291 1440
1762 4587
3916 4587
2454 2701
1907 2454
677 703
677 3215
1189 2826
1189 3158
1570 2554
2554 2840
3413 3718
3413 3913
2617 4885
2408 4885
240 922
922 1042
832 2572
2572 2628
4097 4429
678 4097
2482 2526
2225 2482
1829 4178
647 4178
209 4723
209 258
2128 4386
1455 4386
1555 3168
1555 3444
1903 2931
1576 1903
531 1720
531 1840
837 1639
143 1639
1293 1997
1293 1556
1454 3437
3437 3461
493 1111
493 1970
2743 4961
1540 2743
3031 3123
3031 3258
1715 3774
1715 2278
2758 4511
2758 3739
187 4218
187 3917
3298 3991
2159 3298
784 3426
358 3426
2444 3947
2194 2444
2020 3825
551 3825
3311 3394
3394 4823
1487 3929
1225 3929
3027 4726
2898 4726
1094 1927
836 1094
507 1112
763 1112
1221 4578
1221 1590
2593 3179
2593 4129
648 1596
648 1709
2007 2115
360 2007
1072 2692
2692 4352
2663 4382
2663 3536
4810 4853
3048 4810
1360 3604
1360 2939
1904 4940
3899 4940
2323 4034
2323 2916
1166 1718
1299 1718
3381 4932
3381 4189
1239 1999
348 1239
1310 3952
3321 3952
2331 4568
1422 4568
748 4111
748 3840
3029 3320
93 3029
1153 3092
1153 3206
1236 2889
2440 2889
1582 2730
1582 2719
2175 4119
365 4119
120 4270
120 2383
1837 2920
1630 2920
1452 1549
173 1452
2270 4877
2270 3963
3095 4305
4305 4592
736 2400
28 736
2744 2969
903 2744
2729 2783
2783 4486
2859 4144
3003 4144
1100 4426
1368 4426
3973 4921
2710 3973
1088 2570
2425 2570
4421 4860
3049 4421
611 3051
670 3051
596 1942
1942 3159
1523 3400
1523 2869
4143 4850
4850 4995
3066 3919
1095 3066
2064 2407
245 2064
1155 3800
2809 3800
1011 1341
1011 3792
1031 2072
1031 1559
1940 2558
2558 3416
875 1733
533 1733
4785 4934
3722 4785
618 1192
618 4589
985 2138
1073 2138
1760 3511
1760 2915
364 4330
364 4478
2096 4326
1577 2096
418 3118
418 4155
367 4607
367 4763
2752 4035
4035 4920
2434 4406
580 4406
2487 4937
2487 2814
73 1965
1965 3232
3061 3834
1664 3834
20 3726
3269 3726
3909 3950
161 3909
83 2643
1951 2643
406 2703
2703 2945
53 3211
3211 3866
3782 3813
3363 3782
1374 4841
1374 1519
1643 3430
3089 3430
925 2342
2342 4320
1119 3450
635 1119
2688 3102
2688 3817
1373 2721
1373 4769
1209 3026
3026 4875
217 817
316 817
1376 4685
1078 4685
370 1916
370 3046
169 3693
169 4090
724 1105
724 929
1 4520
4520 4650
2681 3245
2681 3132
2286 2573
2573 3506
802 2307
802 1670
949 2438
949 4974
2667 3082
1876 3082
409 3459
409 2154
849 4962
849 2330
2340 2854
437 2340
2476 3644
3644 4055
1062 2929
1062 3337
3094 4545
587 3094
184 776
776 4397
1027 1957
1957 4581
2052 2198
2198 3964
3375 4746
1566 4746
2166 2773
2141 2773
772 1948
1948 2161
2813 3753
3753 4226
1478 2937
150 2937
433 2239
2239 3984
3844 4079
1895 4079
2658 3382
3256 3382
718 1085
718 3896
976 4897
976 1052
3730 4571
1170 3730
2207 4711
1857 4711
3002 3325
3002 4908
1429 1844
888 1429
116 2374
2374 4747
362 1361
362 415
2013 2728
2013 4735
2641 4117
1180 2641
4461 4501
4461 4904
2190 3876
3610 3876
853 2345
853 3252
880 4040
880 3988
1188 4082
3344 4082
52 1859
1626 1859
2025 3979
2025 2458
67 2865
67 127
550 4635
2625 4635
2063 4116
4116 4833
459 2921
459 3345
758 795
795 4631
2520 4797
1187 4797
350 1818
1077 1818
281 2640
1472 2640
577 4473
1513 4473
3581 4704
3569 4704
4551 4770
2563 4551
1099 1411
1411 2770
1103 4024
3531 4024
105 4108
1448 4108
2822 4295
850 2822
2341 4199
4199 4430
1673 2857
135 2857
1279 4301
1279 4147
1573 3432
1058 1573
175 2575
2575 2851
2954 3497
1048 3497
4236 4602
4103 4236
2484 3785
2582 3785
547 3545
547 4333
2818 2950
2818 3464
1234 2089
1234 4302
3658 4374
1332 3658
2181 3564
2158 2181
2709 3489
2709 4227
1652 3886
1605 3886
1813 2184
1813 2277
1245 3151
1245 3171
317 3234
3234 3597
1396 3460
2332 3460
1975 2362
1975 4213
558 661
558 2338
72 633
633 3446
1627 4248
1627 3598
1140 2781
2781 3398
744 1335
744 860
941 2214
941 2424
3020 4417
2904 4417
2134 3243
2919 3243
592 2557
579 2557
1530 3631
3631 4460
1684 4257
1684 4164
295 4963
295 1484
4008 4170
2910 4008
3456 3632
118 3456
1359 4490
3854 4490
634 4038
1981 4038
2003 2515
2515 3701
682 927
682 2530
199 441
441 4459
2403 2510
2510 4011
414 4939
4939 4958
81 1020
81 396
14 1979
1979 4092
486 4574
486 983
4600 4694
4414 4694
998 3260
442 3260
3764 3983
3983 4316
751 2738
2738 4803
3659 4799
3407 3659
3663 4492
3616 4492
86 3714
86 649
614 2483
614 1274
747 1847
1314 1847
1901 2737
1699 2737
3892 4517
3623 4517
1680 2285
1428 1680
3147 3360
3360 4080
650 2306
2306 4161
1567 4907
1567 3880
702 4572
702 722
1381 2958
728 1381
2523 3304
916 2523
61 1394
61 1447
1623 4182
1623 4127
2238 4482
2113 2238
2706 3280
3280 3858
2450 2769
2450 4577
3235 4945
3235 4091
3364 4818
3364 4172
1830 3526
1141 1830
34 660
34 3390
2219 2874
2219 3402
2682 3204
3204 4474
3308 3863
3005 3308
432 3467
432 961
3062 3214
2918 3062
2967 4933
1933 2967
2263 3534
778 2263
1591 3881
1006 3881
2042 3019
1070 3019
593 3605
593 1974
204 260
260 3836
213 1888
103 1888
1378 3023
2389 3023
168 1467
168 285
4872 4890
2215 4872
3944 3953
3944 4868
1754 4771
1754 3033
1953 2645
2645 4978
848 3978
3978 4409
1241 1742
1742 1924
1023 4896
803 4896
753 4399
1028 4399
1240 4691
950 1240
1772 4576
1271 4576
266 4380
313 4380
3793 4886
616 4886
2616 3385
2616 4849
1464 4922
446 1464
278 696
696 2227
157 1190
157 4389
426 851
426 4263
3512 4597
3512 3990
2429 2936
866 2429
886 924
252 924
4310 4491
2235 4491
1344 1620
1412 1620
2427 4355
1984 4355
1717 4099
1717 4743
400 4611
400 4211
1855 2043
1855 4620
708 871
871 4879
2015 2274
15 2015
152 764
152 2084
2460 2978
2978 4929
919 4190
919 3247
3457 3956
3457 3513
1572 1909
1792 1909
198 4296
505 4296
1497 4842
2073 4842
1631 3064
582 3064
4604 4671
1658 4671
672 3882
2437 3882
2232 4304
2232 3317
967 2660
300 2660
1423 2819
673 2819
107 3633
3633 3759
1483 1563
1483 1960
2794 3972
2794 3688
2508 2666
167 2508
586 901
586 2404
968 3231
2995 3231
1424 4661
801 1424
2587 2620
2620 3671
2585 4555
2585 2629
30 2612
2612 4177
205 3640
205 4947
215 4748
215 3362
1222 2343
1435 2343
4094 4100
2538 4100
3487 4109
3487 4847
2727 4949
3348 4949
2946 3241
1458 2946
1352 3789
1352 1741
1145 4514
1003 4514
1203 4423
1203 2972
2552 4787
1552 4787
712 3177
3177 4496
1776 4229
1776 3334
1832 1989
794 1989
1286 4824
2136 4824
2433 4180
3480 4180
699 4678
699 1791
1015 1594
1015 3593
346 714
346 782
4089 4158
2447 4089
1938 4205
4205 4761
2066 3106
220 2066
2188 3665
2653 3665
26 4048
26 331
1647 2590
908 2590
64 2614
2614 4973
194 1945
194 2994
410 2775
410 774
1413 4315
1413 3079
328 1861
177 328
2816 3791
1825 2816
1790 3737
3737 3965
158 229
47 158
1667 3768
1171 1667
3711 4641
856 3711
218 2654
218 480
3081 4176
4176 4637
1014 2803
1014 1613
232 1468
232 2118
399 2922
399 444
1702 3470
1702 3806
583 1600
583 2831
1675 3915
3846 3915
3847 4329
2808 4329
134 2879
2246 2879
450 4608
450 797
1719 2982
1719 1801
4642 4714
1922 4714
1525 4960
1525 3814
336 2313
2313 2897
3995 4058
474 4058
1597 3705
1558 3705
655 1311
1311 4070
2435 4376
3291 4376
2842 3010
1653 2842
2185 4198
4198 4500
1712 3165
1342 1712
2779 4882
2364 2779
1016 2480
2480 2550
3176 4125
739 3176
642 674
674 4335
2329 4136
993 2329
2167 3961
2863 3961
