4999
{{{{{{{{{{{{{{{{{{{{{{{{{{{{{{{{{{{{{{{{{{{{{{{{{{{{{{{{{{{{{{{{{{{{{{{{{{{{{{{{{{{{{{{{{{{{{{{{{{{{{{{{{{{{{{{{{{{{{{{{{{{{{{{{{{{{{{{{{{{{{{{{{{{{{{{{{{{{{{{{{{{{{{{{{{{{{{{{{{{{{{{{{{{{{{{{{{{{{{{{{{{{{{{{{{{{{{{{{{{{{{{{{{{{{{{{{{{{{{{{{{{{{{{{{{{{{{{{{{{{{{{{{{{{{{{{{{{{{{{{{{{{{{{{{{{{{{{{{{{{{{}{{{{{{{{{{{{{{{{{{{{{{{{{{{{{{{{{{{{{{{{{{{{{{{{{{{{{{{{{{{{{{{{{{{{{{{{{{{{{{{{{{{{{{{{{{{{{{{{{{{{{{{{{{{{{{{{}{{{{{{{{{{{{{{{{{{{{{{{{{{{{{{{{{{{{{{{{{{{{{{{{{{{{{{{{{{{{{{{{{{{{{{{{{{{{{{{{{{{{{{{{{{{{{{{{{{{{{{{{{{{{{{{{{{{{{{{{{{{{{{{{{{{{{{{{{{{{{{{{{{{{{{{{{{{{{{{{{{{{{{{{{{{{{{{{{{{{{{{{{{{{{{{{{{{{{{{}{{{{{{{{{{{{{{{{{{{{{{{{{{{{{{{{{{{{{{{{{{{{{{{{{{{{{{{{{{{{{{{{{{{{{{{{{{{{{{{{{{{{{{{{{{{{{{{{{{{{{{{{{{{{{{{{{{{{{{{{{{{{{{{{{{{{{{{{{{{{{{{{{{{{{{{{{{{{{{{{{{{{{{{{{{{{{{{{{{{{{{{{{{{{{{{{{{{{{{{{{{{{{{{{{{{{{{{{{{{{{{{{{{{{{{{{{{{{{{{{{{{{{{{{{{{{{{{{{{{{{{{{{{{{{{{{{{{{{{{{{{{{{{{{{{{{{{{{{{{{{{{{{{{{{{{{{{{{{{}{{{{{{{{{{{{{{{{{{{{{{{{{{{{{{{{{{{{{{{{{{{{{{{{{{{{{{{{{{{{{{{{{{{{{{{{{{{{{{{{{{{{{{{{{{{{{{{{{{{{{{{{{{{{{{{{{{{{{{{{{{{{{{{{{{{{{{{{{{{{{{{{{{{{{{{{{{{{{{{{{{{{{{{{{{{{{{{{{{{{{{{{{{{{{{{{{{{{{{{{{{{{{{{{{{{{{{{{{{{{{{{{{{{{{{{{{{{{{{{{{{{{{{{{{{{{{{{{{{{{{{{{{{{{{{{{{{{{{{{{{{{{{{{{{{{{{{{{{{{{{{{{{{{{{{{{{{{{{{{{{{{{{{{{{{{{{{{{{{{{{{{{{{{{{{{{{{{{{{{{{{{{{{{{{{{{{{{{{{{{{{{{{{{{{{{{{{{{{{{{{{{{{{{{{{{{{{{{{{{{{{{{{{{{{{{{{{{{{{{{{{{{{{{{{{{{{{{{{{{{{{{{{{{{{{{{{{{{{{{{{{{{{{{{{{{{{{{{{{{{{{{{{{{{{{{{{{{{{{{{{{{{{{{{{{{{{{{{{{{{{{{{{{{{{{{{{{{{{{{{{{{{{{{{{{{{{{{{{{{{{{{{{{{{{{{{{{{{{{{{{{{{{{{{{{{{{{{{{{{{{{{{{{{{{{{{{{{{{{{{{{{{{{{{{{{{{{{{{{{{{{{{{{{{{{{{{{{{{{{{{{{{{{{{{{{{{{{{{{{{{{{{{{{{{{{{{{{{{{{{{{{{{{{{{{{{{{{{{{{{{{{{{{{{{{{{{{{{{{{{{{{{{{{{{{{{{{{{{{{{{{{{{{{{{{{{{{{{{{{{{{{{{{{{{{{{{{{{{{{{{{{{{{{{{}{{{{{{{{{{{{{{{{{{{{{{{{{{{{{{{{{{{{{{{{{{{{{{{{{{{{{{{{{{{{{{{{{{{{{{{{{{{{{{{{{{{{{{{{{{{{{{{{{{{{{{{{{{{{{{{{{{{{{{{{{{{{{{{{{{{{{{{{{{{{{{{{{{{{{{{{{{{{{{{{{{{{{{{{{{{{{{{{{{{{{{{{{{{{{{{{{{{{{{{{{{{{{{{{{{{{{{{{{{{{{{{{{{{{{{{{{{{{{{{{{{{{{{{{{{{{{{{{{{{{{{{{{{{{{{{{{{{{{{{{{{{{{{{{{{{{{{{{{{{{{{{{{{{{{{{{{{{{{{{{{{{{{{{{{{{{{{{{{{{{{{{{{{{{{{{{{{{{{{{{{{{{{{{{{{{{{{{{{{{{{{{{{{{{{{{{{{{{{{{{{{{{{{{{{{{{{{{{{{{{{{{{{{{{{{{{{{{{{{{{{{{{{{{{{{{{{{{{{{{{{{{{{{{{{{{{{{{{{{{{{{{{{{{{{{{{{{{{{{{{{{{{{{{{{{{{{{{{{{{{{{{{{{{{{{{{{{{{{{{{{{{{{{{{{{{{{{{{{{{{{{{{{{{{{{{{{{{{{{{{{{{{{{{{{{{{{{{{{{{{{{{{{{{{{{{{{{{{{{{{{{{{{{{{{{{{{{{{{{{{{{{{{{{{{{{{{{{{{{{{{{{{{{{{{{{{{{{{{{{{{{{{{{{{{{{{{{{{{{{{{{{{{{{{{{{{{{{{{{{{{{{{{{{{{{{{{{{{{{{{{{{{{{{{{{{{{{{{{{{{{{{{{{{{{{{{{{{{{{{{{{{{{{{{{{{{{{{{{{{{{{{{{{{{{{{{{{{{{{{{{{{{{{{{{{{{{{{{{{{{{{{{{{{{{{{{{{{{{{{{{{{{{{{{{{{{{{{{{{{{{{{{{{{{{{{{{{{{{{{{{{{{{{{{{{{{{{{{{{{{{{{{{{{{{{{{{{{{{{{{{{{{{{{{{{{{{{{{{{{{{{{{{{{{{{{{{{{{{{{{{{{{{{{{{{{{{{{{{{{{{{{{{{{{{{{{{{{{{{{{{{{{{{{{{{{{{{{{{{{{{{{{{{{{{{{{{{{{{{{{{{{{{{{{{{{{{{{{{{{{{{{{{{{{{{{{{{{{{{{{{{{{{{{{{{{{{{{{{{{{{{{{{{{{{{{{{{{{{{{{{{{{{{{{{{{{{{{{{{{{{{{{{{{{{{{{{{{{{{{{{{{{{{{{{{{{{{{{{{{{{{{{{{{{{{{{{{{{{{{{{{{{{{{{{{{{{{{{{{{{{{{{{{{{{{{{{{{{{{{{{{{{{{{{{{{{{{{{{{{{{{{{{{{{{{{{{{{{{{{{{{{{{{{{{{{{{{{{{{{{{{{{{{{{{{{{{{{{{{{{{{{{{{{{{{{{{{{{{{{{{{{{{{{{{{{{{{{{{{{{{{{{{{{{{{{{{{{{{{{{{{{{{{{{{{{{{{{{{{{{{{{{{{{{{{{{{{{{{{{{{{{{{{{{{{{{{{}{{{{{{{{{{{{{{{{{{{{{{{{{{{{{{{{{{{{{{{{{{{{{{{{{{{{{{{{{{{{{{{{{{{{{{{{{{{{{{{{{{{{{{{{{{{{{{{{{{{{{{{{{{{{{{{{{{{{{{{{{{{{{{{{{{{{{{{{{{{{{{{{{{{{{{{}{{{{{{{{{{{{{{{{{{{{{{{{{{{{{{{{{{{{{{{{{{{{{{{{{{{{{{{{{{{{{{{{{{{{{{{{{{{{{{{{{{{{{{{{{{{{{{{{{{{{{{{{{{{{{{{{{{{{{{{{{{{{{{{{{{{{{{}{{{{{{{{{{{{{{{{{{{{{{{{{{{{{{{{{{{{}{{{{{{{{{{{{{{{{{{{{{}{{{{{{{{{{{{{{{{{{{{{{{{{{{{{{{{{{{{{{{{{{{{{{{{{{{{{{{{{{{{{{{{{{{{{{{{{{{{{{{{{{{{{{{{{{{{{{{{{{{{{{{{{{{{{{{{{{{{{{{{{{{{{{{{{{{{{{{{{{{{{{{{{{{{{{{{{{{{{{{{{{{{{{{{{{{{{{{{{{{{{{{{{{{{{{{{{{{{{{}{{{{{{{{{{{{{{{{{{{{{{{{{{{{{{{{{{{{{{{{{{{{{{{{{{{{{{{{{{{{{{{{{{{{{{{{{{{{{{{{{{{{{{{{{{{{{{{{{{{{{{{{{{{{{{{{{{{{{{{{{{{{{{{{{{{{{{{{{{{{{{{{{{{{{}{{{{{{{{{{{{{{{{{{{{{{{{{{{{{{{{{{{{{{{{{{{{{{{{{{{{{{{{{{{{{{{{{{{{{{{{{{{{{{{{{{{{{{{{{{{{{{{{{{{{{{{{{{{{{{{{{{{{{{{{{{{{{{{{{{{{{{{{{{{{{{{{{{{{{{{{{{{{{{{{{{{{{{{{{{{{{{{{{{{{{{{{{{{{{{{{{{{{{{{{{{{{{{{{{{{{{{{{{{{{{{{{{{{{{{{{{{{{{{{{{{{{{{{{{{{{{{{{{{{{{{{{{{{{{{{{{{{{{{{{{{{{{{{{{{{{{{{{{{{{{{{{{{{{{{{{{{{{{{{{{{{{{{{{{{{{{{{{{{{{{{{{{{{{{{{{{{{{{{{{{{{{{{{{{{{{{{{}{{{{{{{{{{{{{{{{{{{{{{{{{{{{{{{{{{{{{{{{{{{{{{{{{{{{{{{{{{{{{{{{{{{{{{{{{{{{{{{{{{{{{{{{{{{{{{{{{{{{{{{{{{{{{{{{{{{{{{{{{{{{{{{{{{{{{{{{{{{{{{{{{{{{{{{{{{{{{{{{{{{{{{{{{{{{{{{{{{{{{{{{{{{{{{{{{{{{{{{{{{{{{{{{{{{{{{{{{{{{{{{{{{{{{{{{{{{{{{{{{{{{{{{{{{{{{{{{{{{{{{{}{{{{{{{{{{{{{{{{{{{{{{{{{{{{{{{{{{{{{{{{{{{{{{{{{{{{{{{{{{{{{{{{{{{{{{{{{{{{{{{{{{{{{{{{{{{{{{{{{{{{{{{{{{{{{{{{{{{{{{{{{{{{{{{{{{{{{{{{{{{{{{{{{{{{{{{{{{{{{{{{{{{{{{{{{{{{{{{{{{{{{{{{{{{{{{{{{{{{{{{{{{{{{{{{{{{{{{{{{{{{{{{{{{{{{{{{{{{{{{{{{{{{{{{{{{{{{{{{{{{{{{{{{{{{{{{{{{{{{{{{{{{{{{{{{{{{{{{{{{{{{{{{{{{{{{{{{{{{{{{{{{{{{{{{{{{{{{{{{{{{{{{{{{{{{{{{{{{{{{{{{{{}{{{{{{{{{{{{{{{{{{{{{{{{{{{{{{{{{{{{{{{{{{{{{{{{{{{{{{{{{{{{{{{{{{{{{{{{{{{{{{{{
3915 4555
3544 4555
935 3915
3765 3915
616 3544
3544 4919
935 3507
416 935
3566 3765
303 3765
616 4291
616 3372
1765 4919
3220 4919
3507 3876
2368 3507
416 905
416 1660
578 3566
1009 3566
303 2454
303 3801
10 4291
1971 4291
2176 3372
2049 3372
1733 1765
1765 2501
2487 3220
1790 3220
3300 3876
2331 3876
2042 2368
394 2368
905 3762
905 1648
1283 1660
1660 3434
578 1904
578 2107
1009 2927
1009 2696
2333 2454
932 2454
2561 3801
2229 3801
10 791
10 4518
1971 4159
1971 2642
183 2176
2176 4677
2049 4418
2049 2083
1733 3380
1733 3956
1376 2501
2501 3827
1248 2487
2487 2573
903 1790
1790 3749
3300 4942
601 3300
824 2331
2331 3315
1297 2042
2042 3166
394 4234
394 1410
3457 3762
1367 3762
1648 4121
1648 4962
1283 1588
1283 1479
241 3434
1070 3434
1904 2131
1067 1904
2107 3812
1151 2107
706 2927
1319 2927
2696 3474
1615 2696
1894 2333
2333 3565
932 2689
932 3659
2561 2583
2561 4259
805 2229
2229 4902
791 3091
791 3188
2495 4518
599 4518
3726 4159
1920 4159
2323 2642
2642 4097
183 3794
183 213
1685 4677
1443 4677
1932 4418
1448 4418
45 2083
2083 2806
2364 3380
2645 3380
3218 3956
2823 3956
1376 1984
1376 4364
1833 3827
3827 4653
134 1248
597 1248
2573 4176
2573 3041
903 3456
903 2762
3688 3749
27 3749
4066 4942
2588 4942
601 1786
601 1055
824 2685
824 863
3315 4936
2575 3315
1297 2335
1297 1497
3166 4779
2164 3166
3466 4234
3550 4234
829 1410
1410 4926
3457 4921
1757 3457
1367 2057
1367 4378
1281 4121
2268 4121
3545 4962
644 4962
1588 3881
456 1588
1479 2355
1043 1479
241 1001
241 3509
1070 2607
1070 3252
1371 2131
737 2131
1067 1717
1067 3278
3812 4622
3812 4312
1151 2403
1151 1498
706 2103
706 4077
1319 1761
243 1319
3474 4516
1270 3474
1615 2175
1615 4012
251 1894
1894 2515
1777 3565
3565 3708
1110 2689
2689 3044
3659 4904
3659 4587
2319 2583
2583 3837
2669 4259
414 4259
805 979
805 3523
2452 4902
674 4902
3091 3597
2154 3091
3188 3546
3188 3365
566 2495
844 2495
599 2282
412 599
3726 4212
3726 4943
1920 4482
1920 4063
26 2323
250 2323
382 4097
378 4097
1078 3794
3794 3904
213 2334
213 3374
1685 4633
1685 2040
1443 3937
1115 1443
449 1932
1932 2682
1448 3429
1448 2881
45 3093
45 1919
2418 2806
2249 2806
388 2364
2364 4105
2645 4512
2645 2939
3218 3286
1738 3218
1880 2823
919 2823
1321 1984
1984 2001
1531 4364
101 4364
1833 3168
1833 3111
1092 4653
3067 4653
134 3599
134 2923
222 597
597 3502
441 4176
1535 4176
3041 3417
1181 3041
2075 3456
2681 3456
1166 2762
2762 4325
911 3688
1182 3688
27 4495
27 363
739 4066
1346 4066
2588 3719
2588 4736
1786 4171
74 1786
479 1055
1055 2948
2685 3776
2685 4414
863 1442
863 1384
4202 4936
1431 4936
2575 2718
605 2575
1230 2335
1208 2335
1497 4146
1497 4386
4475 4779
4729 4779
289 2164
2164 2791
2821 3466
1866 3466
1396 3550
1042 3550
498 829
829 2668
3153 4926
4081 4926
939 4921
595 4921
1757 3655
1757 3972
2057 3965
811 2057
1394 4378
3901 4378
1281 3078
1051 1281
2268 4544
2065 2268
1259 3545
3487 3545
644 4219
644 691
3718 3881
2850 3881
456 3432
456 3943
1749 2355
2355 4302
173 1043
1043 3906
1001 3165
1001 4920
2306 3509
3325 3509
876 2607
2607 4616
3252 3663
2571 3252
1371 3795
1371 3333
737 3764
737 3894
1717 1996
459 1717
1668 3278
3278 3751
1413 4622
2947 4622
1520 4312
3914 4312
2403 4139
927 2403
500 1498
1498 2798
2103 2321
2103 3309
3847 4077
580 4077
1761 2978
1761 2938
243 2921
243 2536
2430 4516
4368 4516
1270 2897
47 1270
2175 4769
1377 2175
4012 4635
1546 4012
251 4529
251 3264
893 2515
1846 2515
1777 2804
615 1777
1299 3708
368 3708
75 1110
511 1110
2219 3044
3044 3361
3843 4904
3012 4904
4578 4587
4587 4861
2319 3254
2319 3447
1473 3837
1936 3837
2669 4287
2669 3194
414 4323
414 907
979 3740
979 3606
3523 4746
3222 3523
2452 3855
2452 3047
571 674
674 4875
2675 3597
1950 3597
1614 2154
2154 4045
3546 4358
629 3546
522 3365
3365 4168
566 4576
566 2470
844 4818
844 3541
2282 2876
1219 2282
412 4369
412 3676
1997 4212
248 4212
2091 4943
4732 4943
3169 4482
4319 4482
3407 4063
3026 4063
26 3460
26 775
250 3130
250 4393
382 406
382 458
378 1061
378 1682
1078 2944
1078 2753
421 3904
3904 3920
2334 3808
2334 3120
1129 3374
3374 4821
4214 4633
717 4633
15 2040
2040 2801
3937 4815
2200 3937
1115 4366
1115 3248
390 449
449 1726
2682 4728
1296 2682
3429 4489
2874 3429
2881 4791
2881 3488
195 3093
3093 4910
1919 4637
1919 4846
878 2418
139 2418
2249 4530
2249 4064
388 2302
388 4468
504 4105
2868 4105
1145 4512
3288 4512
896 2939
1522 2939
3286 3701
3286 3424
1738 4226
1738 2505
749 1880
347 1880
919 1324
919 4690
1321 1657
1321 3551
2001 4017
711 2001
625 1531
828 1531
101 3877
101 1739
2987 3168
688 3168
2299 3111
3111 3117
341 1092
961 1092
434 3067
44 3067
2712 3599
923 3599
2861 2923
2923 3813
222 3109
222 1958
1302 3502
1694 3502
441 2739
441 4937
1535 3413
1535 4365
2931 3417
843 3417
1181 4781
1181 3849
482 2075
321 2075
2404 2681
2681 4839
1166 3779
1166 4674
3717 4325
1058 4325
911 1966
911 4951
186 1182
136 1182
2367 4495
4409 4495
363 4030
363 2617
739 3133
739 3183
1346 3119
683 1346
3719 4334
3397 3719
3652 4736
91 4736
4119 4171
2062 4171
74 1085
74 4497
479 4849
479 3499
1824 2948
1494 2948
2384 3776
1937 3776
790 4414
2550 4414
109 1442
1442 3712
39 1384
1384 1931
270 4202
276 4202
732 1431
1431 3909
2265 2718
425 2718
605 4230
605 1754
954 1230
731 1230
1208 1891
1208 3818
2444 4146
4080 4146
3316 4386
817 4386
2950 4475
4167 4475
2005 4729
3656 4729
102 289
289 780
2751 2791
887 2791
2821 4776
1862 2821
1866 2002
1866 3464
890 1396
126 1396
542 1042
1042 4624
498 1908
498 2662
2668 4643
2668 2863
3153 3493
2761 3153
2745 4081
4081 4183
501 939
939 2221
595 4945
595 3395
3095 3655
2593 3655
2396 3972
1821 3972
3965 4509
3965 4337
811 2749
811 4908
1394 4239
1074 1394
1740 3901
1191 3901
1169 3078
1364 3078
544 1051
1051 2794
2758 4544
1659 4544
2065 2252
902 2065
1259 4161
1259 4235
3487 4430
2625 3487
933 4219
1488 4219
691 4992
691 4411
2672 3718
3718 3721
2850 3908
2850 4930
1241 3432
624 3432
686 3943
1620 3943
1749 3344
1749 4988
3328 4302
3341 4302
173 3653
173 1188
1528 3906
2385 3906
1973 3165
2305 3165
4328 4920
1318 4920
2306 3283
2306 3993
3325 3482
3221 3325
876 1794
876 1025
4071 4616
2370 4616
3663 4755
1903 3663
2571 4652
427 2571
3795 4867
3795 4433
3333 4901
2399 3333
1744 3764
1429 3764
2713 3894
3715 3894
1996 4957
1996 3635
459 2159
459 936
1065 1668
1668 3088
2492 3751
970 3751
1413 3282
1413 3651
1558 2947
766 2947
1520 4479
1520 2098
2854 3914
315 3914
1712 4139
2535 4139
468 927
927 4918
500 3736
500 2511
2798 4777
496 2798
2321 4593
821 2321
3309 3410
3309 3888
941 3847
142 3847
580 4515
580 2460
2978 3826
2978 3159
2240 2938
469 2938
2921 4860
506 2921
2536 4600
2536 4813
1539 2430
1444 2430
4368 4581
4368 4961
2897 4032
2586 2897
47 398
47 2763
870 4769
1918 4769
1377 4201
940 1377
653 4635
1532 4635
1546 4218
1546 4899
457 4529
4529 4546
3264 3845
269 3264
893 2767
893 3020
1846 4982
1846 2013
1198 2804
1758 2804
615 1175
615 4225
804 1299
1299 2898
368 2690
368 2629
75 3418
75 1581
511 4980
511 1006
2219 3601
2219 3978
981 3361
2011 3361
3843 4318
3843 3939
3012 4896
1408 3012
3871 4578
1839 4578
868 4861
656 4861
1849 3254
1317 3254
3447 3968
2317 3447
1473 4711
1473 2004
1936 4131
1887 1936
1072 4287
81 4287
3082 3194
29 3194
1774 4323
25 4323
907 4923
699 907
3740 3917
3740 4247
2092 3606
3031 3606
1033 4746
4020 4746
483 3222
3222 3618
3855 4240
3855 3885
3047 3893
3047 4208
571 4200
571 3446
1629 4875
2610 4875
528 2675
2675 4117
1950 4551
1950 3591
1614 3442
1614 3101
2698 4045
2392 4045
4358 4582
4358 4826
629 1140
629 1737
522 4241
522 4381
4168 4294
476 4168
3598 4576
1349 4576
1464 2470
346 2470
3654 4818
1469 4818
2086 3541
2352 3541
1472 2876
763 2876
127 1219
1219 2089
1258 4369
1636 4369
1041 3676
3676 4648
1997 3590
1997 4067
248 4869
248 1167
393 2091
149 2091
3680 4732
3527 4732
3169 4533
786 3169
1483 4319
986 4319
2077 3407
2112 3407
1782 3026
2448 3026
1998 3460
2922 3460
775 1407
481 775
293 3130
664 3130
2934 4393
62 4393
406 1356
406 1164
458 2580
458 2903
1061 2482
115 1061
1682 4271
1682 4535
2150 2944
2944 3844
1190 2753
2753 2935
421 1023
421 1967
958 3920
3920 4768
3808 4104
3216 3808
287 3120
3120 4210
1129 1804
990 1129
67 4821
389 4821
451 4214
2852 4214
717 2024
717 2788
15 21
15 1872
2223 2801
2015 2801
4061 4815
2212 4815
24 2200
1355 2200
2779 4366
1693 4366
3232 3248
3248 4001
390 4330
390 3549
1726 3046
1726 3510
3201 4728
987 4728
1233 1296
1296 4627
1736 4489
2477 4489
114 2874
1491 2874
614 4791
2564 4791
3488 3969
3488 3746
172 195
195 324
4513 4910
1915 4910
4604 4637
1640 4637
1290 4846
2070 4846
878 2720
878 3205
139 3268
139 4654
3237 4530
2003 4530
3538 4064
1490 4064
31 2302
2302 4508
783 4468
3256 4468
504 4437
504 1499
965 2868
2868 4715
1145 2031
1145 4361
3288 3540
3288 4350
896 3353
896 1332
1522 2260
1300 1522
1841 3701
973 3701
2066 3424
3424 3543
2476 4226
3807 4226
2505 3835
2505 2764
749 943
749 2419
347 1702
347 1127
1324 2084
1324 1589
466 4690
4657 4690
1657 3944
1657 2238
3551 4111
3551 4730
3793 4017
116 4017
711 3479
711 3869
625 2960
625 1573
828 966
828 2490
3000 3877
3506 3877
1739 1881
1739 4789
2987 4842
17 2987
688 4309
688 1545
1362 2299
2299 4434
3117 4984
841 3117
341 3452
341 1929
961 4320
961 3102
434 4456
434 3056
44 3002
44 877
2712 4265
2712 4541
923 4058
923 1068
860 2861
2861 4065
2810 3813
3813 4702
2453 3109
1459 3109
1958 2301
794 1958
762 1302
1302 2847
1694 4190
1688 1694
2361 2739
9 2739
2900 4937
3941 4937
1990 3413
3413 4222
912 4365
3859 4365
2931 4621
2177 2931
843 4417
843 3787
4781 4914
2622 4781
1938 3849
1261 3849
482 1502
482 2596
321 705
321 967
2232 2404
344 2404
1435 4839
3124 4839
3779 3990
969 3779
3193 4674
1179 4674
3291 3717
3717 3752
1058 2570
1058 2968
1966 4855
1966 4387
3157 4951
2186 4951
176 186
186 3862
136 2127
136 2245
2367 3989
2367 2695
3574 4409
901 4409
2707 4030
2995 4030
2071 2617
2617 2702
2267 3133
3133 4024
3183 4983
2809 3183
3003 3119
953 3119
477 683
683 3317
199 4334
2183 4334
3397 3798
359 3397
3490 3652
1619 3652
91 339
91 533
1691 4119
3805 4119
2062 4346
2062 4305
964 1085
1085 2201
3916 4497
4288 4497
4342 4849
2446 4849
2258 3499
3499 4178
513 1824
1824 2858
384 1494
1494 1624
2384 4977
2293 2384
1170 1937
1937 4120
790 814
687 790
694 2550
2550 4266
109 2473
109 2653
164 3712
1185 3712
39 4897
39 1351
1931 2509
1931 2124
53 270
270 4000
107 276
276 4141
732 2574
732 2102
512 3909
2857 3909
2265 3134
1536 2265
425 3345
302 425
154 4230
490 4230
596 1754
1754 3113
954 4830
954 4767
731 1128
731 4632
1287 1891
536 1891
494 3818
2971 3818
2444 3401
2444 4145
3164 4080
1176 4080
1540 3316
2709 3316
120 817
817 2705
724 2950
132 2950
810 4167
3950 4167
2005 4385
2005 4802
366 3656
64 3656
102 2023
102 4421
507 780
780 4049
2751 3451
589 2751
401 887
887 3564
3114 4776
2882 4776
1631 1862
1862 3275
2002 4087
2002 2513
325 3464
3464 4953
890 4099
890 3622
126 4203
126 819
271 542
542 948
3352 4624
2587 4624
1099 1908
1908 2056
2662 3759
2662 3445
980 4643
34 4643
391 2863
2863 3228
773 3493
3493 3774
2761 3530
2761 4868
1654 2745
1250 2745
1399 4183
2387 4183
501 4684
501 3362
1961 2221
2221 2742
4160 4945
2736 4945
3395 3650
2816 3395
2052 3095
100 3095
2226 2593
1263 2593
2396 2684
2396 4697
1141 1821
1821 2632
4509 4591
14 4509
2341 4337
857 4337
2749 3174
2749 4502
1485 4908
2281 4908
3406 4239
3963 4239
1074 1747
1074 3402
1149 1740
1186 1740
721 1191
1191 1859
1169 3285
1169 3926
1364 2644
1364 2044
544 1780
377 544
2794 3138
2172 2794
1580 2758
1644 2758
1312 1659
1084 1659
1574 2252
2252 2849
902 2344
902 1107
4161 4670
1309 4161
4235 4760
1445 4235
4280 4430
2162 4430
2625 3706
655 2625
933 4605
933 3777
1488 4326
985 1488
2360 4992
1594 4992
3949 4411
1753 4411
2672 4336
1710 2672
3721 3985
207 3721
3908 4256
2516 3908
4399 4930
1622 4930
1241 4537
1241 3927
354 624
624 955
686 3804
686 1875
1620 3644
1620 4442
3344 4827
3344 3982
922 4988
4505 4988
3293 3328
3173 3328
756 3341
1446 3341
3653 3811
2500 3653
1165 1188
1188 4592
1528 3694
1528 3552
2385 3403
2385 2734
79 1973
1973 4694
715 2305
1829 2305
1608 4328
2342 4328
1318 2425
1318 2543
1478 3283
850 3283
1153 3993
40 3993
463 3482
437 3482
1243 3221
3221 3643
1794 4933
991 1794
1025 3040
1025 2014
3999 4071
1226 4071
611 2370
2370 3625
2892 4755
1584 4755
1903 4428
240 1903
4652 4979
1673 4652
427 2532
427 3011
4377 4867
2932 4867
4412 4433
4169 4433
1213 4901
417 4901
2399 3617
2399 3783
1744 3933
1487 1744
1429 2959
781 1429
2713 4164
913 2713
2730 3715
748 3715
3648 4957
618 4957
254 3635
3635 3689
2159 3075
95 2159
936 3851
936 3135
1065 2188
1065 4900
526 3088
2431 3088
2492 2844
2492 3414
970 2930
970 2215
682 3282
546 3282
2409 3651
3651 4710
1558 3229
264 1558
766 4054
766 4974
740 4479
963 4479
2009 2098
945 2098
326 2854
2854 3973
315 3132
315 4876
465 1712
379 1712
1960 2535
2535 4013
468 4072
468 789
4811 4918
1280 4918
3736 4188
3077 3736
1454 2511
1855 2511
1616 4777
696 4777
496 949
496 4717
3233 4593
1830 4593
821 1823
821 950
1291 3410
1360 3410
3888 3981
3478 3888
941 4446
941 3307
142 4254
142 3799
4515 4872
4515 4797
2460 4335
2460 3892
3826 4166
3823 3826
1828 3159
1214 3159
2240 3296
2240 4423
469 643
469 3884
4055 4860
3562 4860
506 2125
506 4372
3163 4600
768 4600
4722 4813
1972 4813
663 1539
1539 3697
1444 3430
1444 4879
1980 4581
2366 4581
147 4961
4339 4961
590 4032
3202 4032
2538 2586
2586 4048
398 3971
398 4380
1879 2763
2763 3872
870 2148
870 4666
1036 1918
258 1918
4201 4245
4085 4201
940 1069
940 1899
653 4682
653 3589
545 1532
1532 3244
4218 4426
361 4218
1592 4899
1357 4899
457 2483
457 1617
3890 4546
3695 4546
1034 3845
2701 3845
269 4840
269 2626
842 2767
2767 3483
3020 4877
3020 3853
1583 4982
4156 4982
2013 3732
971 2013
1198 1562
1198 1746
1758 2772
1758 1935
1175 1760
1175 1732
1073 4225
1086 4225
804 2524
804 972
1313 2898
1609 2898
124 2690
2690 3433
1720 2629
2629 3266
3418 4651
3418 3569
1581 3142
671 1581
898 4980
3975 4980
1006 1162
1006 1503
3601 4685
2184 3601
558 3978
3265 3978
981 2880
981 2659
2011 4773
2011 2991
3964 4318
594 4318
221 3939
1800 3939
2233 4896
3350 4896
1408 2496
343 1408
1391 3871
3128 3871
1839 4522
1839 3062
868 1963
726 868
301 656
656 4289
1849 4379
1849 3262
1317 1552
1317 4466
3645 3968
1019 3968
1102 2317
537 2317
4253 4711
3687 4711
2004 4639
867 2004
3037 4131
320 4131
1887 3136
1887 3934
1072 3294
1072 3226
81 1719
81 2421
1805 3082
2914 3082
29 3029
29 1759
1774 2433
1774 3420
25 530
25 4322
4859 4923
4360 4923
699 1400
699 4406
1143 3917
610 3917
4247 4903
446 4247
2092 4431
337 2092
3031 3450
2119 3031
1033 3846
1033 4382
1951 4020
746 4020
483 2726
483 2998
196 3618
3618 3735
2296 4240
4240 4383
881 3885
3885 4060
162 3893
946 3893
4208 4829
1130 4208
1000 4200
2964 4200
3446 4002
3446 4725
1629 4634
529 1629
2610 2887
1703 2610
212 528
528 1725
4117 4125
3995 4117
3199 4551
2443 4551
330 3591
2073 3591
1642 3442
1772 3442
3101 4478
204 3101
2698 4594
2698 4026
2392 4863
2392 3074
4438 4582
2656 4582
2752 4826
1342 4826
1140 2924
1140 3481
489 1737
1737 3329
2485 4241
1639 4241
1032 4381
3337 4381
4294 4534
4294 4909
476 938
396 476
3598 4286
3598 3781
747 1349
1349 3832
1464 4911
1008 1464
346 3096
346 1587
3654 4199
2029 3654
1469 2090
1207 1469
2086 3455
2086 2815
1781 2352
2352 3796
1472 1632
830 1472
763 1081
763 3605
127 3167
127 3863
2089 3271
2089 4703
1258 1595
1258 3870
495 1636
1636 3714
228 1041
1041 1046
2218 4648
1056 4648
3590 3790
3590 4644
2576 4067
707 4067
1986 4869
1952 4869
1167 4642
1167 1507
393 3477
393 4356
149 2214
149 2255
3621 3680
2528 3680
517 3527
729 3527
1867 4533
4136 4533
786 4658
461 786
1483 1868
1483 4093
986 3085
986 4485
2077 2916
649 2077
2112 4181
2112 4809
1782 3686
1782 4865
2448 4752
1341 2448
1998 2714
1205 1998
1516 2922
516 2922
1407 2917
464 1407
268 481
285 481
293 3051
293 1437
664 855
664 4843
1178 2934
2934 4193
62 2277
62 994
167 1356
574 1356
1164 2455
1164 4006
1422 2580
423 2580
1481 2903
2903 3162
1239 2482
548 2482
115 3381
115 3520
1579 4271
3261 4271
349 4535
2227 4535
2150 3677
2150 4952
3844 4140
1953 3844
1190 3942
1190 1395
2935 3104
2935 4195
1023 4740
1023 2149
1967 2503
1967 4759
958 3411
958 1822
3819 4768
1071 4768
4104 4761
2170 4104
2138 3216
445 3216
287 1066
287 879
2167 4210
1168 4210
1804 1895
220 1804
990 2765
990 3716
67 1150
67 2250
389 4847
389 4186
451 2082
451 3207
2852 3027
2852 4532
231 2024
2024 3386
119 2788
2788 2918
21 2043
21 4126
1872 1948
1872 4751
628 2223
327 2223
2015 3225
2015 3399
1979 4061
2886 4061
2212 3558
1017 2212
24 4147
24 3702
1355 4182
1355 4074
2779 3242
2779 4801
1693 4881
549 1693
3232 4018
3232 4837
4001 4630
297 4001
277 4330
2594 4330
3549 4917
113 3549
3046 4370
2795 3046
3510 3571
636 3510
3201 3816
3201 3928
987 1722
987 1994
1233 3440
561 1233
3112 4627
1865 4627
633 1736
1736 3332
929 2477
2391 2477
114 1049
114 2683
1491 1942
1491 2210
614 2480
614 3696
2564 2829
2530 2564
3969 4678
3969 4835
1247 3746
2631 3746
172 4887
172 3620
291 324
324 1007
2800 4513
2236 4513
1915 2716
1915 2330
1681 4604
37 4604
1640 3613
1591 1640
1290 2439
1290 1597
2070 4558
2070 4347
2375 2720
1922 2720
839 3205
2322 3205
1031 3268
2481 3268
1030 4654
214 4654
3237 4098
2983 3237
1420 2003
2003 4929
1638 3538
3290 3538
1490 3570
1490 4559
31 1136
31 3936
1756 4508
1992 4508
783 1322
783 3501
2602 3256
2504 3256
1303 4437
2420 4437
99 1499
1499 4094
965 2782
965 4189
1392 4715
3896 4715
2031 4257
329 2031
4361 4880
785 4361
3098 3540
3008 3540
808 4350
4350 4413
2643 3353
2563 3353
1332 3007
1332 3486
296 2260
43 2260
1300 2888
399 1300
1433 1841
1841 4924
973 2766
123 973
2066 4972
2066 3250
3543 3611
673 3543
525 2476
300 2476
2275 3807
1812 3807
3835 4638
3835 4907
2764 4521
1040 2764
943 1374
943 3585
2419 2568
2419 2770
1702 2413
1375 1702
1127 1456
1127 2474
1340 2084
651 2084
1087 1589
1589 4062
466 3814
466 741
2679 4657
4595 4657
3944 3987
225 3944
584 2238
2238 2865
1548 4111
871 4111
974 4730
4588 4730
3793 3996
2994 3793
116 612
116 818
3422 3479
2298 3479
956 3869
3869 4680
2372 2960
2960 3899
1237 1573
1573 3665
966 2949
260 966
2490 3966
2490 4040
1406 3000
3000 3614
3506 4885
1625 3506
1559 1881
1005 1881
2012 4789
677 4789
275 4842
2179 4842
17 4157
17 3887
3582 4309
4309 4878
1545 4435
1545 4447
1362 2506
1362 3957
1323 4434
4434 4660
3405 4984
1455 4984
841 1279
404 841
1369 3452
7 3452
563 1929
1929 4496
3224 4320
1002 4320
2674 3102
1096 3102
1707 4456
1641 4456
3056 4540
3056 4712
90 3002
2166 3002
623 877
877 2318
4191 4265
885 4265
3494 4541
2241 4541
1815 4058
4058 4303
1068 2677
1068 3415
860 4070
860 1075
2803 4065
1089 4065
771 2810
710 2810
1585 4702
2398 4702
2207 2453
1784 2453
1459 1818
1459 1962
1427 2301
735 2301
794 3786
794 834
762 4990
678 762
1466 2847
2847 3657
4190 4504
3378 4190
1688 1704
1688 2981
2266 2361
97 2361
9 4274
9 1689
668 2900
2510 2900
3941 3986
103 3941
1228 1990
1246 1990
4129 4222
767 4222
912 4388
450 912
2725 3859
667 3859
617 4621
2428 4621
2177 2507
895 2177
4273 4417
4417 4960
648 3787
263 3787
4914 4938
2611 4914
2622 3421
2622 4198
292 1938
886 1938
608 1261
1261 4625
1502 3629
1502 3073
144 2596
474 2596
705 3895
705 4580
148 967
967 3392
2232 4217
2199 2232
344 4940
344 3343
1435 2785
1435 2459
3124 3215
3124 4422
3064 3990
3990 4327
471 969
969 2115
2833 3193
1940 3193
1179 4301
1179 2946
1647 3291
2060 3291
311 3752
3172 3752
2570 4949
2570 3105
1080 2968
2660 2968
420 4855
621 4855
4387 4619
4057 4387
3157 3389
178 3157
497 2186
2186 4232
176 4968
176 1173
2231 3862
1832 3862
2127 2633
1797 2127
2245 4118
2245 4925
1197 3989
2894 3989
2093 2695
1202 2695
3574 4832
1171 3574
901 1560
70 901
2707 4946
2055 2707
2995 4850
2995 4316
2071 4353
2071 4244
2702 3094
2702 3603
184 2267
159 2267
4024 4075
2624 4024
4003 4983
4107 4983
2153 2809
2809 3219
1701 3003
467 3003
953 4445
66 953
477 2096
288 477
202 3317
3317 3469
199 3667
199 3348
2183 3810
2183 4432
3798 4991
2647 3798
359 2956
359 3525
1352 3490
3490 4597
1619 3711
1619 3311
339 3932
339 2884
533 4394
108 533
1691 2843
310 1691
2080 3805
2862 3805
1771 4346
3742 4346
4175 4305
1981 4305
931 964
964 2913
2201 2919
1378 2201
1412 3916
2128 3916
660 4288
2272 4288
1053 4342
453 4342
470 2446
1125 2446
1969 2258
1537 2258
693 4178
2466 4178
513 4734
265 513
1549 2858
1785 2858
384 3800
384 3189
1211 1624
249 1624
2746 4977
69 4977
1457 2293
1711 2293
647 1170
1170 2109
3931 4120
4120 4345
814 4307
257 814
687 2929
687 4258
694 1578
694 3146
672 4266
3572 4266
141 2473
2473 3602
702 2653
883 2653
164 2286
164 3673
1185 3878
1185 2521
3280 4897
733 4897
355 1351
1351 3388
424 2509
422 2509
2124 3771
2124 4408
53 2663
53 2750
4000 4538
3531 4000
107 3649
107 587
3760 4141
1905 4141
2574 2755
788 2574
1987 2102
2102 4772
32 512
512 1995
2857 4343
2636 2857
2351 3134
402 3134
1161 1536
978 1536
3345 4023
3345 4449
302 3070
302 4603
154 1674
154 2743
490 2278
490 2295
596 2253
392 596
3113 4718
3113 3907
2525 4830
2904 4830
3535 4767
2373 4767
1128 2920
738 1128
1217 4632
3390 4632
1287 3743
1287 3852
536 2381
122 536
494 634
28 494
2971 3903
2971 3052
3401 4491
1889 3401
2010 4145
3864 4145
3164 4035
3164 3583
1176 2204
1012 1176
1540 4308
1540 3324
2709 2777
527 2709
120 3398
120 1493
2705 4039
2705 4207
724 3586
724 4662
132 2740
132 581
316 810
177 810
3950 4758
585 3950
1844 4385
1870 4385
3854 4802
4586 4802
366 3121
366 2208
64 1637
64 4561
2023 2441
2023 2519
928 4421
3815 4421
507 2603
232 507
2802 4049
1292 4049
2784 3451
3123 3451
589 3367
140 589
401 3334
401 758
3564 4348
3564 4264
1755 3114
1538 3114
1222 2882
428 2882
1631 4005
1631 3668
2054 3275
1194 3275
3631 4087
3672 4087
2230 2513
2513 3976
325 2078
325 4871
2719 4953
2769 4953
2053 4099
3185 4099
1730 3622
3150 3622
1627 4203
4203 4297
819 3763
819 3310
271 4142
271 2158
948 3919
948 4317
3352 3458
3352 3850
1706 2587
752 2587
1099 3259
1099 4906
2056 4693
1200 2056
3759 3952
3759 4374
3445 4893
1835 3445
980 1477
980 2911
34 4866
34 4506
391 1373
391 1603
2523 3228
2945 3228
773 4547
773 3594
322 3774
3774 4848
2415 3530
3530 4407
519 4868
1285 4868
1654 4046
1654 2605
937 1250
1250 1372
1399 2700
1399 2169
2387 3089
2006 2387
1643 4684
4185 4684
3197 3362
3362 3773
1735 1961
1961 4143
2742 2866
2742 4022
4160 4429
1945 4160
2670 2736
2736 2980
2646 3650
2989 3650
2816 4895
795 2816
1791 2052
1878 2052
100 201
100 2363
444 2226
1353 2226
1263 4806
1263 3778
2684 3472
924 2684
2871 4697
568 4697
1141 4626
1141 4367
314 2632
815 2632
3874 4591
3484 4591
14 802
14 77
219 2341
906 2341
480 857
857 3057
3174 4520
1843 3174
944 4502
800 4502
375 1485
1485 4122
1714 2281
2213 2281
2328 3406
3406 4251
820 3963
3963 4340
188 1747
1747 2972
3402 4420
3402 3930
1149 3524
224 1149
478 1186
1186 2893
721 792
721 1993
1460 1859
143 1859
2410 3285
3285 4015
891 3926
3560 3926
2644 3156
439 2644
55 2044
1112 2044
858 1780
1780 3058
377 2899
377 4956
3138 3607
550 3138
2172 2438
1177 2172
438 1580
1580 2558
1644 2937
1644 3423
1312 1709
198 1312
1084 4771
365 1084
200 1574
1574 2820
2394 2849
1565 2849
2344 2781
1974 2344
572 1107
1107 3468
2329 4670
168 4670
1309 2104
1309 3710
4043 4760
2132 4760
1445 2531
1445 3471
1461 4280
3050 4280
2162 2540
2162 2324
247 3706
3143 3706
655 2639
272 655
713 4605
42 4605
3777 3955
3777 3875
1339 4326
778 4326
985 3700
540 985
2360 4602
2360 3557
1418 1594
770 1594
846 3949
3949 4373
1557 1753
1753 3980
2402 4336
3713 4336
1710 4573
1710 3122
3255 3985
2539 3985
207 4798
207 1633
1964 4256
3462 4256
2516 2577
1249 2516
348 4399
3368 4399
1039 1622
1622 3940
1852 4537
1718 4537
3927 4357
2097 3927
354 2667
354 685
955 4531
955 1949
2551 3804
1405 3804
1090 1875
1875 2310
3644 4590
3644 3974
3015 4442
4442 4724
163 4827
2518 4827
1325 3982
3982 4216
922 3363
922 2996
1100 4505
3627 4505
2294 3293
2380 3293
2623 3173
3173 4987
756 4453
756 1928
1446 3722
1446 2547
3789 3811
3320 3811
135 2500
2500 4029
1165 2345
520 1165
4592 4750
267 4592
2542 3694
3694 3913
1439 3552
787 3552
2332 3403
3403 4036
1724 2734
1467 2734
79 331
79 175
3584 4694
1137 4694
715 4663
715 1667
1829 3010
1829 2992
1495 1608
1608 2139
1671 2342
2016 2342
2425 4841
2425 4477
1336 2543
1814 2543
1478 4197
1478 2369
850 4511
850 2244
1153 3203
1153 1380
40 2475
40 4856
463 4973
463 4607
437 1602
437 2910
1243 4584
1243 3670
3643 4130
3492 3643
1011 4933
3508 4933
991 3115
991 1550
2206 3040
3040 3443
1909 2014
1561 2014
2710 3999
2875 3999
87 1226
692 1226
611 4599
611 4596
914 3625
3625 3674
2435 2892
801 2892
1584 2379
1584 2048
3626 4428
63 4428
240 2796
240 1010
751 4979
1064 4979
1673 3738
1673 3263
2532 4613
2532 3236
3011 3691
2638 3011
920 4377
1489 4377
2859 2932
2932 4275
1449 4412
3260 4412
784 4169
3528 4169
1213 3206
679 1213
417 4398
417 4583
1884 3617
170 3617
3009 3783
3783 3834
1863 3933
1252 3933
1487 2284
793 1487
2959 3014
2841 2959
523 781
781 1521
3953 4164
2890 4164
913 4204
913 4321
1118 2730
2730 4706
748 2811
748 4050
3648 3954
299 3648
618 1256
618 4158
254 3034
254 1907
160 3689
3689 4110
1518 3075
226 3075
95 3382
95 4845
1265 3851
3767 3851
2395 3135
3135 3518
2188 4948
1193 2188
433 4900
4825 4900
526 3245
526 3806
761 2431
2431 4376
2566 2844
2389 2844
2397 3414
121 3414
1370 2930
381 2930
305 2215
313 2215
682 2357
654 682
546 4290
23 546
1808 2409
567 2409
1731 4710
1944 4710
2479 3229
797 3229
264 385
264 3685
3504 4054
3647 4054
1716 4974
4612 4974
740 2462
740 2619
963 1836
93 963
36 2009
2009 2020
652 945
945 3217
326 3144
326 640
602 3973
3973 4742
2407 3132
3132 3556
282 4876
606 4876
465 4676
465 532
379 4100
379 2287
1926 1960
1960 4279
1289 4013
4013 4351
993 4072
3148 4072
789 1368
789 4820
3449 4811
2565 4811
1280 2106
1280 4807
3339 4188
2797 4188
3077 4793
2651 3077
1454 2842
1454 2807
1567 1855
579 1855
769 1616
1616 3160
696 2963
696 2549
949 2986
949 2427
2095 4717
4463 4717
3233 4572
3233 3958
61 1830
712 1830
335 1823
1823 3485
950 4762
950 4249
1291 1382
1291 3154
1360 3335
1242 1360
709 3981
3409 3981
452 3478
3478 4314
1882 4446
4446 4667
1635 3307
3307 3431
1723 4254
57 4254
3435 3799
1734 3799
1311 4872
588 4872
1943 4797
4797 4969
4335 4994
2557 4335
2688 3892
680 3892
2554 4166
2036 4166
239 3823
3823 4601
1828 4261
1828 4819
1214 4775
1214 4606
2022 3296
3296 4033
2544 4423
2581 4423
643 3997
643 2285
3666 3884
3593 3884
1045 4055
2828 4055
3028 3562
3562 3632
2008 2125
631 2125
4068 4372
3983 4372
3163 3785
1817 3163
768 1582
768 3437
4276 4722
2269 4722
1972 4997
666 1972
663 1337
663 4209
1764 3697
3048 3697
1316 3430
2955 3430
1174 4879
1057 4879
917 1980
1980 4007
704 2366
2366 2907
147 273
147 4471
1327 4339
4180 4339
590 4683
590 3346
3202 4362
2860 3202
2538 3724
2538 3005
2831 4048
4048 4713
3971 4739
255 3971
2237 4380
2308 4380
1024 1879
1879 4263
1048 3872
2393 3872
930 2148
356 2148
1571 4666
3858 4666
1036 2087
1036 3360
258 4242
258 2954
1742 4245
4245 4944
2202 4085
4085 4976
1069 4931
1069 1713
1201 1899
1899 2165
3539 4682
2467 4682
1752 3589
72 3589
360 545
3 545
3125 3244
2085 3244
4426 4810
1600 4426
361 1902
361 4549
1592 4557
1592 4047
1357 2522
1357 4284
2483 3638
1802 2483
1617 4894
1617 4805
1310 3890
3890 4883
328 3695
59 3695
1034 3897
1034 1547
2701 3336
2701 4656
2721 4840
823 4840
2316 2626
1991 2626
842 1344
842 3821
1163 3483
639 3483
1363 4877
1452 4877
334 3853
1098 3853
1583 2312
859 1583
1896 4156
415 4156
2855 3732
2814 3732
971 1968
971 2378
1562 2142
1562 2508
1746 3404
1746 4615
2270 2772
1916 2772
1935 2722
1575 1935
1760 3377
925 1760
1120 1732
665 1732
1073 4341
1073 2045
88 1086
716 1086
2524 3289
2524 3246
972 1890
972 1768
1313 3678
1313 2027
1609 4770
703 1609
124 1253
124 1274
3433 4073
2235 3433
1421 1720
1720 3698
3266 3924
3266 4892
3998 4651
4480 4651
3100 3569
3069 3569
2973 3142
2377 3142
671 2346
671 1645
60 898
898 2340
455 3975
3975 4853
1162 4109
555 1162
1298 1503
1503 3828
52 4685
4589 4685
2184 2193
1348 2184
558 3179
558 1159
2488 3265
3265 4196
2880 3227
2880 3748
2659 4966
1593 2659
845 4773
3623 4773
448 2991
2991 3921
573 3964
1598 3964
78 594
594 3257
221 4481
221 373
1800 4884
1800 3272
2233 4272
2233 4448
3350 4705
1917 3350
1543 2496
543 2496
343 4763
343 2422
1391 4699
904 1391
3128 4738
211 3128
3379 4522
4522 4741
357 3062
3062 4115
1799 1963
1963 4492
726 1244
726 2129
301 442
301 1216
4289 4441
1282 4289
669 4379
3425 4379
229 3262
3262 4864
1552 4310
1552 2079
4466 4774
2019 4466
1946 3645
3645 4405
376 1019
386 1019
1102 4354
1102 2589
537 3108
537 1404
369 4253
1016 4253
3106 3687
3687 4038
152 4639
3116 4639
867 1906
867 4172
3037 4967
3037 3187
320 3045
320 2494
2311 3136
2856 3136
3934 3947
3427 3934
1468 3294
1658 3294
2108 3226
3226 4928
1719 4299
1719 3699
216 2421
2421 2895
58 1805
1104 1805
2174 2914
2914 3515
3029 3394
82 3029
1759 4795
1759 3641
2433 2546
2433 4486
150 3420
3304 3420
530 2896
530 1978
317 4322
2786 4322
4859 4955
1959 4859
3512 4360
888 4360
1271 1400
1400 3204
4306 4406
2242 4406
1143 3071
1143 3313
76 610
610 3640
4716 4903
2426 4903
446 1586
446 849
131 4431
2775 4431
337 380
337 2263
3450 3559
3450 3664
759 2119
2119 3195
3846 4571
1610 3846
1212 4382
3358 4382
1951 2354
1951 4764
746 889
510 746
2726 3370
2251 2726
1612 2998
514 2998
196 4056
196 1686
3735 4173
2134 3735
1462 2296
1117 2296
2088 4383
1484 4383
435 881
725 881
1787 4060
1665 4060
162 2063
105 162
946 1900
946 2606
3595 4829
2173 4829
205 1130
1130 4689
1000 4679
1000 3848
2416 2964
1576 2964
400 4002
2061 4002
4116 4725
4089 4725
2362 4634
2545 4634
197 529
529 4019
1678 2887
2887 3364
1703 3213
1703 4371
212 2353
212 3017
1725 2047
1725 2966
1335 4125
2832 4125
342 3995
3995 4958
1779 3199
2687 3199
6 2443
2443 4268
330 1923
330 4743
1154 2073
2073 2817
1642 4890
1642 2264
1772 4227
1772 2280
1811 4478
4229 4478
204 2320
204 3671
2704 4594
2152 4594
2068 4026
2254 4026
4344 4863
4484 4863
3074 3912
3074 4464
3889 4438
1564 4438
2656 2771
2656 4114
609 2752
2752 3898
1342 3190
1183 1342
2924 4757
351 2924
3481 4338
1813 3481
364 489
489 4579
3042 3329
3329 4800
2189 2485
650 2485
51 1639
915 1639
1032 3951
1032 3772
2489 3337
1238 3337
2136 4534
2634 4534
2514 4909
2773 4909
938 2064
938 3060
396 3356
396 1599
3529 4286
1295 4286
3781 4631
2292 3781
499 747
747 1126
3573 3832
1542 3832
4400 4911
1527 4911
1008 3754
1008 1727
2406 3096
3096 4912
592 1587
1119 1587
2737 4199
1223 4199
84 2029
125 2029
1789 2090
562 2090
798 1207
816 1207
3455 4359
503 3455
2815 4526
1306 2815
1781 2030
1088 1781
2609 3796
3796 4016
1632 4898
1632 3196
830 4696
830 951
1081 1267
1081 2283
1826 3605
661 3605
3087 3167
3152 3167
982 3863
1172 3863
1218 3271
274 3271
2203 4703
118 4703
1595 4707
1595 4649
3870 4723
3086 3870
495 4088
495 2951
538 3714
1860 3714
228 835
228 3408
1046 4490
1046 2130
1649 2218
2126 2218
431 1056
1056 1419
3790 3797
989 3790
4439 4644
3463 4644
1914 2576
1275 2576
38 707
707 2461
1986 4134
926 1986
882 1952
862 1952
3745 4642
4267 4642
1305 1507
1507 1696
3477 3505
3384 3477
3269 4356
2 4356
171 2214
2214 2867
279 2255
1358 2255
3621 3961
3357 3621
2528 3184
2528 4661
517 4998
517 2094
729 3298
729 2774
569 1867
689 1867
1708 4136
4136 4784
1526 4658
3905 4658
461 3019
461 3038
12 1868
1868 4078
4093 4391
3929 4093
3085 4246
3085 3459
3240 4485
1864 4485
2916 3984
637 2916
649 2486
649 3756
2877 4181
3880 4181
4809 4870
418 4809
2789 3686
2050 3686
1365 4865
4148 4865
3090 4752
4079 4752
1341 4295
1341 1827
2714 3068
2714 3709
676 1205
165 1205
1516 4363
1516 4804
516 1397
516 1390
2917 4501
1027 2917
345 464
464 1273
268 2168
268 3267
285 755
285 308
3051 3679
1486 3051
1437 2883
1437 2359
730 855
855 4747
3198 4843
1240 4843
1178 2209
1178 4233
1440 4193
3792 4193
169 2277
1308 2277
994 1763
994 4179
167 2692
167 3739
574 4701
574 806
2455 3511
2455 2985
2289 4006
3231 4006
1422 1798
1422 2338
423 2144
423 2909
1481 3373
1481 3857
2350 3162
521 3162
1239 4076
1239 2271
548 1955
548 1628
723 3381
3381 3734
3520 3642
370 3520
1579 4213
1579 2300
2819 3261
3261 3287
349 4552
206 349
8 2227
813 2227
3592 3677
85 3677
3467 4952
2615 4952
1389 4140
3180 4140
1210 1953
1953 2754
3942 4410
3942 4889
1395 4673
1395 1611
3104 3580
3104 4392
4195 4472
4195 4238
4740 4964
1729 4740
2149 2845
2133 2149
2503 3139
807 2503
999 4759
3208 4759
2100 3411
2747 3411
1822 4277
130 1822
753 3819
86 3819
1071 3235
1071 3454
2222 4761
2449 4761
856 2170
577 2170
2138 2664
215 2138
445 1851
445 1450
1066 3338
1066 2901
261 879
879 4585
700 2167
1850 2167
493 1168
1168 3615
262 1895
564 1895
220 2727
220 1268
2765 2982
1883 2765
3716 3925
1047 3716
1150 2970
1150 4786
1463 2250
1551 2250
998 4847
2182 4847
443 4186
1770 4186
1653 2082
56 2082
3207 3577
3207 4205
3027 3690
3027 4384
1343 4532
4532 4989
231 4206
231 2579
22 3386
2975 3386
119 2756
119 1038
2918 4112
2276 2918
2043 4799
1425 2043
1873 4126
3331 4126
1948 4756
1948 3072
4269 4751
825 4751
628 3693
628 1613
327 1131
327 3299
3225 4862
1451 3225
1272 3399
3399 4137
1523 1979
838 1979
2886 4228
2886 4162
1939 3558
3558 3970
1017 1842
110 1017
4086 4147
4069 4147
3702 3945
3568 3702
1121 4182
4182 4451
4074 4672
411 4074
745 3242
3242 4823
2151 4801
4801 4996
3043 4881
3097 4881
549 4462
549 3938
3840 4018
2599 4018
3829 4837
1227 4837
4630 4833
4630 4947
297 3308
297 583
277 539
277 1475
2594 2967
387 2594
2464 4917
3092 4917
113 957
113 1680
880 4370
2171 4370
1385 2795
1236 2795
1458 3571
3571 4493
636 4913
636 1424
3534 3816
3816 4748
2851 3928
2614 3928
1722 4664
1383 1722
286 1994
1994 2757
2613 3440
3440 4042
561 2434
561 1927
2738 3112
3054 3112
1865 4127
1669 1865
633 2220
633 2958
3332 3660
3332 4950
929 1146
929 3891
491 2391
2391 3239
708 1049
1049 4470
2683 4617
1834 2683
627 1942
237 1942
1231 2210
2210 3110
2480 4765
318 2480
3696 3883
3147 3696
1634 2829
1235 2829
2530 2541
2530 3578
4678 4836
2840 4678
4133 4835
1529 4835
234 1247
460 1247
2451 2631
2562 2631
4744 4887
358 4887
524 3620
1773 3620
187 291
291 975
1007 3161
809 1007
2608 2800
2800 2826
2236 4620
1517 2236
2716 4459
2716 2912
2330 4144
2330 3396
1681 3842
236 1681
37 3526
37 4416
3023 3613
2641 3613
1591 2654
1591 3788
2439 3355
2439 4731
1597 2839
690 1597
3234 4558
1021 4558
1590 4347
2648 4347
2375 2905
947 2375
1922 2990
1301 1922
839 4165
638 839
2322 4560
1762 2322
1031 1062
1031 1401
2021 2481
600 2481
1030 4542
1030 4514
214 3675
214 557
2160 4098
2735 4098
2983 4223
2983 4473
1420 3473
1420 1970
3412 4929
4315 4929
1638 4857
1638 3784
1892 3290
96 3290
2118 3570
3570 4545
1229 4559
4559 4838
826 1136
1136 4704
3936 4278
3936 4349
298 1756
1756 4610
720 1992
1806 1992
1322 2582
1322 3419
684 3501
3501 3567
2114 2602
2602 2778
2504 3177
2504 4177
560 1303
1303 2787
2420 3868
1436 2420
99 1044
99 2408
1741 4094
852 4094
245 2782
1751 2782
4189 4681
3619 4189
1392 1743
1392 2993
3579 3896
1116 3896
294 4257
4257 4329
329 1026
329 4568
4396 4880
3039 4880
785 2666
552 785
362 3098
3098 3277
3008 3155
3008 4260
808 2081
808 2601
2671 4413
2846 4413
409 2643
2017 2643
2563 3707
2548 2563
3007 3830
244 3007
2007 3486
1607 3486
242 296
296 1361
43 2853
43 2517
2122 2888
1192 2888
353 399
399 799
151 1433
1433 3302
3737 4924
1577 4924
2766 2835
1831 2766
123 2792
123 1825
4965 4972
3791 4972
16 3250
485 3250
796 3611
2205 3611
673 854
673 3359
73 525
235 525
300 4163
300 996
2275 3600
1059 2275
1812 1977
875 1812
3274 4638
4192 4638
4397 4907
3330 4907
158 4521
4444 4521
1035 1040
1040 3733
1105 1374
1374 3127
1091 3585
371 3585
900 2568
2465 2568
2770 4053
2770 4009
2413 4174
1687 2413
1375 4415
695 1375
1456 3831
1456 2942
551 2474
2457 2474
851 1340
117 1340
137 651
651 3281
535 1087
1087 2307
4062 4333
4062 4719
1470 3814
1769 3814
582 741
741 2979
2679 3768
554 2679
701 4595
2869 4595
2497 3987
290 3987
225 1662
225 3628
584 1020
584 1029
2371 2865
2198 2865
1548 3175
319 1548
871 3860
871 1514
974 2997
974 3977
657 4588
4588 4668
921 3996
681 3996
2315 2994
2952 2994
612 4733
284 612
818 2424
818 1854
2405 3422
410 3422
1138 2298
2298 2423
280 956
956 3703
4669 4680
1155 4680
1856 2372
2372 2585
3604 3899
2834 3899
1237 2411
603 1237
1661 3665
3665 3775
2949 4567
2259 2949
260 3833
260 1224
3063 3966
2630 3966
727 4040
743 4040
1406 4766
1406 4519
2590 3614
2595 3614
1847 4885
2873 4885
1625 3366
1625 4565
1559 3369
1559 3416
1005 1705
1005 1330
1232 2012
1695 2012
677 4311
677 4474
275 2432
275 1698
2179 2825
1985 2179
2889 4157
1257 4157
487 3887
659 3887
662 3582
1901 3582
2072 4878
3555 4878
1793 4435
3753 4435
658 4447
1925 4447
1334 2506
1148 2506
3957 4324
3957 4553
1323 1861
1323 1554
4092 4660
4641 4660
3107 3405
3405 4425
556 1455
1455 4691
1279 4510
983 1279
404 2326
253 404
1369 2678
192 1369
7 1076
7 1568
563 1715
563 3935
2891 4496
3658 4496
505 3224
3224 3867
112 1002
908 1002
2163 2674
1114 2674
1096 3230
1096 4790
1707 4395
1707 4476
1641 4352
1641 3400
2780 4540
3923 4540
3588 4712
1077 4712
90 803
90 4494
2166 3946
2166 3637
623 4052
383 623
1767 2318
2318 3866
4191 4554
432 4191
885 4401
885 1692
3494 4828
1482 3494
2241 3491
2241 3682
1815 3470
71 1815
3873 4303
1563 4303
2677 4090
774 2677
3415 4375
3415 4556
4070 4692
1651 4070
1075 3321
1075 3516
2803 2962
541 2803
1089 3519
1089 3994
771 3503
771 976
710 3991
710 1778
166 1585
613 1585
1474 2398
2398 4959
30 2207
2207 2760
1784 3297
1784 4059
1402 1818
1818 4236
1050 1962
145 1962
1427 3886
1427 2491
735 2553
735 2234
1684 3786
3755 3786
834 2885
834 1898
576 4990
4794 4990
678 722
678 2969
98 1466
1466 4963
3657 4796
3657 4282
4103 4504
189 4504
1314 3378
5 3378
1704 3692
1704 2313
2981 3444
2981 3376
2266 3347
1260 2266
97 1037
97 484
157 4274
2325 4274
1689 3342
1689 3542
668 2977
668 4852
2510 3084
1215 2510
1954 3986
3438 3986
103 1135
103 1123
1083 1228
1228 3684
1246 1338
1246 3639
2926 4129
847 4129
767 2469
767 4332
4388 4614
426 4388
450 4215
450 1501
757 2725
2717 2725
667 3500
667 1013
617 2069
617 1750
1004 2428
1601 2428
2365 2507
340 2507
895 1566
895 4659
4273 4528
4187 4273
1569 4960
1513 4960
586 648
648 2870
263 4727
263 3212
3192 4938
3728 4938
2611 4700
1893 2611
1293 3421
3421 4671
48 4198
4198 4450
292 4152
292 1788
886 4194
886 2224
608 622
608 1381
632 4625
447 4625
3170 3629
3629 4132
3073 4452
3073 3780
144 2123
144 4817
474 3032
474 3295
1809 3895
3895 3900
2808 4580
675 4580
148 486
148 918
736 3392
2759 3392
3322 4217
111 4217
2059 2199
1266 2199
3495 4940
2257 4940
3343 3731
3343 4293
2785 4695
840 2785
492 2459
1700 2459
508 3215
3215 4536
1511 4422
3004 4422
1776 3064
3064 3839
1326 4327
3612 4327
190 471
471 1930
2115 3371
2115 4780
2833 4270
2833 4106
1940 3036
1940 4525
2145 4301
3661 4301
1438 2946
2946 4255
1647 4138
1647 2827
2060 3747
2060 4562
311 1646
311 619
3172 4778
3172 3323
2156 4949
3426 4949
3105 3383
395 3105
1080 2649
1080 4221
266 2660
515 2660
420 1505
420 472
621 2288
621 2450
2279 4619
645 4619
4057 4628
2984 4057
323 3389
2161 3389
178 374
178 570
497 1605
497 2290
3782 4232
1604 4232
3223 4968
1204 4968
1173 3517
1173 4499
2231 3186
2231 4782
646 1832
1832 3080
2633 3354
2633 4569
992 1797
1797 3249
2591 4118
1139 4118
1264 4925
488 4925
1197 4550
1197 2194
2039 2894
1819 2894
2093 2493
2093 4915
1196 1202
1202 1957
2799 4832
397 4832
1171 3441
1171 1853
1560 3608
1560 2604
70 2033
70 4646
4808 4946
2699 4946
2055 2195
2055 3669
3118 4850
2185 4850
4316 4503
591 4316
1184 4353
2228 4353
4031 4244
2314 4244
3094 3498
3094 4650
3603 3825
1103 3603
184 3744
184 3475
159 3836
159 1869
2400 4075
2140 4075
1441 2624
1913 2624
2908 4003
865 4003
866 4107
1676 4107
2153 4082
256 2153
1519 3219
1134 3219
1630 1701
642 1701
467 2928
467 1393
3769 4445
3761 4445
66 1416
4 66
2096 3553
2096 2197
288 3181
288 2953
202 2018
202 4618
182 3469
547 3469
1933 3667
3375 3667
3348 4995
1803 3348
1203 3810
3810 4636
1596 4432
4211 4432
309 4991
2572 4991
2647 3741
772 2647
873 2956
2956 4563
593 3525
3525 4993
1352 4548
1352 2388
1509 4597
191 4597
2665 3711
1409 3711
531 3311
3013 3311
2941 3932
3932 4037
2884 4749
2884 4025
1111 4394
1304 4394
108 408
108 2673
2113 2843
2843 3967
310 4891
310 1910
2080 2708
2080 3725
2691 2862
2147 2862
1771 1886
1771 2584
3742 4403
3742 4243
1941 4175
2120 4175
208 1981
1981 4854
931 4458
146 931
2913 3270
2906 2913
1728 2919
2919 4128
1378 3705
1378 4844
1412 2348
1254 1412
2046 2128
1307 2128
660 3727
660 977
2272 4237
869 2272
1053 1430
1053 2032
155 453
453 4803
470 1054
470 4882
1125 1510
1125 2879
1840 1969
626 1969
1537 3303
1537 4008
693 1690
693 4355
1672 2466
2466 3841
3636 4734
2196 4734
265 4149
265 4753
1471 1549
1549 3683
1785 2297
1785 2729
3800 4083
3439 3800
2383 3189
3189 4812
1211 2776
1211 1670
249 2437
249 4726
764 2746
988 2746
69 2327
69 4935
1457 1983
962 1457
1711 1748
1711 4170
312 647
647 1677
2109 2957
1225 2109
2401 3931
698 3931
2559 4345
3596 4345
4307 4527
4307 4517
257 283
257 1199
2652 2929
2135 2929
3646 4258
218 4258
1578 1664
1144 1578
3146 3720
1079 3146
672 4609
672 1350
3548 3572
3572 4874
141 3001
141 2471
3602 4888
2848 3602
702 1795
702 1796
883 1845
883 2812
909 2286
1947 2286
2555 3673
3253 3673
3878 4108
3817 3878
252 2521
2521 4577
2943 3280
3280 4564
697 733
733 1480
355 3099
355 1848
2349 3388
430 3388
424 1921
424 2925
422 2627
422 635
3151 3771
3771 4096
1792 4408
2650 4408
2663 2793
350 2663
2750 2822
728 2750
2676 4538
754 4538
2838 3531
1414 3531
3587 3649
2569 3649
587 4150
587 1492
179 3760
3563 3760
1905 4539
1905 1911
2755 3083
18 2755
788 2191
788 2274
1987 3178
899 1987
1544 4772
3025 4772
32 440
32 1160
1995 2961
1995 3634
832 4343
2117 4343
1857 2636
2636 4999
49 2351
336 2351
402 1276
402 4028
1161 3241
1161 2304
978 3911
978 3723
2248 4023
65 4023
1652 4449
2025 4449
83 3070
874 3070
1683 4603
2830 4603
1063 1674
1674 4816
1663 2743
1234 2743
180 2278
2180 2278
153 2295
2295 3532
1434 2253
2028 2253
392 3856
392 1465
1666 4718
848 4718
2041 3907
1379 3907
1315 2525
1094 2525
2256 2904
1476 2904
2336 3535
3191 3535
129 2373
1133 2373
2920 4851
217 2920
738 1189
738 4524
1217 3476
1217 4283
1142 3390
3006 3390
352 3743
1147 3743
3852 4044
3497 3852
2381 2706
1428 2381
122 2038
122 1555
634 1618
634 4507
28 565
28 4011
2309 3903
3903 4608
3052 3393
454 3052
892 4491
534 4491
1889 4300
1388 1889
2010 2247
2010 4570
2556 3864
2744 3864
3910 4035
223 4035
1541 3583
1093 3583
2204 4745
2204 4645
1012 2621
1012 3158
3513 4308
2190 4308
2026 3324
2246 3324
2777 4124
1018 2777
527 2105
527 4102
2711 3398
3398 4932
1493 2463
1493 1956
1816 4039
2101 4039
1807 4207
1101 4207
884 3586
2440 3586
46 4662
3149 4662
760 2740
995 2740
581 1766
581 1403
316 2192
316 2657
177 509
177 209
4427 4758
1156 4758
585 1060
585 4014
1844 3387
1844 2783
1870 4954
1095 1870
3854 4978
1106 3854
1858 4586
3948 4586
3121 3340
3121 3536
1359 2208
2208 2965
1637 3436
1637 4687
1284 4561
2468 4561
2441 3461
2441 4184
2519 2732
1504 2519
92 928
928 4665
238 3815
1286 3815
2603 4831
1398 2603
232 3521
232 3273
1989 2802
185 2802
1292 3662
1292 3210
2390 2784
2784 3861
11 3123
2374 3123
3367 4404
3081 3367
140 4051
140 1699
942 3334
3334 3428
758 1124
758 2337
3200 4348
2456 4348
1530 4264
742 4264
779 1755
333 1755
403 1538
1538 3065
1222 4419
897 1222
428 3209
428 1556
3030 4005
281 4005
2933 3668
1496 3668
2054 2442
2054 2552
1194 4285
1194 1656
3631 3766
3631 4721
2637 3672
3672 4021
1679 2230
2230 4785
3976 4698
2520 3976
1277 2078
2078 3704
2216 4871
2836 4871
2719 4151
2537 2719
2769 3022
744 2769
2053 4735
2053 2560
1345 3185
1924 3185
1730 3021
1730 3055
1621 3150
3150 3820
1627 2146
156 1627
3141 4297
3575 4297
194 3763
3306 3763
3310 3922
1721 3310
2597 4142
4142 4975
2158 3918
2158 2620
3327 3919
2099 3919
1534 4317
777 4317
2526 3458
3458 3537
3850 4457
3850 4834
1706 1912
1706 2291
752 2578
752 1801
3259 3312
3259 4155
822 4906
1975 4906
718 4693
872 4693
1200 4487
1200 2655
3757 3952
2534 3952
4374 4461
2181 4374
1411 4893
4655 4893
1426 1835
984 1835
604 1477
1477 3824
1052 2911
2911 3053
2358 4866
3803 4866
4292 4506
4506 4981
1373 2262
934 1373
1603 4629
1603 3865
2523 3326
2523 3016
2592 2945
1982 2945
2612 4547
4547 4598
3594 3624
916 3594
322 2429
322 4231
3522 4848
1506 4848
1965 2415
2415 3480
13 4407
4407 4792
519 1417
519 3561
1285 2458
1187 1285
233 4046
4046 4783
1415 2605
1512 2605
937 4971
937 1453
1372 2768
1372 2037
2076 2700
2700 3533
2169 4436
2169 2478
2915 3089
2936 3089
1113 2006
2006 3988
1643 3758
1643 3284
210 4185
1871 4185
2976 3197
3197 3554
2356 3773
3773 4737
1387 1735
1735 4939
3276 4143
1572 4143
19 2866
2866 4985
1022 4022
4022 4934
2347 4429
3318 4429
372 1945
1945 4469
2670 3033
1999 2670
1366 2980
2837 2980
2116 2646
2646 2723
607 2989
89 2989
1003 4895
4248 4895
338 795
795 2733
1791 2703
1791 3448
1157 1878
968 1878
201 827
201 2694
2363 4123
2363 4004
444 3979
444 2728
128 1353
1353 1515
1423 4806
4806 4873
2386 3778
1553 3778
3472 3730
641 3472
924 1269
924 4523
2871 3145
2303 2871
94 568
568 1533
833 4626
4454 4626
2261 4367
1675 4367
203 314
314 2640
815 1432
80 815
306 3874
1837 3874
413 3484
1294 3484
802 2273
20 802
77 1015
77 161
219 3137
219 462
906 4113
906 4250
480 2658
480 812
473 3057
3057 3391
304 4520
3385 4520
1278 1843
1843 4331
295 944
944 4488
800 2339
800 1014
375 2864
375 1132
1288 4122
1876 4122
1714 2567
1714 4886
2213 4402
714 2213
2328 4281
2328 2715
3314 4251
4251 4455
820 3962
820 3182
1885 4340
1745 4340
188 750
188 2628
2972 3301
2972 4034
4420 4443
2067 4420
1976 3930
3930 4220
230 3524
837 3524
224 3214
224 367
478 2211
478 559
2893 4927
2893 3059
405 792
792 1988
1993 3822
1993 4224
620 1460
1329 1460
143 1888
143 2693
997 2410
2410 2731
3103 4015
3616 4015
891 4296
891 4714
2137 3560
3560 4788
2872 3156
3156 4688
439 2661
439 3238
55 4640
55 2790
1112 1158
1112 2121
858 3176
858 3581
2472 3058
1082 3058
2436 2899
1650 2899
4647 4956
4566 4956
1331 3607
2499 3607
550 3496
550 3131
959 2438
2111 2438
894 1177
68 1177
438 4298
438 3247
2558 3576
2558 2999
1028 2937
41 2937
2818 3423
3423 4154
1709 2484
1709 2824
198 502
198 307
2618 4771
1109 4771
365 3126
365 1108
200 3489
193 200
35 2820
2820 3750
2394 3633
2382 2394
1565 4101
1565 1897
1 2781
2781 3024
1447 1974
1974 3465
572 2074
572 2529
1206 3468
2058 3468
2329 4941
553 2329
168 2110
168 3609
2104 4787
1655 2104
1877 3710
429 3710
4043 4313
106 4043
2132 3902
2034 2132
2527 2531
2531 3243
3471 4010
2512 3471
518 1461
670 1461
1328 3050
436 3050
2540 4858
2540 4905
1220 2324
2324 2343
247 1347
247 3960
1097 3143
133 3143
2639 3681
2533 2639
272 2412
272 4970
713 4135
713 3992
42 1525
42 2243
1874 3955
2502 3955
2988 3875
3079 3875
1339 3305
1339 4467
734 778
778 2155
3700 4922
765 3700
54 540
540 2414
4602 4611
2157 4602
138 3557
2878 3557
1418 1570
1418 2724
770 2447
770 4304
846 1255
846 3630
598 4373
1606 4373
1557 4986
1557 4483
2748 3980
1195 3980
1320 2402
2402 4095
3713 3802
3713 3770
2239 4573
861 4573
2141 3122
3122 3610
3255 3882
1626 3255
2539 3066
2539 3319
4708 4798
1122 4798
1262 1633
1633 2902
1964 2686
1386 1964
3462 4041
3351 3462
2577 4916
1623 2577
1249 3258
1249 3251
348 3035
104 348
2805 3368
1783 3368
33 1039
1039 4814
3061 3940
3940 4262
1852 4543
278 1852
1718 2376
1718 4754
4153 4357
2600 4357
2097 4822
2097 4465
2667 4574
2667 3349
685 4575
685 4709
3547 4531
1508 4531
1949 3140
1152 1949
853 2551
2551 4424
246 1405
1405 4091
1090 2940
174 1090
2310 4720
1697 2310
4027 4590
831 4590
2813 3974
3809 3974
3015 3076
2974 3015
776 4724
2680 4724
163 4623
163 2616
1810 2518
1820 2518
1325 1354
1325 3129
4216 4675
952 4216
1333 3363
1221 3363
2697 2996
2996 3879
1100 1251
1100 3514
3018 3627
1524 3627
2294 2498
2294 2445
407 2380
910 2380
2623 4389
2623 4498
2035 4987
4686 4987
3959 4453
3171 4453
1775 1928
1928 1934
2225 3722
2741 3722
719 2547
1838 2547
2635 3789
3789 4252
3320 3453
2143 3320
135 3049
135 1209
50 4029
4029 4440
2178 2345
2345 3292
520 2000
520 1245
630 4750
3211 4750
267 4500
267 960
1180 2542
2542 3279
3729 3913
782 3913
1439 1500
864 1439
787 2051
227 787
2332 4084
2332 2417
2598 4036
4036 4824
1724 4460
475 1724
332 1467
1467 3838
331 2217
331 4390
175 181
175 259
419 3584
2187 3584
575 1137
836 1137
