4999
]][[][][[[)([)](([)))][([)([[(]])[[[)))))[))])]((]]([(()()([()[])][([[)([][)][]]((][[((]][))[()())[)[[([[(])]()()[][])])))[([][)]([]]][])())[]([])(]]()((]][)[())[)])([(((((((][(])])(]][))()(][]())(][)[][[)((])((]])[)]()([[[((]]])[])(][))[[))(([[((])]()()])][))[(][[[]))])])][((((][(()][[]][[(((][)[((([()((()]]())][()[)))]](([]][)[())[]]()[]]][][[[([(()(])[())[[[)][)[[])[)])[]]()](([)[]][]((][[(])(([](][)([)][]([))))]()()()][]][([)[(()[[])](])][])[))(])][([)[()[(([[[)[]](][()]]](]([([(])())(])(()[)([(])([[))(])))))(](()(([(([)[)())())]((]][))][([[([[)])])[[()[)(]]])([()))][)(()[[])]())][(((]][](())))](](((])([[))([[][(()([]])(](][])))))))()]((([(([)())]])]))[)[[)((]])((](]](()[)[(][([([)][)([[()])][])())([[([(((()([))])([[)([][(][]](])]]([][]])]()[[))))(](((](]))([]([])[(])][](([])[][)])(([](]())[][][[[][)([[[]](((((]]]]()]]])([([()[[(][])][)([(][[((](]()()[)(][))(()]()])())[][[)))(][([)((]]()]()])(][])[)()[()([)[))))))[][]]([[)(])()(][[])[)))([)])(])[[[(][]][))]([)()(][()]([)[[([)(([([])])](([)[[(][()()(][[[])]]])))][())[([[)]][)[[((]())]][[][)[))(][)][]](([]([[(]][(()[[)]](])[))]]))((([]])(])())[)))]]][)[)])][()))([]([)[)([]))))(][([[)[(()]())([]][])(((()([(([](])(](()([])(][((](((]()[))]][))[][([[][)[][]((][]])(([)(((])[]((][(])(](]([]))[([))[)([([]])[])[)(][)[(())[]](](([(]])[])([[)[(][])][[[[([(]]])(([]]))]]])[(]]][)[]((([)(]]()](([]))(()]]([)])[))(][(([)[][([[]][]](((])][]([]]))((][[])()((((([[([[[)([()])[)(]()[](])[[[]([]([][]](())(]](([[])[(]((](][)[)((()(()()]()][[[[)[[[]((([([)[([))]])]((])](][()][)()[)(][()((]][[([([][[)([)([)]]))][][)((](][)(][)[([[[(]])(]))))][))(()]]))])))](][]([)(]([)[))()((()]](])]]]][))()][])()][][[](]([]])[])])]((]()[]])[)[[[)])]())]))[))]()])([(](]([]))((([([]))(()()))(]]][(])]())[][)(][[([]](]([[[[(][)([]][(][[)[)]])](([])[([()]]])[))[[(()][([[()[)[[])[[])(]([[([]][)))(]([(]](((]]]([((([]]([]]][(])[)([)[[(][))))())[[][][(([][[))(([([)(]]][]()[((([]([(](][]()()]))[))]])[)(](]]]([(][(])[])[[[])([)((]()(]][))[]]))[)[())[]()][)([])(](])[][)[]))((]][(]]]][)[[[(]]]]])([(((](()()[[][]))([]([]][))](()][]]]([]))(()]])[]]]][])]](]))([]][]([[[[[((](((][[)[[[[)))(()[[)[)))]([(][[])])[]))[(()(]]])[]))]()())))))[()([](([()]()[([[((](])]]])(([][()]([[])]((][[]))()[[]][[[)])[)(])[][]()])[[)(]([[])(])[[)])[[[([())()[])[]([](])()()]])))())(]())(())[)(([[())[]([)[[)(([[[)]])](([(][])]][((([(])()[])]()[][)])))(]()]][(]((((](([]]))[[(][((()][]]])([])[)](][[]][][((()))()[[(([[[())]((([(])[)(](([((]((][[[)[))]][]()]]]](][][)]))]])([]][]])])[((()))]][]](()])][)[])[][(]))(][][[](](])(]()([[][(])([(](()[)[()[][(())()]())][([[]))][]())(])])([((]([(]([])[])]([()[])][()[(]](()(((]([(]()))(])[(]]]))]]()[]([)))]])))[][[]](((()]])](([)]))][](][())](()([[[])[][[([]((()]]()([[][([[]([](])(()]([[]]([(([((](]([([(((])))[])](]))()()]((])(]]))]()()]]][([)](())([](]][)[([()[([]()[[)]()](((([][)((]])[())))()[)])(())]([)])]][]][)))[][([]([][()(([]()[))()[])[([)]])))))[[]]](([(][[)()]]()[][[]([)((()()](])])([[](]])[][])][)))())]()[]]]([[)[]]((()[([([)))][)((([)[))][[))[()[[([([[([)[(]])()[(]][](()[))(([])]](]()(])]())()((]])])]]()[][[)]][)](]](]]][))(([[]())[](][([[(]][)([(])[[)[((](]]())()(])()]))([)[]([][)][((([)))[))[[[)[[][]((]])])[((([[)([]()[())))([[[[((]([)[((])(()))([[[)])]]])](]())))([)(])([[)])[])()])[][][[(()))[)[([(]]())))(]][][)](([])[(((][[([)](]))([]([(([](][[[][)(]])[]][[[))[[)](])[)())[[()(())([(])(])(]((()[]][([])(]([][(]]]))[(][]()[())(()(([[))(][)]][[)[()]]](())(](]))))[(]]([)[[]][[([))]][)[[(([])(][)[[]))[)](()([())(([)([([[(]))[[([]((][[(][([()([)][)[)(])[()])]([))(][[[]))](()[]))()(]][()))[)]]]()[[([)]]))(([[)]]][))]]]])[]([[)[(((]()[(])))))[)]]([[[[()]]([))[]()))[][)(](([((([)[)]]]]([][[][[[]()][][[](()][[][[)(][(()()[(]])()[()]]))])[)][[]([)[(()[([()()])(]][[()[[[(][()]([][]([][[](][)()[])[[[[(][)][()](()[)][[[]]()()]]](([][[)([]]([[]([)[()[)]][)[[)))][[)[()[[((]]([)[](((])[[][))))([][[)((([(][)(]])](]](((([][])[[))]])))([((([][)])[[))))[]([)[][][)([()[[[]])](([[)[]])[[)[[))([]())())()(]](]](]))[)](])))()(]([[)[])())[(][(])[]])[)][[(]]]])](()[[([()())]][][]()]][[(][[(](]][[][(]]][)])[)())[([)[(()[[[]]])()())]][([]][))()(]()(([]]][([)[]([)]))))()]))([)]))[[]][([[)]])]][()]()]((](]]](]][(][[][(([))(])[))]][[[[][](][[))[(()[())][]]((]])][(()))[(](]))()])([())([[[)(])([)[[[][(((](((([[()][]()[[[)()[([][)[]](]()][(]()[((]([][)[[]))[[))[(](]]]]]]([[]())[)]([(][)(](((([([([(][[[]()]()]])()[())[[()]]])[)[[[([)[)(([)()(]((])[(]([)(](([](]]]())()([[())]]([)[)()][[()())((])))[()([)]([]))][[(((()))([]][]](]))))]]])[)))]()])][)][)[])])[[[[()][[]])([][]])(((()()])()[[]((([[[)[)))[])[]((][))(][][]([][]))))])[((]][]](]])](]]]()(])][[]([())[((()()])[)]]]]))[()[((][(]([)]][]()(](]](][(]))[[(([([((])(])((]][](([[(((]])]((][)](()(()(())])[)]])]([((])([][))])(])]])](]([[[)](]]([([([][(]([])([([[]))()[))([])[[])]()])(])))[][[](]))]](()(()[)([))[)([)]]()()[[()())[))[))]]][)][()(]])[[([(([]]((][[]]([(]([)))()][())[[])(])()())])(]([]([))(]))(][[])())))([(])[][)[(([))())(]]([(]()]][[)())(([()(](((]([[)[(]))]()([(]
1066 1859
1754 1859
879 1066
1066 3155
1754 3766
706 1754
879 1838
879 1385
1677 3155
3155 3865
3766 4191
2656 3766
706 2778
706 2703
1043 1838
444 1838
1385 2119
483 1385
742 1677
1677 3366
493 3865
3088 3865
251 4191
2239 4191
2270 2656
2656 4364
2778 4133
1308 2778
426 2703
2703 4060
1011 1043
395 1043
444 4497
444 4143
2119 3373
2119 3876
483 2764
483 4432
742 4855
742 3069
652 3366
3366 4784
493 4064
493 617
3088 4218
1948 3088
251 3359
251 3461
2239 3953
2153 2239
819 2270
1780 2270
1287 4364
3487 4364
1489 4133
872 4133
1308 4109
194 1308
426 4655
426 3915
4060 4562
4060 4519
1011 1784
1011 4512
395 3379
395 455
3925 4497
4272 4497
4143 4524
1739 4143
2705 3373
3373 3459
3555 3876
304 3876
949 2764
2263 2764
1197 4432
761 4432
3682 4855
589 4855
1894 3069
3011 3069
652 2955
652 4407
3979 4784
788 4784
904 4064
3178 4064
617 1691
617 3678
2636 4218
4218 4641
661 1948
1948 2203
211 3359
3359 3517
3461 4072
1118 3461
3953 4814
1152 3953
2153 2851
2153 2372
819 4351
819 1818
1780 3529
1079 1780
1287 2207
1287 4965
1925 3487
1714 3487
808 1489
685 1489
872 1071
872 1608
1633 4109
3818 4109
194 3336
194 1205
287 4655
1508 4655
3915 4790
3915 4630
3742 4562
64 4562
4369 4519
3242 4519
1784 3286
502 1784
1519 4512
182 4512
2377 3379
3071 3379
455 1768
455 3554
3099 3925
1801 3925
3149 4272
2331 4272
4040 4524
1738 4524
1739 4682
1739 2790
2229 2705
2705 4084
3459 3934
280 3459
2462 3555
1398 3555
304 1373
304 914
949 4514
949 2143
1837 2263
1571 2263
1197 3496
1197 3455
761 3609
761 4440
1345 3682
3682 3817
589 2974
589 2443
1894 2630
1894 4020
3011 3632
3011 3700
563 2955
2955 4909
1391 4407
1291 4407
950 3979
3792 3979
788 3935
620 788
904 2904
904 3445
334 3178
2217 3178
1691 4158
1691 3327
1046 3678
2346 3678
1501 2636
1853 2636
2356 4641
4641 4786
535 661
661 2581
2203 4204
2203 4345
211 3983
211 3993
3180 3517
456 3517
2608 4072
977 4072
120 1118
1118 3426
1733 4814
564 4814
1152 4038
1152 4234
2644 2851
1945 2851
128 2372
2372 3287
2037 4351
3332 4351
1818 3135
1818 3082
3529 4955
1766 3529
1079 4925
1079 3562
2207 3789
265 2207
4228 4965
1915 4965
1925 2133
1242 1925
1714 3360
1714 2900
808 3570
808 2945
685 4640
685 3571
153 1071
38 1071
1608 4090
1608 3717
1633 4945
1633 1906
305 3818
3818 4187
2580 3336
3336 3403
1205 4730
61 1205
287 2519
287 4300
1508 2602
1508 4324
4186 4790
2268 4790
1025 4630
2018 4630
3118 3742
3742 4124
64 3046
64 2039
1797 4369
897 4369
1761 3242
682 3242
249 3286
3176 3286
502 2030
502 2242
42 1519
1519 3923
182 3239
182 2251
2377 3175
2080 2377
542 3071
3071 3997
1650 1768
1768 4319
1033 3554
3554 3844
3099 3699
275 3099
438 1801
1801 2780
539 3149
3149 3191
2331 4358
2331 3080
4040 4086
2596 4040
1738 2624
1738 3206
3030 4682
3382 4682
2790 4692
2507 2790
854 2229
2229 4430
598 4084
2416 4084
1912 3934
1386 3934
280 3966
280 3796
2462 2787
1772 2462
1398 1880
895 1398
173 1373
756 1373
914 1863
914 2184
4514 4578
2524 4514
2143 3292
1221 2143
362 1837
1837 4883
1571 2820
1571 4054
3496 3941
3496 3785
3455 4975
922 3455
536 3609
3609 3653
1984 4440
4440 4598
511 1345
1345 4462
3210 3817
3817 4068
1048 2974
2950 2974
2443 3205
2443 2629
2630 4418
578 2630
2477 4020
1462 4020
406 3632
3632 4034
2610 3700
2906 3700
563 1794
563 1533
3510 4909
1621 4909
1391 2211
1391 1889
1285 1291
1291 2323
950 2417
950 3453
3792 4859
3390 3792
980 3935
3772 3935
620 1697
620 2605
2396 2904
2904 4651
860 3445
3352 3445
334 3581
334 436
2217 2897
508 2217
75 4158
1502 4158
529 3327
3327 3502
1046 3644
74 1046
2346 4019
1439 2346
1501 4069
1501 1567
1749 1853
1236 1853
1295 2356
2356 3224
2744 4786
1136 4786
535 4978
409 535
2364 2581
2581 2640
4204 4753
2166 4204
2680 4345
732 4345
203 3983
1171 3983
2953 3993
3849 3993
3180 3465
266 3180
124 456
456 4009
2289 2608
2608 4613
977 3340
977 3401
120 2340
120 4803
2446 3426
3426 4400
806 1733
416 1733
564 4122
564 2538
3177 4038
2361 4038
217 4234
3677 4234
427 2644
2644 4048
1945 4737
1790 1945
128 4898
128 453
3287 3813
1667 3287
2037 2563
2037 2399
3332 3518
3332 4941
736 3135
3135 4852
2689 3082
3082 3302
1511 4955
2321 4955
1766 2173
1766 2492
4366 4925
2645 4925
1980 3562
35 3562
3226 3789
3705 3789
265 4274
265 3893
3946 4228
4228 4367
1915 4387
1915 4700
785 2133
1757 2133
1242 4179
1208 1242
3360 4867
256 3360
939 2900
2900 4479
3570 3928
1405 3570
2945 4720
399 2945
4163 4640
2807 4640
3571 3889
1536 3571
153 4478
153 1326
38 3216
38 198
4090 4662
683 4090
352 3717
3431 3717
3023 4945
852 4945
1906 2319
1906 2335
305 4837
305 3014
2333 4187
4187 4747
1234 2580
2580 3425
2400 3403
2482 3403
2561 4730
4730 4749
61 2122
61 1017
622 2519
384 2519
3376 4300
1500 4300
2602 4348
2602 3618
894 4324
1052 4324
2577 4186
3001 4186
641 2268
2268 4035
1025 4735
1025 1091
2018 4830
850 2018
3118 4684
229 3118
1293 4124
874 4124
3046 4426
2444 3046
370 2039
1292 2039
1797 4445
1797 3668
897 911
897 4808
1761 4540
1761 3888
682 1211
682 4342
249 4178
249 332
1124 3176
1614 3176
2030 3639
1809 2030
608 2242
2242 3126
42 527
42 1850
3923 4474
464 3923
2890 3239
3239 4307
2251 2901
1565 2251
3175 3189
2658 3175
2080 4944
2080 3845
542 1460
542 2224
3997 4725
3997 4409
599 1650
363 1650
1957 4319
191 4319
1033 2363
1033 4413
1521 3844
375 3844
2141 3699
2922 3699
275 2009
275 3204
438 4573
438 3372
1347 2780
1747 2780
539 2571
539 4286
3191 4415
3191 4727
2911 4358
3013 4358
196 3080
101 3080
800 4086
4086 4642
2596 3787
2596 3583
1064 2624
1074 2624
1966 3206
477 3206
3030 3773
2619 3030
2668 3382
3382 4677
925 4692
2984 4692
1248 2507
1407 2507
854 3313
854 4298
4151 4430
8 4430
598 2432
598 2880
2416 4022
1271 2416
968 1912
1827 1912
1386 2001
1386 2012
3744 3966
3564 3966
2267 3796
3796 3962
1068 2787
2787 4736
1772 3537
1772 2510
1686 1880
1880 4433
895 3733
895 4065
173 2686
173 693
756 1659
327 756
1863 3351
22 1863
2184 4053
2184 4526
4578 4654
4330 4578
2306 2524
2524 3035
3292 4002
3292 3363
1221 4748
1221 2813
362 845
362 1743
3019 4883
4883 4980
1658 2820
2820 3580
1705 4054
126 4054
1356 3941
219 3941
3780 3785
1444 3785
4264 4975
4967 4975
922 1513
922 1070
536 2219
536 1574
3653 4128
3653 4897
1984 2247
1585 1984
4408 4598
4598 4981
511 1035
511 3031
649 4462
4202 4462
1670 3210
3210 4237
4068 4915
3098 4068
1048 4379
981 1048
258 2950
1831 2950
2461 3205
1641 3205
973 2629
2629 4838
4024 4418
1893 4418
578 2784
578 1887
744 2477
2477 4554
168 1462
1462 3112
406 2269
406 3053
209 4034
2903 4034
1431 2610
2610 3720
991 2906
2906 4743
1794 4842
689 1794
1533 2859
1533 4412
942 3510
3317 3510
1621 3107
1261 1621
2211 2398
193 2211
1172 1889
1889 3042
1285 2707
1285 2291
1088 2323
2323 3246
863 2417
440 2417
1120 3453
3453 3910
4335 4859
396 4859
908 3390
3390 3665
980 3596
980 3512
1597 3772
254 3772
1590 1697
1697 3093
2605 4437
2451 2605
2396 3793
2396 3260
1539 4651
525 4651
860 1783
860 1718
3108 3352
2934 3352
1277 3581
3581 4278
436 946
436 2011
2897 4717
1858 2897
508 4463
508 1034
75 1556
75 4247
1502 3421
887 1502
418 529
529 4899
1569 3502
1058 3502
3644 4373
3195 3644
74 2755
74 238
1116 4019
23 4019
1439 4711
1140 1439
3181 4069
3657 4069
1567 4597
1567 4085
1447 1749
1001 1749
1236 3499
618 1236
1295 3326
1295 1583
630 3224
177 3224
2744 3680
1704 2744
1136 2853
1136 3040
2459 4978
4785 4978
409 2091
409 2918
2364 3837
595 2364
2640 3348
2640 4762
4753 4914
491 4753
2166 4098
762 2166
2503 2680
2680 4933
732 2651
732 4155
203 500
203 3821
1171 3586
1171 1886
398 2953
2456 2953
2328 3849
2227 3849
2194 3465
716 3465
266 3602
266 1073
124 781
124 1535
3524 4009
2235 4009
2289 3117
2289 3906
1457 4613
3225 4613
1987 3340
3340 3990
1226 3401
3401 4947
310 2340
2340 4444
2393 4803
2942 4803
339 2446
1620 2446
3747 4400
4394 4400
806 1852
806 4531
416 2149
416 1491
3549 4122
1505 4122
1591 2538
2538 3523
97 3177
1170 3177
408 2361
2107 2361
217 4520
217 3441
2616 3677
2179 3677
427 905
427 1371
3008 4048
3827 4048
4310 4737
4284 4737
1790 3417
1790 4500
3407 4898
1342 4898
453 1752
453 1611
2728 3813
1096 3813
1667 2921
82 1667
1637 2563
308 2563
2399 4301
2399 3939
3518 4706
1466 3518
4468 4941
3269 4941
736 3092
736 1202
3642 4852
2109 4852
2689 3237
263 2689
3302 4339
3302 3879
1511 2961
655 1511
2321 3674
2321 4499
2173 4760
1382 2173
2492 4964
2376 2492
695 4366
1432 4366
1270 2645
2645 4676
1980 4125
792 1980
35 3244
35 2986
3226 4545
2929 3226
3705 4182
3705 4533
2555 4274
928 4274
3294 3893
767 3893
3946 4327
106 3946
614 4367
463 4367
4387 4534
2102 4387
469 4700
4456 4700
785 2147
785 4924
1178 1757
1757 4419
1557 4179
1430 4179
1208 2139
1208 3832
2531 4867
2124 4867
256 458
256 969
262 939
939 2720
4190 4479
1911 4479
710 3928
1337 3928
629 1405
1405 1553
2582 4720
1685 4720
399 4616
399 3830
3936 4163
4163 4873
870 2807
1728 2807
2572 3889
549 3889
1536 2992
1536 1630
108 4478
2693 4478
1326 4477
1326 4771
3216 3952
2774 3216
198 1900
198 933
2090 4662
3859 4662
683 1589
683 3916
352 992
352 4593
2826 3431
1105 3431
1349 3023
3023 3619
852 2495
852 1828
2271 2319
873 2319
134 2335
2335 4276
1322 4837
4621 4837
3014 3166
3014 3339
2333 3255
1245 2333
2516 4747
3514 4747
1234 4788
1234 4912
2520 3425
72 3425
1375 2400
675 2400
700 2482
2482 2989
2561 3961
172 2561
4749 4938
3463 4749
797 2122
2122 3437
1017 3330
179 1017
622 3695
622 4252
384 1813
384 4134
573 3376
2761 3376
1406 1500
522 1500
524 4348
1755 4348
3618 4312
2218 3618
894 3851
894 1994
1052 1653
1052 2889
2577 3740
1210 2577
2081 3001
3001 4694
641 1038
641 959
1334 4035
507 4035
4451 4735
2865 4735
1091 4672
1091 3223
2101 4830
3633 4830
850 2825
850 1595
2273 4684
4684 4993
229 3892
229 4570
1293 1578
1293 2314
874 1610
131 874
506 4426
3631 4426
2444 3863
2444 3799
370 4506
320 370
1292 1978
314 1292
3777 4445
681 4445
2854 3668
1566 3668
911 4482
911 2428
853 4808
2752 4808
4540 4638
3588 4540
2345 3888
1144 3888
1211 3522
268 1211
3505 4342
4008 4342
2423 4178
722 4178
332 3277
332 1656
680 1124
144 1124
1614 4670
1614 4521
2378 3639
999 3639
1809 2849
1213 1809
608 4840
608 4683
639 3126
3126 4701
527 4686
527 3972
1850 1881
1247 1850
3197 4474
4474 4767
464 3802
464 2435
1700 2890
2890 4635
1031 4307
3392 4307
898 2901
2901 3969
1565 2532
1565 2560
3189 3852
1820 3189
1582 2658
2658 3634
878 4944
3300 4944
3578 3845
3845 4550
1460 1549
1460 3866
2224 2657
2224 4260
360 4725
3839 4725
331 4409
2317 4409
599 1552
599 4778
363 4027
363 1777
1049 1957
1957 3803
191 2628
191 3095
1182 2363
1441 2363
4413 4503
3560 4413
1521 2517
1521 2665
375 4066
375 2240
2141 4811
2141 4849
2922 3976
1062 2922
2009 3316
2009 4106
3204 4233
786 3204
18 4573
1328 4573
2913 3372
3372 4920
1347 4911
1347 1572
1747 1919
1747 1901
1527 2571
1368 2571
2127 4286
4286 4800
1716 4415
1401 4415
2867 4727
735 4727
2741 2911
2562 2911
2245 3013
2297 3013
196 2429
196 503
101 532
101 667
800 4469
800 2969
100 4642
3156 4642
1400 3787
1932 3787
1596 3583
3583 4902
81 1064
1064 3811
1074 4901
243 1074
1024 1966
1966 4903
477 4704
477 4587
3228 3773
3516 3773
1009 2619
466 2619
1481 2668
382 2668
345 4677
2899 4677
925 2338
925 1546
2984 4127
2984 3592
1248 3509
552 1248
461 1407
834 1407
3313 4386
221 3313
1380 4298
102 4298
719 4151
1179 4151
8 902
8 3198
149 2432
2432 2553
2880 4648
2880 3323
4022 4349
2296 4022
923 1271
1271 3472
968 1357
968 1626
1369 1827
31 1827
281 2001
2001 3949
111 2012
1217 2012
3744 4362
2201 3744
2332 3564
1384 3564
401 2267
2267 3384
247 3962
521 3962
400 1068
1068 2311
4583 4736
1188 4736
3537 3885
3423 3537
2510 3648
2510 2590
718 1686
1686 2303
4433 4715
4243 4433
842 3733
3703 3733
3297 4065
2302 4065
2686 2845
2686 3687
693 4471
693 2769
1659 4404
1659 4781
327 4688
327 1484
2799 3351
26 3351
22 765
22 4948
1376 4053
4053 4380
4248 4526
809 4526
2549 4654
3443 4654
960 4330
3427 4330
2097 2306
2306 2947
2733 3035
2152 3035
2493 4002
302 4002
3363 3676
2352 3363
3688 4748
2440 4748
2221 2813
2421 2813
6 845
845 1950
1743 4365
1743 2919
3019 3662
2980 3019
2765 4980
4831 4980
1658 1825
402 1658
3580 3606
2496 3580
1705 2960
1705 2565
126 2038
126 2406
1356 1856
1356 3501
219 2841
219 793
3464 3780
1395 3780
1444 2436
1444 2738
58 4264
321 4264
2490 4967
2463 4967
216 1513
1513 1698
1070 3673
1070 2641
965 2219
1975 2219
1574 4121
1574 4634
676 4128
3413 4128
290 4897
4225 4897
1558 2247
2247 4223
1585 3778
1465 1585
2128 4408
56 4408
273 4981
143 4981
1035 1996
1035 4446
218 3031
373 3031
649 3768
447 649
856 4202
4202 4536
1670 1708
1670 3988
654 4237
4237 4271
847 4915
4494 4915
142 3098
2385 3098
208 4379
985 4379
981 3547
981 3094
258 2304
258 3836
497 1831
1831 2584
1461 2461
660 2461
1641 4428
1641 2802
973 3243
973 1814
2283 4838
1080 4838
724 4024
1868 4024
1893 2497
1893 4886
2784 3250
2784 4582
1887 2484
1887 3913
394 744
744 3436
3241 4554
1498 4554
168 2021
168 4318
3112 3708
296 3112
1523 2269
2269 3585
1971 3053
3053 4112
209 633
209 2937
2903 4423
2903 4824
1431 2632
1431 1442
857 3720
2196 3720
991 2049
991 3661
4603 4743
3692 4743
1445 4842
4381 4842
689 1844
689 2172
1028 2859
2663 2859
404 4412
3920 4412
942 2611
942 3190
1890 3317
2926 3317
3107 4114
3107 3457
1154 1261
160 1261
388 2398
2398 4289
193 1186
193 3716
1172 2334
1172 4892
2793 3042
3042 3734
1310 2707
1869 2707
2291 4681
1707 2291
1088 2671
1088 3826
3246 4579
3074 3246
863 1878
863 3977
440 4135
440 891
1120 3354
1120 3500
3275 3910
3910 4931
3691 4335
1363 4335
396 3808
396 4007
908 4581
908 3982
3665 4880
3665 4718
831 3596
768 3596
3512 3694
3512 3833
1159 1597
1597 1864
254 3128
254 1554
1590 3492
14 1590
2534 3093
3093 4357
4437 4529
306 4437
2117 2451
1427 2451
2407 3793
2653 3793
2874 3260
3260 3890
1539 2342
1539 3995
205 525
525 2806
1783 4081
1783 2035
1718 3123
1718 3738
286 3108
2151 3108
432 2934
2069 2934
1277 4041
1277 1973
4189 4278
185 4278
946 3654
946 4847
1429 2011
1577 2011
3477 4717
110 4717
1858 2925
1858 3227
519 4463
3194 4463
1034 2811
1034 1947
1556 4208
1556 4972
2058 4247
1305 4247
703 3421
628 3421
887 1123
887 3043
418 3974
418 774
2276 4899
1732 4899
1569 4372
1492 1569
328 1058
1058 3954
4340 4373
4373 4447
1822 3195
3195 4398
1086 2755
32 2755
238 996
238 1496
66 1116
1116 2187
23 4132
23 1997
189 4711
4711 4740
40 1140
67 1140
419 3181
3181 4146
1964 3657
141 3657
3341 4597
1196 4597
1288 4085
2540 4085
1447 2868
1331 1447
1001 2885
1001 3027
1719 3499
1628 3499
618 1206
618 2884
1598 3326
3326 4516
1583 3475
1583 2238
630 2005
630 3730
177 4368
177 2197
2792 3680
545 3680
1704 3315
1704 3050
2853 3309
2853 4142
2162 3040
1631 3040
2459 3183
2165 2459
1910 4785
3285 4785
1843 2091
2091 2592
127 2918
1967 2918
3837 4796
862 3837
595 1884
595 4249
2469 3348
3348 3482
369 4762
4575 4762
1587 4914
1746 4914
491 1409
491 4505
2522 4098
3573 4098
762 4636
376 762
2120 2503
2205 2503
4355 4933
4871 4933
1855 2651
2651 2940
1089 4155
291 4155
500 4851
500 1478
3251 3821
1268 3821
3586 4990
3586 4073
1886 3045
1886 2067
398 2216
398 450
1541 2456
755 2456
2328 4063
2328 4614
2227 2404
1104 2227
2194 2324
470 2194
716 4702
716 2863
3602 4338
1672 3602
1073 3912
1073 3173
781 4895
725 781
60 1535
1535 3901
2471 3524
3419 3524
2235 4907
612 2235
1194 3117
421 3117
1475 3906
1602 3906
1457 3289
1457 1798
859 3225
2478 3225
1987 2840
1987 2700
3627 3990
1006 3990
1226 3129
1013 1226
1702 4947
3015 4947
310 2365
310 2121
4396 4444
1020 4444
2371 2393
2393 2487
2942 4004
2942 3591
339 3930
339 584
1570 1620
1620 2550
1785 3747
3747 4239
495 4394
4394 4574
1852 2017
1852 3965
3148 4531
1095 4531
2149 2655
2149 4523
1491 2766
571 1491
1999 3549
3549 4569
1505 3304
1505 3398
1591 3378
1591 3383
2545 3523
475 3523
97 3593
97 293
1170 2249
720 1170
408 3697
408 2161
2107 4017
1446 2107
1693 4520
2123 4520
2623 3441
943 3441
2614 2616
2616 3994
2179 4601
2179 4013
905 3520
905 1706
1371 2847
1371 2523
730 3008
3008 4299
3827 4454
2222 3827
3113 4310
1867 4310
4226 4284
1301 4284
3266 3417
1896 3417
2488 4500
1381 4500
3407 4240
3407 4250
1342 2106
1342 4863
1752 4417
1752 3343
1611 2341
1611 4663
2728 3702
2728 3887
1096 4729
1096 4723
2921 3032
344 2921
82 930
82 3551
1637 4166
397 1637
308 4815
308 1899
3820 4301
11 4301
3939 4267
3055 3939
4257 4706
704 4706
1466 3755
116 1466
1230 4468
4468 4659
3269 3460
3269 3377
1635 3092
1744 3092
1202 2557
1202 3684
3642 4332
147 3642
17 2109
2109 3711
2702 3237
71 3237
263 3701
263 2699
4021 4339
2349 4339
3879 4745
3879 4927
1560 2961
592 2961
166 655
655 1259
1636 3674
2447 3674
855 4499
3944 4499
2535 4760
1434 4760
1382 1810
1382 4571
2086 4964
1146 4964
121 2376
2376 2669
695 2978
695 2191
1432 2996
1432 3253
1270 2430
1270 1616
3406 4676
2896 4676
4125 4949
4125 4983
792 1652
792 1680
3244 3746
2568 3244
2986 4823
2986 4951
1882 4545
3903 4545
2929 3640
1634 2929
4182 4448
4182 4558
4533 4776
1709 4533
2555 2588
148 2555
928 2972
928 1993
2988 3294
3294 4622
767 3158
767 4165
10 4327
392 4327
106 877
106 2114
614 3122
614 4220
463 619
463 2057
1453 4534
4534 4689
2102 3163
1299 2102
469 4104
469 558
1601 4456
2330 4456
2147 3298
2147 4070
580 4924
4105 4924
158 1178
277 1178
717 4419
283 4419
1557 4416
407 1557
391 1430
1430 2389
1257 2139
1804 2139
2246 3832
1642 3832
2531 3670
2531 3604
224 2124
2124 4709
458 2910
458 4183
969 4171
969 2281
262 2145
262 2135
2424 2720
1315 2720
2852 4190
671 4190
773 1911
637 1911
710 3232
710 4647
1337 2437
668 1337
629 3488
629 4453
1553 3144
1053 1553
2062 2582
841 2582
1374 1685
1685 4639
3861 4616
1411 4616
1811 3830
1654 3830
1392 3936
1233 3936
490 4873
174 4873
870 3545
870 1138
1728 2965
1728 3655
1367 2572
2572 3433
549 2079
549 708
2992 3507
2992 4076
479 1630
1630 4057
108 1605
108 1741
152 2693
2693 3234
2600 4477
3007 4477
822 4771
150 4771
3952 4858
2041 3952
1972 2774
2774 3481
1900 3361
1126 1900
933 2409
933 4665
2090 4078
342 2090
3859 4650
3859 4885
1589 4399
604 1589
2088 3916
3916 3955
136 992
713 992
59 4593
3478 4593
2826 3120
2748 2826
1105 3258
1105 2434
1349 4876
1349 4963
1383 3619
3619 4266
2495 2604
2495 3134
1158 1828
1828 3660
2190 2271
164 2271
509 873
873 1482
134 1963
134 582
4276 4320
3566 4276
1322 1646
236 1322
2935 4621
4507 4621
2795 3166
3166 3635
2551 3339
2855 3339
3255 3786
636 3255
1245 2677
1245 1871
987 2516
1007 2516
2427 3514
1063 3514
4323 4788
747 4788
3546 4912
4275 4912
1323 2520
1276 2520
72 3757
46 72
1375 4334
1375 3051
675 4773
675 1416
700 4953
700 4594
2618 2989
591 2989
1403 3961
3961 4971
172 893
172 2952
1551 4938
4337 4938
594 3463
3463 4099
731 797
797 1423
1306 3437
104 3437
37 3330
3330 3870
179 1671
179 4624
2848 3695
3446 3695
3471 4252
4045 4252
1813 4173
1372 1813
1875 4134
3305 4134
573 688
347 573
2761 4030
1538 2761
1406 2326
1406 3362
522 1045
522 2232
524 596
524 4144
1755 3048
1755 1986
2071 4312
4312 4464
2178 2218
2218 2758
3012 3851
3851 4405
1994 4957
1994 4116
1644 1653
613 1653
2889 4498
2467 2889
976 3740
566 3740
220 1210
1210 2894
2081 3951
2081 4115
4671 4694
4333 4694
1038 2031
1038 3598
959 1807
673 959
1334 2431
200 1334
507 3476
507 1815
3749 4451
615 4451
2192 2865
2865 4620
2048 4672
1240 4672
2737 3223
1857 3223
2010 2101
2101 3469
3633 3922
3633 3978
2825 4117
1081 2825
1595 4201
1595 2751
2273 3493
900 2273
457 4993
3623 4993
1204 3892
3892 4982
844 4570
602 4570
1578 3291
1102 1578
2314 2815
2314 2712
1610 3614
1059 1610
131 1562
131 2261
506 1243
506 576
3531 3631
1428 3631
322 3863
3863 4495
2250 3799
3799 4844
4313 4506
1225 4506
320 3919
320 4491
1978 2198
1978 3452
314 3630
68 314
2051 3777
3777 3924
681 3881
681 3645
2854 2875
99 2854
1566 2136
1566 4841
4336 4482
784 4482
1655 2428
389 2428
853 3006
853 4787
1563 2752
420 2752
1537 4638
1272 4638
3588 3754
3588 4848
27 2345
2345 4422
657 1144
1144 2131
2727 3522
1625 3522
268 2599
268 1989
1228 3505
631 3505
4008 4822
2646 4008
2423 3776
122 2423
722 1648
722 1711
3277 4006
2134 3277
1656 3428
1656 3743
680 3405
680 2511
144 4588
144 2199
553 4670
1280 4670
1094 4521
3898 4521
2378 3816
1618 2378
999 1938
999 4211
2849 2864
223 2849
1213 3569
1213 3335
4673 4840
2839 4840
2832 4683
2084 4683
244 639
639 3882
1227 4701
3828 4701
1469 4686
2882 4686
3972 4000
1265 3972
1223 1881
393 1881
1247 4230
1247 3261
3197 3713
3197 4130
1789 4767
1750 4767
3802 3883
3802 4537
2435 3220
2274 2435
1700 4782
1700 2987
867 4635
811 4635
1031 4721
1031 3693
159 3392
2871 3392
898 4961
898 4126
2410 3969
465 3969
269 2532
318 2532
2560 3207
2560 3652
20 3852
3852 4890
1799 1820
1820 3168
679 1582
990 1582
2892 3634
2643 3634
878 2938
878 3121
3300 4504
1108 3300
3578 4807
468 3578
1072 4550
2220 4550
65 1549
1549 1834
3097 3866
3355 3866
836 2657
2657 3240
3233 4260
3140 4260
360 984
360 2298
3219 3839
988 3839
331 866
331 4591
1960 2317
1924 2317
890 1552
1552 1821
3508 4778
1922 4778
3563 4027
820 4027
422 1777
917 1777
1049 1360
1049 2695
3803 4836
417 3803
2470 2628
1927 2628
2973 3095
1640 3095
1109 1182
541 1182
1441 3119
169 1441
2078 4503
4503 4905
2394 3560
3365 3560
2517 2537
1047 2517
2665 4487
2665 3984
1413 4066
1207 4066
2240 3636
2240 3104
4811 4894
2862 4811
1643 4849
4429 4849
3862 3976
2939 3976
1062 3625
1062 4904
2473 3316
3316 3447
953 4106
783 4106
4233 4460
53 4233
786 2564
786 1037
18 4602
18 838
1328 3162
931 1328
625 2913
802 2913
3429 4920
1264 4920
4485 4911
3133 4911
690 1572
1572 1782
1919 3855
1919 3367
1174 1901
687 1901
1527 3610
1527 3745
1368 3083
1368 3230
2127 4244
2127 2252
737 4800
3763 4800
1716 3875
738 1716
1401 1888
1401 2731
528 2867
2626 2867
735 2667
735 4205
1103 2741
2741 3152
2562 3248
2093 2562
2245 2873
2245 3568
88 2297
2297 4699
2429 2891
2284 2429
503 884
503 3480
532 1842
532 537
667 4011
667 3490
2068 4469
772 4469
138 2969
570 2969
100 3371
100 4101
824 3156
858 3156
1400 3819
1203 1400
1932 2100
623 1932
733 1596
1596 3435
255 4902
2023 4902
81 349
81 3576
3811 3894
3811 4973
2325 4901
3142 4901
243 568
243 3535
1024 3033
1024 4829
4150 4903
180 4903
4704 4960
4637 4704
161 4587
4061 4587
3228 3283
2659 3228
3516 4005
3138 3516
1009 4959
1009 1387
466 3063
451 466
1142 1481
1481 4935
382 1004
382 3710
345 3364
345 3200
125 2899
2256 2899
425 2338
1157 2338
1546 3543
1546 2971
2433 4127
2212 4127
1792 3592
1005 3592
1443 3509
2684 3509
552 3209
92 552
461 778
461 1510
834 1419
790 834
3321 4386
4386 4455
221 2788
221 359
1329 1380
1380 4567
102 4427
102 3004
719 2541
719 771
1179 3299
1179 1713
167 902
902 3605
3198 4713
830 3198
149 3878
149 3590
1379 2553
2553 4215
1002 4648
3511 4648
3323 4922
3323 4141
2188 4349
3111 4349
2296 4062
90 2296
515 923
923 3577
2392 3472
3472 4680
1357 1524
1357 3089
356 1626
705 1626
1369 3938
1369 4480
31 3145
31 4734
281 2089
281 2044
3172 3949
2397 3949
111 4669
111 4528
1217 4370
1217 2498
3054 4362
245 4362
750 2201
1712 2201
70 2332
2332 2414
240 1384
1384 4010
401 1663
401 4241
3384 4259
3384 3527
247 3264
247 581
366 521
521 2163
400 723
400 4424
2169 2311
554 2311
3420 4583
454 4583
1127 1188
1188 1473
3885 4341
3885 4080
2789 3423
3423 4611
3648 4774
3086 3648
2590 2676
512 2590
718 1956
718 3675
2303 3877
2303 3438
2956 4715
3079 4715
741 4243
4243 4288
842 4530
842 3533
170 3703
488 3703
1918 3297
2975 3297
520 2302
753 2302
2845 2923
2845 4626
3687 4441
1476 3687
1696 4471
3444 4471
2769 4172
2769 3603
4404 4488
76 4404
803 4781
3238 4781
757 4688
3542 4688
1484 4161
83 1484
2799 2932
701 2799
26 626
26 324
765 3835
663 765
1452 4948
3422 4948
1376 3788
1376 1378
1530 4380
2085 4380
2981 4248
4248 4770
162 809
809 4119
2549 4789
2549 4015
3443 4765
1016 3443
960 1955
960 1449
3427 3794
3427 4741
2097 2660
93 2097
2947 3905
2947 4609
2733 3970
1467 2733
2152 2742
2152 4511
2493 4434
2493 3515
197 302
302 3271
2066 3676
829 3676
2352 2887
2352 4181
993 3688
956 3688
2440 4167
264 2440
2221 4563
2221 2819
805 2421
1220 2421
6 2059
6 1030
1950 2635
1950 3470
1246 4365
4196 4365
2857 2919
478 2919
1212 3662
3662 4093
2367 2980
2980 4402
2489 2765
2765 3758
692 4831
3396 4831
1825 2801
1825 4555
402 2615
402 3594
565 3606
1729 3606
2496 4242
2496 3486
2960 3933
2168 2960
794 2565
2565 3495
2038 4996
2038 2210
1115 2406
1321 2406
1856 3196
1836 1856
3501 4162
896 3501
473 2841
2841 4097
793 4184
793 3454
1365 3464
2209 3464
1395 4918
1395 4032
1316 2436
2436 3561
2738 4548
1260 2738
58 3762
58 4328
321 2735
321 3558
482 2490
2490 2718
2463 4891
2463 4962
216 1550
216 3727
1698 4411
449 1698
3673 3853
3199 3673
2641 4696
2641 4087
965 4137
965 4510
1975 2830
1975 4292
1199 4121
555 4121
1131 4634
1057 4634
676 777
676 4079
816 3413
91 3413
290 1250
290 3003
3812 4225
1933 4225
1558 3804
1558 2157
2594 4223
2301 4223
3778 4846
2966 3778
1465 3752
1465 4075
2128 3958
2128 3552
56 3105
56 4739
273 3611
273 3025
143 2872
143 285
1996 4425
1996 3252
12 4446
2154 4446
218 3337
218 267
373 1238
373 880
206 3768
3231 3768
447 4843
447 1800
856 3841
856 3456
1252 4536
2621 4536
1708 2985
1708 3489
2189 3988
3448 3988
654 3064
654 3222
1604 4271
2866 4271
847 4708
847 1332
1668 4494
2111 4494
142 1153
142 2223
1111 2385
1249 2385
208 1678
208 1826
985 1426
985 3895
87 3547
569 3547
3094 4156
2579 3094
2304 3856
851 2304
242 3836
2979 3836
497 2129
497 1450
317 2584
2584 3310
1461 1841
1461 2746
660 4206
660 2350
1148 4428
1517 4428
1101 2802
1657 2802
3243 4522
906 3243
1814 2691
1814 2528
1269 2283
2283 3751
1080 1455
1080 2760
724 2543
724 954
1868 4331
1868 2366
176 2497
2497 2800
1824 4886
4254 4886
3250 4107
1224 3250
151 4582
3526 4582
311 2484
292 2484
157 3913
351 3913
394 3854
394 4661
3436 4056
3288 3436
2678 3241
1573 3241
1498 4051
775 1498
2021 3211
2021 3076
78 4318
982 4318
2015 3708
3708 4712
296 2142
296 2827
1523 4306
1523 4791
1164 3585
315 3585
437 1971
1971 2732
583 4112
4103 4112
633 4293
434 633
2937 3497
2937 3358
1619 4423
4423 4476
2034 4824
544 4824
2386 2632
1951 2632
1442 3058
1442 4801
857 2476
857 1832
1422 2196
2196 2425
2049 3557
1682 2049
2441 3661
3661 4525
1745 4603
3607 4603
3692 4937
505 3692
1445 4810
1445 1895
4268 4381
1545 4381
1844 2024
1844 4868
2172 4834
2172 3797
1028 2593
728 1028
9 2663
1254 2663
404 3649
404 4939
2598 3920
3920 4438
2226 2611
2611 2893
2237 3190
1943 3190
919 1890
1720 1890
2308 2926
889 2926
4114 4472
686 4114
3457 3658
3457 4632
1154 3809
1154 1736
160 2536
160 2070
388 3409
388 3214
2767 4289
3381 4289
881 1186
1186 3391
3716 4860
2785 3716
2334 2907
1778 2334
3723 4892
4564 4892
2793 4991
1388 2793
29 3734
3734 3771
1310 1892
1310 2589
1869 1962
1869 3320
2757 4681
2354 4681
443 1707
1707 4872
2098 2671
2597 2671
3826 3985
3775 3826
1036 4579
3567 4579
3074 4691
3074 3467
330 1878
1878 4321
2155 3977
3977 3987
3474 4135
4135 4592
891 2403
891 4657
776 3354
3068 3354
2348 3500
3500 3651
2613 3275
1961 3275
2512 4931
2983 4931
2146 3691
1721 3691
1363 4391
848 1363
2241 3808
1166 3808
1520 4007
1274 4007
3857 4581
3193 4581
212 3982
3982 4123
4199 4880
4880 4970
556 4718
927 4718
831 4461
831 3957
768 955
768 3559
2208 3694
3694 4799
3833 4769
3833 4515
1159 2265
1159 3344
1864 3584
1864 2726
1544 3128
55 3128
1554 3801
1554 2999
3492 4256
3492 3690
14 2130
14 1486
2092 2534
1580 2534
1218 4357
4357 4607
1180 4529
3548 4529
306 4664
306 1724
2117 3397
883 2117
1427 4942
1427 3967
1931 2407
1695 2407
642 2653
1576 2653
270 2874
1977 2874
3890 4896
3890 4361
2342 2639
2342 4783
3125 3995
2515 3995
205 1793
205 4777
1150 2806
2806 4235
1969 4081
2698 4081
374 2035
2035 4889
3123 4881
2941 3123
1795 3738
2244 3738
286 1192
286 3159
2151 2770
1402 2151
432 3656
432 3153
433 2069
2069 4887
3402 4041
4041 4853
1973 3485
1874 1973
3218 4189
4189 4541
185 1860
185 3595
3654 3908
3654 3714
2714 4847
163 4847
1429 3424
1429 1806
948 1577
607 1577
2967 3477
3073 3477
110 978
110 329
2925 4645
1649 2925
3227 4617
3227 4732
325 519
519 2576
3194 3850
3106 3194
2811 4738
2313 2811
1947 3171
1947 2525
1958 4208
1480 4208
1483 4972
3038 4972
1764 2058
51 2058
1305 1976
1305 3932
703 2411
703 2685
628 3975
628 2158
1123 1503
442 1123
935 3043
1244 3043
333 3974
1940 3974
774 4921
413 774
459 2276
2276 4403
1732 3415
1732 2156
3215 4372
1995 4372
1492 4210
354 1492
328 2418
328 4018
445 3954
560 3954
1559 4340
4340 4649
2329 4447
1593 4447
1822 3725
1822 2083
3375 4398
187 4398
1086 4194
1086 4493
32 3782
32 1767
21 996
996 2148
5 1496
1496 4255
66 2280
66 337
1870 2187
2187 2539
951 4132
2064 4132
1997 4470
1149 1997
189 4102
189 1885
1907 4740
2928 4740
40 241
40 2622
67 3056
67 2814
80 419
419 2998
4146 4839
4146 4279
1964 4998
1964 4802
141 540
141 3873
3341 4576
3341 4363
1196 2290
1196 4157
662 1288
372 1288
2540 3430
2540 2696
2020 2868
758 2868
748 1331
1331 2183
2574 2885
2885 3909
3027 4968
3027 4934
1719 2977
1719 2745
1100 1628
1628 4710
1010 1206
1206 4296
2666 2884
2585 2884
1598 4532
1598 4605
2908 4516
1190 4516
1175 3475
3475 3891
2238 3389
2238 2544
1235 2005
2005 2388
3037 3730
1364 3730
1528 4368
4170 4368
1298 2197
2197 4496
2792 4197
119 2792
545 2480
429 545
47 3315
3315 4014
746 3050
1309 3050
137 3309
1817 3309
1982 4142
2991 4142
2162 4309
2162 4679
1435 1631
1631 4281
3183 4003
697 3183
1359 2165
2 2165
1770 1910
1910 4326
1112 3285
3114 3285
1843 3669
1143 1843
2592 2881
24 2592
127 3259
127 2583
1189 1967
423 1967
4282 4796
2749 4796
862 4988
826 862
1884 3188
504 1884
4249 4766
1044 4249
2469 2809
2140 2469
1085 3482
3482 4410
369 2708
369 1029
861 4575
4269 4575
1587 4943
1587 4958
1061 1746
1746 2185
79 1409
1409 4929
1341 4505
4253 4505
105 2522
2522 4910
1097 3573
3573 4238
252 4636
2353 4636
376 4317
49 376
2120 4768
2120 2753
2205 3902
2205 2869
1651 4355
1041 4355
460 4871
112 4871
1855 3139
1855 4716
1748 2940
2902 2940
1089 1753
1089 4377
291 2810
291 4262
1515 4851
2320 4851
1478 1965
1478 2739
1141 3251
2401 3251
764 1268
1268 2193
799 4990
41 4990
2578 4073
4073 4343
2533 3045
1854 3045
1324 2067
1390 2067
2216 2395
1346 2216
450 4862
450 4185
1541 4821
1541 2936
755 1731
755 4308
4063 4660
4063 4551
2722 4614
2007 4614
712 2404
2404 3314
1104 3306
1104 3917
2324 4656
2324 2951
470 4347
470 4283
1370 4702
3473 4702
2053 2863
2359 2863
817 4338
156 4338
1672 4828
1026 1672
3912 4590
3538 3912
2046 3173
3173 3798
3186 4895
2818 4895
725 903
725 3256
60 1788
60 4016
3901 4577
1974 3901
2471 4443
2471 3449
1200 3419
284 3419
1117 4907
3689 4907
612 1258
612 1525
634 1194
1194 2638
421 4835
421 2730
1475 3781
1475 4623
1602 1934
1602 3150
3289 4866
1690 3289
1798 4376
1798 4792
859 3103
859 1145
577 2478
361 2478
2840 2846
1327 2840
1032 2700
2700 3440
3627 3663
2032 3627
600 1006
876 1006
1531 3129
1829 3129
1013 1903
1013 2786
1702 3572
1702 2709
2278 3015
3015 4352
1241 2365
1865 2365
2121 4382
1362 2121
2508 4396
605 4396
1020 3324
1020 3462
2371 4484
2371 2650
341 2487
2487 4139
2309 4004
4004 4457
3203 3591
2305 3591
3414 3930
3930 3956
584 2759
340 584
1570 3867
1570 2763
2550 4687
271 2550
1759 1785
1785 2768
926 4239
2230 4239
495 1548
495 4643
1983 4574
940 4574
2017 4294
2017 4265
3624 3965
3897 3965
3148 3279
1168 3148
669 1095
1095 2554
2612 2655
2125 2655
2000 4523
3393 4523
962 2766
129 2766
571 4861
571 3800
1160 1999
424 1999
1335 4569
295 4569
3304 4728
3304 3589
638 3398
3398 3783
957 3378
3378 4809
2004 3383
2681 3383
2526 2545
2545 3582
475 672
475 1796
1418 3593
1771 3593
293 4031
293 2772
1023 2249
234 2249
720 1294
720 2552
2595 3697
1756 3697
1132 2161
941 2161
3151 4017
1325 4017
261 1446
1125 1446
1693 4956
833 1693
963 2123
2123 4188
2623 4100
2623 3617
585 943
943 4140
1495 2614
2614 2664
1509 3994
2607 3994
1361 4601
587 4601
274 4013
3767 4013
257 3520
3520 4994
1706 3146
1706 2150
2847 4222
2450 2847
1609 2523
1019 2523
538 730
730 3411
4232 4299
1312 4299
199 4454
3806 4454
559 2222
2222 4658
3113 4797
653 3113
1867 3136
379 1867
1991 4226
1727 4226
1301 2464
1301 1647
188 3266
3266 4668
1896 4489
44 1896
2488 4431
2488 4406
709 1381
1381 4805
3060 4240
4240 4954
186 4250
2529 4250
2106 4384
1645 2106
974 4863
1092 4863
4092 4417
2258 4417
190 3343
3343 4350
2341 3395
1110 2341
4663 4878
3621 4663
3702 3886
1988 3702
1304 3887
3887 4214
4219 4729
3869 4729
1917 4723
691 4723
3032 4869
1078 3032
344 4152
299 344
930 4561
930 2275
201 3551
3551 4754
526 4166
2779 4166
397 3791
397 2970
2642 4815
103 4815
1899 2195
1083 1899
3385 3820
3245 3820
11 3280
11 3613
2729 4267
3346 4267
1830 3055
1354 3055
3087 4257
2797 4257
704 3612
16 704
1660 3755
543 3755
116 4277
116 1330
1230 2144
1230 3418
2931 4659
4659 4908
2036 3460
2277 3460
1564 3377
813 3377
1635 2587
1635 2927
1744 3709
1744 4509
2557 3943
1904 2557
3684 4492
1139 3684
807 4332
2475 4332
147 368
147 2115
17 4111
17 2654
2180 3711
222 3711
2702 3308
2702 4458
71 3712
71 3722
2672 3701
2257 3701
2699 3017
367 2699
650 4021
547 4021
1039 2349
2349 4120
2055 4745
4612 4745
3408 4927
4481 4927
1560 2028
606 1560
592 2791
592 4067
166 2924
166 279
1259 1284
1259 4695
1636 2138
1636 3643
2447 4952
2447 2888
855 2327
855 2591
3070 3944
3696 3944
1317 2535
2535 3021
1434 4714
1434 2734
232 1810
246 1810
3141 4571
3387 4571
2086 3637
2086 4088
34 1146
1146 4685
121 1534
121 3981
2669 3075
499 2669
1137 2978
2033 2978
1412 2191
2074 2191
2996 3536
2996 3284
1542 3253
3253 4371
2430 3410
1216 2430
810 1616
1616 4599
2008 3406
1684 3406
674 2896
2896 4198
3807 4949
517 4949
3628 4983
3784 4983
1652 2652
52 1652
1680 4436
1680 3840
2027 3746
3746 3948
1177 2568
1012 2568
1311 4823
546 4823
3329 4951
2391 4951
1882 4195
1882 4652
2566 3903
1459 3903
2829 3640
2808 3640
1634 2858
1130 1634
4138 4448
3399 4448
250 4558
1162 4558
2253 4776
1214 4776
260 1709
1709 2287
2588 4297
2588 3157
148 1666
148 1266
387 2972
1758 2972
1993 3825
1993 4936
2988 4926
1941 2988
1436 4622
2704 4622
3158 3641
1600 3158
2322 4165
4039 4165
10 2692
10 414
392 3002
392 3574
513 877
877 2573
864 2114
2114 2282
2375 3122
2856 3122
2724 4220
3950 4220
619 1681
619 2449
2057 3683
2057 3998
1453 2387
796 1453
3388 4689
3553 4689
3022 3163
548 3163
1299 1765
1299 2438
2861 4104
888 4104
558 1507
558 1193
1601 4666
1169 1601
1687 2330
2330 2837
3298 4819
1769 3298
2963 4070
3761 4070
580 4751
580 2019
1514 4105
4105 4414
158 2842
158 1176
277 3192
277 2233
717 1018
717 3858
226 283
283 3010
1775 4416
3167 4416
407 1849
407 2099
391 2466
391 901
215 2389
1512 2389
1257 4857
1257 4992
944 1804
1804 2292
377 2246
1683 2246
1642 4986
1642 3137
3268 3670
3629 3670
50 3604
1802 3604
224 2723
224 2002
1278 4709
2056 4709
2910 4033
986 2910
2426 4183
4183 4246
1106 4171
694 4171
832 2281
610 2281
2145 3208
2145 2382
2135 3929
487 2135
1198 2424
2424 2920
1315 4450
1315 3026
2852 3307
2202 2852
671 1763
671 899
773 3575
773 3779
637 3368
637 4675
815 3232
1787 3232
2045 4647
1661 4647
73 2437
2437 3483
668 1355
668 1970
154 3488
3488 4046
1816 4453
3519 4453
2061 3144
3144 4761
1053 4817
1053 4290
1471 2062
2062 4985
841 1861
841 4374
920 1374
1374 3860
2175 4639
411 4639
48 3861
3861 4359
323 1411
1411 4153
1282 1811
1811 2014
294 1654
1654 2454
1392 4653
1392 1612
1233 1622
1233 1275
490 2310
25 490
174 1908
174 780
3545 3679
3450 3545
1138 4923
1138 2095
132 2965
2954 2965
531 3655
2609 3655
1367 2542
439 1367
2547 3433
2514 3433
1353 2079
2079 2976
708 1022
708 1448
1414 3507
1135 3507
1300 4076
4076 4452
479 721
479 1877
1623 4057
54 4057
1605 1726
1605 4772
1741 3996
885 1741
152 2905
152 2620
2682 3234
3234 3350
2600 4775
2600 3236
3007 3290
2627 3007
804 822
822 4295
150 1669
150 2822
2771 4858
766 4858
2041 4058
912 2041
139 1972
1972 2781
3481 3721
288 3481
3361 3848
1722 3361
183 1126
239 1126
2409 2721
2409 4083
4665 4865
3764 4665
3345 4078
1128 4078
342 4291
342 1725
2948 4650
2182 4650
1935 4885
357 4885
3466 4399
2898 4399
604 3416
45 604
2042 2088
2088 4077
2876 3955
3615 3955
136 403
136 699
713 2442
713 4928
59 1926
59 135
1054 3478
3478 4344
1396 3120
3120 4049
2748 3494
2748 4556
336 3258
3182 3258
1504 2434
2434 4989
4136 4876
1547 4876
3539 4963
3528 4963
1383 2357
1383 1494
371 4266
2683 4266
975 2604
1458 2604
3134 3728
3134 4154
1158 2286
1158 4245
350 3660
2022 3660
729 2190
2190 4693
164 3846
164 4628
509 2254
509 3334
1482 2674
1482 3024
1499 1963
383 1963
582 4518
582 3047
1518 4320
4320 4877
1470 3566
1425 3566
1646 1692
1313 1646
236 4722
236 1954
2935 4697
2750 2935
2266 4507
3085 4507
235 2795
2795 2982
865 3635
1027 3635
2551 2943
1762 2551
2075 2855
2855 4794
882 3786
3786 4303
636 3729
636 4055
2677 4314
2677 3960
1871 4037
1871 3868
987 1808
987 1399
1007 4969
1007 1913
338 2427
635 2427
1063 2264
1063 4854
2662 4323
3143 4323
747 3498
747 4906
474 3546
3187 3546
3101 4275
4275 4779
640 1323
1323 2052
1276 2601
1276 2103
3757 3940
175 3757
46 3741
46 1134
207 4334
2339 4334
145 3051
2420 3051
1710 4773
2959 4773
1416 1839
557 1416
1477 4953
590 4953
837 4594
3479 4594
2504 2618
2618 3109
591 1340
591 2458
1403 3774
1403 2295
2225 4971
3160 4971
893 3731
825 893
1723 2952
2952 4164
938 1551
1333 1551
1420 4337
2096 4337
594 4305
594 2288
4099 4750
4099 4667
731 2072
731 2505
1423 2025
1423 4705
1306 2957
1306 4459
104 2556
104 484
37 3765
37 1920
3034 3870
3067 3870
471 1671
1256 1671
2688 4624
1165 4624
2848 3770
840 2848
1410 3446
2486 3446
2112 3471
1594 3471
1163 4045
3090 4045
117 4173
1336 4173
1372 4919
1372 2648
798 1875
1397 1875
3305 4995
739 3305
688 3616
688 1151
347 4917
347 2661
2570 4030
1183 4030
1538 3257
1538 3790
1021 2326
2326 2337
3362 3992
3362 4916
1045 2213
1045 2625
2232 4678
2232 3706
596 2483
596 621
979 4144
4144 4913
3048 4180
1339 3048
4 1986
1986 2559
967 2071
1568 2071
4270 4464
276 4464
2178 3084
1949 2178
2758 3666
2758 3968
3012 4050
1283 3012
1451 4405
3254 4405
3249 4957
2754 4957
1087 4116
303 4116
1644 3579
1644 3707
613 4984
613 1751
2569 4498
4498 4542
2467 3986
2419 2467
976 1673
534 976
566 1946
566 4560
220 533
220 3434
1251 2894
2894 3698
3556 3951
989 3951
1937 4115
316 4115
1014 4671
4539 4671
2316 4333
644 4333
2031 3650
2031 4467
297 3598
2299 3598
1807 3506
1807 4385
673 2468
673 2137
248 2431
2431 4074
200 3185
200 849
3476 4329
3476 4026
664 1815
997 1815
2521 3749
109 3749
615 1674
615 1985
1456 2192
298 2192
386 4620
1735 4620
2048 2255
2048 4759
39 1240
228 1240
2737 4950
2737 4879
1114 1857
1857 3491
2010 3685
2010 3347
2917 3469
2408 3469
2912 3922
2494 3922
2422 3978
1575 3978
1603 4117
4117 4633
1081 4168
1081 4096
214 4201
1098 4201
2751 3664
204 2751
1084 3493
678 3493
900 4473
651 900
457 2260
155 457
3623 4302
3229 3623
1204 4999
1204 3213
4930 4982
2453 4982
313 844
844 1979
602 934
602 2773
3036 3291
3291 3864
1102 4052
1102 3810
2479 2815
1440 2815
915 2712
2711 2712
932 3614
2782 3614
1059 1968
1059 2783
1562 4764
1562 3884
381 2261
2261 3541
231 1243
1243 1734
576 886
576 4568
2502 3531
3531 4557
1428 3235
1428 2803
322 3525
118 322
1358 4495
2844 4495
98 2250
2250 3091
871 4844
3028 4844
3824 4313
3638 4313
1225 3726
1225 4755
3217 3919
3919 4287
909 4491
3263 4491
2198 3296
2198 4552
3452 3927
3452 4884
2132 3630
3630 3831
68 95
68 1350
2051 2964
2051 2499
1866 3924
3386 3924
2679 3881
3881 4826
2351 3645
3645 4212
2875 4832
2875 3704
99 4893
99 289
1055 2136
2136 3081
2713 4841
3184 4841
1463 4336
869 4336
784 3349
784 2176
952 1655
1655 3805
389 2170
389 4806
2457 3006
3006 3601
2715 4787
85 4787
1563 2716
1563 2065
420 4517
420 4850
1537 3737
1537 2186
1272 3281
648 1272
441 3754
937 3754
4559 4848
1930 4848
27 3374
27 913
2126 4422
1981 4422
657 1191
657 4798
966 2131
1173 2131
2501 2727
2727 4544
1625 1939
1625 2775
2599 4118
385 2599
947 1989
1989 2747
1228 4502
405 1228
631 1840
631 3303
1914 4822
3959 4822
1167 2646
3 2646
3057 3776
3776 4946
122 4746
122 4258
1648 2164
1648 2850
1711 4216
1711 3748
2300 4006
1773 4006
2134 3370
1791 2134
1424 3428
3428 3686
2355 3743
3743 3907
3356 3405
3267 3405
2050 2511
365 2511
727 4588
4588 4888
2199 2312
2199 4589
553 4285
553 998
1280 1942
430 1280
1094 4513
698 1094
3898 4870
787 3898
3201 3816
485 3816
677 1618
1296 1618
335 1938
828 1938
1069 4211
2063 4211
945 2864
2864 3732
223 961
223 1883
213 3569
2452 3569
307 3335
446 3335
1613 4673
769 4673
2530 2839
2839 2994
2832 4192
711 2832
2084 3504
2084 2843
244 4047
244 670
3550 3882
3882 4435
1227 2003
1227 2054
1113 3828
1209 3828
230 1469
1187 1469
2882 3077
609 2882
3072 4000
3597 4000
523 1265
1265 4538
665 1223
1223 3270
393 3468
393 2094
15 4230
3318 4230
3261 4229
3261 4042
2834 3713
171 3713
684 4130
3066 4130
1273 1789
1789 4108
1750 1786
1404 1750
1921 3883
3883 4036
745 4537
2949 4537
1953 3220
2307 3220
2274 2701
2274 3412
2586 4782
4690 4782
1185 2987
195 2987
107 867
867 3179
593 811
811 2518
3991 4721
4721 4756
3693 4629
2838 3693
159 4393
159 3681
494 2871
2796 2871
4752 4961
1561 4961
2993 4126
4126 4631
2410 4224
1253 2410
465 3311
465 2500
269 343
269 1393
318 2831
318 2675
364 3207
3207 4608
19 3652
1952 3652
20 791
20 4987
2513 4890
1522 4890
1181 1799
1799 4977
2777 3168
3168 3301
181 679
679 4388
990 4816
990 1632
2892 4131
2892 3715
2643 4763
2643 4059
734 2938
2060 2938
632 3121
551 3121
3096 4504
752 4504
1076 1108
1108 1490
4023 4807
1879 4807
468 1607
468 2294
202 1072
1072 2649
726 2220
2220 2472
65 1161
65 3278
1834 4375
1834 2836
3062 3097
3097 4703
3355 4095
1803 3355
836 3147
836 1195
2634 3240
3240 4900
1289 3233
1923 3233
1944 3140
3140 4389
984 4465
984 2159
1506 2298
2298 4744
1121 3219
1119 3219
476 988
988 1851
866 4231
866 2690
1689 4591
1629 4591
1960 4595
1960 2824
1924 2412
1924 3020
890 3918
759 890
1821 2833
1821 3049
1665 3508
2946 3508
1474 1922
1922 2445
812 3563
3563 4159
597 820
820 1848
422 3295
422 4346
818 917
917 4793
1360 4401
1360 4177
2695 3724
2380 2695
2756 4836
2776 4836
417 2379
178 417
1156 2470
2470 4089
1927 4757
1927 4606
624 2973
2973 4378
1015 1640
1640 4203
1109 2285
1109 4625
541 1351
492 541
3119 3999
3119 4586
96 169
169 588
2078 3534
2078 3174
2877 4905
2259 4905
2394 4596
1823 2394
3000 3365
1468 3365
1662 2537
2537 2725
1047 3100
1047 3769
253 4487
1872 4487
1540 3984
3325 3984
1413 2909
1413 4585
1207 1737
1207 3842
702 3636
2315 3636
3104 3815
3104 3276
123 4894
3041 4894
983 2862
2862 3016
390 1643
1643 4392
1352 4429
1454 4429
3862 3921
3862 4029
2939 4553
1389 2939
1588 3625
1936 3625
1555 4904
4646 4904
2473 3127
779 2473
3357 3447
823 3447
953 3843
586 953
783 4726
783 4200
3124 4460
3759 4460
53 2204
53 4615
1082 2564
1464 2564
1037 1262
1037 3212
4602 4698
2381 4602
838 4325
838 2448
1873 3162
3162 4674
931 2104
646 931
625 1639
353 625
802 2465
802 4546
3429 3565
1898 3429
1264 2603
821 1264
2933 4485
4485 4795
3133 4043
1302 3133
643 690
300 690
1782 2647
666 1782
2491 3855
237 3855
3367 3739
410 3367
1174 1215
165 1174
687 4012
572 687
1615 3610
3369 3610
1437 3745
2177 3745
3083 4875
1093 3083
62 3230
1679 3230
1075 4244
843 4244
2252 4979
2252 3971
737 1485
737 3115
2077 3763
814 3763
3875 4071
3532 3875
658 738
738 2160
1888 3338
611 1888
2731 4217
2548 2731
528 2347
528 4974
481 2626
489 2626
2667 2821
501 2667
2234 4205
763 4205
1103 2113
1103 1493
846 3152
2214 3152
3248 4316
1267 3248
707 2093
2093 3039
1377 2873
2215 2873
1627 3568
3568 4758
88 754
88 2016
561 4699
4604 4699
2206 2891
2891 3942
2284 4175
2284 2293
884 1891
884 2835
3480 4149
1599 3480
1842 4354
1 1842
537 4527
537 1699
1040 4011
4011 4091
839 3490
1318 3490
2068 3718
2068 3911
772 4547
772 1701
138 2958
138 3132
570 1846
570 647
1774 3371
3371 4209
972 4101
2405 4101
824 970
824 3659
858 2860
858 1129
3819 3880
3130 3819
1203 2915
1099 1203
2100 2546
2100 4356
192 623
623 3262
733 1694
733 3823
3435 4565
2360 3435
255 4780
255 715
2023 2318
1624 2023
349 2358
349 714
3576 4707
1263 3576
3353 3894
3274 3894
69 4973
603 4973
2325 3484
2325 3672
3142 3760
278 3142
568 4486
568 1438
3535 3647
3535 4160
510 3033
2362 3033
1638 4829
1338 4829
994 4150
4150 4600
180 1472
180 2474
1147 4960
3404 4960
84 4637
3750 4637
161 4044
161 1222
358 4061
4061 4113
86 3283
3161 3283
1286 2659
1201 2659
1876 4005
4005 4874
2673 3138
1042 3138
2823 4959
1090 4959
1107 1387
1387 3272
3063 4420
514 3063
451 1819
451 2740
1142 2171
1142 1232
2617 4935
2200 4935
1004 2228
1004 2368
1760 3710
3710 4966
77 3364
3364 4940
875 3200
467 3200
125 1812
125 3847
2256 3872
2256 3380
425 3795
425 1008
1157 2697
1157 1529
2047 3543
924 3543
2373 2971
2971 4207
1586 2433
1905 2433
1862 2212
2212 3814
272 1792
1792 2717
929 1005
530 1005
462 1443
1443 2914
1239 2684
2684 3116
3209 4213
3209 4584
92 3322
92 3931
778 1779
778 3052
1510 3503
1510 4733
1419 3202
1419 2968
431 790
790 868
3321 3521
3102 3321
2248 4455
659 4455
2788 4353
2262 2788
359 4263
359 1730
133 1329
789 1329
2509 4567
2687 4567
579 4427
3247 4427
2343 3004
3004 3059
2541 2575
2181 2541
33 771
771 1998
1184 3299
3299 4864
910 1713
1713 3131
167 1229
167 4825
3605 3899
472 3605
1835 4713
562 4713
830 1532
830 2762
1077 3878
936 3878
3029 3590
3590 4273
1379 2895
1379 4251
2812 4215
4215 4818
1002 1421
1002 1344
3511 4508
3511 4566
1990 4922
1488 4922
89 4141
4141 4580
114 2188
2188 3005
435 3111
3111 4619
1155 4062
2413 4062
90 2243
90 378
515 4221
515 4572
2794 3577
3293 3577
516 2392
2392 2828
3834 4680
3513 4680
486 1524
1366 1524
1343 3089
3089 4360
356 4543
356 2637
705 3044
705 1845
3170 3938
3938 4193
4466 4480
2710 4480
575 3145
2439 3145
2370 4734
4734 4833
1307 2089
2089 2336
795 2044
2044 3165
380 3172
3172 4549
2397 4812
1928 2397
1516 4669
3110 4669
227 4528
1703 4528
1255 4370
1003 4370
2369 2498
2498 4145
3054 3608
2558 3054
245 2344
245 1408
750 782
750 3319
346 1712
1712 3331
70 995
70 2110
2374 2414
2414 4501
240 412
240 3342
1742 4010
4010 4304
480 1663
1663 2805
2026 4241
801 4241
4259 4261
4259 4390
2527 3527
498 3527
601 3264
1279 3264
581 1781
581 2384
366 415
366 3735
448 2163
2163 4110
723 4644
723 4804
2481 4424
30 4424
2169 3904
2169 2231
554 3009
554 1065
1417 3420
3420 3945
454 3838
454 2944
1127 4742
348 1127
971 1473
1473 4618
1320 4341
28 4341
4080 4227
1056 4080
2743 2789
2789 3164
2167 4611
3719 4611
3964 4774
4774 4882
428 3086
574 3086
1303 2676
2676 4535
512 916
512 2995
645 1956
1617 1956
1067 3675
3065 3675
1909 3877
2076 3877
2962 3438
3438 3626
2956 4442
2631 2956
3079 3328
2116 3079
741 1902
115 741
4288 4449
4288 4322
2817 4530
3273 4530
1348 3533
1060 3533
170 1314
170 4827
488 3736
488 4280
1676 1918
1918 2883
740 2975
1319 2975
452 520
520 4932
753 1219
753 2383
2923 3587
184 2923
2694 4626
1415 4626
4315 4441
770 4441
1476 3451
301 1476
1696 2013
1696 4845
3444 4176
2816 3444
319 4172
4172 4483
312 3603
550 3603
2879 4488
4082 4488
76 4820
76 113
803 3871
803 4028
2108 3238
1776 3238
757 4311
43 757
1833 3542
3542 4025
1715 4161
1122 4161
83 2804
83 1394
2932 3600
140 2932
701 2485
701 3400
626 2990
626 3622
324 4475
324 1959
1897 3835
3835 3896
663 2670
663 3671
1452 3900
1452 3458
13 3422
2916 3422
2455 3788
1717 3788
696 1378
1378 2402
1530 2006
1530 4383
1592 2085
496 2085
94 2981
2981 3937
3963 4770
616 4770
57 162
162 4236
3394 4119
1000 4119
3973 4789
3439 4789
3078 4015
958 4015
3829 4765
3989 4765
1016 1281
1016 2118
1955 4627
1955 4094
1449 4610
1449 1805
2997 3794
964 3794
282 4741
4148 4741
2660 4397
1237 2660
93 2719
93 4490
3544 3905
7 3905
259 4609
2174 4609
146 3970
1231 3970
130 1467
1467 3646
2742 3432
1847 2742
921 4511
907 4511
4129 4434
1290 4434
1740 3515
3169 3515
197 3926
197 4731
63 3271
1916 3271
1479 2066
2066 3154
829 1497
829 835
2887 4439
1688 2887
2798 4181
4147 4181
993 1992
993 1543
326 956
956 3540
4167 4724
760 4167
264 4813
264 1433
1581 4563
2082 4563
2087 2819
355 2819
751 805
805 3312
892 1220
233 1220
2059 2105
2059 4395
1030 1579
1030 2736
2635 2878
918 2635
3470 3874
2606 3470
309 1246
1246 3667
2930 4196
743 4196
2857 4976
2857 3947
478 656
478 1606
1212 3620
567 1212
3265 4093
1050 4093
1297 2367
2367 3599
4402 4719
1675 4402
2489 3333
2040 2489
3282 3758
3061 3758
692 1584
692 4174
3396 3980
1664 3396
2801 3914
518 2801
2073 4555
2043 4555
2615 2633
2279 2615
749 3594
1133 3594
565 4169
565 2029
1487 1729
1729 2415
4001 4242
2506 4242
2706 3486
627 3486
2886 3933
3933 4997
2168 3822
2168 3221
794 3530
794 3756
2460 3495
2236 3495
1051 4996
2870 4996
2210 3442
2210 4856
1115 4421
827 1115
1321 2390
1321 3018
3196 3753
225 3196
1836 2567
36 1836
2272 4162
1929 4162
896 1526
210 896
