4999
(((((((((((((((((((((((((((((((((((((((((((((((((((((((((((((((((((((((((((((((((((((((((((((((((((((((((((((((((((((((((((((((((((((((((((((((((((((((((((((((((((((((((((((((((((((((((((((((((((((((((((((((((((((((((((((((((((((((((((((((((((((((((((((((((((((((((((((((((((((((((((((((((((((((((((((((((((((((((((((((((((((((((((((((((((((((((((((((((((((((((((((((((((((((((((((((((((((((((((((((((((((((((((((((((((((((((((((((((((((((((((((((((((((((((((((((((((((((((((((((((((((((((((((((((((((((((((((((((((((((((((((((((((((((((((((((((((((((((((((((((((((((((((((((((((((((((((((((((((((((((((((((((((((((((((((((((((((((((((((((((((((((((((((((((((((((((((((((((((((((((((((((((((((((((((((((((((((((((((((((((((((((((((((((((((((((((((((((((((((((((((((((((((((((((((((((((((((((((((((((((((((((((((((((((((((((((((((((((((((((((((((((((((((((((((((((((((((((((((((((((((((((((((((((((((((((((((((((((((((((((((((((((((((((((((((((((((((((((((((((((((((((((((((((((((((((((((((((((((((((((((((((((((((((((((((((((((((((((((((((((((((((((((((((((((((((((((((((((((((((((((((((((((((((((((((((((((((((((((((((((((((((((((((((((((((((((((((((((((((((((((((((((((((((((((((((((((((((((((((((((((((((((((((((((((((((((((((((((((((((((((((((((((((((((((((((((((((((((((((((((((((((((((((((((((((((((((((((((((((((((((((((((((((((((((((((((((((((((((((((((((((((((((((((((((((((((((((((((((((((((((((((((((((((((((((((((((((((((((((((((((((((((((((((((((((((((((((((((((((((((((((((((((((((((((((((((((((((((((((((((((((((((((((((((((((((((((((((((((((((((((((((((((((((((((((((((((((((((((((((((((((((((((((((((((((((((((((((((((((((((((((((((((((((((((((((((((((((((((((((((((((((((((((((((((((((((((((((((((((((((((((((((((((((((((((((((((((((((((((((((((((((((((((((((((((((((((((((((((((((((((((((((((((((((((((((((((((((((((((((((((((((((((((((((((((((((((((((((((((((((((((((((((((((((((((((((((((((((((((((((((((((((((((((((((((((((((((((((((((((((((((((((((((((((((((((((((((((((((((((((((((((((((((((((((((((((((((((((((((((((((((((((((((((((((((((((((((((((((((((((((((((((((((((((((((((((((((((((((((((((((((((((((((((((((((((((((((((((((((((((((((((((((((((((((((((((((((((((((((((((((((((((((((((((((((((((((((((((((((((((((((((((((((((((((((((((((((((((((((((((((((((((((((((((((((((((((((((((((((((((((((((((((((((((((((((((((((((((((((((((((((((((((((((((((((((((((((((((((((((((((((((((((((((((((((((((((((((((((((((((((((((((((((((((((((((((((((((((((((((((((((((((((((((((((((((((((((((((((((((((((((((((((((((((((((((((((((((((((((((((((((((((((((((((((((((((((((((((((((((((((((((((((((((((((((((((((((((((((((((((((((((((((((((((((((((((((((((((((((((((((((((((((((((((((((((((((((((((((((((((((((((((((((((((((((((((((((((((((((((((((((((((((((((((((((((((((((((((((((((((((((((((((((((((((((((((((((((((((((((((((((((((((((((((((((((((((((((((((((((((((((((((((((((((((((((((((((((((((((((((((((((((((((((((((((((((((((((((((((((((((((((((((((((((((((((((((((((((((((((((((((((((((((((((((((((((((((((((((((((((((((((((((((((((((((((((((((((((((((((((((((((((((((((((((((((((((((((((((((((((((((((((((((((((((((((((((((((((((((((((((((((((((((((((((((((((((((((((((((((((((((((((((((((((((((((((((((((((((((((((((((((((((((((((((((((((((((((((((((((((((((((((((((((((((((((((((((((((((((((((((((((((((((((((((((((((((((((((((((((((((((((((((((((((((((((((((((((((((((((((((((((((((((((((((((((((((((((((((((((((((((((((((((((((((((((((((((((((((((((((((((((((((((((((((((((((((((((((((((((((((((((((((((((((((((((((((((((((((((((((((((((((((((((((((((((((((((((((((((((((((((((((((((((((((((((((((((((((((((((((((((((((((((((((((((((((((((((((((((()((((((((((((((((((((((((((((((((((((((((((((((((((((((((((((((((((((((((((((((((((((((((((((((((((((((((((((((((((((((((((((((((((((((((((((((((((((((((((((((((((((((((((((((((((((((((((((((((((((((((((((((((((((((((((((((((((((((((((((((((((((((((((((((((((((((((((((((((((((((((((((((((((((((((((((((((((((((((((((((((((((((((((((((((((((((((((((((((((((((((((((((((((((((((((((((((((((((((((((((((((((((((((((((((((((((((((((((((((((((((((((((((((((((((((((((((((((((((((((((((((((((((((((((((((((((((((((((((((((((((((((((((((((((((((((((((((((((((((((((((((((((((((((((((((((((((((((((((((((((((((((((((((((((((((((((((((((((((((((((((((((((((((((((((((((((((((((((((((((((((((((((((((((((((((((((((((((((((((((((((((((((((((((((((((((((((((((((((((((((((((((((((((((((((((((((((((((((((((((((((((((((((((((((((((((((((((((((((((((((((((((((((((((((((((((((((((((((((((((((((((((((((((((((((((((((((((((((((((((((((((((((((((((((((((((((((((((((((((((((((((((((((((((((((((((((((((((((((((((((((((((((((((((((((((((((((((((((((((((((((((((((((((((((((((((((((((((((((((((((((((((((((((((((((((((((((((((((((((((((((((((((((((((((((((((((((((((((((((((((((((((((((((((((((((((((((((((((((((((((((((((((((((((((((((((((((((((((((((((((((((((((((((((((((((((((((((((((((((((((((((((((((((((((((((((((((((((((((((((((((
487 3679
785 3679
3679 4336
3679 3777
3651 3679
11 3679
1689 3679
308 3679
852 3679
3679 4265
1684 3679
3679 3720
2662 3679
2629 3679
2261 3679
3679 3701
3679 4678
1317 3679
56 3679
3560 3679
3508 3679
440 3679
385 3679
81 3679
1 3679
1040 3679
346 3679
379 3679
3679 4099
2084 3679
2931 3679
163 3679
3679 3687
134 3679
918 3679
2276 3679
3679 4003
3679 3715
3679 4669
135 3679
1544 3679
901 3679
3178 3679
3291 3679
3679 4909
2125 3679
2207 3679
2811 3679
3233 3679
1012 3679
3679 4579
1421 3679
1554 3679
985 3679
2148 3679
2357 3679
2739 3679
3679 3990
1973 3679
3463 3679
3679 4636
3195 3679
32 3679
1431 3679
2099 3679
3378 3679
107 3679
473 3679
2415 3679
975 3679
332 3679
2742 3679
3679 3766
3300 3679
3679 4650
3679 4276
3679 4708
2006 3679
2344 3679
1133 3679
3585 3679
128 3679
3679 4034
1728 3679
1810 3679
1043 3679
577 3679
1324 3679
1713 3679
619 3679
1617 3679
1673 3679
1511 3679
3679 3963
1429 3679
642 3679
692 3679
3679 3719
3679 4691
2643 3679
3679 3991
812 3679
3679 4164
2090 3679
2164 3679
59 3679
2948 3679
3679 4179
2000 3679
3679 4343
2352 3679
2700 3679
3068 3679
3679 3843
3679 4279
2494 3679
427 3679
3679 3723
3679 4591
3679 4492
2378 3679
3679 4335
3679 4666
3679 4504
243 3679
2403 3679
2920 3679
695 3679
3679 4333
304 3679
2338 3679
2361 3679
1041 3679
3119 3679
3679 4962
399 3679
253 3679
514 3679
1941 3679
1321 3679
3207 3679
71 3679
2544 3679
1446 3679
3679 4135
795 3679
3679 4189
564 3679
2752 3679
3154 3679
2816 3679
720 3679
2606 3679
3264 3679
3679 4833
1992 3679
1731 3679
2161 3679
3679 4606
3679 4328
635 3679
1585 3679
2600 3679
1414 3679
1042 3679
1523 3679
2850 3679
252 3679
2721 3679
1473 3679
3679 3810
600 3679
3594 3679
2230 3679
1764 3679
2288 3679
1555 3679
2416 3679
3088 3679
2902 3679
77 3679
2660 3679
2745 3679
738 3679
2291 3679
1782 3679
1022 3679
3679 4353
628 3679
1052 3679
1558 3679
1439 3679
3679 3930
573 3679
3227 3679
2855 3679
3522 3679
3514 3679
3419 3679
3679 4618
3679 3714
3679 4739
3679 4658
706 3679
1862 3679
3679 4813
1031 3679
280 3679
3362 3679
3679 3692
1833 3679
3679 4985
1110 3679
2793 3679
2280 3679
2293 3679
767 3679
2646 3679
1664 3679
1561 3679
2788 3679
310 3679
2540 3679
3679 4297
681 3679
3679 4521
2461 3679
3173 3679
808 3679
1553 3679
3234 3679
776 3679
3679 4628
675 3679
2238 3679
3679 4321
1881 3679
3679 3746
2759 3679
1108 3679
2119 3679
3679 4823
2321 3679
3679 3919
1484 3679
1705 3679
927 3679
1267 3679
3679 4355
755 3679
1388 3679
3679 3778
745 3679
1489 3679
3502 3679
213 3679
387 3679
1025 3679
1139 3679
527 3679
293 3679
3679 3885
64 3679
1069 3679
846 3679
1960 3679
323 3679
1359 3679
532 3679
2486 3679
512 3679
2241 3679
1295 3679
250 3679
3667 3679
2436 3679
224 3679
3440 3679
3679 3681
3679 4671
2884 3679
3679 4410
568 3679
2373 3679
3583 3679
3653 3679
1805 3679
3679 4900
3283 3679
14 3679
3679 4248
1679 3679
1164 3679
1466 3679
1567 3679
3679 4601
2506 3679
3679 4261
2331 3679
2447 3679
3679 4648
3469 3679
3679 4747
3679 4111
3509 3679
1811 3679
1320 3679
442 3679
1504 3679
2885 3679
2337 3679
3679 3976
3679 3865
3223 3679
3679 4022
3679 4064
3679 3827
3077 3679
3220 3679
72 3679
924 3679
2925 3679
3679 3958
3679 4096
2500 3679
3679 4948
3679 4644
3679 4127
3679 4966
3284 3679
3615 3679
2591 3679
3515 3679
1922 3679
3613 3679
3679 4868
2764 3679
3679 4899
629 3679
2675 3679
2395 3679
2323 3679
589 3679
1766 3679
3391 3679
3679 4264
873 3679
3679 3952
3131 3679
823 3679
2457 3679
1162 3679
557 3679
3486 3679
3679 4030
1372 3679
316 3679
3024 3679
3679 4431
3679 3754
3679 4477
3679 4418
801 3679
261 3679
936 3679
2018 3679
3679 3744
3679 4280
3679 3987
3453 3679
3679 4687
646 3679
2052 3679
1073 3679
186 3679
1384 3679
3196 3679
631 3679
3679 4620
2206 3679
1920 3679
3679 4645
1130 3679
2584 3679
1541 3679
3679 4586
3679 3837
3679 4019
2991 3679
3679 4939
1507 3679
3578 3679
1559 3679
2863 3679
1690 3679
2743 3679
1501 3679
3679 4888
1867 3679
3591 3679
3679 4543
2932 3679
1305 3679
2961 3679
1708 3679
1550 3679
392 3679
1882 3679
3679 4349
3679 4046
2757 3679
3679 4974
3679 4941
3679 4938
92 3679
3679 4293
3679 4260
3679 4292
3631 3679
2417 3679
1239 3679
2452 3679
3679 4997
3638 3679
2669 3679
2582 3679
721 3679
2804 3679
2852 3679
794 3679
3410 3679
882 3679
2980 3679
1610 3679
3679 4366
3679 3871
3679 4958
2792 3679
2862 3679
2005 3679
2297 3679
3679 4024
3206 3679
1930 3679
2914 3679
2530 3679
2720 3679
2573 3679
3564 3679
3679 4884
3679 4378
3679 4221
3679 4359
2658 3679
3679 4629
3392 3679
2919 3679
742 3679
3679 4487
1505 3679
3310 3679
3608 3679
2567 3679
1707 3679
3679 4662
3679 4206
538 3679
3679 4761
110 3679
3679 4738
931 3679
3679 4233
3679 4589
1543 3679
1720 3679
1155 3679
277 3679
3679 4577
1336 3679
865 3679
3599 3679
1750 3679
3679 4014
772 3679
1860 3679
436 3679
1834 3679
1083 3679
3679 4967
2093 3679
3555 3679
3423 3679
3679 3725
435 3679
1095 3679
3679 4016
1614 3679
2453 3679
2548 3679
520 3679
1825 3679
2158 3679
2220 3679
3679 4226
1280 3679
3679 3797
43 3679
2407 3679
1474 3679
3679 4177
3679 4446
275 3679
2002 3679
3531 3679
3304 3679
2257 3679
3679 4048
2111 3679
1350 3679
3679 4458
1844 3679
350 3679
2053 3679
2382 3679
3679 4677
1506 3679
3679 3776
3679 4837
1058 3679
2202 3679
485 3679
2095 3679
1199 3679
2531 3679
3679 3892
864 3679
3679 4555
3679 4735
3679 4011
1800 3679
2063 3679
3679 3812
3679 4082
2507 3679
3679 3805
768 3679
1209 3679
3679 3689
1595 3679
2201 3679
3679 4222
1115 3679
2859 3679
1832 3679
2874 3679
3231 3679
2315 3679
1677 3679
394 3679
1828 3679
1080 3679
2252 3679
1079 3679
2834 3679
2045 3679
3679 4443
3332 3679
3679 4954
735 3679
24 3679
1681 3679
1127 3679
1483 3679
3679 4499
3679 3712
1821 3679
3679 3860
1241 3679
2981 3679
2504 3679
671 3679
96 3679
222 3679
2501 3679
993 3679
3679 4501
727 3679
2614 3679
3080 3679
3672 3679
2091 3679
696 3679
2769 3679
2597 3679
3679 3900
1024 3679
971 3679
3679 4848
3252 3679
3679 4725
2490 3679
1625 3679
3679 4075
3679 4627
2817 3679
824 3679
1698 3679
175 3679
2557 3679
2803 3679
1959 3679
3039 3679
7 3679
799 3679
3679 4921
3679 4204
2685 3679
2042 3679
1192 3679
2142 3679
3679 4013
3545 3679
2916 3679
3213 3679
3536 3679
2538 3679
3679 4382
1913 3679
3076 3679
3679 4812
3679 3774
1935 3679
1009 3679
170 3679
537 3679
1520 3679
3679 4365
3246 3679
2254 3679
569 3679
2841 3679
3679 4352
3679 3793
3679 4448
1020 3679
3679 4273
3679 3850
3443 3679
2587 3679
3679 4077
3260 3679
2020 3679
88 3679
3448 3679
3679 4200
3679 4065
525 3679
285 3679
2414 3679
1289 3679
2346 3679
2492 3679
296 3679
2263 3679
2193 3679
2611 3679
2004 3679
3276 3679
3587 3679
1653 3679
634 3679
2102 3679
3444 3679
522 3679
3143 3679
3679 4775
3679 3902
1778 3679
1036 3679
384 3679
2800 3679
3573 3679
3058 3679
3679 4979
2465 3679
3679 4133
3413 3679
2425 3679
2599 3679
3679 3950
3679 4414
3679 4679
1845 3679
666 3679
3092 3679
3679 4896
605 3679
3679 4004
2755 3679
3679 4881
895 3679
3679 4913
3465 3679
1250 3679
3679 4042
1998 3679
2806 3679
2694 3679
3679 4035
1693 3679
1085 3679
3679 4800
3052 3679
397 3679
1355 3679
3679 4736
2499 3679
2216 3679
1204 3679
3679 4986
3679 3697
3679 3996
326 3679
3679 3906
2396 3679
228 3679
3679 4401
1905 3679
2014 3679
529 3679
3200 3679
1064 3679
2774 3679
1670 3679
652 3679
3679 4103
187 3679
2151 3679
1334 3679
861 3679
3679 4370
2128 3679
3398 3679
3679 4181
495 3679
1709 3679
1415 3679
1837 3679
2782 3679
3679 3866
3160 3679
2405 3679
3679 4348
3382 3679
2497 3679
146 3679
3679 3935
3679 4505
3572 3679
3679 4989
2882 3679
3633 3679
2496 3679
3589 3679
3679 4859
1194 3679
223 3679
1156 3679
758 3679
932 3679
3679 4465
3460 3679
262 3679
3483 3679
3679 3886
3679 4603
154 3679
148 3679
789 3679
1853 3679
3357 3679
3679 4632
3679 4760
2637 3679
500 3679
2659 3679
3669 3679
290 3679
1963 3679
3679 4613
1855 3679
1172 3679
284 3679
1387 3679
2763 3679
3679 4816
687 3679
3679 3825
1063 3679
1054 3679
3679 4970
328 3679
3000 3679
2366 3679
3679 4291
3072 3679
3679 4721
1593 3679
1781 3679
2856 3679
1195 3679
1244 3679
1440 3679
3679 4713
3044 3679
3298 3679
3679 3820
355 3679
701 3679
462 3679
472 3679
98 3679
3679 4502
3679 4461
210 3679
3342 3679
391 3679
2473 3679
3679 3846
3679 4558
1947 3679
3218 3679
3679 4983
2947 3679
2307 3679
3117 3679
3679 4188
3679 4271
869 3679
2951 3679
3679 4196
3679 4573
1120 3679
3679 4952
259 3679
2744 3679
3202 3679
3082 3679
890 3679
922 3679
1539 3679
3464 3679
2327 3679
2107 3679
1366 3679
1109 3679
2566 3679
712 3679
2969 3679
174 3679
3679 3771
614 3679
3679 4754
3189 3679
1675 3679
3679 3881
915 3679
2962 3679
3679 4570
2881 3679
3517 3679
676 3679
3679 4542
526 3679
1710 3679
3665 3679
2748 3679
1725 3679
301 3679
3221 3679
613 3679
2976 3679
1951 3679
20 3679
2387 3679
3679 3789
1570 3679
3679 3838
3679 4340
1888 3679
2243 3679
3679 3698
344 3679
1343 3679
1891 3679
1251 3679
1903 3679
682 3679
840 3679
3679 4113
3679 4225
480 3679
1309 3679
1345 3679
1769 3679
3679 4494
1089 3679
2279 3679
3679 4726
1234 3679
3422 3679
3607 3679
3306 3679
750 3679
3126 3679
622 3679
3679 4529
1476 3679
1940 3679
1138 3679
1809 3679
3030 3679
3427 3679
248 3679
3679 4686
3050 3679
2592 3679
3679 4663
2950 3679
3679 4155
3679 3980
1291 3679
1767 3679
2783 3679
1399 3679
3679 4807
39 3679
3679 4235
3516 3679
3679 4634
3679 4485
3639 3679
2904 3679
3424 3679
3679 4130
1444 3679
445 3679
1962 3679
3679 4905
1229 3679
3679 4930
3211 3679
3679 4608
3679 4083
3679 4574
3679 4138
1306 3679
1213 3679
1529 3679
1045 3679
1587 3679
2440 3679
3153 3679
1224 3679
3679 4926
3679 4151
828 3679
3609 3679
432 3679
3679 4836
3679 4518
3660 3679
1176 3679
3315 3679
3679 4670
3679 4675
1763 3679
1055 3679
3679 3925
1445 3679
3679 4891
2211 3679
3125 3679
2459 3679
3679 3788
2177 3679
3679 4116
2210 3679
218 3679
3445 3679
2551 3679
802 3679
870 3679
3679 3845
3671 3679
3679 4423
3679 4144
3679 4420
3679 3718
1754 3679
3679 4259
3 3679
3620 3679
426 3679
3679 3968
3041 3679
2363 3679
2498 3679
710 3679
3679 4741
2738 3679
2077 3679
3679 4159
3679 4680
317 3679
2348 3679
2343 3679
3066 3679
2596 3679
644 3679
3679 3724
3679 4409
3369 3679
216 3679
1129 3679
3679 4329
3679 4991
3603 3679
1279 3679
2374 3679
2598 3679
2773 3679
3679 4992
1969 3679
3679 4137
3679 4173
3679 4338
630 3679
3679 3961
3679 4223
1596 3679
2888 3679
1357 3679
2060 3679
566 3679
1637 3679
2335 3679
3679 4641
1044 3679
3679 3929
805 3679
2812 3679
3248 3679
3679 4298
1223 3679
3679 4300
1401 3679
1683 3679
3679 4252
1829 3679
2979 3679
612 3679
2187 3679
3679 4069
3679 4317
1443 3679
571 3679
3679 4324
3679 4379
1843 3679
3679 4614
143 3679
2262 3679
9 3679
3679 3942
624 3679
102 3679
3679 4163
3679 3787
2384 3679
1861 3679
3679 4920
2435 3679
1377 3679
3679 4510
3679 3863
3679 4020
650 3679
3679 4623
1255 3679
121 3679
25 3679
2775 3679
3679 4463
988 3679
3679 3710
2861 3679
3679 3928
916 3679
3679 4685
3679 4027
3079 3679
457 3679
3679 4790
2229 3679
1188 3679
3168 3679
3679 4743
3679 3912
810 3679
3370 3679
3679 4704
334 3679
155 3679
1051 3679
167 3679
3644 3679
1727 3679
3636 3679
3679 4856
3228 3679
112 3679
2272 3679
2797 3679
1341 3679
3679 3920
1802 3679
1581 3679
2160 3679
1560 3679
86 3679
3679 3809
3679 3924
1928 3679
1378 3679
470 3679
2581 3679
1772 3679
2825 3679
1798 3679
867 3679
1463 3679
464 3679
3679 4435
1939 3679
233 3679
879 3679
2409 3679
3679 4951
3056 3679
1150 3679
1137 3679
3679 3844
3546 3679
2354 3679
956 3679
2896 3679
352 3679
2131 3679
2314 3679
3477 3679
3679 4496
3679 3934
2939 3679
3333 3679
3069 3679
3679 4299
3679 3894
2865 3679
2528 3679
1997 3679
3679 4433
1232 3679
1972 3679
23 3679
1487 3679
1330 3679
1363 3679
3566 3679
2437 3679
109 3679
1830 3679
3679 4709
3649 3679
431 3679
604 3679
3116 3679
3412 3679
3679 4388
2578 3679
345 3679
995 3679
3679 4866
52 3679
654 3679
309 3679
3432 3679
1400 3679
3070 3679
621 3679
2709 3679
3679 4102
3318 3679
2231 3679
254 3679
1179 3679
1007 3679
2287 3679
1159 3679
3679 3736
481 3679
1850 3679
407 3679
433 3679
3679 3915
2370 3679
3679 4078
997 3679
458 3679
3416 3679
2013 3679
871 3679
2150 3679
2906 3679
2829 3679
66 3679
3679 4495
3544 3679
1820 3679
2546 3679
3679 4892
3273 3679
1671 3679
3383 3679
3679 4392
3679 4262
2110 3679
1038 3679
1337 3679
3679 4371
1493 3679
3679 4682
2697 3679
1746 3679
2156 3679
2412 3679
2320 3679
3479 3679
3098 3679
3679 4050
318 3679
1070 3679
2088 3679
663 3679
1716 3679
2122 3679
2558 3679
1730 3679
3537 3679
2463 3679
3626 3679
3164 3679
1594 3679
3679 4782
3679 4344
875 3679
2404 3679
898 3679
793 3679
1987 3679
1478 3679
2731 3679
3679 3791
3021 3679
3115 3679
1547 3679
2983 3679
3679 4063
3679 4927
2753 3679
1026 3679
679 3679
1308 3679
2519 3679
2153 3679
3679 4198
3193 3679
775 3679
3679 4026
3679 4009
3144 3679
1924 3679
1786 3679
3679 4742
1576 3679
3344 3679
1211 3679
93 3679
3679 4476
782 3679
3679 4091
3128 3679
3679 4066
1122 3679
3588 3679
1967 3679
100 3679
1985 3679
3679 4346
1779 3679
2740 3679
2924 3679
3679 4882
2072 3679
1569 3679
2421 3679
3679 4094
168 3679
3518 3679
2232 3679
3679 4032
610 3679
3679 3743
3679 3780
48 3679
3065 3679
3679 3861
3249 3679
2860 3679
3679 4043
1049 3679
3679 3815
897 3679
2512 3679
1240 3679
3679 4294
3679 4031
1173 3679
2873 3679
1169 3679
2163 3679
1318 3679
1597 3679
1453 3679
2037 3679
3679 4301
3303 3679
2092 3679
1898 3679
127 3679
3679 4425
854 3679
2168 3679
3679 4145
3679 4649
2441 3679
1742 3679
3679 4756
711 3679
3679 4551
1831 3679
3679 4814
325 3679
410 3679
489 3679
2572 3679
3124 3679
3129 3679
3679 4832
1379 3679
3679 4325
2522 3679
3679 4917
3679 4470
847 3679
3679 4961
1592 3679
3679 3767
1488 3679
3679 4402
3425 3679
1527 3679
414 3679
714 3679
3679 4716
607 3679
479 3679
3679 3693
2017 3679
2518 3679
3679 4028
402 3679
3679 4109
3679 4023
1717 3679
843 3679
683 3679
3679 3828
3679 3814
3679 4357
1090 3679
2509 3679
1656 3679
3037 3679
3679 4486
1759 3679
3548 3679
338 3679
449 3679
1649 3679
1949 3679
3245 3679
556 3679
560 3679
3679 4575
559 3679
2185 3679
766 3679
2907 3679
3679 4873
104 3679
3524 3679
3679 4929
2203 3679
3286 3679
493 3679
289 3679
2456 3679
3679 4597
3361 3679
618 3679
3679 4364
3679 4525
2627 3679
3141 3679
367 3679
461 3679
180 3679
853 3679
1294 3679
2069 3679
3679 4289
3679 3836
1310 3679
1957 3679
420 3679
659 3679
1383 3679
3520 3679
2283 3679
2708 3679
156 3679
2985 3679
926 3679
2269 3679
3679 4394
3679 4202
2225 3679
3679 3967
2224 3679
3679 3909
215 3679
3679 4689
3679 4169
1563 3679
2376 3679
2199 3679
2057 3679
3658 3679
1824 3679
982 3679
1253 3679
1836 3679
704 3679
3592 3679
3091 3679
601 3679
1144 3679
3679 4703
3679 4673
914 3679
3679 4564
3216 3679
1004 3679
3679 4953
2025 3679
3679 4532
2724 3679
1659 3679
2258 3679
3679 4257
3230 3679
3679 4305
2876 3679
1793 3679
3679 4107
1583 3679
3670 3679
267 3679
3133 3679
3679 4331
1353 3679
159 3679
3553 3679
376 3679
2171 3679
306 3679
2517 3679
268 3679
3028 3679
791 3679
3012 3679
3379 3679
3679 4006
3679 4528
1433 3679
1578 3679
2982 3679
719 3679
3679 3895
1696 3679
3679 3948
276 3679
1876 3679
2810 3679
1119 3679
1661 3679
1672 3679
2146 3679
2717 3679
3679 4417
2594 3679
3679 3700
3679 3786
206 3679
1575 3679
257 3679
3679 4705
230 3679
151 3679
1290 3679
2051 3679
3679 4270
2439 3679
1193 3679
2141 3679
2200 3679
373 3679
3679 4354
2332 3679
1088 3679
2607 3679
3541 3679
2818 3679
502 3679
3279 3679
3679 4602
3462 3679
1196 3679
1791 3679
1349 3679
2386 3679
2795 3679
3034 3679
1724 3679
1546 3679
3114 3679
3679 4811
3002 3679
2787 3679
3679 3781
1298 3679
2723 3679
3679 4928
921 3679
3679 4416
2179 3679
3210 3679
2362 3679
2877 3679
266 3679
1917 3679
3679 4773
1933 3679
1178 3679
3645 3679
3679 4511
1770 3679
3142 3679
1841 3679
1817 3679
515 3679
3679 3807
561 3679
1736 3679
3400 3679
1157 3679
3679 4566
1865 3679
1976 3679
3449 3679
3679 4207
1654 3679
798 3679
2227 3679
849 3679
3679 3763
825 3679
3167 3679
3679 4451
3679 4073
588 3679
2870 3679
850 3679
3679 4125
2235 3679
465 3679
3679 4903
1856 3679
3023 3679
2266 3679
1513 3679
2032 3679
617 3679
2559 3679
3104 3679
1128 3679
3679 4887
1496 3679
3679 4067
91 3679
2431 3679
2189 3679
3148 3679
1252 3679
3679 4436
242 3679
983 3679
3679 4770
3679 4802
162 3679
1032 3679
3679 4412
2712 3679
3272 3679
2657 3679
3679 4037
912 3679
1486 3679
3679 4639
2493 3679
1640 3679
3334 3679
382 3679
3679 4519
998 3679
1442 3679
1338 3679
1602 3679
736 3679
1147 3679
3679 4803
1921 3679
1908 3679
3679 4999
1154 3679
279 3679
3679 4398
3679 3688
2259 3679
3679 4795
3679 4356
2113 3679
518 3679
3617 3679
3003 3679
2799 3679
314 3679
2794 3679
2656 3679
2894 3679
3270 3679
3018 3679
641 3679
1760 3679
2265 3679
3679 4864
2375 3679
2836 3679
30 3679
3251 3679
2993 3679
667 3679
3172 3679
3679 3864
2878 3679
833 3679
3368 3679
2680 3679
3476 3679
688 3679
3373 3679
1849 3679
3679 3937
1161 3679
1325 3679
685 3679
3261 3679
3679 4548
1902 3679
3679 3877
2688 3679
3679 4422
3679 4862
437 3679
616 3679
3064 3679
593 3679
2078 3679
3679 3792
3679 4186
3679 3973
3482 3679
395 3679
1300 3679
3679 3794
1808 3679
2312 3679
1503 3679
362 3679
2182 3679
3219 3679
2514 3679
1918 3679
3679 3984
3288 3679
764 3679
2087 3679
1851 3679
2549 3679
717 3679
528 3679
3431 3679
2136 3679
3679 4490
446 3679
3679 4972
337 3679
2250 3679
1462 3679
1475 3679
2609 3679
3083 3679
1370 3679
3269 3679
1107 3679
1481 3679
3679 3817
1039 3679
3679 3796
920 3679
3179 3679
3679 4910
1584 3679
1937 3679
3679 4449
1608 3679
2849 3679
3506 3679
3679 4950
2165 3679
3679 4695
68 3679
2682 3679
855 3679
183 3679
3679 4792
3679 4415
3679 4007
2330 3679
3581 3679
3183 3679
2066 3679
166 3679
816 3679
2953 3679
3679 4545
2978 3679
3679 4170
79 3679
3679 4079
1373 3679
2615 3679
1722 3679
1524 3679
2758 3679
2022 3679
3679 4537
913 3679
3679 4796
3356 3679
1589 3679
89 3679
751 3679
139 3679
1454 3679
1652 3679
741 3679
380 3679
1423 3679
3113 3679
2175 3679
3240 3679
3679 3848
2351 3679
292 3679
1651 3679
234 3679
2714 3679
1124 3679
2317 3679
2383 3679
3679 4778
2204 3679
3132 3679
3575 3679
2927 3679
2237 3679
894 3679
3679 4178
245 3679
2322 3679
1687 3679
2046 3679
562 3679
2353 3679
1394 3679
3358 3679
2901 3679
418 3679
2430 3679
1712 3679
2868 3679
2990 3679
3679 3816
3679 4707
2444 3679
454 3679
3679 3855
3586 3679
2971 3679
1482 3679
2298 3679
2474 3679
3679 4784
3255 3679
2964 3679
3663 3679
952 3679
3679 3982
3679 4397
2622 3679
2934 3679
544 3679
1283 3679
2532 3679
1536 3679
3622 3679
505 3679
61 3679
3679 4457
1899 3679
3679 4885
944 3679
945 3679
608 3679
3292 3679
1185 3679
3679 4696
99 3679
949 3679
3574 3679
227 3679
3679 4376
3471 3679
586 3679
815 3679
779 3679
2851 3679
1895 3679
2130 3679
3679 3870
496 3679
2145 3679
286 3679
2853 3679
2702 3679
1931 3679
831 3679
3656 3679
2771 3679
3679 3904
3679 4139
596 3679
1925 3679
3679 4508
941 3679
2695 3679
3679 4664
2952 3679
889 3679
1262 3679
2308 3679
125 3679
880 3679
2647 3679
388 3679
3679 3691
1910 3679
150 3679
3679 4303
2290 3679
2135 3679
3679 4149
415 3679
3679 4307
953 3679
733 3679
3679 4842
830 3679
837 3679
709 3679
2734 3679
1776 3679
3679 4820
699 3679
2786 3679
3627 3679
757 3679
2827 3679
1702 3679
3679 4194
3679 3779
3484 3679
2333 3679
3262 3679
3679 4513
2705 3679
2284 3679
3679 4834
204 3679
2879 3679
3679 4117
2696 3679
3679 4801
3679 4199
1552 3679
3679 4654
3017 3679
2815 3679
101 3679
1734 3679
3679 4245
3679 3772
925 3679
3679 4949
3679 3868
2830 3679
1886 3679
3679 4533
1927 3679
3308 3679
3349 3679
3679 4819
723 3679
803 3679
105 3679
827 3679
3452 3679
1982 3679
1792 3679
3679 4234
422 3679
3679 3884
1447 3679
2824 3679
2481 3679
1430 3679
958 3679
3679 3988
2221 3679
968 3679
3679 4229
3679 3762
1923 3679
1629 3679
2781 3679
21 3679
3679 4733
2977 3679
3679 3804
2892 3679
3679 4038
3563 3679
2121 3679
1210 3679
2144 3679
1257 3679
2345 3679
1676 3679
3593 3679
1072 3679
3619 3679
640 3679
911 3679
1231 3679
69 3679
117 3679
3679 3905
3042 3679
37 3679
3679 4622
2438 3679
2791 3679
22 3679
1285 3679
3679 4250
3679 4973
2649 3679
3679 4168
3155 3679
2808 3679
409 3679
3679 4218
3657 3679
3679 4806
1948 3679
3679 3921
3679 4942
3532 3679
18 3679
1613 3679
3450 3679
1494 3679
2765 3679
1848 3679
729 3679
2602 3679
3257 3679
2212 3679
3679 4266
3679 4106
3470 3679
195 3679
2593 3679
3679 4147
1835 3679
226 3679
1768 3679
2139 3679
1974 3679
3366 3679
3679 4692
133 3679
657 3679
3561 3679
3679 4621
1106 3679
1498 3679
1756 3679
1375 3679
3659 3679
2446 3679
643 3679
3552 3679
282 3679
3679 3819
2780 3679
797 3679
3590 3679
191 3679
3679 4381
3679 4453
2368 3679
2313 3679
2563 3679
3679 3994
739 3679
3679 3872
954 3679
674 3679
1942 3679
2944 3679
47 3679
1102 3679
3679 4661
806 3679
3679 3997
3679 4237
270 3679
3679 4334
3679 4383
3679 4843
3679 4447
1532 3679
1057 3679
3679 3853
322 3679
3679 4912
3679 4212
3029 3679
609 3679
3679 3869
1603 3679
246 3679
1136 3679
3679 3875
3236 3679
55 3679
27 3679
848 3679
1568 3679
3679 4831
1915 3679
669 3679
3679 4982
3679 4132
1771 3679
3679 4552
718 3679
3679 3945
2891 3679
3339 3679
3679 4626
1846 3679
2318 3679
3679 4576
3679 4444
3679 4515
3314 3679
3679 4652
3679 4554
278 3679
3511 3679
1735 3679
3321 3679
3293 3679
3040 3679
2358 3679
1368 3679
539 3679
2197 3679
3241 3679
1269 3679
203 3679
3093 3679
3679 4076
3679 4749
2169 3679
3679 3818
1655 3679
3490 3679
149 3679
2047 3679
1075 3679
2076 3679
360 3679
3103 3679
3679 3747
273 3679
3679 4600
3679 4809
2423 3679
1733 3679
3372 3679
3679 4183
3606 3679
50 3679
3138 3679
3679 3680
331 3679
3679 4061
2408 3679
3354 3679
177 3679
1217 3679
1389 3679
271 3679
1411 3679
1243 3679
2730 3679
2036 3679
583 3679
3679 4995
3274 3679
455 3679
378 3679
3679 4642
3679 4851
1573 3679
2080 3679
2071 3679
1275 3679
3229 3679
2897 3679
2692 3679
1168 3679
3679 3783
786 3679
1983 3679
3679 4053
3414 3679
1840 3679
1612 3679
3679 4211
517 3679
1413 3679
2222 3679
509 3679
731 3679
2365 3679
3679 4158
1665 3679
3679 3972
3197 3679
2521 3679
1870 3679
747 3679
3679 4232
707 3679
3679 4174
2070 3679
3679 4092
3679 4668
26 3679
1540 3679
400 3679
2589 3679
2590 3679
95 3679
13 3679
3385 3679
3679 4772
2579 3679
2398 3679
3679 4517
3679 4162
2296 3679
3679 3901
3679 3899
3679 4191
3054 3679
599 3679
113 3679
3679 4085
3222 3679
3679 4971
3679 4306
2648 3679
3679 4404
3027 3679
1126 3679
3679 4140
2733 3679
3051 3679
390 3679
835 3679
1794 3679
2984 3679
3679 4694
1995 3679
3679 4998
3679 4134
884 3679
2056 3679
3679 4045
190 3679
3630 3679
2899 3679
3679 4869
339 3679
3679 4000
2067 3679
1674 3679
3679 4715
3679 3897
3345 3679
3679 4530
3679 3962
3679 4010
3679 4184
2690 3679
3109 3679
1272 3679
3679 4630
3679 3992
320 3679
295 3679
197 3679
3036 3679
3679 4561
1751 3679
2866 3679
2129 3679
1526 3679
2094 3679
1847 3679
1752 3679
3007 3679
606 3679
547 3679
2301 3679
3679 3959
1091 3679
3679 4393
3679 3995
1632 3679
2995 3679
1438 3679
2936 3679
3679 4901
2737 3679
251 3679
2604 3679
312 3679
2406 3679
1542 3679
3679 4727
299 3679
3679 4285
3061 3679
3494 3679
1534 3679
1273 3679
459 3679
1219 3679
1912 3679
1395 3679
2839 3679
342 3679
2621 3679
172 3679
3679 4730
3679 4408
2543 3679
2790 3679
3679 3971
3679 4217
3679 4193
2963 3679
857 3679
3679 4161
3679 4746
3389 3679
2784 3679
3679 4907
1256 3679
3679 4549
2489 3679
1641 3679
169 3679
408 3679
909 3679
3679 4432
1312 3679
3679 4039
1181 3679
2390 3679
2923 3679
961 3679
964 3679
1981 3679
1645 3679
2282 3679
2668 3679
3679 4295
478 3679
2065 3679
3679 4935
3679 4744
1692 3679
3201 3679
3679 4390
2691 3679
3679 3686
3679 3847
3679 4068
3679 4310
484 3679
3679 4345
584 3679
2973 3679
3679 3849
2475 3679
1574 3679
122 3679
3679 4214
3679 4943
3679 4890
1205 3679
1003 3679
1978 3679
1470 3679
2913 3679
811 3679
2392 3679
90 3679
1892 3679
3679 4701
1801 3679
3679 4272
2638 3679
1166 3679
494 3679
3679 4556
2719 3679
2778 3679
3350 3679
2624 3679
3491 3679
3033 3679
3679 4840
3122 3679
2699 3679
3679 4362
3679 4190
70 3679
531 3679
2289 3679
330 3679
1408 3679
3679 4197
34 3679
147 3679
1319 3679
2031 3679
3045 3679
740 3679
132 3679
3679 4959
2684 3679
3026 3679
3411 3679
313 3679
3679 4120
981 3679
3375 3679
3679 3938
3289 3679
3679 3852
3679 4467
2915 3679
3679 3739
1335 3679
1747 3679
3679 4427
2068 3679
2359 3679
1900 3679
2949 3679
2552 3679
3102 3679
3032 3679
2251 3679
198 3679
3679 3879
2960 3679
2620 3679
1180 3679
303 3679
3679 4531
1826 3679
2033 3679
2248 3679
374 3679
698 3679
2253 3679
3679 4236
627 3679
1382 3679
770 3679
3679 4786
3637 3679
3478 3679
3679 4676
1261 3679
872 3679
524 3679
1955 3679
2281 3679
3679 4722
3112 3679
1591 3679
2943 3679
957 3679
1517 3679
1248 3679
3266 3679
653 3679
732 3679
3679 4483
456 3679
3016 3679
3679 4697
3679 4810
3679 4047
2154 3679
3602 3679
1606 3679
3679 3704
3526 3679
3679 3856
2928 3679
471 3679
2096 3679
1339 3679
1237 3679
2938 3679
2508 3679
185 3679
2525 3679
1509 3679
2833 3679
2710 3679
2832 3679
788 3679
1787 3679
3679 4369
3679 4156
3679 4195
1638 3679
1666 3679
2245 3679
3679 4902
2016 3679
3679 3891
393 3679
3679 3943
3679 3703
3158 3679
3075 3679
3679 3770
3679 4638
3679 4430
3535 3679
3679 3922
2427 3679
2905 3679
3679 4040
3278 3679
3679 4172
36 3679
3679 3745
2858 3679
1367 3679
3679 4635
3014 3679
1087 3679
3679 4456
3570 3679
1618 3679
1118 3679
2533 3679
3543 3679
3679 4002
3679 4798
1236 3679
3446 3679
510 3679
3679 3753
2608 3679
3679 4339
1245 3679
3225 3679
2510 3679
3679 4780
778 3679
3360 3679
2809 3679
1332 3679
3212 3679
3679 3908
3528 3679
83 3679
533 3679
1060 3679
3679 4395
217 3679
579 3679
3679 4283
2043 3679
2147 3679
3679 3756
3250 3679
335 3679
1601 3679
3111 3679
2674 3679
3277 3679
3402 3679
917 3679
229 3679
3679 4593
2716 3679
3679 4860
2883 3679
1034 3679
3679 3741
3679 4506
3679 4653
3679 4503
1097 3679
2553 3679
881 3679
3679 3757
475 3679
2285 3679
3171 3679
3343 3679
1385 3679
2079 3679
3679 3733
838 3679
3523 3679
3461 3679
1403 3679
423 3679
1226 3679
611 3679
3679 4683
2428 3679
1950 3679
3679 3939
2127 3679
3679 3873
3679 4690
3679 3841
1686 3679
3238 3679
3569 3679
3679 3998
87 3679
648 3679
1842 3679
2541 3679
2186 3679
3275 3679
3185 3679
2957 3679
2823 3679
3679 4391
1165 3679
1873 3679
963 3679
340 3679
2749 3679
84 3679
2244 3679
3679 4858
1699 3679
1773 3679
2550 3679
2929 3679
1391 3679
2389 3679
1177 3679
2822 3679
2418 3679
3165 3679
181 3679
3679 4062
818 3679
3679 3803
3679 3960
2397 3679
722 3679
558 3679
2132 3679
221 3679
3679 4071
1050 3679
3679 4711
645 3679
623 3679
3679 3882
1227 3679
164 3679
3679 4124
1868 3679
3679 4605
756 3679
238 3679
3169 3679
3679 3862
1153 3679
935 3679
541 3679
3679 3978
1158 3679
3496 3679
3679 4599
3634 3679
2030 3679
3679 4544
54 3679
726 3679
3106 3679
46 3679
3679 3717
1715 3679
2937 3679
2219 3679
1412 3679
3558 3679
3679 4764
2191 3679
3263 3679
2568 3679
942 3679
1703 3679
2026 3679
452 3679
3679 4932
3679 4863
1416 3679
3430 3679
3679 3750
574 3679
3679 3878
1956 3679
1639 3679
1114 3679
3679 4557
1732 3679
2585 3679
1741 3679
3679 4143
3403 3679
3679 4208
1404 3679
3679 4428
1761 3679
3096 3679
753 3679
158 3679
2360 3679
3679 3832
3679 4384
990 3679
3679 4326
3679 4192
3679 4361
3679 3834
974 3679
3679 4590
725 3679
3384 3679
469 3679
752 3679
3312 3679
3297 3679
152 3679
144 3679
821 3679
2391 3679
2010 3679
3679 3799
1508 3679
3495 3679
348 3679
3679 4399
1163 3679
2381 3679
2974 3679
1866 3679
2152 3679
2299 3679
1071 3679
3679 4254
3217 3679
555 3679
1013 3679
1806 3679
690 3679
3409 3679
523 3679
3488 3679
363 3679
2988 3679
439 3679
2167 3679
2233 3679
327 3679
1005 3679
1053 3679
3510 3679
3679 4434
2226 3679
3328 3679
3679 4783
3679 4244
3089 3679
1131 3679
3232 3679
2275 3679
483 3679
3679 4714
1719 3679
3679 4468
3616 3679
2505 3679
3679 4241
3512 3679
300 3679
3500 3679
1344 3679
2242 3679
615 3679
1281 3679
2268 3679
2049 3679
3078 3679
3679 3957
3679 4318
3679 4473
106 3679
554 3679
763 3679
116 3679
2059 3679
74 3679
3679 4880
3654 3679
2255 3679
3679 3918
3679 3759
1301 3679
1315 3679
3396 3679
3679 4350
1774 3679
3679 3735
2641 3679
1916 3679
3094 3679
3244 3679
2388 3679
6 3679
336 3679
1887 3679
3679 4160
2728 3679
3147 3679
1254 3679
3679 4945
1000 3679
2476 3679
2085 3679
1758 3679
3679 4523
3679 4450
862 3679
3678 3679
2893 3679
351 3679
2564 3679
3679 4769
1434 3679
839 3679
1076 3679
1822 3679
2061 3679
1557 3679
3214 3679
3679 4386
546 3679
3679 4018
3267 3679
592 3679
3679 4588
3434 3679
1996 3679
466 3679
796 3679
3679 4643
3679 4616
3404 3679
3584 3679
2789 3679
3679 3731
1946 3679
3447 3679
1877 3679
1537 3679
686 3679
3679 4745
1499 3679
3120 3679
1021 3679
3395 3679
3006 3679
3679 4025
430 3679
2871 3679
3679 4854
448 3679
2479 3679
1023 3679
1016 3679
412 3679
2887 3679
1288 3679
2249 3679
1392 3679
3203 3679
3679 4978
992 3679
60 3679
3177 3679
3038 3679
777 3679
1869 3679
2958 3679
1803 3679
3661 3679
1402 3679
2369 3679
1307 3679
2655 3679
3327 3679
1883 3679
1688 3679
1934 3679
929 3679
3679 4824
1323 3679
3679 4988
2569 3679
1658 3679
1062 3679
2419 3679
138 3679
3567 3679
2967 3679
3679 3694
1551 3679
3679 4817
171 3679
2653 3679
1278 3679
2972 3679
3679 4611
834 3679
3059 3679
3679 4919
516 3679
994 3679
1092 3679
2872 3679
2172 3679
3679 4367
124 3679
3679 3730
1140 3679
780 3679
1105 3679
1657 3679
501 3679
3550 3679
3562 3679
1135 3679
2413 3679
3063 3679
1322 3679
3679 4015
3679 4290
3679 4571
114 3679
3035 3679
1326 3679
2339 3679
3679 4267
1839 3679
2918 3679
1171 3679
3679 4845
3679 4165
1521 3679
3253 3679
1795 3679
73 3679
3679 3890
2945 3679
3554 3679
3679 3927
536 3679
2946 3679
2001 3679
1220 3679
3679 4500
1893 3679
3679 3986
976 3679
3679 3969
281 3679
3679 4480
1748 3679
551 3679
2750 3679
3679 4368
3679 4785
3352 3679
140 3679
1812 3679
208 3679
1706 3679
2547 3679
2813 3679
2542 3679
3679 4915
3679 4475
3679 4377
3679 4815
1028 3679
359 3679
3679 4249
3679 4118
3679 4804
1059 3679
1572 3679
1538 3679
3565 3679
1650 3679
2854 3679
866 3679
565 3679
3407 3679
2761 3679
1313 3679
2371 3679
2999 3679
1590 3679
486 3679
372 3679
1077 3679
3679 4341
1187 3679
3307 3679
2890 3679
256 3679
1174 3679
1117 3679
1449 3679
2994 3679
2847 3679
265 3679
1907 3679
321 3679
3679 4794
3679 4771
220 3679
3679 3858
817 3679
2217 3679
236 3679
3679 4185
1519 3679
2867 3679
2703 3679
3429 3679
3679 4512
3679 4731
1428 3679
1030 3679
694 3679
530 3679
3330 3679
1093 3679
1515 3679
774 3679
1864 3679
53 3679
1008 3679
1667 3679
3679 4287
2772 3679
1755 3679
288 3679
3679 4585
3679 4846
572 3679
2819 3679
1116 3679
3679 4578
552 3679
3679 3702
3679 4171
2011 3679
3679 4445
1299 3679
3679 3795
94 3679
3140 3679
3679 4256
2751 3679
2304 3679
123 3679
235 3679
3679 4656
2097 3679
3679 4870
3679 4541
3679 4087
3530 3679
2770 3679
369 3679
2529 3679
3679 4582
3679 4655
2086 3679
3679 4438
3679 4975
413 3679
2909 3679
3679 3903
3679 4311
2756 3679
2523 3679
759 3679
1980 3679
3632 3679
3376 3679
3679 4838
3679 4426
3374 3679
680 3679
3679 4872
1729 3679
3679 4288
754 3679
333 3679
1695 3679
3679 4228
1094 3679
3679 4187
503 3679
3652 3679
3679 4246
765 3679
2399 3679
1901 3679
3290 3679
3679 3784
3679 4459
3674 3679
1579 3679
141 3679
3679 4895
3053 3679
1390 3679
3198 3679
2234 3679
888 3679
842 3679
3192 3679
1047 3679
691 3679
3679 4550
3679 3931
2075 3679
3199 3679
1894 3679
2239 3679
1380 3679
2336 3679
1944 3679
2747 3679
3679 4587
3679 3684
3472 3679
2534 3679
189 3679
1777 3679
3679 3811
3679 4598
247 3679
3679 4674
1605 3679
3679 3983
3353 3679
2138 3679
904 3679
499 3679
868 3679
2019 3679
3679 3734
1202 3679
3679 4469
1014 3679
1029 3679
2672 3679
2900 3679
3679 3840
1065 3679
3679 4940
1745 3679
3679 4466
3679 3975
3498 3679
3505 3679
1098 3679
3679 4757
972 3679
1086 3679
3679 3726
401 3679
1909 3679
3679 4017
1123 3679
364 3679
3055 3679
2356 3679
2746 3679
2987 3679
2460 3679
2796 3679
771 3679
2631 3679
3184 3679
3679 3956
209 3679
3679 4012
3542 3679
2349 3679
3679 4646
790 3679
2467 3679
3679 4242
1461 3679
1419 3679
63 3679
3679 3917
928 3679
3679 4762
946 3679
2302 3679
2274 3679
3679 3773
482 3679
1259 3679
2837 3679
903 3679
1635 3679
2422 3679
3031 3679
1938 3679
3338 3679
2864 3679
2074 3679
1111 3679
3679 4322
3679 4238
1427 3679
2347 3679
2482 3679
1471 3679
3679 3806
3679 4592
1823 3679
2516 3679
3679 4752
1999 3679
3399 3679
2513 3679
2630 3679
3679 4977
3679 4154
1643 3679
3519 3679
2686 3679
354 3679
3265 3679
1082 3679
3679 4439
3679 4387
3081 3679
3123 3679
3679 4460
3679 3842
3237 3679
199 3679
1984 3679
2670 3679
3679 4748
1711 3679
1622 3679
3679 4894
119 3679
3679 4114
2173 3679
3679 4059
3679 4491
1648 3679
329 3679
2178 3679
1623 3679
3679 4277
507 3679
491 3679
421 3679
3679 4923
3387 3679
2120 3679
937 3679
2689 3679
3679 4536
1619 3679
441 3679
2215 3679
2184 3679
1607 3679
3679 4719
3679 4908
1465 3679
1302 3679
1790 3679
3679 4876
44 3679
2889 3679
3679 3876
590 3679
1293 3679
3455 3679
892 3679
1932 3679
3568 3679
856 3679
142 3679
970 3679
2328 3679
3170 3679
1545 3679
1518 3679
2115 3679
594 3679
3679 3914
3679 3716
3057 3679
1662 3679
822 3679
2570 3679
986 3679
545 3679
3336 3679
3540 3679
2526 3679
2181 3679
2305 3679
2480 3679
370 3679
3538 3679
2779 3679
1358 3679
3679 4527
1919 3679
2364 3679
28 3679
258 3679
2267 3679
3224 3679
620 3679
389 3679
1571 3679
1510 3679
35 3679
2137 3679
1274 3679
1266 3679
2610 3679
1497 3679
1669 3679
3679 4281
3435 3679
3679 4474
3647 3679
3679 4385
3679 4240
97 3679
444 3679
1170 3679
269 3679
2539 3679
411 3679
3679 4732
3679 4323
2155 3679
2325 3679
3020 3679
3679 3993
3679 4898
2677 3679
587 3679
3188 3679
3679 4123
3679 4750
1525 3679
2588 3679
3679 3965
2807 3679
3679 3768
1788 3679
3679 4314
3679 4424
2729 3679
3679 4055
3679 4070
3679 4095
2195 3679
2908 3679
3595 3679
2106 3679
3679 4572
263 3679
3679 3808
3679 4755
3679 4421
2064 3679
3679 3729
2223 3679
2502 3679
3679 4844
1218 3679
3679 4247
1348 3679
2580 3679
488 3679
3013 3679
3679 4728
1142 3679
1327 3679
2464 3679
3097 3679
3100 3679
2379 3679
1037 3679
543 3679
1238 3679
1215 3679
2062 3679
2050 3679
1096 3679
2159 3679
2785 3679
1512 3679
2028 3679
2420 3679
638 3679
1634 3679
3679 4479
3679 4852
874 3679
3226 3679
3679 4693
1548 3679
3679 3974
1228 3679
1721 3679
3499 3679
1528 3679
1260 3679
3679 4684
78 3679
3600 3679
1492 3679
1682 3679
591 3679
497 3679
2101 3679
3679 3742
3679 4121
3679 4916
417 3679
1816 3679
2535 3679
3679 4400
1100 3679
1068 3679
3163 3679
3679 4108
2484 3679
1890 3679
1961 3679
1006 3679
3679 4672
3679 4569
2103 3679
668 3679
3679 4758
3679 4482
906 3679
2183 3679
1753 3679
2565 3679
2424 3679
201 3679
2635 3679
41 3679
2736 3679
2912 3679
3679 3946
800 3679
3679 4667
3679 4559
1270 3679
3679 4791
108 3679
3679 4049
2636 3679
2434 3679
3679 4319
3329 3679
1783 3679
3679 3896
3149 3679
82 3679
3679 4136
2574 3679
576 3679
2443 3679
2711 3679
3679 4828
578 3679
670 3679
207 3679
3418 3679
3679 4993
3679 4231
1660 3679
2385 3679
3679 4105
908 3679
1714 3679
3679 4799
2469 3679
900 3679
3335 3679
2844 3679
1249 3679
51 3679
196 3679
2639 3679
919 3679
193 3679
3679 4878
2998 3679
67 3679
136 3679
3679 4312
950 3679
2491 3679
3679 4524
2875 3679
1663 3679
3363 3679
1502 3679
3580 3679
3679 4565
1381 3679
3679 4429
996 3679
3679 4363
1514 3679
773 3679
3679 4698
1490 3679
3579 3679
535 3679
655 3679
3466 3679
658 3679
3679 4380
1186 3679
3679 4175
3271 3679
1991 3679
2073 3679
2895 3679
3302 3679
2922 3679
1197 3679
237 3679
287 3679
3679 4681
3679 3758
3679 4968
45 3679
3679 4389
1600 3679
2471 3679
1993 3679
1113 3679
2007 3679
2617 3679
504 3679
3679 4304
3679 4278
225 3679
761 3679
1061 3679
3679 4981
3679 4150
1723 3679
737 3679
3503 3679
3679 4129
1620 3679
1633 3679
3507 3679
2023 3679
3127 3679
1282 3679
2828 3679
1304 3679
1533 3679
1577 3679
3679 4875
3346 3679
820 3679
353 3679
3337 3679
3679 4119
1141 3679
3679 4509
2715 3679
3605 3679
3679 4946
3175 3679
3527 3679
3679 4906
1361 3679
3073 3679
3060 3679
2555 3679
3679 4313
3679 4286
3679 4122
3280 3679
923 3679
3679 4825
1081 3679
2645 3679
3679 4615
3679 4914
3019 3679
1588 3679
2134 3679
734 3679
3679 4765
416 3679
3679 3722
3679 4358
1642 3679
3679 4215
3679 4805
3679 4406
2802 3679
2108 3679
678 3679
3679 3874
3679 4767
3679 4562
260 3679
656 3679
2671 3679
2996 3679
3679 4497
2846 3679
3025 3679
1066 3679
3679 3749
2117 3679
841 3679
1477 3679
626 3679
2236 3679
298 3679
3679 3830
3085 3679
1556 3679
3679 4284
585 3679
1265 3679
1207 3679
3679 4865
1406 3679
2613 3679
3679 4720
563 3679
2209 3679
1347 3679
3151 3679
1189 3679
202 3679
3679 4086
700 3679
3679 4855
1565 3679
1611 3679
2835 3679
3679 4922
636 3679
3679 3695
115 3679
3679 4874
1074 3679
3679 4584
582 3679
3285 3679
1926 3679
3679 4072
375 3679
1354 3679
176 3679
460 3679
476 3679
3679 4036
3679 4808
632 3679
2664 3679
3436 3679
1945 3679
255 3679
1966 3679
1796 3679
428 3679
3679 4827
2576 3679
305 3679
1225 3679
2605 3679
3130 3679
3551 3679
2603 3679
1566 3679
3679 4604
3662 3679
3679 3893
1364 3679
1874 3679
3394 3679
424 3679
746 3679
3679 4441
212 3679
3641 3679
662 3679
1697 3679
3679 4617
3380 3679
3679 4157
893 3679
3679 4258
3181 3679
468 3679
728 3679
1328 3679
3679 3826
3679 4478
3679 4268
2687 3679
567 3679
2524 3679
3135 3679
3397 3679
2910 3679
3679 4763
76 3679
1033 3679
2326 3679
1084 3679
2619 3679
1630 3679
2583 3679
3386 3679
580 3679
3679 4230
3679 4411
1146 3679
3679 4201
1015 3679
3408 3679
3679 3999
570 3679
3539 3679
3679 4088
713 3679
3679 4987
3679 4893
3679 4594
3679 3888
3204 3679
3679 4166
2814 3679
80 3679
2271 3679
783 3679
3433 3679
3679 4818
3679 4700
1221 3679
3679 3851
2024 3679
1668 3679
3182 3679
1624 3679
2029 3679
3679 4464
2618 3679
3679 4309
3679 4489
959 3679
3679 4546
1407 3679
3679 3755
2776 3679
3679 4657
3521 3679
1247 3679
1646 3679
3437 3679
836 3679
548 3679
1410 3679
2586 3679
2678 3679
1112 3679
3048 3679
2595 3679
1738 3679
2082 3679
905 3679
2722 3679
5 3679
1819 3679
878 3679
984 3679
3679 3709
131 3679
3679 4522
1351 3679
3679 3966
2038 3679
3679 4976
3067 3679
2725 3679
2766 3679
2449 3679
3679 4263
3679 4153
826 3679
2213 3679
3679 4883
3679 4253
2921 3679
3679 4131
2149 3679
1859 3679
3679 4315
3679 4097
2571 3679
1067 3679
3679 4255
1292 3679
1329 3679
3205 3679
2054 3679
2633 3679
651 3679
3534 3679
3559 3679
550 3679
2826 3679
211 3679
3492 3679
3679 4560
1531 3679
3679 4925
1396 3679
1456 3679
3679 4740
3428 3679
3322 3679
492 3679
2450 3679
3313 3679
887 3679
1458 3679
3679 3683
2545 3679
1222 3679
2012 3679
3679 4944
1425 3679
3295 3679
2495 3679
1233 3679
3099 3679
1813 3679
1303 3679
3242 3679
2840 3679
2732 3679
1342 3679
3004 3679
3679 4867
1018 3679
3679 4553
2735 3679
3679 4080
3679 3696
2760 3679
3001 3679
2350 3679
3485 3679
1929 3679
1878 3679
3679 4849
2334 3679
1726 3679
2340 3679
664 3679
182 3679
3679 4320
386 3679
1628 3679
2754 3679
1017 3679
1631 3679
3679 4723
1420 3679
3046 3679
1448 3679
2831 3679
240 3679
3655 3679
3679 4302
3454 3679
1604 3679
477 3679
2081 3679
3679 4631
3679 4520
2886 3679
165 3679
3679 4889
3679 4857
1263 3679
2015 3679
1807 3679
3209 3679
3371 3679
2448 3679
3679 4044
3679 4619
3679 4612
2820 3679
2273 3679
1376 3679
3323 3679
3679 4227
3679 4296
3166 3679
1680 3679
3101 3679
153 3679
3381 3679
673 3679
1953 3679
3679 4405
438 3679
3473 3679
1799 3679
3008 3679
2429 3679
3679 4351
639 3679
3679 3989
2698 3679
3317 3679
3614 3679
2485 3679
2470 3679
3174 3679
3679 4526
3281 3679
200 3679
792 3679
665 3679
3679 4282
3679 4216
2554 3679
1943 3679
633 3679
3235 3679
3679 4633
3679 3769
2955 3679
677 3679
703 3679
3646 3679
1678 3679
2843 3679
3679 3977
1296 3679
3679 4471
1242 3679
3679 4316
3110 3679
3679 3707
3679 4830
3679 4659
2458 3679
2718 3679
660 3679
1200 3679
1027 3679
3679 4275
1276 3679
307 3679
3679 3829
1857 3679
3679 4182
2693 3679
2777 3679
3679 3727
979 3679
2628 3679
1814 3679
2311 3679
2681 3679
349 3679
447 3679
2741 3679
2472 3679
2679 3679
398 3679
3679 4054
3679 4507
2240 3679
264 3679
434 3679
3239 3679
1685 3679
2104 3679
3679 3970
2034 3679
2089 3679
1365 3679
934 3679
3311 3679
553 3679
899 3679
2112 3679
38 3679
3475 3679
3157 3679
8 3679
3679 4081
1958 3679
324 3679
2798 3679
2845 3679
3679 4332
12 3679
2487 3679
3268 3679
425 3679
3679 3738
1775 3679
3679 4861
3256 3679
2294 3679
3679 4407
1904 3679
2027 3679
443 3679
2162 3679
3679 4084
1889 3679
291 3679
3679 3765
3679 4373
3161 3679
3137 3679
2400 3679
3679 4850
2975 3679
1441 3679
3676 3679
1203 3679
2954 3679
3415 3679
3679 4651
1258 3679
2616 3679
3679 3949
368 3679
625 3679
1048 3679
2247 3679
684 3679
1160 3679
3679 3954
3247 3679
356 3679
1780 3679
3679 4337
3679 3926
637 3679
3347 3679
1965 3679
239 3679
1582 3679
2997 3679
3679 4841
3650 3679
2048 3679
3679 4965
3679 3782
3679 3813
2114 3679
3679 4074
58 3679
2105 3679
1422 3679
3679 4115
3679 3944
2393 3679
2468 3679
1371 3679
2214 3679
3679 4609
232 3679
2683 3679
508 3679
973 3679
2100 3679
1549 3679
715 3679
2556 3679
3679 4514
2394 3679
498 3679
3159 3679
2642 3679
3679 3910
2451 3679
347 3679
3679 4933
2933 3679
542 3679
1214 3679
3679 4964
3679 4472
31 3679
2477 3679
3679 4853
75 3679
2966 3679
1485 3679
2324 3679
1460 3679
3679 4918
784 3679
2264 3679
3282 3679
2300 3679
3604 3679
3679 3790
3679 4442
3679 4488
832 3679
3679 4535
3679 3913
689 3679
3679 4947
19 3679
1182 3679
3146 3679
3296 3679
1405 3679
161 3679
603 3679
1472 3679
3090 3679
3679 4372
1078 3679
980 3679
2483 3679
3679 4057
1101 3679
3162 3679
3309 3679
1968 3679
1784 3679
3679 4148
3598 3679
1495 3679
3557 3679
3468 3679
3628 3679
16 3679
1284 3679
3679 3728
1271 3679
3679 4647
3679 4008
3679 4788
231 3679
1010 3679
3679 4777
858 3679
519 3679
3679 4093
1789 3679
3679 4596
3611 3679
205 3679
2118 3679
3576 3679
3679 4347
947 3679
219 3679
2625 3679
3456 3679
2989 3679
3679 3711
814 3679
730 3679
366 3679
3679 4112
3194 3679
3393 3679
845 3679
57 3679
1785 3679
999 3679
40 3679
3679 4583
540 3679
1971 3679
2380 3679
3679 3833
943 3679
3679 4797
1277 3679
1149 3679
3679 3923
1409 3679
3364 3679
2009 3679
3679 4871
3319 3679
1491 3679
2726 3679
859 3679
2174 3679
2218 3679
3679 3854
748 3679
2561 3679
3451 3679
1744 3679
1426 3679
3679 3824
1201 3679
3642 3679
2180 3679
3438 3679
3679 4462
2040 3679
3679 4005
2869 3679
3679 4210
3679 3835
3015 3679
1056 3679
2270 3679
3679 3898
3176 3679
1704 3679
2341 3679
1530 3679
3679 3883
3679 3800
2663 3679
1286 3679
3679 3953
2140 3679
120 3679
3679 4706
3679 4213
3679 4640
2143 3679
383 3679
1340 3679
2634 3679
1374 3679
3679 4734
2701 3679
3679 4980
883 3679
3190 3679
3679 4403
3679 4688
1148 3679
357 3679
581 3679
1212 3679
3679 4146
157 3679
463 3679
450 3679
1316 3679
1626 3679
602 3679
1936 3679
2377 3679
3679 3708
3679 3802
851 3679
3679 4455
3577 3679
3679 4060
829 3679
1615 3679
3679 4751
2650 3679
1765 3679
1740 3679
29 3679
1191 3679
2260 3679
876 3679
3679 4239
3679 4766
3005 3679
2166 3679
902 3679
3086 3679
3679 4607
1464 3679
3679 4052
2124 3679
3629 3679
3679 4089
2762 3679
1964 3679
506 3679
3679 4021
1001 3679
3258 3679
2295 3679
1386 3679
3679 4904
2644 3679
2401 3679
3679 4956
749 3679
274 3679
1468 3679
2965 3679
3493 3679
3597 3679
702 3679
3442 3679
2992 3679
1644 3679
3679 4167
1880 3679
33 3679
708 3679
3679 4821
2316 3679
1437 3679
3679 4793
3152 3679
3259 3679
2039 3679
3623 3679
3679 3690
598 3679
2959 3679
3679 3752
1452 3679
3596 3679
188 3679
2329 3679
1838 3679
1206 3679
860 3679
103 3679
3340 3679
2704 3679
2008 3679
1516 3679
405 3679
2968 3679
126 3679
948 3679
3666 3679
3497 3679
724 3679
3107 3679
2109 3679
534 3679
3215 3679
955 3679
3087 3679
490 3679
4 3679
3679 4710
3679 3751
938 3679
2623 3679
3121 3679
3525 3679
3679 3737
2511 3679
1424 3679
3679 4996
781 3679
2652 3679
3679 4776
1455 3679
3679 3682
1432 3679
2661 3679
3022 3679
3679 4712
3367 3679
3679 4936
661 3679
3105 3679
17 3679
743 3679
2488 3679
3458 3679
2466 3679
2626 3679
1818 3679
3679 4568
962 3679
3679 3889
2880 3679
1046 3679
2198 3679
3547 3679
1103 3679
549 3679
2286 3679
3679 3941
1469 3679
693 3679
3668 3679
1333 3679
844 3679
967 3679
3679 4787
3071 3679
1184 3679
1852 3679
1167 3679
3355 3679
705 3679
371 3679
3679 3907
2157 3679
1369 3679
3679 3775
145 3679
3679 4033
1975 3679
3533 3679
1418 3679
3406 3679
1230 3679
1737 3679
989 3679
3351 3679
3679 4581
3679 4717
3467 3679
3635 3679
1994 3679
3679 3981
406 3679
1804 3679
1436 3679
3679 3880
3180 3679
3679 4567
2478 3679
3679 4768
1647 3679
2303 3679
3679 3947
2651 3679
3324 3679
3679 4437
2277 3679
2727 3679
2520 3679
3679 4342
3679 4847
877 3679
1121 3679
3679 3785
2035 3679
3679 4897
930 3679
1183 3679
1216 3679
3679 3831
2941 3679
3009 3679
1586 3679
1989 3679
2309 3679
1246 3679
804 3679
1450 3679
3679 4580
1871 3679
1621 3679
3679 3761
3679 3823
1988 3679
3571 3679
987 3679
249 3679
2903 3679
3679 4152
2767 3679
3679 4180
361 3679
3145 3679
3320 3679
2021 3679
3679 4729
2942 3679
2098 3679
3679 3932
3679 4540
160 3679
192 3679
3679 3760
978 3679
2411 3679
3618 3679
319 3679
3679 3859
3679 4660
3679 4937
3679 3740
575 3679
2707 3679
3679 4534
2445 3679
3513 3679
3679 4955
381 3679
2536 3679
2003 3679
886 3679
1467 3679
3439 3679
1616 3679
3441 3679
2170 3679
3679 4963
2192 3679
1854 3679
2515 3679
2083 3679
2930 3679
2654 3679
3679 4610
283 3679
3679 4219
2560 3679
1977 3679
1739 3679
65 3679
672 3679
3011 3679
419 3679
2970 3679
3679 4835
1858 3679
910 3679
1636 3679
3191 3679
2256 3679
1297 3679
3679 4538
2133 3679
42 3679
863 3679
3679 4308
3679 4374
1459 3679
3679 4098
3062 3679
991 3679
3679 3798
3643 3679
960 3679
2228 3679
1875 3679
3405 3679
3679 3839
3679 4001
194 3679
3624 3679
1362 3679
3679 4330
3294 3679
3679 3857
3043 3679
3679 4969
343 3679
1609 3679
3679 3821
2058 3679
1599 3679
2926 3679
1264 3679
184 3679
3084 3679
3679 4839
3610 3679
3679 4960
1906 3679
3243 3679
1598 3679
3648 3679
3679 3936
3326 3679
1896 3679
3679 4759
1479 3679
2911 3679
1314 3679
3679 4822
2940 3679
1691 3679
3305 3679
3679 3706
2842 3679
1694 3679
451 3679
3679 4360
49 3679
3679 4826
2454 3679
1019 3679
3679 3985
3108 3679
513 3679
453 3679
3679 4624
129 3679
365 3679
3679 3713
3679 4724
1480 3679
2367 3679
2402 3679
297 3679
1580 3679
762 3679
241 3679
1417 3679
3679 4029
3664 3679
2426 3679
3556 3679
2041 3679
3679 4934
3474 3679
1311 3679
597 3679
3426 3679
62 3679
1757 3679
3377 3679
3679 4128
951 3679
3679 3748
3679 4779
3679 4205
819 3679
1287 3679
2292 3679
760 3679
3549 3679
272 3679
649 3679
2432 3679
3679 3822
896 3679
1954 3679
2713 3679
1952 3679
1152 3679
2208 3679
1360 3679
940 3679
891 3679
3186 3679
3679 4493
3679 3801
3673 3679
396 3679
1457 3679
3679 4563
3136 3679
2935 3679
2355 3679
3679 4481
2190 3679
1099 3679
885 3679
3457 3679
3679 4110
3679 4886
3679 4090
2433 3679
3679 4440
1535 3679
3679 4058
2410 3679
3341 3679
1346 3679
2462 3679
1145 3679
3679 4994
85 3679
3390 3679
1235 3679
2706 3679
1268 3679
2188 3679
2306 3679
2665 3679
3679 4665
3679 4126
3095 3679
1700 3679
3679 4220
1356 3679
3601 3679
1872 3679
3677 3679
3679 4051
939 3679
3582 3679
1500 3679
3679 4702
1749 3679
3316 3679
697 3679
2821 3679
3679 4396
3679 3951
2372 3679
3480 3679
1827 3679
1435 3679
2205 3679
3679 4209
1331 3679
744 3679
3621 3679
3679 4718
404 3679
3679 3721
179 3679
2310 3679
2768 3679
341 3679
1911 3679
1743 3679
3679 4877
474 3679
3325 3679
3679 4774
3156 3679
1884 3679
3679 4547
1879 3679
3679 4879
3679 4269
3679 4224
1986 3679
2442 3679
3679 3916
511 3679
813 3679
2537 3679
1190 3679
2575 3679
2246 3679
2527 3679
3504 3679
2601 3679
3679 3933
2342 3679
3679 4498
969 3679
2805 3679
3047 3679
3679 3867
1134 3679
3679 4413
3679 4625
3679 4924
2986 3679
2126 3679
3679 3732
3501 3679
3420 3679
3679 4595
2632 3679
214 3679
1151 3679
173 3679
377 3679
3679 3685
3679 3699
2673 3679
3679 4957
2196 3679
2 3679
358 3679
3679 4516
2667 3679
3679 4327
3679 4931
3679 3887
1627 3679
3074 3679
3679 4484
3208 3679
429 3679
3679 3955
521 3679
1815 3679
1564 3679
3679 4753
3679 4911
3679 4737
1208 3679
1451 3679
118 3679
769 3679
2666 3679
3679 4699
2838 3679
3679 4984
1011 3679
1885 3679
3529 3679
3679 4100
3679 4419
2848 3679
3134 3679
2123 3679
3417 3679
3365 3679
2176 3679
787 3679
807 3679
3150 3679
3679 4142
2898 3679
3679 4176
3679 4452
1718 3679
1762 3679
3679 4829
2956 3679
3679 4274
3679 3911
311 3679
3301 3679
2055 3679
3388 3679
2044 3679
977 3679
1143 3679
1132 3679
3299 3679
2577 3679
15 3679
1562 3679
1393 3679
302 3679
3679 4375
2676 3679
294 3679
809 3679
1914 3679
3679 4104
3679 4203
3287 3679
2612 3679
647 3679
1352 3679
3679 4789
3679 3764
1522 3679
3679 3979
3640 3679
244 3679
1979 3679
2857 3679
3675 3679
2562 3679
3459 3679
1970 3679
2319 3679
3348 3679
3679 4041
933 3679
111 3679
1897 3679
3679 4990
3359 3679
3118 3679
3421 3679
1863 3679
1397 3679
3487 3679
2801 3679
3612 3679
3679 4243
2194 3679
3254 3679
3401 3679
1035 3679
1002 3679
3679 4781
2917 3679
3489 3679
3139 3679
403 3679
3679 3940
1797 3679
3679 3964
907 3679
3481 3679
3679 4141
467 3679
595 3679
137 3679
130 3679
1104 3679
1175 3679
10 3679
2640 3679
1701 3679
3679 4637
1125 3679
1990 3679
3331 3679
3625 3679
3679 4251
3010 3679
2455 3679
2278 3679
3679 4454
315 3679
3679 4539
965 3679
966 3679
178 3679
3049 3679
3679 3705
3679 4101
1198 3679
3679 4056
2116 3679
2503 3679
1398 3679
3187 3679
716 3679
