4999
[[[[[[[[[[[[[[[[[[[[[[[[[[[[[[[[[[[[[[[[[[[[[[[[[[[[[[[[[[[[[[[[[[[[[[[[[[[[[[[[[[[[[[[[[[[[[[[[[[[[[[[[[[[[[[[[[[[[[[[[[[[[[[[[[[[[[[[[[[[[[[[[[[[[[[[[[[[[[[[[[[[[[[[[[[[[[[[[[[[[[[[[[[[[[[[[[[[[[[[[[[[[[[[[[[[[[[[[[[[[[[[[[[[[[[[[[[[[[[[[[[[[[[[[[[[[[[[[[[[[[[[[[[[[[[[[[[[[[[[[[[[[[[[[[[[[[[[[[[[[[[[[[[[[[[[[[[[[[[[[[[[[[[[[[[[[[[[[[[[[[[[[[[[[[[[[[[[[[[[[[[[[[[[[[[[[[[[[[[[[[[[[[[[[[[[[[[[[[[[[[[[[[[[[[[[[[[[[[[[[[[[[[[[[[[[[[[[[[[[[[[[[[[[[[[[[[[[[[[[[[[[[[[[[[[[[[[[[[[[[[[[[[[[[[[[[[[[[[[[[[[[[[[[[[[[[[[[[[[[[[[[[[[[[[[[[[[[[[[[[[[[[[[[[[[[[[[[[[[[[[[[[[[[[[[[[[[[[[[[[[[[[[[[[[[[[[[[[[[[[[[[[[[[[[[[[[[[[[[[[[[[[[[[[[[[[[[[[[[[[[[[[[[[[[[[[[[[[[[[[[[[[[[[[[[[[[[[[[[[[[[[[[[[[[[[[[[[[[[[[[[[[[[[[[[[[[[[[[[[[[[[[[[[[[[[[[[[[[[[[[[[[[[[[[[[[[[[[[[[[[[[[[[[[[[[[[[[[[[[[[[[[[[[[[[[[[[[[[[[[[[[[[[[[[[[[[[[[[[[[[[[[[[[[[[[[[[[[[[[[[[[[[[[[[[[[[[[[[[[[[[[[[[[[[[[[[[[[[[[[[[[[[[[[[[[[[[[[[[[[[[[[[[[[[[[[[[[[[[[[[[[[[[[[[[[[[[[[[[[[[[[[[[[[[[[[[[[[[[[[[[[[[[[[[[[[[[[[[[[[[[[[[[[[[[[[[[[[[[[[[[[[[[[[[[[[[[[[[[[[[[[[[[[[[[[[[[[[[[[[[[[[[[[[[[[[[[[[[[[[[[[[[[[[[[[[[[[[[[[[[[[[[[[[[[[[[[[[[[[[[[[[[[[[[[[[[[[[[[[[[[[[[[[[[[[[[[[[[[[[[[[[[[[[[[[[[[[[[[[[[[[[[[[[[[[[[[[[[[[[[[[[[[[[[[[[[[[[[[[[[[[[[[[[[[[[[[[[[[[[[[[[[[[[[[[[[[[[[[[[[[[[[[[[[[[[[[[[[[[[[[[[[[[[[[[[[[[[[[[[[[[[[[[[[[[[[[[[[[[[[[[[[[[[[[[[[[[[[[[[[[[[[[[[[[[[[[[[[[[[[[[[[[[[[[[[[[[[[[[[[[[[[[[[[[[[[[[[[[[[[[[[[[[[[[[[[[[[[[[[[[[[[[[[[[[[[[[[[[[[[[[[[[[[[[[[[[[[[[[[[[[[[[[[[[[[[[[[[[[[[[[[[[[[[[[[[[[[[[[[[[[[[[[[[[[[[[[[[[[[[[[[[[[[[[[[[[[[[[[[[[[[[[[[[[[[[[[[[[[[[[[[[[[[[[[[[[[[[[[[[[[[[[[[[[[[[[[[[[[[[[[[[[[[[[[[[[[[[[[[[[[[[[[[[[[[[[[[[[[[[[[[[[[[[[[[[[[[[[[[[[[[[[[[[[[[[[[[[[[[[[[[[[[[[[[[[[[[[[[[[[[[[[[[[[[[[[[[[[[[[[[[[[[[[[[[[[[[[[[[[[[[[[[[[[[[[[[[[[[[[[[[[[[[[[[[[[[[[[[[[[[[[[[[[[[[[[[[[[[[[[[[[[[[[[[[[[[[[[[[[[[[[[[[[[[[[[[[[[[[[[[[[[[[[[[[[[[[[[[[[[[[[[[[[[[[[[[[[[[[[[[[[[[[[[[[[[[[[[[[[[[[[[[[[[[[[[[[[[[[[[[[[[[[[[[[[[[[[[[[[[[[[[[[[[[[[[[[[[[[[[[[[[[[[[[[[[[[[[[[[[[[[[[[[[[[[[[[[[[[[[[[[[[[[[[[[[[[[[[[[[[[[[[[[[[[[[[[[[[[[[[[[[[[[[[[[[[[[[[[[[[[[[[[[[[[[[[[[[[[[[[[[[[[[[[[[[[[[[[[[[[[[[[[[[[[[[[[[[[[[[[[[[[[[[[[[[[[[[[[[[[[[[[[[[[[[[[[[[[[[[[[[[[[[[[[[[[[[[[[[[[[[[[[[[[[[[[[[[[[[[[[[[[[[[[[[[[[[[[[[[[[[[[[[[[[[[[[[[[[[[[[[[[[[[[[[[[[[[[[[[[[[[[[[[[[[[[[[[[[[[[[[[[[[[[[[[[[[[[[[[[[[[[[[[[[[[[[[[[[[[[[[[[[[[[[[[[[[[[[[[[[[[[[[[[[[[[[[[[[[[[[[[[[[[[[[[[[[[[[[[[[[[[[[[[[[[[[[[[[[[[[[[[[[[[[[[[[[[[[[[[[[[[[[[[[[[[[[[[[[[[[[[[[[[[[[[[[[[[[[[[[[[[[[[[[[[[[[[[[[[[[[[[[[[[[[[[[[[[[[[[[[[[[[[[[[[[[[[[[[[[[[[[[[[[[[[[[[[[[[[[[[[[[[[[[[[[[[[[[[[[[[[[[[[[[[[[[[[[[[[[[[[[[[[[[[[[[[[[[[[[[[[[[[[[[[[[[[[[[[[[[[[[[[[[[[[[[[[[[[[[[[[[[[[[[[[[[[[[[[[[[[[[[[[[[[[[[[[[[[[[[[[[[[[[[[[[[[[[[[[[[[[[[[[[[[[[[[[[[[[[[[[[[[[[[[[[[[[[[[[[[[[[[[[[[[[[[[[[[[[[[[[[[[[[[[[[[[[[[[[[[[[[[[[[[[[[[[[[[[[[[[[[[[[[[[[[[[[[[[[[[[[[[[[[[[[[[[[[[[[[[[[[[[[[[[[[[[[[[[[[[[[[[[[[[[[[[[[[[[[[[[[[[[[[[[[[[[[[[[[[[[[[[[[[[[[[[[[[[[[[[[[[[[[[[[[[[[[[[[[[[[[[[[[[[[[[[[[[[[[[[[[[[[[[[[[[[[[[[[[[[[[[[[[[[[[[[[[[[[[[[[[[[[[[[[[[[[[[[[[[[[[[[[[[[[[[[[[[[[[[[[[[[[[[[[[[[[[[[[[[[[[[[[[[[[[[[[[[[[[[[[[[[[[[[[[[[[[[[[[[[[[[[[[[[[[[[[[[[[[[[[[[[[[[[[[[[[[[[[[[[[[[[[[[[[[[[[[[[[[[[[[[[[[[[[[[[[[[[[[[[[[[[[[[[[[[[[[[[[[[[[[[[[[[[[[[[[[[[[[[[[[[[[[[[[[[[[[[[[[[[[[[[[[[[[[[[[[[[[[[[[[[[[[[[[[[[[[[[[[[[[[[[[[[[[[[[[[[[[[[[[[[[[[[[[[[[[[[[[[[[[[[[[[[[[[[[[[[[[[[[[[[[[[[[[[[[[[[[[[[[[[[[[[[[[[[[[[[[[[[[[[[[[[[[[[[[[[[[[[[[[[[[[[[[[[[[[[[[[[[[[[[[[[[[[[[[[[[[[[[[[[[[[[[[[[[[[[[[[[[[[[[[[[[[[[[[[[[[[[[[[[[[[[[[[[[[[[[[[[[[[[[[[[[[[[[[[[[[[[[[[[[[[[[[[[[[[[[[[[[[[[[[[[[[[[[[[[[[[[[[[[[[[[[[[[[[[[[[[[[[[[[[[[[[[[[[[[[[[[[[[[[[[[[[[[[[[[[[[[[[[[[[[[[[[[[[[[[[[[[[[[[[[[[[[[[[[[[[[[[[[[[[[[[[[[[[[[[[[[[[[[[[[[[[[[[[[[[[[[[[[[[[[[[[[[[[[[[[[[[[[[[[[[[[[[[[[[[[[[[[[[[[[[[[[[[[[[[[[[[[[[[[[[[[[[[[[[[[[[[[[[[[[[[[[[[[[[[[[[[[[[[[[[[[[[[[[[[[[[[[[[[[[[[[[[[[[[[[[[[[[[[[[[[[[[[[[[[[[[[[[[[[[[[[[[[[[[[[[[[[[[[[[[[[[[[[[[[[[[[[[[[[[[[[[[[[[[[[[[[[[[[[[[[[[[[[[[[[[[[[[[[[[[[[[[[[[[[[[[[[[[[[[[[[[[[[[[[[[[[[[[[[[[[[[[[[[[[[[[[[[[[[[[[[[[[[[[[[[[[[[[[[[[[[[[[[[[[[[[[[[[[[[[[[[[[[[[[[[[[[[[[[[[[[[[[[[[[[[[[[[[[[[[[[[[[[[[[[[[[[[[[[[[[[[[[[[[[[[[[[[[[[[[[[[[[[[[[[[[[[[[[[[[[[][[[[[[[[[[[[[[[[[[[[[[[[[[[[[[[[[[[[[[[[[[[[[[[[[[[[[[[[[[[[[[[[[[[[[[[[[[[[[[[[[[[[[[[[[[[[[[[[[[[[[[[[[[[[[[[[[[[[[[[[[[[[[[[[[[[[[[[[[[[[[[[[[[[[[[[[[[[[[[[[[[[[[[[[[[[[[[[[[[[[[[[[[[[[[[[[[[[[[[[[[[[[[[[[[[[[[[[[[[[[[[[[[[[[[[[[[[[[[[[[[[[[[[[[[[[[[[[[[[[[[[[[[[[[[[[[[[[[[[[[[[[[[[[[[[[[[[[[[[[[[[[[[[[[[[[[[[[[[[[[[[[[[[[[[[[[[[[[[[[[[[[[[[[[[[[[[[[[[[[[[[[[[[[[[[[[[[[[[[[[[[[[[[[[[[[[[[[[[[[[[[[[[[[[[[[[[[[[[[[[[[[[[[[[[[[[[[[[[[[[[[[[[[[[[[[[[[[[[[[[[[[[[[[[[[[[[[[[[[[[[[[[[[[[[[[[[[[[[[[[[[[[[[[[[[[[[[[[[[[[[[[[[[[[[[[[[[[[[[[[[[[[[[[[[[[[[[[[[[[[[[[[[[[[[[[[[[[[[[[[[[[[[[[[[[[[[[[[[[[[[[[[[[[[[[[[[[[[[[[[[[[[[[[[[[[[[[[[[[[[[[[[[[[[[[[[[[[[[[[[[[[[[[[[[[[[[[[[[[[[[[[[[[[[[[[[[[[[[[[[[[[[[[[[[[[[[[[[[[[[[[[[[[[[[[[[[[[[[[[[[[[[[[[[[[[[[[[[[[[[[[[[[[[[[[[[[[[[[[[[[[[[[[[[[[[[[[[[[[[[[[[[[[[[[[[[[[[[[[[[[[[[[[[[[[[[[[[[[[[[[[[[[[[[[[[[[[[[[[[[[[[[[[
2241 4133
3391 4133
3017 4133
1257 4133
1388 4133
1076 4133
3900 4133
415 4133
1570 4133
3553 4133
1120 4133
3781 4133
1599 4133
2277 4133
683 4133
2795 4133
685 4133
4133 4158
920 4133
1185 4133
2898 4133
3169 4133
4133 4330
1947 4133
207 4133
551 4133
646 4133
2090 4133
4133 4334
351 4133
204 4133
1339 4133
3101 4133
2734 4133
819 4133
4133 4436
1330 4133
3714 4133
1409 4133
3187 4133
2170 4133
2319 4133
4133 4247
1568 4133
4015 4133
4133 4276
4133 4570
2721 4133
1454 4133
4133 4379
224 4133
453 4133
524 4133
3616 4133
1730 4133
1726 4133
3810 4133
2274 4133
2744 4133
3221 4133
1050 4133
2891 4133
858 4133
4133 4760
2573 4133
3581 4133
356 4133
1803 4133
4133 4778
4030 4133
3012 4133
3217 4133
1092 4133
1302 4133
3450 4133
2403 4133
1238 4133
2548 4133
1678 4133
368 4133
2489 4133
1016 4133
265 4133
3275 4133
869 4133
4133 4399
1051 4133
1482 4133
4133 4167
1319 4133
3991 4133
2367 4133
273 4133
1580 4133
4133 4929
778 4133
555 4133
2942 4133
4133 4305
1542 4133
1183 4133
2113 4133
1340 4133
3093 4133
1539 4133
2193 4133
4066 4133
1894 4133
1873 4133
459 4133
1504 4133
1094 4133
3490 4133
4133 4556
66 4133
332 4133
1055 4133
3559 4133
4104 4133
2336 4133
2155 4133
2184 4133
3866 4133
3342 4133
1931 4133
1290 4133
3123 4133
4133 4806
1673 4133
4133 4886
791 4133
4031 4133
2098 4133
2172 4133
4133 4377
4133 4248
3237 4133
899 4133
1545 4133
3133 4133
2269 4133
4133 4409
1249 4133
325 4133
2952 4133
4133 4860
2587 4133
666 4133
4133 4732
4133 4963
4133 4390
4058 4133
2722 4133
3801 4133
1742 4133
3300 4133
1838 4133
3854 4133
4133 4968
3642 4133
3260 4133
2305 4133
3762 4133
2027 4133
2651 4133
934 4133
3834 4133
3127 4133
2762 4133
3636 4133
1057 4133
427 4133
797 4133
3841 4133
4133 4876
4133 4300
1310 4133
4133 4347
4133 4644
3533 4133
199 4133
2043 4133
2938 4133
1463 4133
4133 4400
2457 4133
4133 4810
466 4133
3972 4133
1554 4133
3370 4133
2836 4133
2379 4133
4133 4541
4133 4382
2947 4133
4133 4977
4133 4365
170 4133
450 4133
2774 4133
1906 4133
2950 4133
4133 4636
3852 4133
30 4133
639 4133
4133 4311
1130 4133
2218 4133
3850 4133
416 4133
1357 4133
3657 4133
4119 4133
1940 4133
421 4133
702 4133
3913 4133
1798 4133
4133 4295
1558 4133
395 4133
2276 4133
4133 4535
1518 4133
2282 4133
249 4133
2292 4133
2335 4133
2660 4133
4133 4823
158 4133
3664 4133
2077 4133
3271 4133
3865 4133
3607 4133
2316 4133
2943 4133
2703 4133
2856 4133
4133 4177
2614 4133
2641 4133
4133 4897
4133 4851
319 4133
2452 4133
412 4133
883 4133
1495 4133
4133 4234
172 4133
1559 4133
1637 4133
1901 4133
2294 4133
3947 4133
690 4133
925 4133
1870 4133
3870 4133
2663 4133
682 4133
2806 4133
1004 4133
296 4133
2812 4133
4133 4480
3735 4133
1736 4133
1528 4133
2662 4133
1469 4133
4133 4983
3439 4133
2325 4133
1173 4133
4133 4678
3145 4133
4133 4660
504 4133
499 4133
2909 4133
4133 4162
4133 4867
2834 4133
673 4133
3249 4133
2091 4133
714 4133
4133 4154
4133 4627
1523 4133
4133 4812
2941 4133
2326 4133
3031 4133
3856 4133
383 4133
2557 4133
672 4133
1807 4133
2186 4133
378 4133
2992 4133
669 4133
3728 4133
1871 4133
4133 4487
2074 4133
4133 4681
2166 4133
1386 4133
32 4133
642 4133
2230 4133
4133 4629
3949 4133
4133 4421
1644 4133
3090 4133
360 4133
4133 4215
2495 4133
871 4133
1956 4133
1307 4133
474 4133
469 4133
1573 4133
2100 4133
4133 4217
2250 4133
2572 4133
2242 4133
1285 4133
3597 4133
2188 4133
3838 4133
1122 4133
2399 4133
1093 4133
262 4133
357 4133
679 4133
1401 4133
496 4133
3718 4133
1627 4133
500 4133
4133 4576
4133 4341
2957 4133
3366 4133
1098 4133
1641 4133
1712 4133
3319 4133
473 4133
4133 4984
3814 4133
1346 4133
9 4133
505 4133
4133 4574
2873 4133
1836 4133
1142 4133
3337 4133
331 4133
353 4133
3113 4133
3084 4133
38 4133
456 4133
2766 4133
1588 4133
4133 4526
1910 4133
3951 4133
3847 4133
2901 4133
3677 4133
3019 4133
3015 4133
4133 4343
487 4133
3722 4133
4086 4133
744 4133
1817 4133
1628 4133
1331 4133
1780 4133
4073 4133
2787 4133
872 4133
4080 4133
4064 4133
4133 4814
3154 4133
3420 4133
2632 4133
2822 4133
1011 4133
1497 4133
3473 4133
3578 4133
782 4133
4133 4757
3754 4133
3585 4133
2482 4133
2008 4133
1275 4133
1208 4133
1156 4133
1529 4133
1890 4133
1758 4133
218 4133
3929 4133
3789 4133
4133 4940
621 4133
2474 4133
537 4133
4133 4711
4133 4345
291 4133
3452 4133
3508 4133
1244 4133
2961 4133
4133 4935
1834 4133
2105 4133
3457 4133
3599 4133
832 4133
3704 4133
3691 4133
4133 4791
454 4133
1081 4133
4133 4601
2280 4133
1915 4133
1387 4133
354 4133
667 4133
1782 4133
3956 4133
308 4133
4133 4271
1750 4133
3938 4133
2738 4133
4133 4890
2392 4133
691 4133
120 4133
4133 4632
3155 4133
547 4133
3375 4133
1615 4133
3436 4133
3067 4133
4133 4965
3786 4133
807 4133
53 4133
1491 4133
4133 4510
3307 4133
846 4133
4133 4557
4133 4835
4133 4973
1535 4133
2773 4133
1700 4133
1612 4133
1607 4133
1378 4133
733 4133
2080 4133
4133 4513
397 4133
4045 4133
2597 4133
567 4133
2033 4133
1372 4133
4133 4194
4133 4889
1338 4133
2268 4133
1520 4133
1458 4133
4133 4529
4133 4932
3416 4133
718 4133
1601 4133
4133 4370
3070 4133
3522 4133
2156 4133
4133 4933
1888 4133
157 4133
4068 4133
3163 4133
531 4133
2199 4133
4133 4316
3146 4133
2040 4133
4133 4222
3026 4133
3159 4133
1556 4133
569 4133
248 4133
3992 4133
3594 4133
4133 4353
3623 4133
2483 4133
4133 4600
1248 4133
4133 4956
549 4133
418 4133
3933 4133
3215 4133
3207 4133
1823 4133
111 4133
507 4133
573 4133
2168 4133
1131 4133
4094 4133
3593 4133
941 4133
2400 4133
230 4133
3975 4133
4133 4719
1897 4133
1983 4133
2308 4133
1502 4133
1764 4133
2142 4133
4120 4133
252 4133
1995 4133
3812 4133
2644 4133
3952 4133
4133 4786
1447 4133
3035 4133
1472 4133
2563 4133
4098 4133
513 4133
1932 4133
2446 4133
1221 4133
2996 4133
4133 4540
4133 4593
512 4133
1569 4133
3390 4133
2498 4133
3688 4133
769 4133
2948 4133
3191 4133
3558 4133
4133 4652
2661 4133
2859 4133
3498 4133
1095 4133
4133 4378
1993 4133
4133 4588
3037 4133
3347 4133
1552 4133
3633 4133
4133 4729
4133 4799
452 4133
1611 4133
2235 4133
1332 4133
4133 4451
3676 4133
1009 4133
2930 4133
1620 4133
4133 4277
2982 4133
2599 4133
1797 4133
2838 4133
929 4133
220 4133
3936 4133
2585 4133
958 4133
420 4133
3491 4133
2742 4133
2370 4133
4133 4854
1886 4133
3879 4133
4017 4133
1443 4133
2278 4133
911 4133
1427 4133
1652 4133
3009 4133
1188 4133
2342 4133
3214 4133
3143 4133
4133 4725
4133 4485
2554 4133
901 4133
1137 4133
518 4133
4133 4829
365 4133
4133 4698
138 4133
1450 4133
192 4133
1065 4133
2351 4133
839 4133
3541 4133
1746 4133
4133 4990
1139 4133
2768 4133
4133 4279
4133 4637
698 4133
3959 4133
2082 4133
3153 4133
1631 4133
3241 4133
3582 4133
3918 4133
1423 4133
2691 4133
631 4133
627 4133
2831 4133
494 4133
3055 4133
3618 4133
1295 4133
590 4133
208 4133
1348 4133
2110 4133
3048 4133
3617 4133
720 4133
1560 4133
4133 4621
3102 4133
1824 4133
4133 4332
3904 4133
3828 4133
56 4133
1999 4133
2541 4133
4109 4133
3109 4133
3388 4133
4133 4357
2460 4133
3675 4133
4133 4649
1286 4133
1294 4133
2695 4133
2449 4133
274 4133
1161 4133
510 4133
3738 4133
1887 4133
3551 4133
428 4133
1787 4133
924 4133
3016 4133
526 4133
234 4133
3028 4133
3545 4133
1318 4133
700 4133
4133 4391
1186 4133
4133 4828
1971 4133
112 4133
3201 4133
2099 4133
1530 4133
2528 4133
3562 4133
2391 4133
4133 4454
336 4133
140 4133
862 4133
2591 4133
706 4133
2348 4133
1704 4133
1584 4133
1812 4133
4130 4133
945 4133
1510 4133
2083 4133
2980 4133
648 4133
4133 4314
301 4133
2003 4133
2387 4133
2562 4133
540 4133
4133 4539
2088 4133
2461 4133
1028 4133
2847 4133
1778 4133
4133 4285
4133 4283
515 4133
2536 4133
1083 4133
2306 4133
4133 4502
3335 4133
1998 4133
322 4133
4133 4585
1665 4133
1638 4133
523 4133
2631 4133
3493 4133
4133 4176
2439 4133
1590 4133
2114 4133
410 4133
2739 4133
4133 4440
2494 4133
3767 4133
3705 4133
4133 4950
3161 4133
662 4133
1759 4133
1636 4133
3082 4133
4012 4133
632 4133
34 4133
2462 4133
1327 4133
2388 4133
3118 4133
2386 4133
4133 4664
4133 4630
4133 4718
135 4133
1224 4133
4133 4531
1485 4133
488 4133
912 4133
3008 4133
918 4133
4133 4744
1435 4133
4115 4133
96 4133
4133 4704
1135 4133
1610 4133
3537 4133
1024 4133
3663 4133
4052 4133
5 4133
2129 4133
4133 4188
253 4133
1214 4133
1316 4133
4133 4207
2390 4133
3731 4133
1844 4133
4133 4452
3902 4133
4133 4164
2842 4133
3356 4133
290 4133
787 4133
2106 4133
561 4133
2783 4133
1517 4133
389 4133
4133 4493
3641 4133
3301 4133
3656 4133
4133 4607
1563 4133
285 4133
3800 4133
716 4133
1516 4133
4133 4654
3022 4133
2697 4133
3340 4133
1200 4133
3097 4133
2671 4133
3627 4133
3393 4133
4133 4766
3482 4133
4133 4954
146 4133
740 4133
670 4133
811 4133
4133 4635
217 4133
2569 4133
3297 4133
4133 4456
633 4133
2606 4133
1792 4133
3707 4133
2397 4133
2185 4133
3345 4133
835 4133
1583 4133
1643 4133
1480 4133
4027 4133
4133 4376
2426 4133
3609 4133
3534 4133
33 4133
3612 4133
3208 4133
4133 4205
2201 4133
1566 4133
1347 4133
3723 4133
402 4133
4133 4663
1337 4133
1017 4133
1536 4133
1101 4133
3524 4133
4133 4185
1658 4133
2393 4133
3782 4133
3040 4133
4133 4478
2550 4133
3440 4133
4114 4133
1143 4133
1311 4133
705 4133
1744 4133
4133 4465
1577 4133
2709 4133
2626 4133
1752 4133
106 4133
3589 4133
3880 4133
4133 4355
2458 4133
2785 4133
3981 4133
3785 4133
2344 4133
2227 4133
3373 4133
2707 4133
3296 4133
4133 4865
4133 4901
649 4133
4133 4169
4133 4658
1157 4133
4133 4372
2645 4133
210 4133
4133 4282
2946 4133
4133 4647
1968 4133
1540 4133
3361 4133
21 4133
3645 4133
1733 4133
2310 4133
3428 4133
2916 4133
4133 4323
376 4133
1499 4133
3310 4133
275 4133
4133 4849
3844 4133
3883 4133
2506 4133
3360 4133
1205 4133
3171 4133
863 4133
844 4133
2466 4133
1206 4133
2866 4133
951 4133
4133 4735
823 4133
497 4133
2926 4133
2171 4133
2747 4133
182 4133
3651 4133
2813 4133
1913 4133
4133 4373
1696 4133
1392 4133
1477 4133
4133 4900
1025 4133
665 4133
2025 4133
4059 4133
4009 4133
1846 4133
381 4133
3039 4133
4133 4171
4133 4259
3610 4133
2299 4133
3820 4133
2415 4133
556 4133
4133 4802
4133 4184
2580 4133
2756 4133
4133 4721
857 4133
407 4133
907 4133
3862 4133
809 4133
967 4133
675 4133
2804 4133
4133 4268
810 4133
729 4133
2253 4133
794 4133
3976 4133
3196 4133
1546 4133
4133 4200
2107 4133
209 4133
1661 4133
3264 4133
1789 4133
4133 4157
1104 4133
4131 4133
3680 4133
4133 4736
3625 4133
3752 4133
1242 4133
244 4133
2060 4133
1575 4133
2555 4133
1299 4133
1653 4133
1108 4133
3550 4133
1226 4133
4133 4700
1043 4133
833 4133
815 4133
4133 4969
2613 4133
1136 4133
2045 4133
2145 4133
1187 4133
3892 4133
796 4133
3438 4133
1779 4133
539 4133
1948 4133
553 4133
732 4133
3262 4133
3248 4133
237 4133
181 4133
1561 4133
792 4133
1152 4133
2272 4133
457 4133
4133 4335
3837 4133
3863 4133
4133 4642
1256 4133
2022 4133
2887 4133
2356 4133
3465 4133
2615 4133
152 4133
3784 4133
1236 4133
2053 4133
382 4133
2919 4133
4133 4501
4133 4453
3000 4133
144 4133
1958 4133
4000 4133
484 4133
3986 4133
2911 4133
3830 4133
3449 4133
3314 4133
1509 4133
4133 4488
2758 4133
1755 4133
2805 4133
4133 4686
3695 4133
4133 4754
60 4133
1393 4133
2960 4133
3566 4133
1893 4133
1880 4133
4133 4930
2683 4133
1418 4133
2688 4133
2285 4133
3368 4133
491 4133
3592 4133
1420 4133
4133 4240
4133 4674
4133 4764
1722 4133
2418 4133
281 4133
4133 4936
2659 4133
805 4133
461 4133
3543 4133
2176 4133
3336 4133
4133 4723
3472 4133
1899 4133
4133 4214
3148 4133
1521 4133
2133 4133
1710 4133
1581 4133
411 4133
470 4133
4133 4586
4133 4638
4133 4915
2907 4133
1963 4133
3192 4133
4133 4882
4133 4475
4133 4871
4133 4631
2759 4133
1212 4133
2989 4133
2026 4133
2653 4133
2361 4133
3304 4133
3905 4133
1745 4133
865 4133
3062 4133
2667 4133
475 4133
1079 4133
3195 4133
3327 4133
3692 4133
4133 4404
4133 4975
1399 4133
1987 4133
2594 4133
4133 4710
3730 4133
2507 4133
3726 4133
1867 4133
2630 4133
1062 4133
4133 4238
4133 4751
2211 4133
2425 4133
2104 4133
652 4133
4133 4566
1362 4133
1950 4133
2745 4133
1761 4133
3654 4133
3474 4133
4133 4944
175 4133
576 4133
4133 4299
3567 4133
2705 4133
2792 4133
4133 4925
948 4133
2642 4133
13 4133
3679 4133
1852 4133
2823 4133
1243 4133
2896 4133
1720 4133
4133 4661
4074 4133
1023 4133
4127 4133
3298 4133
3756 4133
3580 4133
4133 4364
1333 4133
2125 4133
1259 4133
4133 4964
3292 4133
4133 4263
593 4133
409 4133
2271 4133
1371 4133
4072 4133
873 4133
4133 4362
3444 4133
3106 4133
874 4133
1695 4133
4133 4386
880 4133
4133 4211
906 4133
624 4133
1686 4133
4133 4953
1687 4133
2920 4133
623 4133
2493 4133
1471 4133
3288 4133
3047 4133
2160 4133
344 4133
3950 4133
3878 4133
4133 4266
25 4133
1571 4133
724 4133
3874 4133
3699 4133
3139 4133
824 4133
4003 4133
2717 4133
3903 4133
1600 4133
3150 4133
2187 4133
2119 4133
1526 4133
2210 4133
1771 4133
1415 4133
3042 4133
104 4133
4108 4133
4133 4519
4133 4976
179 4133
3051 4133
2797 4133
2300 4133
3227 4133
1541 4133
977 4133
4133 4818
2020 4133
2684 4133
4133 4580
1921 4133
2169 4133
4133 4366
2814 4133
3804 4133
2094 4133
2892 4133
2855 4133
2048 4133
4133 4821
1070 4133
2539 4133
4133 4832
3689 4133
1253 4133
2678 4133
3693 4133
371 4133
2940 4133
2807 4133
1642 4133
3777 4133
4133 4880
4126 4133
3458 4133
2469 4133
2779 4133
129 4133
3914 4133
3489 4133
4133 4677
1381 4133
3966 4133
837 4133
1107 4133
3744 4133
257 4133
2440 4133
2825 4133
1977 4133
2159 4133
4133 4726
3108 4133
4065 4133
3872 4133
2763 4133
813 4133
3353 4133
4133 4503
738 4133
2516 4133
1234 4133
4133 4685
4133 4695
4133 4428
4133 4136
1034 4133
892 4133
4133 4408
4133 4156
2625 4133
1670 4133
401 4133
2708 4133
4021 4133
2934 4133
1035 4133
2232 4133
231 4133
4133 4749
1353 4133
1699 4133
3968 4133
1292 4133
3803 4133
3402 4133
1396 4133
591 4133
1756 4133
1786 4133
910 4133
1790 4133
3095 4133
2049 4133
165 4133
148 4133
3323 4133
2005 4133
2447 4133
3809 4133
3795 4133
2970 4133
4133 4405
3825 4133
2603 4133
1117 4133
3881 4133
4081 4133
3748 4133
3864 4133
1677 4133
448 4133
2784 4133
4133 4811
3401 4133
229 4133
2730 4133
471 4133
4089 4133
3448 4133
2923 4133
2151 4133
1448 4133
2965 4133
2328 4133
4133 4769
2821 4133
4133 4743
1114 4133
3529 4133
825 4133
264 4133
2623 4133
1938 4133
4133 4850
2217 4133
3315 4133
1198 4133
4133 4196
2590 4133
2531 4133
2969 4133
1937 4133
3464 4133
4133 4628
3948 4133
1805 4133
2035 4133
288 4133
3926 4133
3078 4133
4133 4232
564 4133
1741 4133
2034 4133
312 4133
432 4133
4133 4887
2354 4133
255 4133
198 4133
2629 4133
2589 4133
1433 4133
3349 4133
2596 4133
4133 4287
2031 4133
3829 4133
3715 4133
2928 4133
1572 4133
4133 4397
2154 4133
534 4133
723 4133
2288 4133
1002 4133
311 4133
3172 4133
3173 4133
4133 4383
3954 4133
3560 4133
4133 4273
1595 4133
4105 4133
4133 4773
1863 4133
1753 4133
2775 4133
2194 4133
3517 4133
4133 4633
2711 4133
1313 4133
79 4133
3499 4133
232 4133
1579 4133
560 4133
1460 4133
1494 4133
2459 4133
741 4133
2434 4133
2908 4133
1994 4133
3289 4133
746 4133
276 4133
3331 4133
1847 4133
4133 4706
2137 4133
1840 4133
4133 4336
279 4133
1412 4133
4133 4945
1799 4133
2410 4133
3783 4133
4133 4688
1080 4133
2207 4133
2057 4133
2546 4133
243 4133
2963 4133
176 4133
3157 4133
2059 4133
1810 4133
1245 4133
1144 4133
4133 4670
1315 4133
2213 4133
406 4133
4133 4752
2537 4133
1553 4133
1624 4133
4133 4419
2015 4133
2454 4133
933 4133
3453 4133
3478 4133
3350 4133
3996 4133
4079 4133
4133 4787
508 4133
3886 4133
1179 4133
1769 4133
1203 4133
2634 4133
655 4133
4133 4952
2522 4133
2491 4133
1544 4133
2480 4133
3791 4133
1036 4133
4133 4191
1210 4133
4133 4874
637 4133
1044 4133
1969 4133
2997 4133
4133 4153
2718 4133
3895 4133
4133 4402
2670 4133
3346 4133
1912 4133
996 4133
100 4133
1027 4133
2886 4133
3147 4133
213 4133
3085 4133
1235 4133
3117 4133
812 4133
1170 4133
2050 4133
84 4133
2117 4133
4133 4680
1481 4133
4133 4595
4133 4562
610 4133
200 4133
988 4133
4133 4927
3277 4133
4133 4498
27 4133
1354 4133
3445 4133
1424 4133
640 4133
1952 4133
1647 4133
4133 4618
3185 4133
943 4133
707 4133
3394 4133
595 4133
3435 4133
2565 4133
405 4133
4133 4325
1306 4133
1515 4133
806 4133
2237 4133
4116 4133
59 4133
4133 4603
1202 4133
3467 4133
3481 4133
443 4133
1785 4133
267 4133
916 4133
2635 4133
16 4133
174 4133
3156 4133
585 4133
379 4133
699 4133
4133 4329
3685 4133
3408 4133
4133 4745
335 4133
4133 4281
3131 4133
2994 4133
1260 4133
3898 4133
1438 4133
4133 4462
3114 4133
195 4133
4054 4133
4133 4199
2046 4133
4133 4333
1293 4133
4133 4414
1493 4133
3855 4133
2904 4133
4133 4728
4133 4788
2200 4133
3678 4133
54 4133
163 4133
3817 4133
2951 4133
4133 4581
2287 4133
4133 4942
2472 4133
4133 4606
233 4133
4133 4981
790 4133
4133 4356
4133 4573
3386 4133
2545 4133
4129 4133
2488 4133
4133 4820
681 4133
4133 4747
3403 4133
1320 4133
2428 4133
3531 4133
4107 4133
2772 4133
150 4133
4133 4571
4082 4133
95 4133
2602 4133
1629 4133
3649 4133
3071 4133
108 4133
1614 4133
39 4133
3168 4133
1851 4133
3103 4133
4133 4909
3807 4133
3352 4133
1973 4133
502 4133
1683 4133
770 4133
94 4133
1717 4133
2936 4133
3927 4133
2394 4133
1819 4133
1639 4133
2740 4133
4133 4558
3395 4133
4133 4583
7 4133
4133 4560
4133 4170
1715 4133
188 4133
4087 4133
2369 4133
2248 4133
4133 4407
2293 4133
4133 4518
4133 4542
3745 4133
2101 4133
1400 4133
4133 4742
3969 4133
2788 4133
2622 4133
1078 4133
1682 4133
52 4133
4133 4528
3701 4133
3994 4133
1397 4133
2790 4133
3989 4133
4133 4221
3459 4133
1500 4133
745 4133
969 4133
3283 4133
3916 4133
1591 4133
645 4133
3574 4133
1841 4133
2771 4133
4085 4133
2687 4133
4133 4898
2967 4133
2070 4133
476 4133
3441 4133
2778 4133
1648 4133
1211 4133
142 4133
3049 4133
717 4133
2794 4133
2791 4133
1240 4133
2042 4133
347 4133
449 4133
4133 4514
592 4133
890 4133
2976 4133
909 4133
1783 4133
4113 4133
141 4133
2658 4133
2894 4133
3711 4133
4069 4133
320 4133
1446 4133
1349 4133
1933 4133
2465 4133
2981 4133
4133 4534
2757 4133
4133 4486
3263 4133
4133 4141
2508 4133
1103 4133
4004 4133
3639 4133
2198 4133
989 4133
425 4133
4006 4133
4088 4133
764 4133
3167 4133
961 4133
2694 4133
975 4133
2582 4133
4133 4848
2857 4133
4133 4484
3958 4133
3605 4133
2559 4133
847 4133
2295 4133
2512 4133
2004 4133
3512 4133
2914 4133
2696 4133
2350 4133
4133 4179
3419 4133
3265 4133
2243 4133
4133 4520
3552 4133
3922 4133
1088 4133
3671 4133
2084 4133
2840 4133
2323 4133
1923 4133
2513 4133
2502 4133
2686 4133
4133 4846
2633 4133
1042 4133
1390 4133
4133 4233
671 4133
2877 4133
4133 4448
2827 4133
3753 4133
3308 4133
2851 4133
3504 4133
4133 4319
4133 4824
4133 4417
4118 4133
2608 4133
287 4133
3906 4133
3470 4133
4133 4734
1703 4133
4133 4572
1898 4133
3595 4133
3535 4133
1274 4133
4133 4779
1232 4133
1619 4133
4133 4447
4133 4563
2966 4133
1613 4133
1587 4133
2347 4133
725 4133
2286 4133
4133 4612
3334 4133
3110 4133
4133 4720
3662 4133
843 4133
820 4133
1220 4133
3266 4133
4133 4239
57 4133
2063 4133
2158 4133
2214 4133
3629 4133
968 4133
2236 4133
419 4133
3158 4133
2146 4133
897 4133
3771 4133
3230 4133
4133 4449
1814 4133
942 4133
2777 4133
1251 4133
4133 4495
1727 4133
628 4133
3411 4133
882 4133
370 4133
4133 4181
3806 4133
74 4133
4133 4919
3713 4133
1149 4133
1909 4133
2441 4133
908 4133
4061 4133
650 4133
855 4133
4133 4813
342 4133
3004 4133
4133 4489
3547 4133
3763 4133
3564 4133
2413 4133
2518 4133
2010 4133
3790 4133
4133 4577
2510 4133
444 4133
4133 4928
1944 4133
3369 4133
2817 4133
625 4133
1770 4133
3700 4133
3344 4133
546 4133
1284 4133
2921 4133
3521 4133
4133 4780
3122 4133
4133 4552
4133 4885
2281 4133
385 4133
314 4133
4133 4911
398 4133
754 4133
3833 4133
4133 4873
1263 4133
1266 4133
1869 4133
3536 4133
3233 4133
1774 4133
562 4133
1056 4133
1229 4133
4133 4331
4133 4626
881 4133
1097 4133
1483 4133
2304 4133
4133 4241
2054 4133
3576 4133
83 4133
58 4133
629 4133
1748 4133
1996 4133
1193 4133
3290 4133
4133 4262
3997 4133
337 4133
2925 4133
1760 4133
4133 4173
3053 4133
2782 4133
3703 4133
3832 4133
2028 4133
1562 4133
2320 4133
258 4133
4133 4844
559 4133
164 4133
4133 4511
3488 4133
2725 4133
972 4133
3329 4133
1672 4133
2109 4133
1190 4133
4133 4908
4133 4327
4133 4668
2619 4133
3910 4133
1951 4133
1273 4133
802 4133
3611 4133
676 4133
268 4133
904 4133
1820 4133
1567 4133
960 4133
4133 4856
1549 4133
3921 4133
2600 4133
3747 4133
1831 4133
1073 4133
2845 4133
3412 4133
1048 4133
2118 4133
1305 4133
2492 4133
1762 4133
3404 4133
596 4133
2038 4133
3132 4133
4133 4722
1404 4133
538 4133
572 4133
228 4133
1813 4133
3341 4133
4055 4133
489 4133
2566 4133
1379 4133
2732 4133
4013 4133
762 4133
1178 4133
739 4133
3775 4133
612 4133
3815 4133
3540 4133
950 4133
366 4133
657 4133
1329 4133
2991 4133
2357 4133
4133 4275
4133 4862
4133 4423
1181 4133
1289 4133
4133 4771
4133 4692
4133 4178
1033 4133
1112 4133
3376 4133
3321 4133
1125 4133
2781 4133
2820 4133
4133 4879
793 4133
49 4133
2553 4133
1247 4133
302 4133
167 4133
887 4133
4133 4322
1877 4133
1768 4133
1134 4133
3494 4133
117 4133
4133 4962
677 4133
3821 4133
4133 4878
345 4133
3631 4133
2544 4133
3932 4133
15 4133
4133 4546
3831 4133
4133 4187
2526 4133
4133 4836
2307 4133
1115 4133
2509 4133
3188 4133
4133 4342
2736 4133
3822 4133
1196 4133
3010 4133
841 4133
2437 4133
4133 4715
3025 4133
3235 4133
3509 4133
4133 4340
3622 4133
3668 4133
451 4133
2206 4133
2854 4133
615 4133
1077 4133
1370 4133
3069 4133
1772 4133
779 4133
189 4133
2371 4133
1164 4133
3937 4133
4133 4392
1303 4133
2525 4133
2529 4133
2567 4133
1010 4133
2639 4133
2832 4133
388 4133
2534 4133
4133 4385
4071 4133
1194 4133
3717 4133
786 4133
2414 4133
4133 4949
2014 4133
3760 4133
3130 4133
4133 4902
3427 4133
40 4133
4133 4384
2225 4133
4133 4320
692 4133
509 4133
4133 4614
4102 4133
944 4133
3381 4133
533 4133
1974 4133
1442 4133
1582 4133
1102 4133
2126 4133
2330 4133
708 4133
4133 4547
800 4133
3539 4133
2985 4133
3628 4133
4099 4133
2496 4133
3268 4133
3591 4133
2913 4133
254 4133
937 4133
495 4133
4133 4934
3092 4133
3861 4133
861 4133
1478 4133
1632 4133
1681 4133
3882 4133
1467 4133
482 4133
2179 4133
92 4133
2136 4133
4133 4317
3392 4133
3839 4133
2345 4133
3600 4133
115 4133
1878 4133
145 4133
2061 4133
696 4133
4133 4294
1671 4133
1801 4133
50 4133
2222 4133
1128 4133
2656 4133
1006 4133
2289 4133
4133 4338
1811 4133
2964 4133
2130 4133
71 4133
799 4133
1270 4133
2442 4133
4133 4149
2987 4133
4133 4801
4133 4696
3339 4133
4133 4150
582 4133
2121 4133
971 4133
399 4133
1802 4133
269 4133
1724 4133
1960 4133
4133 4837
2368 4133
728 4133
630 4133
3041 4133
4133 4292
1085 4133
2068 4133
2037 4133
3066 4133
789 4133
545 4133
498 4133
3935 4133
460 4133
486 4133
70 4133
896 4133
4133 4483
653 4133
3246 4133
1086 4133
1793 4133
1837 4133
4133 4946
4133 4229
1576 4133
2636 4133
1858 4133
422 4133
1788 4133
3253 4133
143 4133
89 4133
709 4133
1855 4133
3181 4133
3228 4133
1228 4133
2999 4133
566 4133
1026 4133
4133 4255
565 4133
4133 4590
4133 4269
1702 4133
4133 4548
788 4133
1548 4133
2279 4133
446 4133
1279 4133
1709 4133
4133 4916
845 4133
2819 4133
2195 4133
580 4133
3720 4133
4133 4978
2872 4133
221 4133
2161 4133
4133 4550
4133 4904
986 4133
2102 4133
45 4133
3417 4133
458 4133
938 4133
3615 4133
2147 4133
364 4133
2192 4133
4133 4724
4133 4640
1445 4133
3226 4133
2239 4133
4133 4705
3379 4133
712 4133
3885 4133
3660 4133
4133 4775
36 4133
3272 4133
771 4133
4125 4133
480 4133
1419 4133
3013 4133
4018 4133
3406 4133
4133 4591
1697 4133
3860 4133
768 4133
3433 4133
3239 4133
2337 4133
1498 4133
1980 4133
3634 4133
4133 4491
1757 4133
1341 4133
2986 4133
4133 4411
689 4133
3982 4133
3732 4133
4047 4133
1853 4133
2532 4133
4133 4477
3901 4133
3121 4133
4133 4201
2424 4133
3896 4133
1019 4133
1428 4133
3694 4133
2052 4133
4133 4785
1927 4133
2956 4133
1975 4133
647 4133
1850 4133
583 4133
68 4133
1322 4133
362 4133
2006 4133
1138 4133
4133 4845
4133 4261
1656 4133
1199 4133
4133 4202
4133 4413
4133 4420
2728 4133
1645 4133
1308 4133
606 4133
3925 4133
1344 4133
3061 4133
97 4133
2419 4133
1255 4133
3758 4133
3190 4133
3497 4133
2254 4133
3797 4133
3666 4133
2968 4133
4133 4759
4046 4133
3743 4133
3811 4133
3538 4133
2984 4133
3572 4133
3140 4133
1473 4133
91 4133
1828 4133
517 4133
3256 4133
375 4133
1924 4133
3359 4133
1084 4133
2649 4133
511 4133
2427 4133
4133 4999
2979 4133
2051 4133
1429 4133
4133 4739
283 4133
3778 4133
1747 4133
4133 4730
898 4133
1964 4133
3920 4133
2423 4133
3655 4133
190 4133
3742 4133
1087 4133
2324 4133
3302 4133
3749 4133
1654 4133
4133 4318
3229 4133
1431 4133
2401 4133
223 4133
4133 4762
185 4133
3999 4133
1096 4133
3059 4133
2385 4133
826 4133
1020 4133
1815 4133
3769 4133
979 4133
2092 4133
4063 4133
599 4133
3891 4133
2552 4133
4133 4727
2363 4133
2973 4133
1166 4133
3709 4133
3479 4133
4133 4709
4133 4839
2162 4133
4033 4133
2918 4133
3579 4133
4133 4151
2073 4133
2353 4133
2473 4133
1922 4133
1884 4133
3330 4133
4133 4472
3137 4133
3751 4133
4133 4272
821 4133
3176 4133
1688 4133
2890 4133
991 4133
2251 4133
1099 4133
326 4133
1692 4133
1490 4133
1169 4133
4133 4917
736 4133
4133 4482
1167 4133
2463 4133
3073 4133
4133 4893
3606 4133
2682 4133
597 4133
3252 4133
2753 4133
1826 4133
4133 4460
3621 4133
834 4133
2900 4133
2148 4133
155 4133
2429 4133
1389 4133
2931 4133
1410 4133
659 4133
3303 4133
4133 4206
3960 4133
4133 4693
1252 4133
1462 4133
3425 4133
1071 4133
4010 4133
2455 4133
1385 4133
747 4133
1622 4133
3942 4133
3635 4133
2135 4133
3587 4133
2895 4133
4133 4961
1317 4133
3575 4133
2314 4133
4133 4602
4133 4995
2408 4133
784 4133
2897 4133
2885 4133
3251 4133
3519 4133
4133 4481
4117 4133
2355 4133
2138 4133
734 4133
238 4133
1941 4133
851 4133
2262 4133
28 4133
417 4133
3141 4133
4133 4997
4133 4145
2209 4133
3477 4133
2977 4133
3027 4133
1818 4133
2244 4133
2380 4133
4133 4371
1314 4133
4040 4133
2075 4133
429 4133
3007 4133
577 4133
1507 4133
3619 4133
2815 4133
2260 4133
2021 4133
4133 4931
1794 4133
1839 4133
260 4133
240 4133
2131 4133
4133 4808
4133 4792
2058 4133
2453 4133
1451 4133
4029 4133
757 4133
329 4133
4121 4133
4133 4358
4133 4694
4133 4809
3281 4133
1195 4133
4133 4235
2521 4133
4133 4676
4133 4500
1655 4133
2056 4133
2296 4133
3941 4133
695 4133
2547 4133
212 4133
1506 4133
3849 4133
3725 4133
3673 4133
4133 4303
4133 4246
297 4133
3285 4133
3848 4133
727 4133
2228 4133
102 4133
3518 4133
1141 4133
358 4133
1342 4133
3045 4133
4133 4842
3112 4133
4133 4432
2862 4133
1487 4133
1452 4133
688 4133
4133 4289
2929 4133
3736 4133
2543 4133
1364 4133
3451 4133
1091 4133
4133 4913
544 4133
2349 4133
4133 4988
2628 4133
4133 4182
1160 4133
4133 4412
3385 4133
4133 4833
261 4133
2140 4133
4133 4537
2163 4133
4133 4703
1660 4133
4133 4996
2436 4133
4133 4827
663 4133
1140 4133
43 4133
22 4133
962 4133
1063 4133
173 4133
4133 4805
3096 4133
4133 4140
3565 4133
2412 4133
3193 4133
4133 4816
4133 4455
697 4133
4133 4579
3584 4133
4133 4288
4133 4139
2017 4133
2220 4133
694 4133
1336 4133
4133 4252
1845 4133
4133 4838
1621 4133
773 4133
4133 4183
177 4133
1163 4133
2389 4133
307 4133
441 4133
2800 4133
3357 4133
777 4133
4133 4701
4133 4912
853 4133
976 4133
12 4133
4133 4286
636 4133
522 4133
1547 4133
982 4133
2487 4133
2826 4133
1519 4133
4133 4497
4133 4297
3029 4133
1421 4133
4035 4133
3423 4133
3570 4133
2983 4133
622 4133
1808 4133
2654 4133
3461 4133
4133 4135
2174 4133
2680 4133
1015 4133
3377 4133
3358 4133
1605 4133
1066 4133
2833 4133
635 4133
3907 4133
3939 4133
4133 4245
4133 4746
2609 4133
2290 4133
3446 4133
643 4133
3475 4133
1074 4133
2086 4133
2723 4133
3057 4133
431 4133
3413 4133
2958 4133
3546 4133
81 4133
4133 4891
4133 4504
19 4133
589 4133
3322 4133
2405 4133
4133 4669
3979 4133
2676 4133
552 4133
4133 4494
1657 4133
4132 4133
3232 4133
1417 4133
3206 4133
3503 4133
3495 4133
105 4133
2729 4133
1990 4133
3212 4133
722 4133
2924 4133
295 4133
3442 4133
4133 4458
2 4133
4023 4133
2962 4133
2420 4133
930 4133
247 4133
2802 4133
1008 4133
1265 4133
1904 4133
3242 4133
4133 4555
3326 4133
4133 4955
468 4133
3317 4133
1511 4133
1918 4133
3946 4133
1946 4133
4133 4608
4133 4634
2468 4133
3840 4133
2196 4133
3018 4133
4133 4368
2332 4133
1616 4133
4110 4133
4133 4536
73 4133
3648 4133
1531 4133
3750 4133
1175 4133
241 4133
868 4133
4133 4437
4076 4133
4133 4822
4133 4641
2955 4133
501 4133
2698 4133
3604 4133
2852 4133
1978 4133
3501 4133
3894 4133
4133 4665
2752 4133
2144 4133
184 4133
3244 4133
1177 4133
1001 4133
226 4133
4133 4434
3076 4133
193 4133
4133 4894
3142 4133
1031 4133
4133 4903
4133 4702
922 4133
2515 4133
3034 4133
2364 4133
879 4133
299 4133
2647 4133
3687 4133
391 4133
2384 4133
3222 4133
4133 4168
1100 4133
334 4133
875 4133
1304 4133
2871 4133
477 4133
808 4133
1328 4133
4133 4737
2880 4133
994 4133
4133 4918
760 4133
156 4133
2019 4133
3198 4133
516 4133
2095 4133
992 4133
3706 4133
2576 4133
3667 4133
310 4133
4133 4346
242 4133
235 4133
294 4133
3658 4133
2377 4133
1089 4133
493 4133
80 4133
2183 4133
2523 4133
69 4133
3382 4133
3940 4133
570 4133
2432 4133
3836 4133
1052 4133
2291 4133
2648 4133
4133 4313
514 4133
4133 4473
2533 4133
2514 4133
3869 4133
1522 4133
980 4133
3548 4133
1970 4133
3030 4133
1422 4133
219 4133
2511 4133
4133 4218
3765 4133
304 4133
1945 4133
3638 4133
4008 4133
2231 4133
1127 4133
766 4133
4133 4559
4133 4256
3868 4133
93 4133
4133 4553
2824 4133
3987 4133
4133 4284
4133 4875
3970 4133
349 4133
3119 4133
1456 4133
1961 4133
2939 4133
4056 4133
1486 4133
1151 4133
3544 4133
2884 4133
1861 4133
2616 4133
574 4133
3054 4133
2726 4133
1925 4133
609 4133
4133 4971
836 4133
1377 4133
216 4133
1453 4133
2204 4133
4042 4133
4133 4592
4133 4713
4133 4304
2588 4133
1825 4133
1277 4133
352 4133
2595 4133
2902 4133
1649 4133
1414 4133
4133 4223
3653 4133
462 4133
4133 4312
2679 4133
3734 4133
4133 4438
4133 4244
726 4133
4133 4349
2205 4133
424 4133
1538 4133
1689 4133
3189 4133
1 4133
1630 4133
1449 4133
1060 4133
1854 4133
2001 4133
506 4133
2180 4133
829 4133
4133 4396
3500 4133
2422 4133
2617 4133
4133 4800
2712 4133
72 4133
3311 4133
1126 4133
2255 4133
528 4133
4133 4459
4084 4133
854 4133
2689 4133
3056 4133
2078 4133
390 4133
798 4133
392 4133
4133 4403
149 4133
905 4133
4 4133
2524 4133
447 4133
4133 4797
660 4133
1865 4133
1883 4133
4133 4753
4133 4939
400 4133
369 4133
282 4133
2072 4133
214 4133
4133 4564
2932 4133
4133 4615
575 4133
2476 4133
131 4133
1525 4133
3011 4133
3149 4133
1935 4133
3418 4133
2486 4133
271 4133
4133 4450
664 4133
2858 4133
1534 4133
1133 4133
4133 4646
4133 4274
3819 4133
3183 4133
4133 4509
4133 4190
17 4133
2407 4133
2311 4133
3100 4133
987 4133
1981 4133
251 4133
1109 4133
3528 4133
316 4133
4133 4430
4133 4896
3312 4133
3759 4133
2471 4133
3089 4133
4053 4133
31 4133
2843 4133
1269 4133
2720 4133
4133 4708
3164 4133
2621 4133
1929 4133
3719 4133
4133 4270
3023 4133
2988 4133
3052 4133
2733 4133
3126 4133
4133 4369
1916 4133
4133 4467
684 4133
3225 4133
2664 4133
2256 4133
1283 4133
4133 4910
1892 4133
1365 4133
1201 4133
286 4133
2765 4133
4133 4278
2503 4133
2504 4133
4133 4605
3919 4133
3923 4133
1191 4133
4133 4803
4133 4625
2568 4133
1356 4133
1908 4133
1129 4133
4133 4623
4133 4684
3741 4133
4133 4442
4133 4869
4133 4165
543 4133
772 4133
4133 4938
3984 4133
1383 4133
2128 4133
1351 4133
3516 4133
3569 4133
4133 4344
3928 4133
4133 4242
4044 4133
2945 4133
2216 4133
3620 4133
3267 4133
783 4133
1829 4133
1666 4133
2301 4133
3383 4133
2878 4133
928 4133
3770 4133
4133 4544
1222 4133
442 4133
1005 4133
2910 4133
433 4133
1550 4133
1394 4133
372 4133
1833 4133
4133 4561
1532 4133
947 4133
4019 4133
151 4133
4111 4133
178 4133
3571 4133
542 4133
4133 4307
2122 4133
1464 4133
2517 4133
2303 4133
3005 4133
2574 4133
1891 4133
3561 4133
1997 4133
4133 4662
4133 4853
3197 4133
467 4133
3255 4133
472 4133
3243 4133
3835 4133
2810 4133
77 4133
4133 4243
4093 4133
3487 4133
3632 4133
571 4133
2298 4133
2868 4133
86 4133
3851 4133
426 4133
2789 4133
4133 4834
817 4133
1725 4133
1784 4133
277 4133
1219 4133
3426 4133
1967 4133
2993 4133
2016 4133
4133 4679
616 4133
940 4133
1597 4133
3681 4133
1119 4133
215 4133
2618 4133
644 4133
613 4133
1241 4133
1860 4133
4133 4220
1323 4133
4133 4707
35 4133
3387 4133
605 4133
1032 4133
4133 4324
323 4133
236 4133
4133 4863
3514 4133
2012 4133
1659 4133
1876 4133
2750 4133
3917 4133
3111 4133
2229 4133
891 4133
78 4133
2030 4133
1842 4133
2421 4133
205 4133
4133 4575
122 4133
1843 4133
2066 4133
913 4133
4133 4138
227 4133
3510 4133
743 4133
113 4133
2479 4133
1217 4133
983 4133
2139 4133
1268 4133
4133 4657
1551 4133
3138 4133
2103 4133
1875 4133
2538 4133
2499 4133
211 4133
3454 4133
1068 4133
2835 4133
4133 4424
917 4133
3068 4133
4133 4982
2029 4133
3280 4133
2584 4133
3908 4133
3816 4133
2398 4133
1430 4133
1369 4133
3202 4133
2879 4133
3182 4133
2331 4133
270 4133
119 4133
2245 4133
330 4133
4133 4750
3526 4133
4133 4830
842 4133
619 4133
3977 4133
3772 4133
3374 4133
4133 4599
2339 4133
4133 4596
525 4133
1618 4133
1907 4133
4133 4947
4133 4774
4133 4521
2846 4133
2704 4133
2064 4133
394 4133
1380 4133
359 4133
3351 4133
3669 4133
2044 4133
1524 4133
1049 4133
2352 4133
2203 4133
4133 4970
1796 4133
3973 4133
3125 4133
4026 4133
3955 4133
870 4133
2497 4133
1976 4133
196 4133
4133 4979
4133 4884
2252 4133
3174 4133
2620 4133
731 4133
1905 4133
160 4133
4133 4598
266 4133
1953 4133
3273 4133
3967 4133
753 4133
3014 4133
3120 4133
3152 4133
26 4133
2081 4133
2505 4133
1501 4133
1159 4133
4133 4260
2724 4133
1749 4133
4133 4161
2124 4133
2666 4133
1714 4133
2062 4133
4133 4306
1271 4133
3355 4133
3484 4133
3231 4133
3430 4133
3624 4133
2116 4133
1215 4133
956 4133
363 4133
2577 4133
46 4133
1432 4133
4133 4398
1254 4133
2624 4133
2343 4133
4133 4923
1022 4133
2713 4133
4133 4361
3601 4133
1743 4133
2191 4133
3098 4133
2844 4133
3826 4133
1291 4133
3236 4133
4057 4133
3586 4133
2551 4133
3965 4133
4007 4133
4133 4994
4001 4133
361 4133
3286 4133
3530 4133
29 4133
4025 4133
578 4133
1949 4133
4133 4937
923 4133
654 4133
4122 4133
4133 4765
2002 4133
171 4133
3003 4133
3320 4133
76 4133
2266 4133
3857 4133
2598 4133
1176 4133
3995 4133
914 4133
1395 4133
3652 4133
4133 4671
2153 4133
742 4133
1896 4133
686 4133
1795 4133
4133 4770
3469 4133
3974 4133
953 4133
1716 4133
4133 4951
3456 4133
2710 4133
1334 4133
3021 4133
2087 4133
125 4133
1732 4133
1664 4133
4133 4905
328 4133
1470 4133
1261 4133
3471 4133
2406 4133
4133 4667
3647 4133
3944 4133
4133 4617
464 4133
3766 4133
867 4133
3554 4133
222 4133
1111 4133
4133 4416
3077 4133
3505 4133
4133 4394
1895 4133
1105 4133
147 4133
1479 4133
4133 4868
4133 4393
2485 4133
3211 4133
3683 4133
3859 4133
3808 4133
2604 4133
3893 4133
3889 4133
2273 4133
3737 4133
1513 4133
2706 4133
866 4133
4133 4675
4133 4966
4133 4650
2322 4133
4133 4533
1426 4133
4133 4992
1360 4133
1564 4133
3716 4133
1885 4133
3985 4133
2780 4133
3083 4133
3525 4133
2365 4133
1543 4133
2340 4133
1223 4133
2215 4133
1301 4133
3867 4133
1735 4133
3299 4133
1013 4133
4133 4363
1489 4133
3250 4133
4133 4315
4133 4855
4133 4895
3931 4133
801 4133
4133 4446
2501 4133
620 4133
581 4133
3773 4133
1405 4133
3129 4133
121 4133
463 4133
3897 4133
1830 4133
2776 4133
1054 4133
1474 4133
445 4133
3038 4133
4133 4941
1207 4133
3980 4133
4133 4613
2448 4133
1781 4133
1403 4133
1037 4133
4133 4374
4133 4921
4133 4209
2643 4133
1165 4133
2223 4133
2652 4133
693 4133
2672 4133
2975 4133
803 4133
3702 4133
2358 4133
838 4133
2212 4133
2120 4133
889 4133
107 4133
4133 4469
3650 4133
3414 4133
4133 4690
3204 4133
3853 4133
3362 4133
2221 4133
4133 4253
3523 4133
2373 4133
1407 4133
2751 4133
1694 4133
1718 4133
1603 4133
1705 4133
1930 4133
1602 4133
3455 4133
1992 4133
4133 4616
1021 4133
4133 4337
1082 4133
785 4133
1014 4133
4124 4133
719 4133
2329 4133
3502 4133
4133 4594
2893 4133
1406 4133
2669 4133
3761 4133
1455 4133
3306 4133
4133 4589
2313 4133
849 4133
558 4133
438 4133
4034 4133
4133 4691
1608 4133
4133 4230
2467 4133
4133 4166
1508 4133
1398 4133
191 4133
3637 4133
4133 4210
3877 4133
1312 4133
850 4133
2333 4133
2444 4133
1623 4133
2395 4133
1806 4133
3367 4133
884 4133
4049 4133
818 4133
4133 4656
3659 4133
2085 4133
1920 4133
2611 4133
548 4133
3422 4133
1527 4133
4133 4197
674 4133
259 4133
921 4133
440 4133
711 4133
4133 4406
3365 4133
995 4133
4133 4653
2586 4133
4133 4578
134 4133
2830 4133
4133 4689
1335 4133
1598 4133
2535 4133
250 4133
2375 4133
3348 4133
4133 4463
1765 4133
309 4133
4133 4212
756 4133
2906 4133
1154 4133
2888 4133
194 4133
530 4133
563 4133
4133 4683
4133 4782
1979 4133
2828 4133
1691 4133
1367 4133
4133 4251
3064 4133
4133 4716
2338 4133
4133 4524
2023 4133
3258 4133
2443 4133
4083 4133
2519 4133
608 4133
3708 4133
1766 4133
3105 4133
2796 4133
1942 4133
4133 4597
2998 4133
1989 4133
1118 4133
3209 4133
24 4133
1147 4133
63 4133
90 4133
1698 4133
856 4133
1155 4133
3613 4133
47 4133
246 4133
2786 4133
4133 4648
2917 4133
2470 4133
4133 4367
3218 4133
4133 4468
721 4133
1650 4133
303 4133
4133 4795
985 4133
998 4133
4133 4569
4070 4133
2445 4133
4133 4967
483 4133
3086 4133
749 4133
3006 4133
2863 4133
1437 4133
51 4133
3216 4133
2754 4133
2755 4133
4133 4756
2173 4133
2297 4133
1872 4133
3279 4133
2702 4133
4133 4619
61 4133
479 4133
1651 4133
1578 4133
1072 4133
126 4133
876 4133
2853 4133
4133 4517
894 4133
3573 4133
1218 4133
18 4133
436 4133
4133 4439
2592 4133
1955 4133
4133 4991
1374 4133
1856 4133
3424 4133
1604 4133
2257 4133
41 4133
4020 4133
3397 4133
1018 4133
3036 4133
3712 4133
1574 4133
2564 4133
4133 4180
3556 4133
1264 4133
2284 4133
2481 4133
4133 4793
1258 4133
4133 4980
387 4133
2612 4133
584 4133
2935 4133
3046 4133
2157 4133
4133 4290
973 4133
1635 4133
2115 4133
1966 4133
878 4133
1693 4133
1272 4133
2475 4133
4133 4582
2693 4133
1413 4133
2540 4133
1690 4133
3630 4133
978 4133
3788 4133
4133 4666
4133 4899
2259 4133
3200 4133
3990 4133
1708 4133
4133 4794
2450 4133
814 4133
4133 4922
984 4133
3075 4133
2849 4133
4101 4133
3074 4133
1189 4133
1848 4133
162 4133
430 4133
3318 4133
1928 4133
1321 4133
6 4133
2071 4133
2283 4133
4091 4133
2922 4133
3134 4133
4133 4249
3746 4133
153 4133
4133 4375
4133 4474
4133 4840
750 4133
532 4133
1225 4133
1633 4133
465 4133
1352 4133
4133 4733
1411 4133
1857 4133
2761 4133
959 4133
687 4133
1902 4133
4133 4798
1209 4133
4133 4748
3421 4133
2860 4133
1707 4133
3415 4133
2556 4133
1889 4133
1182 4133
2127 4133
852 4133
2435 4133
3506 4133
4133 4624
4041 4133
860 4133
3245 4133
2096 4133
2396 4133
4133 4906
4028 4133
3002 4133
4133 4861
1739 4133
3295 4133
3247 4133
970 4133
965 4133
939 4133
4133 4772
1662 4133
1376 4133
2561 4133
1276 4133
587 4133
3313 4133
3294 4133
1775 4133
485 4133
3210 4133
3555 4133
4039 4133
1866 4133
2927 4133
3203 4133
2954 4133
3962 4133
761 4133
1676 4133
4133 4415
1514 4133
3563 4133
752 4133
4133 4892
541 4133
4133 4359
4133 4499
3740 4133
3354 4133
4038 4133
4133 4441
82 4133
3087 4133
4133 4388
2067 4133
315 4133
3380 4133
594 4133
3527 4133
4133 4758
2692 4133
3646 4133
1954 4133
42 4133
3144 4133
324 4133
87 4133
1368 4133
758 4133
1868 4133
1287 4133
1917 4133
4133 4264
2848 4133
4133 4422
1007 4133
4133 4137
2032 4133
4133 4639
2312 4133
3443 4133
3596 4133
2655 4133
2883 4133
1012 4133
4133 4506
3843 4133
2803 4133
3934 4133
4133 4998
701 4133
2189 4133
4133 4920
1003 4133
3094 4133
3429 4133
3511 4133
2013 4133
4133 4943
3915 4133
2341 4133
127 4133
2899 4133
661 4133
2677 4133
272 4133
1777 4133
3468 4133
75 4133
2451 4133
133 4133
3407 4133
2484 4133
4133 4515
4133 4790
2047 4133
321 4133
1116 4133
1585 4133
2404 4133
2610 4133
1000 4133
3328 4133
1754 4133
4133 4516
3363 4133
658 4133
11 4133
1326 4133
535 4133
4133 4527
4133 4444
586 4133
2108 4133
2542 4133
4133 4717
4133 4231
3044 4133
118 4133
1069 4133
4011 4133
3287 4133
2431 4133
1366 4133
3665 4133
2224 4133
1773 4133
4133 4796
4133 4987
3755 4133
1041 4133
1047 4133
3220 4133
1882 4133
520 4133
611 4133
1809 4133
2637 4133
137 4133
2219 4133
3291 4133
1067 4133
4133 4321
396 4133
3460 4133
414 4133
1158 4133
2143 4133
1280 4133
715 4133
3884 4133
8 4133
1040 4133
2583 4133
4133 4645
2727 4133
1864 4133
114 4133
4133 4672
2867 4133
1675 4133
380 4133
703 4133
1237 4133
704 4133
168 4133
2990 4133
85 4133
2971 4133
4133 4435
1246 4133
350 4133
225 4133
3792 4133
4133 4817
2798 4133
4133 4144
3088 4133
1045 4133
3175 4133
2318 4133
4133 4309
827 4133
4133 4508
3845 4133
139 4133
2549 4133
341 4133
1476 4133
3293 4133
2881 4133
4133 4387
4078 4133
2069 4133
957 4133
1791 4133
1721 4133
4133 4883
3486 4133
955 4133
1827 4133
1216 4133
3136 4133
1213 4133
4133 4479
4133 4781
2112 4133
4133 4389
1804 4133
3199 4133
1110 4133
4100 4133
3798 4133
4133 4530
1729 4133
895 4133
3483 4133
3060 4133
3909 4133
373 4133
408 4133
23 4133
435 4133
3674 4133
4133 4776
3768 4133
641 4133
2402 4133
1358 4133
767 4133
99 4133
2972 4133
730 4133
2903 4133
4133 4204
1821 4133
1146 4133
2638 4133
3316 4133
4133 4543
1461 4133
2089 4133
1457 4133
339 4133
1355 4133
4133 4522
4133 4881
3033 4133
2959 4133
3396 4133
37 4133
2456 4133
4133 4195
4133 4549
656 4133
2315 4133
3371 4133
2657 4133
3787 4133
2464 4133
278 4133
2167 4133
3598 4133
3729 4133
403 4133
4123 4133
926 4133
4133 4381
3842 4133
1061 4133
1434 4133
3240 4133
1231 4133
2793 4133
4133 4461
4133 4604
98 4133
3899 4133
2953 4133
3072 4133
2581 4133
2275 4133
3270 4133
4133 4433
2760 4133
3284 4133
3104 4133
2737 4133
598 4133
4133 4326
2366 4133
490 4133
4133 4804
3577 4133
634 4133
2811 4133
4133 4208
3091 4133
1713 4133
1934 4133
136 4133
2701 4133
755 4133
2093 4133
503 4133
710 4133
183 4133
963 4133
3875 4133
3780 4133
1230 4133
4133 4512
3432 4133
1881 4133
3793 4133
1162 4133
197 4133
1776 4133
3128 4133
1596 4133
3779 4133
4133 4959
3644 4133
4133 4291
3876 4133
3846 4133
4133 4948
4133 4293
306 4133
1488 4133
3698 4133
775 4133
1267 4133
1148 4133
3492 4133
1484 4133
4133 4831
668 4133
4133 4651
3223 4133
3372 4133
4133 4350
1849 4133
2076 4133
1625 4133
1416 4133
3988 4133
202 4133
2769 4133
4133 4568
3542 4133
1090 4133
4133 4466
2749 4133
2560 4133
348 4133
1991 4133
3398 4133
1439 4133
2673 4133
4133 4783
1361 4133
2816 4133
3515 4133
3081 4133
1239 4133
3466 4133
455 4133
2416 4133
3733 4133
3184 4133
4048 4133
346 4133
4075 4133
4133 4352
4133 4258
4133 4228
201 4133
2530 4133
4133 4328
617 4133
1737 4133
2841 4133
318 4133
3799 4133
88 4133
1324 4133
765 4133
2944 4133
1039 4133
2411 4133
3721 4133
2302 4133
3818 4133
1262 4133
4133 4507
4133 4302
519 4133
2134 4133
2039 4133
4133 4525
3532 4133
4133 4160
4133 4225
4133 4858
3943 4133
780 4133
4112 4133
2650 4133
4133 4989
4060 4133
2801 4133
3961 4133
2685 4133
1939 4133
3165 4133
536 4133
1503 4133
1475 4133
927 4133
3234 4133
4133 4815
256 4133
2571 4133
2065 4133
3661 4133
2829 4133
2321 4133
4133 4643
384 4133
3405 4133
4133 4864
1667 4133
614 4133
2097 4133
4133 4445
2359 4133
4090 4133
1197 4133
3682 4133
1680 4133
2226 4133
2175 4133
3099 4133
1822 4133
4014 4133
343 4133
2681 4133
4133 4768
2438 4133
4024 4133
781 4133
3945 4133
1192 4133
1459 4133
618 4133
4133 4888
1282 4133
3305 4133
3727 4133
4133 4926
4133 4431
3116 4133
1740 4133
1646 4133
1685 4133
2735 4133
886 4133
3166 4133
1919 4133
4133 4457
4133 4659
1679 4133
4016 4133
2041 4133
3332 4133
2601 4133
885 4133
2668 4133
2270 4133
1606 4133
4050 4133
737 4133
2150 4133
840 4133
1204 4133
3963 4133
3626 4133
1046 4133
1565 4133
4133 4143
3325 4133
1684 4133
4133 4148
1171 4133
822 4133
1767 4133
2974 4133
1150 4133
4133 4699
1982 4133
3507 4133
4133 4731
4133 4175
601 4133
20 4133
763 4133
2882 4133
804 4133
4133 4682
4133 4857
67 4133
4133 4257
4133 4267
166 4133
4133 4186
1874 4133
2208 4133
2240 4133
2430 4133
3384 4133
4133 4538
2309 4133
128 4133
2869 4133
3180 4133
949 4133
2382 4133
293 4133
2876 4133
3684 4133
300 4133
3115 4133
3431 4133
3590 4133
2360 4133
3261 4133
1972 4133
4133 4254
521 4133
4005 4133
2915 4133
4133 4226
3670 4133
1943 4133
1288 4133
4032 4133
1168 4133
4133 4427
1505 4133
4133 4826
4133 4134
600 4133
1227 4133
3160 4133
3001 4133
263 4133
3178 4133
2267 4133
1593 4133
4133 4174
434 4133
4133 4476
2558 4133
1936 4133
602 4133
1926 4133
2875 4133
3549 4133
550 4133
2861 4133
3823 4133
4002 4133
902 4133
2164 4133
2011 4133
3953 4133
1174 4133
2374 4133
4133 4847
1373 4133
932 4133
4133 4986
3309 4133
4133 4673
1298 4133
313 4133
110 4133
3213 4133
3032 4133
2937 4133
3764 4133
4133 4496
3162 4133
3151 4133
14 4133
1278 4133
4133 4767
915 4133
4133 4957
3485 4133
1325 4133
4133 4610
2258 4133
3257 4133
1038 4133
439 4133
4133 4843
1343 4133
4062 4133
65 4133
2263 4133
1053 4133
3911 4133
3697 4133
4133 4609
3170 4133
1436 4133
2417 4133
4133 4611
3520 4133
2949 4133
1957 4133
2978 4133
1382 4133
1984 4133
245 4133
3254 4133
132 4133
3050 4133
1594 4133
2874 4133
3890 4133
2527 4133
3805 4133
3608 4133
900 4133
4133 4471
1350 4133
1711 4133
1496 4133
713 4133
3971 4133
4133 4250
4133 4914
2141 4133
3557 4133
123 4133
3774 4133
4133 4410
1029 4133
4133 4339
4133 4224
109 4133
2378 4133
993 4133
4133 4426
2716 4133
62 4133
848 4133
2799 4133
816 4133
4133 4655
1914 4133
568 4133
355 4133
2334 4133
2995 4133
735 4133
3278 4133
2177 4133
3107 4133
3858 4133
377 4133
936 4133
3480 4133
289 4133
2036 4133
4096 4133
4133 4755
1589 4133
1145 4133
3463 4133
4133 4146
4095 4133
3998 4133
1911 4133
3690 4133
3276 4133
4043 4133
1106 4133
748 4133
4133 4777
3224 4133
4133 4172
2009 4133
4133 4958
478 4133
1701 4133
2865 4133
4133 4807
1738 4133
2593 4133
859 4133
3993 4133
367 4133
3603 4133
2912 4133
3124 4133
2627 4133
4133 4464
1879 4133
103 4133
4133 4841
4133 4280
981 4133
2247 4133
4133 4236
4133 4545
946 4133
3462 4133
2490 4133
2233 4133
954 4133
2715 4133
3813 4133
4133 4872
4077 4133
1862 4133
298 4133
3343 4133
4133 4395
3063 4133
774 4133
2132 4133
2699 4133
3930 4133
4133 4687
4133 4740
2477 4133
4133 4425
1058 4133
2579 4133
386 4133
2767 4133
4133 4401
4133 4189
3410 4133
1592 4133
1800 4133
4133 4587
2770 4133
305 4133
161 4133
3614 4133
604 4133
4067 4133
2238 4133
3643 4133
154 4133
1751 4133
607 4133
2409 4133
2743 4133
180 4133
1669 4133
4133 4301
1391 4133
554 4133
4133 4308
3696 4133
4133 4972
3476 4133
4133 4741
3259 4133
4133 4993
4133 4429
4133 4193
159 4133
4133 4738
2433 4133
4133 4960
393 4133
3274 4133
4133 4763
3364 4133
2839 4133
2007 4133
2000 4133
2665 4133
1663 4133
2381 4133
4133 4147
3080 4133
4133 4697
1903 4133
4133 4567
2640 4133
423 4133
2607 4133
3135 4133
2261 4133
759 4133
4133 4216
1030 4133
1466 4133
2837 4133
4133 4298
1132 4133
1706 4133
2870 4133
1402 4133
579 4133
1816 4133
4051 4133
1121 4133
2731 4133
3871 4133
4133 4825
651 4133
2327 4133
338 4133
1375 4133
1512 4133
2362 4133
3802 4133
292 4133
169 4133
3568 4133
3434 4133
3983 4133
1300 4133
3513 4133
999 4133
2864 4133
203 4133
4092 4133
2889 4133
1064 4133
974 4133
4133 4142
2719 4133
2246 4133
3824 4133
1965 4133
4133 4877
3588 4133
2690 4133
3282 4133
4133 4227
3399 4133
4133 4565
4133 4784
1297 4133
1719 4133
751 4133
4133 4523
2905 4133
481 4133
3602 4133
1988 4133
2764 4133
2123 4133
124 4133
3269 4133
4133 4712
1440 4133
4133 4551
3978 4133
2055 4133
2197 4133
3020 4133
1640 4133
2933 4133
3873 4133
3238 4133
3757 4133
4133 4532
3776 4133
4133 4152
1468 4133
4133 4761
3724 4133
1986 4133
527 4133
795 4133
831 4133
4133 4354
1985 4133
529 4133
3 4133
280 4133
3710 4133
2700 4133
3205 4133
4133 4198
4133 4418
3186 4133
966 4133
4133 4584
2182 4133
2152 4133
1113 4133
3496 4133
4133 4974
4133 4380
1309 4133
1124 4133
4133 4505
1384 4133
3333 4133
3887 4133
864 4133
1250 4133
830 4133
333 4133
187 4133
828 4133
3888 4133
3079 4133
340 4133
206 4133
919 4133
3447 4133
935 4133
4133 4866
1172 4133
4133 4265
2575 4133
3058 4133
1533 4133
3194 4133
680 4133
4133 4622
4133 4907
4133 4443
1959 4133
1444 4133
4133 4296
1296 4133
3378 4133
1184 4133
186 4133
4133 4492
3794 4133
4133 4870
4133 4192
374 4133
2165 4133
4106 4133
3640 4133
1609 4133
4133 4360
2234 4133
2178 4133
1465 4133
3389 4133
4133 4155
1634 4133
4133 4213
4133 4348
4037 4133
4128 4133
2578 4133
4133 4819
2674 4133
1900 4133
3400 4133
1441 4133
4133 4789
10 4133
4133 4219
1425 4133
1537 4133
1075 4133
2850 4133
2018 4133
638 4133
1359 4133
4133 4351
2202 4133
327 4133
1408 4133
588 4133
1734 4133
2190 4133
48 4133
3437 4133
1728 4133
4133 4620
1059 4133
3179 4133
4133 4159
2646 4133
1731 4133
557 4133
1281 4133
239 4133
1233 4133
2741 4133
4097 4133
2520 4133
317 4133
1492 4133
2748 4133
2500 4133
1345 4133
2746 4133
626 4133
492 4133
4133 4163
2372 4133
2149 4133
1626 4133
1763 4133
64 4133
888 4133
2111 4133
116 4133
3177 4133
1555 4133
903 4133
2024 4133
44 4133
3964 4133
4133 4310
2478 4133
3827 4133
3672 4133
55 4133
437 4133
990 4133
2808 4133
2346 4133
2818 4133
4133 4470
964 4133
404 4133
1962 4133
2265 4133
3924 4133
2570 4133
4133 4203
4036 4133
1557 4133
1617 4133
2317 4133
4133 4985
2181 4133
2079 4133
3686 4133
3024 4133
3324 4133
4133 4554
4022 4133
2675 4133
2264 4133
1674 4133
997 4133
931 4133
4103 4133
678 4133
776 4133
4133 4237
3739 4133
2809 4133
2714 4133
603 4133
1153 4133
4133 4924
1586 4133
1832 4133
3409 4133
4133 4714
3065 4133
1668 4133
1859 4133
101 4133
4133 4852
4133 4859
952 4133
4133 4490
1123 4133
3043 4133
877 4133
3796 4133
1835 4133
893 4133
3219 4133
1363 4133
3583 4133
1180 4133
130 4133
413 4133
2605 4133
3338 4133
2383 4133
2249 4133
3957 4133
1723 4133
3912 4133
2376 4133
284 4133
