4999
{{{{{{{{{{{{{{{{{{{{{{{{{{{{{{{{{{{{{{{{{{{{{{{{{{{{{{{{{{{{{{{{{{{{{{{{{{{{{{{{{{{{{{{{{{{{{{{{{{{{{{{{{{{{{{{{{{{{{{{{{{{{{{{{{{{{{{{{{{{{{{{{{{{{{{{{{{{{{{{{{{{{{{{{{{{{{{{{{{{{{{{{{{{{{{{{{{{{{{{{{{{{{{{{{{{{{{{{{{{{{{{{{{{{{{{{{{{{{{{{{{{{{{{{{{{{{{{{{{{{{{{{{{{{{{{{{{{{{{{{{{{{{{{{{{{{{{{{{{{{{{{{{{{{{{{{{{{{{{{{{{{{{{{{{{{{{{{{{{{{{{{{{{{{{{{{{{{{{{{{{{{{{{{{{{{{{{{{{{{{{{{{{{{{{{{{{{{{{{{{{{{{{{{{{{{{{{{{{{{{{{{{{{{{{{{{{{{{{{{{{{{{{{{{{{{{{{{{{{{{{{{{{{{{{{{{{{{{{{{{{{{{{{{{{{{{{{{{{{{{{{{{{{{{{{{{{{{{{{{{{{{{{{{{{{{{{{{{{{{{{{{{{{{{{{{{{{{{{{{{{{{{{{{{{{{{{{{{{{{{{{{{{{{{{{{{{{{{{{{{{{{{{{{{{{{{{{{{{{{{{{{{{{{{{{{{{{{{{{{{{{{{{{{{{{{{{{{{{{{{{{{{{{{{{{{{{{{{{{{{{{{{{{{{{{{{{{{{{{{{{{{{{{{{{{{{{{{{{{{{{{{{{{{{{{{{{{{{{{{{{{{{{{{{{{{{{{{{{{{{{{{{{{{{{{{{{{{{{{{{{{{{{{{{{{{{{{{{{{{{{{{{{{{{{{{{{{{{{{{{{{{{{{{{{{{{{{{{{{{{{{{{{{{{{{{{{{{{{{{{{{{{{{{{{{{{{{{{{{{{{{{{{{{{{{{{{{{{{{{{{{{{{{{{{{{{{{{{{{{{{{{{{{{{{{{{{{{{{{{{{{{{{{{{{{{{{{{{{{{{{{{{{{{{{{{{{{{{{{{{{{{{{{{{{{{{{{{{{{{{{{{{{{{{{{{{{{{{{{{{{{{{{{{{{{{{{{{{{{{{{{{{{{{{{{{{{{{{{{{{{{{{{{{{{{{{{{{{{{{{{{{{{{{{{{{{{{{{{{{{{{{{{{{{{{{{{{{{{{{{{{{{{{{{{{{{{{{{{{{{{{{{{{{{{{{{{{{{{{{{{{{{{{{{{{{{{{{{{{{{{{{{{{{{{{{{{{{{{{{{{{{{{{{{{{{{{{{{{{{{{{{{{{{{{{{{{{{{{{{{{{{{{{{{{{{{{{{{{{{{{{{{{{{{{{{{{{{{{{{{{{{{{{{{{{{{{{{{{{{{{{{{{{{{{{{{{{{{{{{{{{{{{{{{{{{{{{{{{{{{{{{{{{{{{{{{{{{{{{{{{{{{{{{{{{{{{{{{{{{{{{{{{{{{{{{{{{{{{{{{{{{{{{{{{{{{{{{{{{{{{{{{{{{{{{{{{{{{{{{{{{{{{{{{{{{{{{{{{{{{{{{{{{{{{{{{{{{{{{{{{{{{{{{{{{{{{{{{{{{{{{{{{{{{{{{{{{{{{{{{{{{{{{{{{{{{{{{{{{{{{{{{{{{{{{{{{{{{{{{{{{{{{{{{{{{{{{{{{{{{{{{{{{{{{{{{{{{{{{{{{{{{{{{{{{{{{{{{{{{{{{{{{{{{{{{{{{{{{{{{{{{{{{{{{{{{{{{{{{{{{{{{{{{{{{{{{{{{{{{{{{{{{{{{{{{{{{{{{{{{{{{{{{{{{{{{{{{{{{{{{{{{{{{{{{{{{{{{{{{{{{{{{{{{{{{{{{{{{{{{{{{{{{{{{{{{{{{{{{{{{{{{{{{{{{{{{{{{{{{{{{{{{{{{{{{{{{{{{{{{{{{{{{{{{{{{{{{{{{{{{{{{{{{{{{{{{{{{{{{{{{{{{{{{{{{{{{{{{{{{{{{{{{{{{{{{{{{{{{{{{{{{{{{{{{{{{{{{{{{{{{{{{{{{{{{{{{{{{{{{{{{{{{{{{{{{{{{{{{{{{{{{{{{{{{{{{{{{{{{{{{{{{{{{{{{{{{{{{{{{{{{{{{{{{{{{{{{{{{{{{{{{{{{{{{{{{{{{{{{{{{{{{{{{{{{{{{{{{{{{{{{{{{{{{{{{{{{{{{{{{{{{{{{{{{{{{{{{{{{{{{{{{{{{{{{{{{{{{{{{{{{{{{{{{{{{{{{{{{{{{{{{{{{{{{{{{{{{{{{{{{{{{{{{{{{{{{{{{{{{{{{{{{{{{{{{{{{{{{{{{{{{{{{{{{{{{{{{{{{{{{{{{{{{{{{{{{{{{{{{{{{{{{{{{{{{{{{{{{{{{{{{{{{{{{{{{{{{{{{{{{{{{{{{{{{{{{{{{{{{{{{{{{{{{{{{{{{{{{{{{{{{{{{{{{{{{{{{{{{{{{{{{{{{{{{{{{{{{{{{{{{{{{{{{{{{{{{{{{{{{{{{{{{{{{{{{{{{{{{{{{{{{{{{{{{{{{{{{{{{{{{{{{{{{{{{{{{{{{{{{{{{{{{{{{{{{{{{{{{{{{{{{{{{{{{{{{{{{{{{{{{{{{{{{{{{{{{{{{{{{{{{{{{{{{{{{{{{{{{{{{{{{{{{{{{{{{{{{{{{{{{{{{{{{{{{{{{{{{{{{{{{{{{{{{{{{{{{{{{{{{{{{{{{{{{{{{{{{{{{{{{{{{{{{{{{{{{{{{{{{{{{{{{{{{{{{{{{{{{{{{{{{{{{{{{{{{{{{{{{{{{{{{{{{{{{{{{{{{{{{{{{{{{{{{{{{{{{{{{{{{{{{{{{{{{{{{{{{{{{{{{{{{{{{{{{{{{{{{{{{{{{{{{{{{{{{{{{{{{{{{{{{{{{{{{{{{{{{{{{{{{{{{{{{{{{{{{{{{{{{{{{{{{{{{{{{{{{{{{{{{{{{{{{{{{{{{{{{{{{{{{{{{{{{{{{{{{{{{{{{{{{{{{{{{{{{{{{{{{{{{{{{{{{{{{{{{{{{{{{{{{{{{{{{{{{{{{{{{{{{{{{{{{{{{{{{{{{{{{{{{{{{{{{{{{{{{{{{{{{{{{{{{{{{{{{{{{{{{{{{{{{{{{{{{{{{{{{{{{{{{{{{{{{{{{{{{{{{{{{{{{{{{{{{{{{{{{{{{{{{{{{{{{{{{{{{{{{{{{{{{{{{{{{{{{{{{{{{{{{{{{{{{{{{{{{{{{{{{{{{{{{{{{{{{{{{{{{{{{{{{{{{{{{{{{{{{{{{{{{{{{{{{{{{{{{{{{{{{{{{{{{{{{{{{{{{{{{{{{{{{{{{{{{{{{{{{{{{{{{{{{{{{{{{{{{{{{{{{{{{{{{{{{{{{{{{{{{{{{{{{{{{{{{{{{{{{{{{{{{{{{{{{{{{{{{{{{{{{{{{{{{{{{{{{{{{{{{{{{{{{{{{{{{{{{{{{{{{{{{{{{{{{{{{{{{{{{{{{{{{{{{{{{{{{{{{{{{{{{{{{{{{{{{{{{{{{{{{{{{{{{{{{{{{{{{{{{{{{{{{{{{{{{{{{{{{{{{{{{{{{{{{{{{{{{{{{{{{{{{{{{{{{{{{{{{{{{{{{{{{{{{{{{{{{{{{{{{{{{{{{{{{{{{{{{{{{{{{{{{{{{{{{{{{{{{{{{{{{{{{{{{{{{{{{{{{{{{{{{{{{{{{{{{{{{{{{{{{{{{{{{{{{{{{{{{{{{{{{{{{{{{{{{{{{{{{{{{{{{{{{{{{{{{{{{{{{{{{{{{{{{{{{{{{{{{{{{{{{{{{{{{{{{{{{{{{{{{{{{{{{{{{{{{{{{{{{{{{{{{{{{{{{{{{{{{{{{{{{{{{{{{{{{{{{{{{{{{{{{{{{{{{{{{{{{{{{{{{{{{{{{{{{{{{{{{{{{{{{{{{{{{{{{{{{{{{{{{{{{{{{{{{{{{{{{{{{{{{{{{{{{{{{{{{{{{{{{{{{{{{{{{{{{{{{{{{{{{{{{{{{{{{{{{{{{{{{{{{{{{{{{{{{{{{{{{{{{{{{{{{{{{{{{{{{{{{{{{{{{{{{{{{{{{{{{{{{{{{{{{{{{{{{{{{{{{{{{{{{{{{{{{{{{{{{{{{{{{{{{{{{{{{{{{{{{{{{{{{{{{{{{{{{{{{{{{{{{{{{{{{{{{{{{{{{{{{{{{{{{{{{{{{{{{{{{{{{{{{{{{{{{{{{{{{{{{{{{{{{{{{{{{{{{{{{{{{{{{{{{{{{{{{{{{{{{{{{{{{{{{{{{{{{{{{{{{{{{{{{{{{{{{{{{{{{{{{{{{{{{{{{{{{{{{{{{{{{{{{{{{{{{{{{{{{{{{{{{{{{{{{{{{{{{{{{{{{{{{{{{{{{{{{{{{{{{{{{{{{{{{{{{{{{{{{{{{{{{{{{{{{{{{{{{{{{{{{{{{{{{{{{{{{{{{{{{{{{{{{{{{{{{{{{{{{{{{{{{{{{{{{{{{{{{{{{{{{{{{{{{{{{{{{{{{{{{{{{{{{{{{{{{{{{{{{{{{{{{{{{{{{{{{{{{{{{{{{{{{{{{{{{{{{{{{{{{{{{{{{{{{{{{{{{{{{{{{{{{{{{{{{{{{{{{{{{{{{{{{{{{{{{{{{{{{{{{{{{{{{{{{{{{{{{{{{{{{{{{{{{{{{{{{{{{{{{{{{{{{{{{{{{{{{{{{{{{{{{{{{{{{{{{{{{{{{{{{{{{{{{{{{{{{{{{{{{{{{{{{{{{{{{{{{{{{{{{{{{{{{{{{{{{{{{{{{{{{{{{{{{{{{{{{{{{{{{{{{{{{{{{{{{{{{{{{{{{{{{{{{{{{{{{{{{{{{{{{{{{{{{{{{{{{{{{{{{{{{{{{{{{{{{{{{{{{{{{{{{{{{{{{{{{{{{{{{{{{{{{{{{{{{{{{{{{{{{{{{{{{{{{{{{{{{{{{{{{{{{{{{{{{{{{{{{{{{{{{{{{{{{{{{{{{{{{{{{{{{{{{{{{{{{{{{{{{{{{{{{{{{{{{{{{{{{{{{{{{{{{{{{{{{{{{{{{{{{{{{{{{{{{{{{{{{{{{{{{{{{{{{{{{{{{{{{{{{{{{{{{{{{{{{{{{{{{{{{{{{{{{{{{{{{{{{{{{{{{{{{{{{{{{{{{{{}{{{{{{{{{{{{{{{{{{{{{{{{{{{{{{{{{{{{{{{{{{{{{{{{{{{{{
4204 4946
1042 4946
2330 4946
374 4946
707 4946
2144 4946
2924 4946
1762 4946
2977 4946
4843 4946
109 4946
1275 4946
1645 4946
723 4946
3828 4946
3642 4946
4052 4946
362 4946
4028 4946
65 4946
2025 4946
412 4946
695 4946
3831 4946
1690 4946
3339 4946
2857 4946
2547 4946
2154 4946
1162 4946
1378 4946
1957 4946
3048 4946
3163 4946
3096 4946
1036 4946
2125 4946
2906 4946
4428 4946
464 4946
1423 4946
2404 4946
3792 4946
3174 4946
3551 4946
4184 4946
4627 4946
3469 4946
1701 4946
3991 4946
2608 4946
3189 4946
2256 4946
1578 4946
572 4946
293 4946
154 4946
3128 4946
1763 4946
511 4946
245 4946
4628 4946
4871 4946
2417 4946
4808 4946
4752 4946
3149 4946
1834 4946
4409 4946
4290 4946
2292 4946
797 4946
4068 4946
3482 4946
3629 4946
3132 4946
3452 4946
1453 4946
2069 4946
1567 4946
2860 4946
342 4946
4004 4946
4946 4968
2262 4946
777 4946
1517 4946
1197 4946
2549 4946
177 4946
303 4946
2890 4946
2987 4946
1319 4946
620 4946
812 4946
2244 4946
2755 4946
842 4946
4640 4946
416 4946
4580 4946
3228 4946
1963 4946
4402 4946
1838 4946
881 4946
891 4946
1509 4946
4584 4946
4708 4946
4689 4946
3246 4946
4459 4946
1729 4946
919 4946
3896 4946
4354 4946
1623 4946
1307 4946
2926 4946
852 4946
2267 4946
2884 4946
2282 4946
2038 4946
2741 4946
4247 4946
4449 4946
845 4946
4797 4946
1225 4946
2604 4946
4032 4946
153 4946
4863 4946
308 4946
4865 4946
1573 4946
615 4946
181 4946
1691 4946
2640 4946
2181 4946
3903 4946
1775 4946
4597 4946
2897 4946
3054 4946
763 4946
3901 4946
4013 4946
3475 4946
4543 4946
4946 4999
3846 4946
183 4946
4891 4946
1710 4946
4236 4946
2094 4946
377 4946
1436 4946
4946 4949
3518 4946
1777 4946
4892 4946
4662 4946
4853 4946
2706 4946
4254 4946
4621 4946
1742 4946
4946 4959
1680 4946
2131 4946
627 4946
4237 4946
2444 4946
194 4946
2910 4946
3281 4946
3042 4946
289 4946
2710 4946
2480 4946
68 4946
3725 4946
3206 4946
3211 4946
1031 4946
2457 4946
927 4946
3274 4946
1868 4946
606 4946
311 4946
1776 4946
4844 4946
2012 4946
1696 4946
2068 4946
3441 4946
442 4946
1395 4946
4223 4946
118 4946
2577 4946
3937 4946
4296 4946
1642 4946
1232 4946
1124 4946
17 4946
4660 4946
4080 4946
4682 4946
410 4946
1302 4946
2277 4946
2042 4946
2683 4946
3046 4946
4306 4946
529 4946
2366 4946
873 4946
435 4946
3526 4946
3907 4946
3752 4946
3658 4946
2979 4946
2811 4946
4576 4946
4488 4946
4417 4946
3094 4946
846 4946
353 4946
4419 4946
1046 4946
3133 4946
354 4946
1621 4946
1712 4946
105 4946
457 4946
4606 4946
2603 4946
4569 4946
2629 4946
4946 4991
2009 4946
491 4946
4292 4946
2145 4946
4719 4946
3717 4946
4040 4946
3875 4946
2943 4946
3871 4946
3390 4946
3748 4946
535 4946
1496 4946
4077 4946
3601 4946
3408 4946
480 4946
4147 4946
2534 4946
4383 4946
2327 4946
3650 4946
3584 4946
4613 4946
4098 4946
3350 4946
2696 4946
2831 4946
4946 4966
2473 4946
3680 4946
1795 4946
684 4946
1502 4946
2656 4946
4174 4946
4482 4946
2170 4946
1744 4946
893 4946
413 4946
3576 4946
744 4946
4846 4946
2965 4946
2124 4946
4171 4946
3343 4946
110 4946
1012 4946
1219 4946
221 4946
1546 4946
1062 4946
3003 4946
2872 4946
2465 4946
783 4946
3135 4946
990 4946
894 4946
2929 4946
662 4946
1626 4946
2290 4946
4677 4946
123 4946
97 4946
2658 4946
3352 4946
4721 4946
2350 4946
3186 4946
1649 4946
463 4946
2127 4946
2475 4946
4946 4947
3297 4946
439 4946
4281 4946
2427 4946
192 4946
1803 4946
2104 4946
1919 4946
670 4946
589 4946
2528 4946
869 4946
3463 4946
428 4946
240 4946
4163 4946
950 4946
3841 4946
925 4946
2517 4946
4620 4946
3458 4946
4167 4946
1175 4946
385 4946
2566 4946
1694 4946
3731 4946
4664 4946
1826 4946
4478 4946
1191 4946
4251 4946
512 4946
3271 4946
1368 4946
1010 4946
877 4946
4760 4946
4946 4988
2840 4946
4377 4946
55 4946
3365 4946
4435 4946
3655 4946
1939 4946
714 4946
2219 4946
3959 4946
3802 4946
4469 4946
4851 4946
3694 4946
3999 4946
4615 4946
1009 4946
209 4946
3976 4946
1152 4946
1504 4946
2847 4946
2257 4946
473 4946
1104 4946
665 4946
4121 4946
4803 4946
1944 4946
2875 4946
4916 4946
1028 4946
4914 4946
4133 4946
2531 4946
1229 4946
1086 4946
3606 4946
3573 4946
2963 4946
2522 4946
1004 4946
4279 4946
11 4946
2157 4946
4791 4946
2917 4946
984 4946
2213 4946
4301 4946
2809 4946
3646 4946
1404 4946
1444 4946
4072 4946
3931 4946
2090 4946
521 4946
556 4946
3947 4946
1530 4946
4272 4946
2160 4946
4142 4946
2832 4946
4454 4946
911 4946
4082 4946
1159 4946
132 4946
544 4946
937 4946
4256 4946
1196 4946
244 4946
3296 4946
2166 4946
1047 4946
404 4946
1429 4946
2798 4946
4771 4946
4794 4946
4801 4946
3285 4946
1893 4946
537 4946
2919 4946
302 4946
559 4946
3433 4946
4267 4946
4591 4946
1379 4946
3585 4946
4293 4946
1836 4946
2962 4946
719 4946
1718 4946
1344 4946
4547 4946
542 4946
2371 4946
955 4946
3453 4946
1158 4946
3017 4946
1937 4946
746 4946
1295 4946
2008 4946
3598 4946
1448 4946
3295 4946
3838 4946
2900 4946
315 4946
2638 4946
4093 4946
3819 4946
3715 4946
4883 4946
2024 4946
1299 4946
3129 4946
2011 4946
2354 4946
1494 4946
3058 4946
2954 4946
1750 4946
964 4946
3392 4946
3229 4946
2378 4946
4602 4946
3327 4946
3618 4946
3002 4946
4180 4946
4427 4946
1845 4946
3378 4946
3702 4946
3216 4946
3981 4946
4790 4946
4191 4946
2066 4946
3823 4946
131 4946
3557 4946
3418 4946
3123 4946
1201 4946
2794 4946
4937 4946
3973 4946
155 4946
20 4946
1692 4946
3169 4946
1131 4946
2877 4946
2971 4946
27 4946
4746 4946
1727 4946
4246 4946
2591 4946
3726 4946
4430 4946
2775 4946
1478 4946
1090 4946
4793 4946
2023 4946
1597 4946
3485 4946
3733 4946
4943 4946
1070 4946
4420 4946
1955 4946
1867 4946
4539 4946
3997 4946
1431 4946
1312 4946
3561 4946
1178 4946
3879 4946
2040 4946
1874 4946
147 4946
2150 4946
2136 4946
3240 4946
4300 4946
4483 4946
3745 4946
1797 4946
2307 4946
4273 4946
2471 4946
3377 4946
901 4946
3944 4946
2763 4946
4344 4946
2419 4946
3065 4946
617 4946
4661 4946
246 4946
557 4946
3532 4946
4113 4946
879 4946
1387 4946
1959 4946
3055 4946
4169 4946
1093 4946
3510 4946
536 4946
3071 4946
1809 4946
2298 4946
1655 4946
3115 4946
3782 4946
2711 4946
91 4946
1143 4946
2540 4946
995 4946
1894 4946
4059 4946
4533 4946
3217 4946
1679 4946
106 4946
1063 4946
1061 4946
2672 4946
426 4946
623 4946
2885 4946
3746 4946
2299 4946
2286 4946
1276 4946
2958 4946
2108 4946
4381 4946
1733 4946
2694 4946
2088 4946
2652 4946
639 4946
2479 4946
2894 4946
4848 4946
316 4946
3333 4946
2074 4946
1442 4946
89 4946
3662 4946
2850 4946
3710 4946
191 4946
2758 4946
4374 4946
2571 4946
883 4946
2725 4946
871 4946
4464 4946
2054 4946
140 4946
4003 4946
4480 4946
3816 4946
1693 4946
4945 4946
2842 4946
2212 4946
820 4946
3971 4946
1552 4946
857 4946
2728 4946
3024 4946
2662 4946
664 4946
1377 4946
2481 4946
1380 4946
1917 4946
876 4946
2226 4946
3993 4946
1962 4946
1176 4946
3338 4946
1884 4946
3449 4946
2784 4946
4910 4946
7 4946
3769 4946
3266 4946
4112 4946
3369 4946
1250 4946
4233 4946
2442 4946
2249 4946
4946 4998
141 4946
2678 4946
3064 4946
590 4946
4010 4946
2837 4946
2392 4946
930 4946
2393 4946
524 4946
1409 4946
1228 4946
3481 4946
2182 4946
4205 4946
1282 4946
562 4946
4453 4946
2985 4946
756 4946
1269 4946
100 4946
3612 4946
3488 4946
2559 4946
2180 4946
4934 4946
4501 4946
3351 4946
1533 4946
1438 4946
390 4946
470 4946
2747 4946
405 4946
2289 4946
2426 4946
1240 4946
1974 4946
1606 4946
3679 4946
4733 4946
1263 4946
4770 4946
3405 4946
4431 4946
903 4946
2542 4946
2602 4946
1924 4946
4099 4946
1177 4946
608 4946
3191 4946
3540 4946
3432 4946
2601 4946
122 4946
1199 4946
225 4946
4749 4946
1671 4946
2338 4946
4713 4946
1702 4946
1700 4946
4282 4946
4308 4946
644 4946
631 4946
963 4946
4394 4946
2051 4946
16 4946
2865 4946
3940 4946
3622 4946
4675 4946
2129 4946
4511 4946
2536 4946
1559 4946
1106 4946
1715 4946
63 4946
1101 4946
4571 4946
516 4946
265 4946
2448 4946
740 4946
3212 4946
1673 4946
4241 4946
2769 4946
312 4946
618 4946
4348 4946
997 4946
4513 4946
3578 4946
2918 4946
167 4946
117 4946
4583 4946
915 4946
42 4946
1136 4946
45 4946
4946 4990
646 4946
3122 4946
1432 4946
3756 4946
23 4946
489 4946
4676 4946
2673 4946
2433 4946
3998 4946
1262 4946
1355 4946
2443 4946
4692 4946
1171 4946
2374 4946
4206 4946
1792 4946
1373 4946
2272 4946
3045 4946
1864 4946
360 4946
3536 4946
4312 4946
2344 4946
4058 4946
1117 4946
401 4946
111 4946
1540 4946
9 4946
2072 4946
144 4946
791 4946
4549 4946
4588 4946
475 4946
2252 4946
1329 4946
3610 4946
898 4946
4025 4946
1532 4946
4484 4946
343 4946
500 4946
92 4946
2248 4946
3876 4946
1921 4946
1108 4946
482 4946
4610 4946
4942 4946
2576 4946
2151 4946
4284 4946
4380 4946
506 4946
3768 4946
4562 4946
1155 4946
4390 4946
2686 4946
4250 4946
4173 4946
3780 4946
1440 4946
2379 4946
4729 4946
3840 4946
775 4946
4159 4946
1512 4946
1975 4946
3631 4946
1539 4946
3772 4946
1558 4946
722 4946
2201 4946
3008 4946
2693 4946
3706 4946
1439 4946
3633 4946
2786 4946
3818 4946
32 4946
3724 4946
3918 4946
4314 4946
1200 4946
560 4946
4020 4946
4418 4946
753 4946
2455 4946
1495 4946
1832 4946
378 4946
4421 4946
4878 4946
1351 4946
1846 4946
962 4946
1536 4946
2015 4946
3328 4946
2006 4946
4931 4946
4274 4946
4765 4946
1653 4946
2001 4946
356 4946
1528 4946
3080 4946
4443 4946
4473 4946
3716 4946
4538 4946
3527 4946
347 4946
2700 4946
1455 4946
1296 4946
4054 4946
2205 4946
3950 4946
2618 4946
2701 4946
520 4946
3349 4946
770 4946
3915 4946
1508 4946
4386 4946
947 4946
4094 4946
2789 4946
2130 4946
957 4946
1859 4946
1835 4946
1840 4946
1543 4946
2998 4946
3033 4946
4408 4946
2788 4946
2605 4946
3173 4946
2043 4946
2791 4946
2026 4946
3085 4946
3989 4946
2328 4946
3439 4946
2394 4946
2123 4946
1428 4946
3626 4946
3414 4946
2773 4946
2464 4946
4542 4946
4907 4946
1633 4946
2013 4946
3005 4946
4573 4946
1147 4946
4754 4946
3146 4946
4498 4946
2467 4946
3484 4946
4822 4946
1656 4946
4437 4946
1069 4946
967 4946
4585 4946
686 4946
1079 4946
816 4946
2598 4946
1374 4946
53 4946
808 4946
2670 4946
3322 4946
163 4946
2589 4946
284 4946
4629 4946
4932 4946
313 4946
982 4946
3086 4946
1290 4946
4375 4946
2188 4946
1585 4946
2922 4946
3978 4946
4893 4946
4698 4946
1725 4946
1481 4946
3380 4946
229 4946
4838 4946
1968 4946
4842 4946
1418 4946
4144 4946
1682 4946
2580 4946
3794 4946
2461 4946
36 4946
305 4946
2521 4946
4155 4946
1672 4946
3759 4946
1850 4946
3381 4946
4563 4946
3560 4946
1066 4946
1800 4946
2637 4946
1513 4946
4024 4946
3386 4946
151 4946
667 4946
2666 4946
1996 4946
3195 4946
3346 4946
4506 4946
1096 4946
469 4946
4248 4946
1527 4946
2490 4946
972 4946
660 4946
3196 4946
1327 4946
2478 4946
466 4946
4735 4946
3340 4946
1581 4946
96 4946
57 4946
3348 4946
277 4946
4685 4946
3117 4946
3185 4946
115 4946
295 4946
407 4946
4089 4946
2575 4946
2028 4946
837 4946
3509 4946
4514 4946
3604 4946
3178 4946
1885 4946
3804 4946
4712 4946
1604 4946
2709 4946
2619 4946
4764 4946
3480 4946
4832 4946
1566 4946
3068 4946
3041 4946
3420 4946
3301 4946
2932 4946
3264 4946
2100 4946
3019 4946
3919 4946
1952 4946
1179 4946
2635 4946
1005 4946
4819 4946
1982 4946
408 4946
1943 4946
462 4946
2229 4946
4450 4946
4378 4946
1371 4946
2715 4946
189 4946
3684 4946
3210 4946
2236 4946
49 4946
4219 4946
2644 4946
1209 4946
4414 4946
3287 4946
3303 4946
3854 4946
3039 4946
1127 4946
4154 4946
3239 4946
2174 4946
1306 4946
3922 4946
1350 4946
2382 4946
1358 4946
2408 4946
2529 4946
3544 4946
860 4946
4638 4946
3776 4946
4850 4946
3597 4946
2451 4946
4461 4946
2041 4946
1929 4946
4828 4946
575 4946
611 4946
2590 4946
4759 4946
787 4946
2397 4946
2804 4946
2501 4946
2315 4946
895 4946
1819 4946
267 4946
21 4946
677 4946
2336 4946
4188 4946
1100 4946
1266 4946
1991 4946
4309 4946
1745 4946
1807 4946
2171 4946
2681 4946
1879 4946
3636 4946
4189 4946
4946 4971
2645 4946
923 4946
214 4946
1331 4946
184 4946
4802 4946
1193 4946
3221 4946
1997 4946
4197 4946
2633 4946
239 4946
4291 4946
3476 4946
1386 4946
905 4946
2291 4946
3671 4946
4066 4946
3753 4946
2178 4946
1073 4946
150 4946
2305 4946
4244 4946
1719 4946
3180 4946
4854 4946
357 4946
4067 4946
4116 4946
1555 4946
1281 4946
2708 4946
1231 4946
3461 4946
3587 4946
1813 4946
1657 4946
4322 4946
4376 4946
4415 4946
3406 4946
75 4946
4056 4946
2310 4946
2535 4946
3331 4946
4783 4946
2365 4946
3685 4946
902 4946
3254 4946
2119 4946
160 4946
3037 4946
2260 4946
3913 4946
3571 4946
4353 4946
546 4946
1889 4946
3249 4946
4727 4946
1506 4946
493 4946
2347 4946
2317 4946
4457 4946
4110 4946
1627 4946
4053 4946
4275 4946
2859 4946
3051 4946
4095 4946
2111 4946
2357 4946
1815 4946
4172 4946
4249 4946
2496 4946
294 4946
2818 4946
4926 4946
3435 4946
1612 4946
3863 4946
495 4946
716 4946
4520 4946
4820 4946
1285 4946
866 4946
2653 4946
1584 4946
496 4946
185 4946
3986 4946
3956 4946
1820 4946
1650 4946
340 4946
2165 4946
3354 4946
1204 4946
4525 4946
1684 4946
346 4946
1887 4946
3215 4946
1381 4946
452 4946
4137 4946
4299 4946
2830 4946
2881 4946
1460 4946
2048 4946
2132 4946
712 4946
1392 4946
2695 4946
479 4946
4130 4946
2989 4946
3691 4946
2543 4946
4162 4946
998 4946
4496 4946
1342 4946
600 4946
2554 4946
2556 4946
1799 4946
2799 4946
3279 4946
430 4946
2936 4946
1839 4946
1547 4946
3001 4946
2436 4946
2523 4946
507 4946
3603 4946
1590 4946
4369 4946
959 4946
251 4946
851 4946
3347 4946
4351 4946
2325 4946
82 4946
1470 4946
1415 4946
339 4946
2921 4946
386 4946
3699 4946
810 4946
3586 4946
3402 4946
2055 4946
472 4946
1935 4946
1447 4946
1972 4946
599 4946
3786 4946
1400 4946
3504 4946
1399 4946
2002 4946
2462 4946
554 4946
890 4946
4150 4946
1071 4946
1920 4946
4577 4946
3605 4946
170 4946
996 4946
1234 4946
4260 4946
4946 4960
4038 4946
1252 4946
2821 4946
2595 4946
4556 4946
4814 4946
4524 4946
4847 4946
2697 4946
3512 4946
4579 4946
1253 4946
2802 4946
497 4946
4211 4946
3834 4946
2060 4946
2940 4946
807 4946
1015 4946
3545 4946
745 4946
2388 4946
4107 4946
2746 4946
276 4946
900 4946
2396 4946
3498 4946
1768 4946
1786 4946
2098 4946
2364 4946
1563 4946
3372 4946
1882 4946
1560 4946
680 4946
1970 4946
1208 4946
811 4946
4946 4963
3177 4946
2218 4946
2384 4946
2733 4946
4817 4946
67 4946
1346 4946
1723 4946
4565 4946
4884 4946
4400 4946
2190 4946
4669 4946
2836 4946
4047 4946
4115 4946
2314 4946
1133 4946
3849 4946
784 4946
2614 4946
4270 4946
4164 4946
2738 4946
1238 4946
4393 4946
3900 4946
3890 4946
4042 4946
1426 4946
2997 4946
3520 4946
522 4946
1345 4946
2925 4946
2459 4946
4360 4946
4740 4946
4826 4946
98 4946
2752 4946
4475 4946
709 4946
3495 4946
2526 4946
1648 4946
1669 4946
3090 4946
1697 4946
3690 4946
1902 4946
2731 4946
2446 4946
2525 4946
2085 4946
3793 4946
2704 4946
477 4946
4546 4946
3456 4946
1110 4946
1215 4946
3364 4946
3311 4946
2973 4946
4807 4946
4902 4946
1554 4946
456 4946
3012 4946
880 4946
2209 4946
4946 4980
3314 4946
2395 4946
397 4946
88 4946
15 4946
3053 4946
2913 4946
3814 4946
2076 4946
1853 4946
4512 4946
1129 4946
1960 4946
1102 4946
3290 4946
274 4946
632 4946
2548 4946
3549 4946
3945 4946
2691 4946
834 4946
1198 4946
4880 4946
922 4946
2946 4946
2797 4946
4644 4946
1622 4946
2353 4946
3851 4946
2346 4946
4528 4946
2329 4946
3023 4946
2916 4946
2800 4946
4518 4946
2438 4946
2822 4946
4827 4946
3887 4946
3477 4946
1564 4946
540 4946
4413 4946
4761 4946
2270 4946
874 4946
4809 4946
1459 4946
513 4946
3783 4946
379 4946
2914 4946
4362 4946
1184 4946
4666 4946
1454 4946
395 4946
2835 4946
1794 4946
2135 4946
3808 4946
2648 4946
4018 4946
2073 4946
4181 4946
2937 4946
2137 4946
1783 4946
3533 4946
4382 4946
3091 4946
1041 4946
761 4946
4149 4946
1812 4946
4913 4946
1828 4946
4195 4946
4271 4946
2579 4946
3325 4946
1053 4946
1403 4946
3809 4946
3873 4946
3291 4946
2245 4946
3867 4946
382 4946
1245 4946
1751 4946
4738 4946
1186 4946
3832 4946
666 4946
1334 4946
2726 4946
754 4946
2422 4946
1544 4946
1464 4946
2047 4946
3057 4946
490 4946
1156 4946
748 4946
2674 4946
651 4946
914 4946
4632 4946
2428 4946
79 4946
2594 4946
4017 4946
4009 4946
1006 4946
1081 4946
4673 4946
3803 4946
1514 4946
3410 4946
2612 4946
478 4946
4202 4946
3367 4946
231 4946
369 4946
3460 4946
4703 4946
1157 4946
3010 4946
694 4946
4333 4946
403 4946
3929 4946
4906 4946
4683 4946
165 4946
3930 4946
33 4946
3957 4946
2749 4946
367 4946
657 4946
455 4946
93 4946
2510 4946
3567 4946
760 4946
1183 4946
376 4946
2903 4946
1033 4946
381 4946
750 4946
1174 4946
4687 4946
2967 4946
4650 4946
1469 4946
3703 4946
621 4946
3250 4946
1930 4946
4436 4946
4158 4946
4235 4946
3242 4946
2764 4946
4081 4946
3569 4946
187 4946
2538 4946
892 4946
3734 4946
299 4946
4745 4946
321 4946
4320 4946
624 4946
2651 4946
899 4946
585 4946
3144 4946
4690 4946
1206 4946
258 4946
1804 4946
3575 4946
394 4946
675 4946
804 4946
1565 4946
4898 4946
2477 4946
1998 4946
2736 4946
3869 4946
2316 4946
1817 4946
4726 4946
1908 4946
1280 4946
3357 4946
2381 4946
3270 4946
3384 4946
1309 4946
3801 4946
3235 4946
3736 4946
3324 4946
3207 4946
1933 4946
3943 4946
4076 4946
4705 4946
864 4946
4336 4946
175 4946
749 4946
3208 4946
1967 4946
3134 4946
672 4946
1020 4946
3830 4946
4517 4946
66 4946
2400 4946
2578 4946
4269 4946
1851 4946
4804 4946
1202 4946
3556 4946
2533 4946
2311 4946
4704 4946
1941 4946
3811 4946
2418 4946
4285 4946
4529 4946
3941 4946
3454 4946
796 4946
2583 4946
3864 4946
3137 4946
2586 4946
3084 4946
248 4946
3853 4946
1391 4946
1243 4946
2485 4946
3579 4946
161 4946
4446 4946
1258 4946
4041 4946
4870 4946
4798 4946
1271 4946
4185 4946
4055 4946
3615 4946
3735 4946
1519 4946
2928 4946
1666 4946
2445 4946
1551 4946
1498 4946
759 4946
3397 4946
3542 4946
260 4946
1182 4946
1662 4946
1246 4946
3797 4946
2814 4946
3881 4946
3635 4946
2070 4946
4946 4993
4338 4946
168 4946
4455 4946
26 4946
3464 4946
4064 4946
4946 4977
1844 4946
2191 4946
1311 4946
2053 4946
1414 4946
264 4946
727 4946
2437 4946
2641 4946
1608 4946
1646 4946
4786 4946
2341 4946
2173 4946
3608 4946
166 4946
388 4946
2795 4946
944 4946
518 4946
4499 4946
1676 4946
636 4946
1022 4946
2138 4946
4410 4946
4936 4946
2961 4946
4287 4946
3398 4946
3316 4946
2581 4946
658 4946
1398 4946
157 4946
2345 4946
1907 4946
1452 4946
582 4946
4935 4946
4031 4946
2712 4946
205 4946
3761 4946
4852 4946
2957 4946
3740 4946
1841 4946
4364 4946
724 4946
384 4946
3954 4946
3624 4946
1576 4946
4946 4973
3568 4946
3974 4946
332 4946
3508 4946
1144 4946
643 4946
3910 4946
1521 4946
2351 4946
420 4946
4471 4946
3125 4946
1441 4946
1105 4946
257 4946
4326 4946
1221 4946
4652 4946
2208 4946
781 4946
143 4946
1906 4946
2407 4946
3222 4946
1011 4946
446 4946
2879 4946
2843 4946
2020 4946
2486 4946
1483 4946
652 4946
752 4946
4789 4946
4011 4946
908 4946
4467 4946
3143 4946
2036 4946
1596 4946
1785 4946
3574 4946
4699 4946
4022 4946
3911 4946
3531 4946
3659 4946
4567 4946
2756 4946
2115 4946
1077 4946
501 4946
578 4946
2185 4946
1810 4946
2785 4946
886 4946
133 4946
2271 4946
3423 4946
2687 4946
1954 4946
1687 4946
1526 4946
2081 4946
813 4946
2878 4946
4946 4996
4590 4946
1360 4946
3634 4946
1518 4946
3609 4946
4438 4946
4507 4946
492 4946
4268 4946
427 4946
1886 4946
1014 4946
4658 4946
3307 4946
4929 4946
1248 4946
3673 4946
4757 4946
216 4946
3309 4946
4321 4946
1297 4946
1367 4946
1659 4946
2902 4946
3669 4946
3747 4946
4515 4946
1856 4946
4120 4946
815 4946
4532 4946
335 4946
4161 4946
336 4946
4928 4946
1189 4946
3383 4946
1268 4946
2148 4946
505 4946
2623 4946
4522 4946
460 4946
3114 4946
3524 4946
2920 4946
2949 4946
1531 4946
4177 4946
2434 4946
2546 4946
1724 4946
1613 4946
197 4946
1016 4946
4560 4946
3795 4946
1154 4946
3827 4946
4213 4946
3599 4946
951 4946
2246 4946
2230 4946
4555 4946
3507 4946
1755 4946
3007 4946
561 4946
4145 4946
2796 4946
3035 4946
4744 4946
3825 4946
1979 4946
1741 4946
411 4946
2158 4946
2367 4946
2184 4946
3018 4946
2770 4946
2927 4946
840 4946
341 4946
4946 4976
178 4946
3812 4946
1685 4946
3742 4946
3921 4946
2555 4946
459 4946
4941 4946
1880 4946
4216 4946
4700 4946
4050 4946
3664 4946
1900 4946
3083 4946
2718 4946
145 4946
3201 4946
484 4946
3066 4946
1904 4946
148 4946
3474 4946
1458 4946
3052 4946
3499 4946
24 4946
4151 4946
4656 4946
3468 4946
2611 4946
4830 4946
1663 4946
747 4946
2740 4946
3047 4946
3320 4946
285 4946
2665 4946
1720 4946
1985 4946
2632 4946
2923 4946
3590 4946
2825 4946
2128 4946
4392 4946
1705 4946
533 4946
954 4946
3366 4946
3179 4946
2667 4946
4100 4946
1903 4946
4474 4946
3238 4946
728 4946
4837 4946
1370 4946
668 4946
4228 4946
2318 4946
3750 4946
3277 4946
3946 4946
1278 4946
3310 4946
4858 4946
3284 4946
402 4946
504 4946
3088 4946
3559 4946
351 4946
3335 4946
25 4946
3661 4946
4622 4946
4102 4946
3156 4946
3523 4946
1316 4946
1580 4946
1261 4946
702 4946
2255 4946
3224 4946
1848 4946
2631 4946
2714 4946
2106 4946
1888 4946
4885 4946
2276 4946
3288 4946
4401 4946
1254 4946
2499 4946
3276 4946
3777 4946
3268 4946
47 4946
676 4946
2626 4946
1842 4946
4036 4946
2234 4946
387 4946
22 4946
4596 4946
1632 4946
1771 4946
2301 4946
204 4946
687 4946
2717 4946
1018 4946
213 4946
531 4946
152 4946
3234 4946
4456 4946
331 4946
2597 4946
2273 4946
4422 4946
4504 4946
3762 4946
3718 4946
4922 4946
4495 4946
698 4946
2091 4946
4649 4946
2114 4946
2149 4946
3902 4946
137 4946
3299 4946
4008 4946
2254 4946
4342 4946
1324 4946
2049 4946
211 4946
1123 4946
4566 4946
481 4946
3445 4946
4946 4989
3199 4946
2506 4946
254 4946
647 4946
2265 4946
1359 4946
970 4946
2972 4946
3422 4946
135 4946
2585 4946
323 4946
4088 4946
3107 4946
1437 4946
2225 4946
1965 4946
2839 4946
4255 4946
1491 4946
1603 4946
1781 4946
3681 4946
2636 4946
1592 4946
2082 4946
297 4946
2935 4946
4707 4946
3110 4946
1625 4946
943 4946
1523 4946
3865 4946
3022 4946
1427 4946
2986 4946
371 4946
1120 4946
1214 4946
4587 4946
3839 4946
4194 4946
1545 4946
3479 4946
2664 4946
2995 4946
4198 4946
2003 4946
1424 4946
391 4946
1390 4946
2703 4946
965 4946
3858 4946
1611 4946
3833 4946
4261 4946
3845 4946
2017 4946
1923 4946
4243 4946
4681 4946
1895 4946
3723 4946
966 4946
4534 4946
2176 4946
2103 4946
3368 4946
1002 4946
375 4946
4693 4946
207 4946
3393 4946
2941 4946
1051 4946
3344 4946
4026 4946
4946 4957
2409 4946
2368 4946
1890 4946
1905 4946
3874 4946
4258 4946
1038 4946
310 4946
3779 4946
4617 4946
3038 4946
3407 4946
2982 4946
4139 4946
43 4946
3176 4946
1711 4946
2514 4946
498 4946
2815 4946
3225 4946
4278 4946
798 4946
2118 4946
2337 4946
3908 4946
287 4946
29 4946
2570 4946
648 4946
701 4946
3321 4946
3707 4946
1089 4946
2887 4946
3553 4946
1170 4946
3375 4946
1618 4946
2970 4946
1644 4946
1912 4946
1639 4946
3118 4946
4044 4946
2980 4946
4199 4946
2420 4946
929 4946
2734 4946
3511 4946
2294 4946
202 4946
108 4946
705 4946
720 4946
4023 4946
981 4946
1617 4946
2771 4946
4148 4946
1369 4946
4811 4946
4595 4946
3514 4946
1915 4946
3955 4946
380 4946
1161 4946
3067 4946
266 4946
488 4946
2999 4946
124 4946
1150 4946
3385 4946
4636 4946
3101 4946
350 4946
1854 4946
3192 4946
794 4946
4544 4946
1230 4946
2466 4946
2476 4946
4327 4946
2050 4946
538 4946
4 4946
841 4946
4671 4946
434 4946
3932 4946
4946 4986
2729 4946
4458 4946
1730 4946
2896 4946
1811 4946
4097 4946
3261 4946
3245 4946
609 4946
649 4946
4930 4946
2682 4946
1185 4946
4234 4946
2177 4946
128 4946
856 4946
3965 4946
2348 4946
2655 4946
4904 4946
4581 4946
3436 4946
2021 4946
3552 4946
3813 4946
3145 4946
4324 4946
1713 4946
1216 4946
853 4946
3892 4946
1647 4946
681 4946
3970 4946
2261 4946
2500 4946
4635 4946
2086 4946
4631 4946
1630 4946
4062 4946
1113 4946
4210 4946
4276 4946
2643 4946
261 4946
169 4946
699 4946
2606 4946
1583 4946
854 4946
2398 4946
114 4946
2959 4946
4343 4946
4919 4946
291 4946
2057 4946
3424 4946
3550 4946
1408 4946
792 4946
3778 4946
2553 4946
3732 4946
4370 4946
4085 4946
3155 4946
1634 4946
885 4946
878 4946
4452 4946
4616 4946
1721 4946
828 4946
4769 4946
3712 4946
2101 4946
978 4946
758 4946
3440 4946
738 4946
4933 4946
241 4946
4663 4946
2058 4946
1747 4946
4131 4946
2854 4946
3162 4946
3093 4946
4768 4946
1375 4946
4593 4946
3798 4946
3359 4946
1825 4946
4111 4946
571 4946
713 4946
1119 4946
2239 4946
3451 4946
1928 4946
3836 4946
4217 4946
2186 4946
3719 4946
1870 4946
1148 4946
1615 4946
2719 4946
2721 4946
2112 4946
3541 4946
90 4946
4101 4946
1534 4946
1310 4946
4493 4946
3683 4946
805 4946
2304 4946
337 4946
3029 4946
1277 4946
793 4946
1668 4946
2596 4946
230 4946
448 4946
3362 4946
3857 4946
1599 4946
4302 4946
1934 4946
2991 4946
3455 4946
1572 4946
1847 4946
4232 4946
3676 4946
4657 4946
1628 4946
3430 4946
1831 4946
1412 4946
134 4946
2880 4946
576 4946
406 4946
3260 4946
3647 4946
706 4946
3026 4946
474 4946
3248 4946
2045 4946
1125 4946
4245 4946
2281 4946
2792 4946
95 4946
638 4946
35 4946
171 4946
3630 4946
2264 4946
3491 4946
3667 4946
2377 4946
1652 4946
3074 4946
4655 4946
2615 4946
1401 4946
1595 4946
3738 4946
1194 4946
1752 4946
1598 4946
1808 4946
3073 4946
1270 4946
1333 4946
146 4946
3562 4946
3263 4946
1211 4946
3548 4946
942 4946
424 4946
4633 4946
1235 4946
4915 4946
4319 4946
271 4946
729 4946
2939 4946
1013 4946
1115 4946
596 4946
3842 4946
829 4946
3968 4946
819 4946
84 4946
986 4946
771 4946
4063 4946
4317 4946
1107 4946
2508 4946
3928 4946
3538 4946
4340 4946
4890 4946
1938 4946
3592 4946
3399 4946
3493 4946
1244 4946
3588 4946
4423 4946
1726 4946
2343 4946
4736 4946
2363 4946
2613 4946
2223 4946
2117 4946
2573 4946
262 4946
2007 4946
2356 4946
2646 4946
3543 4946
2370 4946
2515 4946
4170 4946
3016 4946
2183 4946
2099 4946
3899 4946
1860 4946
1435 4946
2563 4946
875 4946
4946 4950
352 4946
224 4946
19 4946
583 4946
708 4946
3336 4946
4238 4946
693 4946
396 4946
2858 4946
3413 4946
4603 4946
776 4946
2067 4946
904 4946
3621 4946
1487 4946
3848 4946
253 4946
4445 4946
4240 4946
3948 4946
1049 4946
4350 4946
2331 4946
4737 4946
2386 4946
4007 4946
4239 4946
2812 4946
1169 4946
780 4946
1980 4946
4526 4946
1315 4946
1190 4946
1667 4946
2192 4946
3654 4946
2196 4946
1989 4946
176 4946
1779 4946
1561 4946
1577 4946
4946 4964
3977 4946
4750 4946
945 4946
83 4946
4407 4946
4637 4946
3961 4946
1651 4946
3534 4946
3822 4946
3209 4946
3852 4946
1034 4946
1289 4946
4466 4946
3883 4946
926 4946
4720 4946
5 4946
78 4946
4896 4946
4395 4946
510 4946
3868 4946
4086 4946
953 4946
2312 4946
2031 4946
3704 4946
2468 4946
3939 4946
3387 4946
832 4946
4706 4946
2513 4946
2502 4946
2748 4946
1286 4946
3677 4946
2383 4946
2827 4946
861 4946
1024 4946
1562 4946
4084 4946
527 4946
2607 4946
3172 4946
824 4946
2083 4946
4019 4946
2349 4946
3614 4946
1878 4946
3082 4946
858 4946
3686 4946
4092 4946
44 4946
836 4946
4310 4946
4701 4946
4946 4987
1260 4946
2285 4946
1471 4946
2296 4946
3962 4946
2452 4946
1638 4946
4711 4946
1737 4946
476 4946
844 4946
1027 4946
1829 4946
2845 4946
827 4946
1557 4946
3326 4946
4806 4946
432 4946
3546 4946
4367 4946
3639 4946
3021 4946
568 4946
2945 4946
1192 4946
2621 4946
1347 4946
4057 4946
683 4946
1757 4946
1383 4946
1500 4946
40 4946
3530 4946
833 4946
1121 4946
3593 4946
34 4946
372 4946
2268 4946
825 4946
734 4946
1855 4946
1474 4946
3283 4946
2504 4946
1212 4946
1918 4946
195 4946
1493 4946
1092 4946
4230 4946
1999 4946
1021 4946
1863 4946
3256 4946
1326 4946
4091 4946
3300 4946
4166 4946
1075 4946
2198 4946
2288 4946
502 4946
4494 4946
1616 4946
3554 4946
2766 4946
4259 4946
3616 4946
2279 4946
3175 4946
2680 4946
3878 4946
1901 4946
2405 4946
2663 4946
1223 4946
4083 4946
2739 4946
2120 4946
2079 4946
1499 4946
2084 4946
364 4946
1909 4946
4888 4946
789 4946
4564 4946
71 4946
4946 4956
3638 4946
4379 4946
2862 4946
4550 4946
2889 4946
3843 4946
4612 4946
3785 4946
1814 4946
282 4946
2754 4946
3166 4946
3754 4946
3236 4946
1754 4946
1913 4946
1456 4946
2768 4946
101 4946
52 4946
1780 4946
4739 4946
2014 4946
2000 4946
1039 4946
2376 4946
935 4946
1094 4946
2654 4946
2909 4946
3151 4946
4900 4946
4535 4946
3072 4946
2893 4946
3806 4946
4582 4946
4468 4946
1443 4946
735 4946
4079 4946
2702 4946
2808 4946
31 4946
4946 4974
3447 4946
782 4946
764 4946
3888 4946
72 4946
317 4946
4037 4946
4841 4946
119 4946
1973 4946
4203 4946
3953 4946
4946 4981
2141 4946
4307 4946
932 4946
1035 4946
645 4946
1 4946
200 4946
2988 4946
3657 4946
1984 4946
2167 4946
1279 4946
597 4946
2155 4946
1397 4946
4509 4946
1292 4946
3859 4946
1503 4946
3360 4946
2095 4946
3861 4946
849 4946
721 4946
941 4946
182 4946
691 4946
3938 4946
1790 4946
2322 4946
3294 4946
4751 4946
4723 4946
2 4946
920 4946
4117 4946
3923 4946
3105 4946
2302 4946
2737 4946
2469 4946
3315 4946
625 4946
2030 4946
3036 4946
3595 4946
3682 4946
949 4946
1026 4946
3920 4946
1074 4946
2851 4946
3286 4946
3323 4946
2202 4946
4297 4946
916 4946
2898 4946
1582 4946
1173 4946
4105 4946
3721 4946
3345 4946
164 4946
3319 4946
1142 4946
2624 4946
1419 4946
4895 4946
1416 4946
275 4946
3015 4946
327 4946
190 4946
3337 4946
1891 4946
4680 4946
431 4946
818 4946
3095 4946
1743 4946
2569 4946
129 4946
593 4946
2087 4946
4946 4962
1025 4946
1166 4946
1949 4946
2143 4946
3473 4946
4946 4953
2870 4946
4087 4946
4389 4946
4600 4946
4647 4946
917 4946
2402 4946
4220 4946
4599 4946
4886 4946
4674 4946
1382 4946
1858 4946
2969 4946
4397 4946
1486 4946
2238 4946
4491 4946
4165 4946
3116 4946
1479 4946
1274 4946
630 4946
41 4946
2044 4946
4831 4946
3292 4946
4316 4946
1658 4946
3062 4946
1362 4946
725 4946
4323 4946
38 4946
1433 4946
6 4946
1210 4946
4605 4946
298 4946
2689 4946
4405 4946
3771 4946
179 4946
2732 4946
715 4946
3855 4946
988 4946
2251 4946
3714 4946
2723 4946
3558 4946
3589 4946
2326 4946
1876 4946
1163 4946
3025 4946
2955 4946
993 4946
3218 4946
887 4946
2690 4946
2369 4946
2699 4946
4882 4946
595 4946
2852 4946
4439 4946
2491 4946
2071 4946
1126 4946
3466 4946
217 4946
2495 4946
4881 4946
4773 4946
4836 4946
3329 4946
579 4946
2227 4946
2430 4946
2669 4946
2745 4946
1505 4946
4345 4946
2537 4946
1897 4946
2931 4946
366 4946
2156 4946
1364 4946
1029 4946
4071 4946
1735 4946
393 4946
555 4946
4429 4946
2552 4946
1168 4946
4179 4946
3850 4946
4911 4946
223 4946
1222 4946
1472 4946
3342 4946
2241 4946
629 4946
1510 4946
201 4946
671 4946
4939 4946
1570 4946
2964 4946
1678 4946
85 4946
2231 4946
4049 4946
1488 4946
2609 4946
855 4946
2163 4946
2211 4946
4855 4946
697 4946
3371 4946
1896 4946
2113 4946
2235 4946
4623 4946
235 4946
3092 4946
355 4946
1990 4946
242 4946
1247 4946
1482 4946
3767 4946
884 4946
3925 4946
2056 4946
679 4946
3565 4946
910 4946
198 4946
3891 4946
1522 4946
4411 4946
370 4946
1575 4946
3419 4946
2757 4946
2975 4946
2200 4946
206 4946
2243 4946
2483 4946
739 4946
778 4946
918 4946
2456 4946
822 4946
939 4946
1017 4946
4742 4946
4477 4946
2856 4946
3000 4946
2474 4946
1987 4946
765 4946
1922 4946
4894 4946
3503 4946
3308 4946
113 4946
4845 4946
1681 4946
1054 4946
3577 4946
1476 4946
3278 4946
4877 4946
1420 4946
1257 4946
451 4946
2727 4946
4592 4946
3960 4946
2567 4946
4715 4946
423 4946
4609 4946
4946 4972
4479 4946
4782 4946
3969 4946
3061 4946
4879 4946
2518 4946
872 4946
76 4946
4946 4978
3147 4946
592 4946
4923 4946
4944 4946
1699 4946
2093 4946
398 4946
3643 4946
674 4946
2869 4946
4355 4946
1586 4946
1187 4946
4887 4946
2952 4946
4193 4946
4784 4946
773 4946
1951 4946
4252 4946
2380 4946
650 4946
558 4946
3184 4946
3787 4946
249 4946
4946 4951
921 4946
1462 4946
1875 4946
3131 4946
3459 4946
4654 4946
3255 4946
64 4946
1778 4946
598 4946
3856 4946
2730 4946
946 4946
4212 4946
422 4946
503 4946
2888 4946
4476 4946
471 4946
1293 4946
2492 4946
862 4946
594 4946
591 4946
3781 4946
2560 4946
485 4946
3994 4946
3924 4946
4124 4946
663 4946
4785 4946
2551 4946
1485 4946
1067 4946
3494 4946
429 4946
755 4946
1911 4946
4552 4946
2237 4946
3693 4946
3958 4946
732 4946
3275 4946
3751 4946
971 4946
418 4946
4349 4946
2297 4946
4767 4946
2744 4946
1340 4946
4775 4946
999 4946
1224 4946
345 4946
4554 4946
1993 4946
1146 4946
3773 4946
934 4946
2333 4946
1981 4946
2199 4946
127 4946
4074 4946
2886 4946
1946 4946
2412 4946
1037 4946
1343 4946
3032 4946
3708 4946
4672 4946
2387 4946
3363 4946
4527 4946
4903 4946
3158 4946
1660 4946
3678 4946
1445 4946
4873 4946
3757 4946
1833 4946
283 4946
2432 4946
4104 4946
785 4946
4788 4946
288 4946
4875 4946
3457 4946
234 4946
3889 4946
4061 4946
3076 4946
1953 4946
1294 4946
1541 4946
3528 4946
3897 4946
3011 4946
3183 4946
4426 4946
3251 4946
2750 4946
2524 4946
3770 4946
3438 4946
3462 4946
1291 4946
1910 4946
4384 4946
1784 4946
2599 4946
626 4946
18 4946
3138 4946
1602 4946
628 4946
3893 4946
2222 4946
4611 4946
1594 4946
499 4946
4060 4946
1945 4946
1273 4946
1060 4946
3904 4946
4125 4946
1610 4946
256 4946
86 4946
4696 4946
4810 4946
314 4946
2810 4946
1097 4946
733 4946
2849 4946
268 4946
2824 4946
3522 4946
1966 4946
172 4946
3442 4946
2214 4946
494 4946
3148 4946
654 4946
4557 4946
1259 4946
1341 4946
4329 4946
46 4946
4222 4946
4912 4946
4816 4946
3280 4946
3417 4946
2584 4946
2460 4946
4280 4946
1849 4946
441 4946
991 4946
2233 4946
1704 4946
3784 4946
3069 4946
4778 4946
2650 4946
3805 4946
2372 4946
290 4946
2406 4946
1153 4946
30 4946
1180 4946
3826 4946
453 4946
1330 4946
4114 4946
1686 4946
4946 4952
1818 4946
3202 4946
3591 4946
250 4946
1950 4946
2016 4946
2778 4946
2110 4946
2630 4946
1087 4946
4586 4946
3916 4946
2781 4946
94 4946
4702 4946
3711 4946
2582 4946
3165 4946
696 4946
4510 4946
2634 4946
2207 4946
4545 4946
3434 4946
286 4946
4734 4946
4697 4946
4946 4995
3996 4946
3103 4946
1048 4946
243 4946
4823 4946
1601 4946
550 4946
1695 4946
3581 4946
3483 4946
1205 4946
1242 4946
1772 4946
2838 4946
196 4946
2063 4946
514 4946
1588 4946
2435 4946
3898 4946
1971 4946
859 4946
1151 4946
1272 4946
4294 4946
3632 4946
3652 4946
4489 4946
3241 4946
318 4946
4575 4946
227 4946
4709 4946
3935 4946
1899 4946
361 4946
3789 4946
3687 4946
3895 4946
3060 4946
2410 4946
3516 4946
669 4946
3692 4946
363 4946
3594 4946
4106 4946
1883 4946
2833 4946
4812 4946
333 4946
4265 4946
3409 4946
3675 4946
4639 4946
4391 4946
2620 4946
703 4946
1806 4946
909 4946
3668 4946
2004 4946
601 4946
549 4946
4777 4946
4641 4946
3188 4946
1422 4946
1736 4946
1497 4946
4497 4946
348 4946
4447 4946
4359 4946
553 4946
4196 4946
2300 4946
2933 4946
1239 4946
867 4946
438 4946
4688 4946
1389 4946
4872 4946
1661 4946
2558 4946
3660 4946
2355 4946
325 4946
1822 4946
2189 4946
4368 4946
4551 4946
640 4946
528 4946
1323 4946
4016 4946
2774 4946
2873 4946
2934 4946
3170 4946
896 4946
968 4946
2722 4946
3788 4946
2938 4946
1821 4946
4648 4946
4490 4946
1995 4946
3611 4946
2206 4946
2676 4946
1111 4946
139 4946
1116 4946
1480 4946
4574 4946
3034 4946
3602 4946
2197 4946
574 4946
3031 4946
62 4946
3078 4946
1328 4946
419 4946
328 4946
3972 4946
2221 4946
2484 4946
2414 4946
3744 4946
425 4946
1095 4946
399 4946
588 4946
814 4946
870 4946
3075 4946
3824 4946
1019 4946
2193 4946
1160 4946
1425 4946
1640 4946
741 4946
1130 4946
1040 4946
3709 4946
440 4946
1873 4946
3749 4946
4839 4946
2375 4946
2324 4946
2037 4946
2247 4946
3886 4946
563 4946
2283 4946
737 4946
3506 4946
655 4946
847 4946
138 4946
4800 4946
4779 4946
1103 4946
547 4946
3870 4946
400 4946
3727 4946
4412 4946
220 4946
3644 4946
3980 4946
130 4946
4540 4946
3104 4946
4645 4946
906 4946
142 4946
3302 4946
1357 4946
2782 4946
4667 4946
3160 4946
2453 4946
4090 4946
2391 4946
1511 4946
2616 4946
1181 4946
2530 4946
4126 4946
4298 4946
4231 4946
1791 4946
3220 4946
173 4946
2908 4946
659 4946
2032 4946
4762 4946
619 4946
1001 4946
2195 4946
2783 4946
3394 4946
4065 4946
73 4946
1764 4946
1080 4946
2052 4946
3099 4946
2274 4946
682 4946
689 4946
1023 4946
3617 4946
1325 4946
3471 4946
1396 4946
3203 4946
3262 4946
1707 4946
4874 4946
2162 4946
1332 4946
1058 4946
1050 4946
2210 4946
3089 4946
1320 4946
4118 4946
3952 4946
2440 4946
421 4946
4624 4946
1338 4946
616 4946
3739 4946
2342 4946
4357 4946
3720 4946
3318 4946
2035 4946
4015 4946
3963 4946
2574 4946
2684 4946
980 4946
4123 4946
3645 4946
1689 4946
4601 4946
726 4946
543 4946
2447 4946
3289 4946
307 4946
3513 4946
2677 4946
61 4946
2075 4946
3596 4946
3465 4946
4665 4946
786 4946
2950 4946
445 4946
1827 4946
4045 4946
1636 4946
642 4946
2284 4946
634 4946
4714 4946
4869 4946
1782 4946
186 4946
4001 4946
4313 4946
465 4946
1233 4946
570 4946
3670 4946
3967 4946
736 4946
1446 4946
3800 4946
4160 4946
447 4946
4553 4946
2278 4946
37 4946
2762 4946
548 4946
2269 4946
2742 4946
3356 4946
2142 4946
4905 4946
4371 4946
1569 4946
3304 4946
3566 4946
1677 4946
977 4946
1030 4946
1665 4946
4614 4946
928 4946
1490 4946
3995 4946
4048 4946
4861 4946
1305 4946
552 4946
149 4946
1052 4946
2077 4946
3373 4946
2866 4946
2787 4946
4356 4946
1413 4946
2161 4946
1767 4946
1978 4946
2034 4946
3775 4946
4813 4946
564 4946
4295 4946
2203 4946
4209 4946
809 4946
3152 4946
1410 4946
1388 4946
762 4946
2423 4946
3124 4946
3389 4946
4352 4946
1624 4946
3926 4946
4730 4946
2308 4946
605 4946
103 4946
2679 4946
1738 4946
270 4946
125 4946
1466 4946
4030 4946
1091 4946
3790 4946
2905 4946
4653 4946
1450 4946
368 4946
790 4946
1000 4946
1007 4946
2018 4946
2089 4946
3951 4946
2853 4946
4829 4946
3136 4946
3934 4946
774 4946
4876 4946
77 4946
4441 4946
718 4946
461 4946
2359 4946
365 4946
1463 4946
2996 4946
685 4946
3701 4946
3619 4946
897 4946
50 4946
2588 4946
1068 4946
56 4946
4897 4946
4927 4946
1550 4946
3990 4946
1085 4946
4780 4946
3404 4946
731 4946
2507 4946
4416 4946
4051 4946
2116 4946
831 4946
1465 4946
541 4946
2080 4946
3942 4946
567 4946
610 4946
1317 4946
3119 4946
3730 4946
938 4946
1356 4946
1728 4946
4218 4946
1076 4946
2532 4946
208 4946
233 4946
3126 4946
349 4946
74 4946
4424 4946
4136 4946
4502 4946
2848 4946
3884 4946
3272 4946
983 4946
1430 4946
4531 4946
2470 4946
580 4946
3729 4946
1739 4946
58 4946
232 4946
907 4946
1406 4946
1716 4946
4722 4946
4156 4946
4128 4946
228 4946
613 4946
4824 4946
4078 4946
1237 4946
4373 4946
1529 4946
2557 4946
3223 4946
3909 4946
2545 4946
4096 4946
3282 4946
1078 4946
826 4946
2360 4946
1926 4946
3949 4946
1620 4946
3298 4946
1722 4946
539 4946
1114 4946
4358 4946
3081 4946
2659 4946
3820 4946
690 4946
188 4946
4075 4946
2232 4946
4339 4946
4889 4946
1857 4946
2610 4946
882 4946
3728 4946
4728 4946
4335 4946
443 4946
3860 4946
437 4946
4399 4946
3984 4946
3496 4946
1732 4946
4029 4946
4758 4946
278 4946
3416 4946
2175 4946
961 4946
586 4946
4710 4946
692 4946
1568 4946
2335 4946
4263 4946
4781 4946
3689 4946
2527 4946
656 4946
2431 4946
4192 4946
2179 4946
2295 4946
2505 4946
4034 4946
4946 4967
653 4946
2944 4946
1336 4946
1758 4946
4604 4946
180 4946
4398 4946
1461 4946
956 4946
3004 4946
1251 4946
4176 4946
2828 4946
1670 4946
2187 4946
1774 4946
969 4946
2844 4946
772 4946
976 4946
1366 4946
1956 4946
1556 4946
2820 4946
392 4946
1507 4946
14 4946
2140 4946
4833 4946
3641 4946
226 4946
1337 4946
2126 4946
3672 4946
2152 4946
4668 4946
102 4946
238 4946
344 4946
263 4946
4946 4958
3502 4946
3628 4946
1045 4946
526 4946
2864 4946
2901 4946
2319 4946
2550 4946
622 4946
4651 4946
203 4946
2358 4946
4940 4946
4834 4946
69 4946
635 4946
1549 4946
1614 4946
4695 4946
4748 4946
1468 4946
237 4946
2253 4946
4946 4955
2224 4946
4857 4946
4508 4946
3500 4946
4679 4946
1629 4946
3774 4946
3529 4946
3109 4946
4288 4946
1082 4946
1207 4946
3906 4946
1765 4946
2912 4946
2520 4946
1936 4946
603 4946
2688 4946
304 4946
87 4946
4946 4994
4541 4946
1318 4946
2415 4946
2413 4946
4918 4946
3401 4946
4403 4946
2907 4946
612 4946
1417 4946
1593 4946
2891 4946
4925 4946
1731 4946
4867 4946
4946 4997
2992 4946
2441 4946
3049 4946
1349 4946
116 4946
4646 4946
3161 4946
2159 4946
1756 4946
4805 4946
3200 4946
1654 4946
2498 4946
3470 4946
4190 4946
467 4946
2102 4946
1236 4946
1537 4946
39 4946
1675 4946
259 4946
3204 4946
573 4946
1579 4946
4743 4946
1637 4946
3050 4946
3497 4946
4659 4946
121 4946
3885 4946
2280 4946
3056 4946
4718 4946
2993 4946
2403 4946
3252 4946
4187 4946
3219 4946
414 4946
4012 4946
2497 4946
2046 4946
3651 4946
4724 4946
1348 4946
1213 4946
1492 4946
2779 4946
3431 4946
1132 4946
1220 4946
4835 4946
4315 4946
4568 4946
1122 4946
2805 4946
3737 4946
2628 4946
4311 4946
3391 4946
3355 4946
4924 4946
1059 4946
3059 4946
3517 4946
1898 4946
3415 4946
1065 4946
3388 4946
3106 4946
3489 4946
994 4946
3182 4946
889 4946
2956 4946
3193 4946
1881 4946
3247 4946
530 4946
3257 4946
2871 4946
3102 4946
3293 4946
1354 4946
4787 4946
4625 4946
4472 4946
604 4946
2671 4946
3580 4946
1140 4946
2105 4946
1740 4946
2675 4946
1099 4946
4286 4946
4146 4946
2751 4946
158 4946
2826 4946
383 4946
1631 4946
159 4946
4642 4946
4069 4946
2942 4946
2541 4946
3713 4946
3077 4946
525 4946
2974 4946
2876 4946
1141 4946
2649 4946
1084 4946
1830 4946
1641 4946
4630 4946
215 4946
8 4946
933 4946
1925 4946
2761 4946
4303 4946
4129 4946
1361 4946
210 4946
12 4946
3525 4946
3515 4946
4337 4946
2228 4946
1520 4946
3197 4946
3153 4946
4772 4946
688 4946
3521 4946
4946 4965
3313 4946
2793 4946
1167 4946
1872 4946
1255 4946
4572 4946
1591 4946
1553 4946
2776 4946
3539 4946
3765 4946
2780 4946
120 4946
1477 4946
868 4946
1770 4946
2564 4946
2389 4946
4021 4946
3627 4946
2078 4946
517 4946
3450 4946
4070 4946
3273 4946
1434 4946
2097 4946
3 4946
436 4946
2705 4946
931 4946
322 4946
3625 4946
948 4946
4226 4946
633 4946
769 4946
2915 4946
2005 4946
3233 4946
4766 4946
1008 4946
3467 4946
3933 4946
1983 4946
3312 4946
4043 4946
3121 4946
1321 4946
4946 4969
2777 4946
2425 4946
4215 4946
389 4946
2565 4946
3227 4946
486 4946
3187 4946
2984 4946
2122 4946
1643 4946
1708 4946
51 4946
3411 4946
4103 4946
3905 4946
704 4946
641 4946
3396 4946
4465 4946
1916 4946
454 4946
730 4946
4033 4946
3582 4946
843 4946
2823 4946
3376 4946
4570 4946
4548 4946
1227 4946
4000 4946
4027 4946
532 4946
3087 4946
4864 4946
2454 4946
3044 4946
1683 4946
4598 4946
4178 4946
2169 4946
4946 4983
3987 4946
2146 4946
2861 4946
2449 4946
2022 4946
3425 4946
2065 4946
1298 4946
2953 4946
3674 4946
1759 4946
2010 4946
4341 4946
218 4946
4227 4946
4035 4946
1942 4946
4207 4946
1353 4946
3098 4946
3358 4946
1057 4946
1451 4946
415 4946
1748 4946
602 4946
1128 4946
3113 4946
3448 4946
2516 4946
584 4946
4451 4946
3983 4946
3862 4946
1674 4946
1914 4946
3917 4946
2976 4946
2994 4946
4716 4946
4138 4946
3444 4946
1363 4946
4318 4946
2668 4946
1516 4946
717 4946
743 4946
3150 4946
1969 4946
3837 4946
2062 4946
1300 4946
4331 4946
3698 4946
766 4946
59 4946
4725 4946
2493 4946
4516 4946
4463 4946
1405 4946
4440 4946
3570 4946
3140 4946
4200 4946
4487 4946
4109 4946
2511 4946
2482 4946
3030 4946
1072 4946
4140 4946
4917 4946
958 4946
614 4946
1635 4946
3079 4946
2250 4946
1992 4946
2385 4946
4694 4946
3159 4946
4135 4946
4946 4979
1805 4946
3688 4946
710 4946
3564 4946
2266 4946
4005 4946
865 4946
1600 4946
2303 4946
2806 4946
3760 4946
269 4946
757 4946
519 4946
661 4946
3226 4946
4221 4946
2978 4946
1484 4946
319 4946
3975 4946
2059 4946
3382 4946
3501 4946
2647 4946
1607 4946
2743 4946
1869 4946
4365 4946
13 4946
4346 4946
940 4946
2421 4946
4182 4946
3695 4946
3028 4946
3877 4946
566 4946
2753 4946
4684 4946
1793 4946
4559 4946
795 4946
1301 4946
4264 4946
2039 4946
3665 4946
1385 4946
1542 4946
1188 4946
4141 4946
1384 4946
806 4946
1865 4946
4519 4946
2061 4946
2487 4946
2951 4946
3120 4946
4558 4946
4589 4946
4266 4946
3141 4946
2657 4946
4500 4946
1948 4946
2539 4946
2139 4946
2685 4946
2287 4946
1717 4946
458 4946
3613 4946
987 4946
2867 4946
330 4946
992 4946
2390 4946
4363 4946
3437 4946
4470 4946
551 4946
4755 4946
2019 4946
4433 4946
1195 4946
199 4946
4224 4946
3807 4946
2803 4946
2968 4946
3112 4946
3766 4946
3139 4946
1475 4946
673 4946
3412 4946
2883 4946
1788 4946
830 4946
2340 4946
2760 4946
2488 4946
2121 4946
3020 4946
3429 4946
678 4946
1760 4946
3230 4946
3656 4946
2593 4946
4305 4946
2463 4946
2240 4946
281 4946
2948 4946
800 4946
3427 4946
1501 4946
4257 4946
960 4946
2458 4946
1589 4946
2990 4946
1411 4946
2133 4946
4006 4946
4686 4946
1587 4946
1265 4946
1256 4946
3006 4946
3583 4946
174 4946
3758 4946
1308 4946
1083 4946
126 4946
1801 4946
2735 4946
4134 4946
4691 4946
2204 4946
3205 4946
1609 4946
838 4946
3988 4946
4901 4946
4214 4946
974 4946
4776 4946
2813 4946
4537 4946
2147 4946
2092 4946
3472 4946
2494 4946
2107 4946
280 4946
1064 4946
2947 4946
80 4946
4347 4946
2904 4946
4859 4946
4304 4946
2639 4946
3305 4946
3214 4946
3663 4946
1249 4946
433 4946
3914 4946
3127 4946
3253 4946
272 4946
1313 4946
4862 4946
3966 4946
2983 4946
3231 4946
2807 4946
2868 4946
4119 4946
2512 4946
4825 4946
4486 4946
255 4946
2724 4946
4795 4946
4741 4946
4607 4946
2661 4946
81 4946
1796 4946
487 4946
1823 4946
2323 4946
1365 4946
2220 4946
4442 4946
4122 4946
4530 4946
4330 4946
1746 4946
637 4946
3535 4946
1043 4946
156 4946
4328 4946
3190 4946
2361 4946
2759 4946
2819 4946
2622 4946
2562 4946
4626 4946
3341 4946
3353 4946
3243 4946
450 4946
1538 4946
3649 4946
2617 4946
1964 4946
4253 4946
1226 4946
979 4946
296 4946
3443 4946
4946 4954
3653 4946
3181 4946
3763 4946
742 4946
4460 4946
3979 4946
3009 4946
4536 4946
1664 4946
4186 4946
444 4946
1218 4946
3936 4946
4815 4946
2892 4946
2966 4946
4523 4946
3040 4946
607 4946
104 4946
4385 4946
2509 4946
1267 4946
1698 4946
3164 4946
4578 4946
1467 4946
2874 4946
802 4946
1524 4946
2258 4946
1988 4946
1714 4946
1303 4946
99 4946
3796 4946
2627 4946
2707 4946
1314 4946
3705 4946
3027 4946
10 4946
803 4946
4175 4946
1449 4946
468 4946
358 4946
2259 4946
4225 4946
1056 4946
973 4946
509 4946
2855 4946
1457 4946
817 4946
3237 4946
3623 4946
4108 4946
1515 4946
3486 4946
1862 4946
1986 4946
3835 4946
4132 4946
2320 4946
4372 4946
292 4946
1932 4946
863 4946
1977 4946
1135 4946
3872 4946
2895 4946
4753 4946
3927 4946
4283 4946
2834 4946
2321 4946
3815 4946
3572 4946
301 4946
1109 4946
3063 4946
3829 4946
1824 4946
3306 4946
338 4946
4503 4946
409 4946
4143 4946
4946 4975
3563 4946
2472 4946
3244 4946
193 4946
4157 4946
1571 4946
1118 4946
4481 4946
2572 4946
4717 4946
3547 4946
1574 4946
3097 4946
3421 4946
1032 4946
848 4946
3130 4946
2134 4946
359 4946
324 4946
334 4946
4366 4946
839 4946
4946 4948
1421 4946
1947 4946
4406 4946
3334 4946
1149 4946
2450 4946
952 4946
2765 4946
4856 4946
4277 4946
1139 4946
3168 4946
2362 4946
1816 4946
3269 4946
3167 4946
1734 4946
4434 4946
2033 4946
3213 4946
587 4946
3374 4946
2625 4946
4387 4946
2153 4946
924 4946
3111 4946
4946 4985
1489 4946
4732 4946
222 4946
2911 4946
2642 4946
1165 4946
4920 4946
1871 4946
2194 4946
2592 4946
1706 4946
1402 4946
4396 4946
2720 4946
3446 4946
1535 4946
3894 4946
1958 4946
1283 4946
4014 4946
3537 4946
3332 4946
989 4946
3267 4946
4153 4946
2217 4946
1927 4946
3100 4946
3696 4946
1473 4946
3600 4946
2293 4946
4388 4946
1861 4946
4849 4946
3912 4946
2841 4946
4432 4946
4325 4946
3648 4946
1241 4946
3791 4946
1852 4946
3764 4946
1619 4946
577 4946
2334 4946
1766 4946
2519 4946
1837 4946
212 4946
2164 4946
3259 4946
2544 4946
3171 4946
1137 4946
236 4946
2275 4946
4938 4946
779 4946
3880 4946
1773 4946
4860 4946
2568 4946
4127 4946
3519 4946
545 4946
4334 4946
4921 4946
912 4946
4361 4946
4425 4946
2109 4946
4505 4946
3882 4946
2313 4946
4262 4946
4774 4946
4796 4946
2027 4946
3428 4946
2960 4946
1352 4946
3070 4946
2216 4946
300 4946
1304 4946
4492 4946
2817 4946
2332 4946
3043 4946
28 4946
3108 4946
1892 4946
4643 4946
4462 4946
107 4946
1284 4946
219 4946
1749 4946
3478 4946
2263 4946
3637 4946
2829 4946
3985 4946
1098 4946
3821 4946
1994 4946
2846 4946
1112 4946
2692 4946
581 4946
1761 4946
1548 4946
449 4946
1044 4946
4792 4946
3232 4946
1688 4946
4908 4946
569 4946
4404 4946
1372 4946
3992 4946
2899 4946
2600 4946
913 4946
4168 4946
2424 4946
1172 4946
4618 4946
1393 4946
1264 4946
1339 4946
2816 4946
3014 4946
1145 4946
4208 4946
4799 4946
3844 4946
2439 4946
2716 4946
823 4946
3265 4946
3607 4946
3505 4946
2772 4946
136 4946
2096 4946
4448 4946
4152 4946
700 4946
2064 4946
2801 4946
1802 4946
48 4946
4818 4946
888 4946
4868 4946
1217 4946
3198 4946
975 4946
1288 4946
4561 4946
4485 4946
1138 4946
3741 4946
1789 4946
2713 4946
306 4946
2698 4946
2489 4946
273 4946
3866 4946
1843 4946
3743 4946
3810 4946
2399 4946
801 4946
768 4946
4678 4946
4866 4946
112 4946
3361 4946
3258 4946
767 4946
252 4946
4039 4946
162 4946
2172 4946
1376 4946
1134 4946
3379 4946
3700 4946
2981 4946
2882 4946
2930 4946
1394 4946
1866 4946
247 4946
4608 4946
4756 4946
1605 4946
3964 4946
508 4946
4289 4946
3330 4946
3403 4946
4840 4946
4946 4992
3817 4946
3487 4946
2401 4946
60 4946
279 4946
1931 4946
4946 4961
1798 4946
2242 4946
483 4946
4332 4946
936 4946
3400 4946
3799 4946
4444 4946
3492 4946
3982 4946
1976 4946
2411 4946
534 4946
2790 4946
3194 4946
711 4946
565 4946
1335 4946
1940 4946
1055 4946
4731 4946
70 4946
326 4946
1709 4946
3154 4946
1322 4946
4821 4946
373 4946
1769 4946
329 4946
2306 4946
3142 4946
2416 4946
1525 4946
799 4946
4747 4946
2863 4946
1787 4946
3666 4946
4909 4946
1877 4946
2373 4946
4670 4946
821 4946
2168 4946
3722 4946
3426 4946
4946 4970
2660 4946
3697 4946
1164 4946
3370 4946
4002 4946
3555 4946
1703 4946
985 4946
3317 4946
788 4946
4229 4946
2339 4946
835 4946
4634 4946
3847 4946
515 4946
4594 4946
3395 4946
1203 4946
4073 4946
1407 4946
2503 4946
4521 4946
1003 4946
2029 4946
523 4946
320 4946
417 4946
1088 4946
2309 4946
4899 4946
2561 4946
4201 4946
4183 4946
2352 4946
3620 4946
2767 4946
4946 4984
1961 4946
4763 4946
4619 4946
2587 4946
4946 4982
2215 4946
3013 4946
1287 4946
3640 4946
3157 4946
850 4946
54 4946
1753 4946
3755 4946
2429 4946
4242 4946
751 4946
309 4946
4046 4946
3490 4946
