4999
))))))))))))))))))))))))))))))))))))))))))))))))))))))))))))))))))))))))))))))))))))))))))))))))))))))))))))))))))))))))))))))))))))))))))))))))))))))))))))))))))))))))))))))))))))))))))))))))))))))))))))))))))))))))))))))))))))))))))))))))))))))))))))))))))))))))))))))))))))))))))))))))))))))))))))))))))))))))))))))))))))))))))))))))))))))))))))))))))))))))))))))))))))))))))))))))))))))))))))))))))))))))))))))))))))))))))))))))))))))))))))))))))))))))))))))))))))))))))))))))))))))))))))))))))))))))))))))))))))))))))))))))))))))))))))))))))))))))))))))))))))))))))))))))))))))))))))))))))))))))))))))))))))))))))))))))))))))))))))))))))))))))))))))))))))))))))))))))))))))))))))))))))))))))))))))))))))))))))))))))))))))))))))))))))))))))))))))))))))))))))))))))))))))))))))))))))))))))))))))))))))))))))))))))))))))))))))))))))))))))))))))))))))))))))))))))))))))))))))))))))))))))))))))))))))))))))))))))))))))))))))))))))))))))))))))))))))))))))))))))))))))))))))))))))))))))))))))))))))))))))))))))))))))))))))))))))))))))))))))))))))))))))))))))))))))))))))))))))))))))))))))))))))))))))))))))))))))))))))))))))))))))))))))))))))))))))))))))))))))))))))))))))))))))))))))))))))))))))))))))))))))))))))))))))))))))))))))))))))))))))))))))))))))))))))))))))))))))))))))))))))))))))))))))))))))))))))))))))))))))))))))))))))))))))))))))))))))))))))))))))))))))))))))))))))))))))))))))))))))))))))))))))))))))))))))))))))))))))))))))))))))))))))))))))))))))))))))))))))))))))))))))))))))))))))))))))))))))))))))))))))))))))))))))))))))))))))))))))))))))))))))))))))))))))))))))))))))))))))))))))))))))))))))))))))))))))))))))))))))))))))))))))))))))))))))))))))))))))))))))))))))))))))))))))))))))))))))))))))))))))))))))))))))))))))))))))))))))))))))))))))))))))))))))))))))))))))))))))))))))))))))))))))))))))))))))))))))))))))))))))))))))))))))))))))))))))))))))))))))))))))))))))))))))))))))))))))))))))))))))))))))))))))))))))))))))))))))))))))))))))))))))))))))))))))))))))))))))))))))))))))))))))))))))))))))))))))))))))))))))))))))))))))))))))))))))))))))))))))))))))))))))))))))))))))))))))))))))))))))))))))))))))))))))))))))))))))))))))))))))))))))))))))))))))))))))))))))))))))))))))))))))))))))))))))))))))))))))))))))))))))))))))))))))))))))))))))))))))))))))))))))))))))))))))))))))))))))))))))))))))))))))))))))))))))))))))))))))))))))))))))))))))))))))))))))))))))())))))))))))))))))))))))))))))))))))))))))))))))))))))))))))))))))))))))))))))))))))))))))))))))))))))))))))))))))))))))))))))))))))))))))))))))))))))))))))))))))))))))))))))))))))))))))))))))))))))))))))))))))))))))))))))))))))))))))))))))))))))))))))))))))))))))))))))))))))))))))))))))))))))))))))))))))))))))))))))))))))))))))))))))))))))))))))))))))))))))))))))))))))))))))))))))))))))))))))))))))))))))))))))))))))))))))))))))))))))))))))))))))))))))))))))))))))))))))))))))))))))))))))))))))))))))))))))))))))))))))))))))))))))))))))))))))))))))))))))))))))))))))))))))))))))))))))))))))))))))))))))))))))))))))))))))))))))))))))))))))))))))))))))))))))))))))))))))))))))))))))))))))))))))))))))))))))))))))))))))))))))))))))))))))))))))))))))))))))))))))))))))))))))))))))))))))))))))))))))))))))))))))))))))))))))))))))))))))))))))))))))))))))))))))))))))))))))))))))))))))))))))))))))))))))))))))))))))))))))))))))))))))))))))))))))))))))))))))))))))))))))))))))))))))))))))))))))))))))))))))))))))))))))))))))))))))))))))))))))))))))))))))))))))))))))))))))))))))))))))))))))))))))))))))))))))))))))))))))))))))))))))))))))))))))))))))))))))))))))))))))))))))))))))))))))))))))))))))))))))))))))))))))))))))))))))))))))))))))))))))))))))))))))))))))))))))))))))))))))))))))))))))))))))))))))))))))))))))))))))))))))))))))))))))))))))))))))))))))))))))))))))))))))))))))))))))))))))))))))))))))))))))))))))))))))))))))))))))))))))))))))))))))))))))))))))))))))))))))))))))))))))))))))))))))))))))))))))))))))))))))))))))))))))))))))))))))))))))))))))))))))))))))))))))))))))))))))))))))))))))))))))))))))))))))))))))))))))))))))))))))))))))))))))))))))))))))))))))))))))))))))))))))))))))))))))))))))))))))))))))))))))))))))))))))))))))))))))))))))))))))))))))))))))))))))))))))))))))))))))))))))))))))))))))))))))))))))))))))))))))))))))))))))))))))))))))))))))))))))))))))))))))))))))))))))))))))))))))))))))))))))))))))))))))))))))))))))))))))))))))))))))))))))))))))))))))))))))))))))))))))))))))))))))))))))))))))))))))))))))))))))))))))))))))))))))))))))))))))))))))))))))))))))))))))))))))))))))))))))))))))))))))))))))))))))))))))))))))))))))))))))))))))))))))))))))))))))))))))))))))))))))))))))))))))))))))))))))))))))))))))))))))))))))))))))))))))))))))))))))))))))))))))))))))))))))))))))))))))))))))))))))))))))))))))))))))))))))))))))))))))))))))))))))))))))))))))))))))))))))))))))))))))))))))))))))))))))))))))))))))))))))))))))))))))))))))))))))))))))))))))))))))))))))))))))))))))))))))))))))))))))))))))))))))))))))))))))))))))))))))))))))))))))))))))))))))))))))))))))))))))))))))
523 2389
2389 3528
1615 2389
254 2389
556 2389
2389 3675
289 2389
2389 4829
2389 2904
2389 2797
1986 2389
2389 4175
2389 4292
1164 2389
2389 4844
2389 3053
731 2389
682 2389
1917 2389
222 2389
822 2389
1299 2389
2389 4000
795 2389
1759 2389
1993 2389
2389 3161
916 2389
355 2389
2389 2396
2389 4284
2389 3545
2389 4609
299 2389
2053 2389
2389 3076
2389 4604
2139 2389
2389 3120
2389 2443
2389 4291
2389 3191
2389 3429
2389 3708
2389 3968
2389 4353
851 2389
2389 4559
1517 2389
2389 2881
861 2389
2389 3890
2389 2616
2389 4501
1536 2389
1398 2389
1199 2389
2389 2590
2389 2908
2389 4772
625 2389
2389 3412
1368 2389
2389 2768
291 2389
2389 4114
1143 2389
1874 2389
2016 2389
2389 3371
505 2389
1529 2389
2389 3181
2389 4967
2389 4521
1656 2389
2201 2389
389 2389
2389 4748
1798 2389
2389 2584
2389 3487
2389 4893
2389 4765
2389 3472
2389 3656
747 2389
2389 4918
2056 2389
141 2389
2389 4846
2389 3962
2389 3739
2389 3972
1071 2389
1765 2389
470 2389
2389 3060
2389 3535
1361 2389
1525 2389
2389 2626
2389 3996
2389 2993
2389 3660
2389 4701
805 2389
825 2389
2338 2389
2389 4540
2319 2389
2389 4771
2389 3580
2389 3701
2389 2916
564 2389
2389 4178
839 2389
2389 3132
2126 2389
2353 2389
2389 3038
2389 3569
1417 2389
2389 3049
1988 2389
463 2389
2389 2982
2389 3851
464 2389
2389 4983
2389 2791
2389 4659
2389 4190
945 2389
1446 2389
2389 3798
2389 4637
2389 3065
762 2389
2389 2481
2389 3407
1094 2389
2389 2971
1402 2389
2389 3564
1754 2389
2389 2486
2389 3336
2389 3878
2389 3272
2389 4524
2389 2489
2389 4645
402 2389
642 2389
2389 4558
2389 3343
2114 2389
2389 4578
2389 3720
2389 4700
2389 3619
477 2389
2389 2719
2389 4369
2389 4348
2349 2389
1272 2389
2389 4675
743 2389
2389 2832
285 2389
530 2389
1675 2389
497 2389
2389 2685
2389 4980
1846 2389
732 2389
2057 2389
2389 3709
2389 2755
1924 2389
2389 3296
103 2389
2389 4551
2389 3301
2389 2469
2389 3758
2389 4506
2389 4427
2299 2389
2389 4474
2389 3868
1694 2389
1467 2389
867 2389
803 2389
722 2389
2378 2389
120 2389
2389 2566
2389 2716
2173 2389
1596 2389
1574 2389
251 2389
2106 2389
1994 2389
2236 2389
2267 2389
2389 3506
2389 2815
1356 2389
2389 3774
2389 4073
2389 4197
161 2389
1237 2389
2389 3592
404 2389
2389 2869
2389 3124
1303 2389
816 2389
1501 2389
1030 2389
2389 3246
2389 4349
1373 2389
977 2389
2389 4585
2389 3763
1238 2389
2389 4955
2389 4155
2389 3057
38 2389
2389 2534
1771 2389
2266 2389
2389 3617
1298 2389
2389 2950
2389 4204
1221 2389
2389 4365
2389 3484
1027 2389
636 2389
2389 2482
2389 3624
300 2389
1747 2389
965 2389
1496 2389
2389 2972
333 2389
2389 3791
2389 3713
1197 2389
1363 2389
2389 3294
2389 2749
1491 2389
2389 4741
2389 4854
1581 2389
620 2389
1130 2389
164 2389
328 2389
16 2389
2389 4061
2389 4969
1228 2389
2389 4346
2389 2805
2389 3610
157 2389
1644 2389
1359 2389
2389 2530
1338 2389
1117 2389
1881 2389
1287 2389
1891 2389
2389 4098
2389 2701
2389 4354
2389 2743
2389 3757
1764 2389
2389 2670
2042 2389
1600 2389
2389 3614
1905 2389
2389 4438
2389 3286
498 2389
2389 4826
2389 3938
2389 2746
528 2389
2389 2890
2389 2907
2389 2405
471 2389
2389 4528
1598 2389
2389 2514
2389 4513
2136 2389
1294 2389
1308 2389
2389 3567
2389 3659
2389 3177
2389 4374
2389 2882
2217 2389
233 2389
2389 4571
2249 2389
2389 2427
2389 2619
1465 2389
2389 2941
2389 3091
2389 3066
2389 3840
2389 3771
2389 4560
2389 3008
2389 4721
2389 3520
760 2389
1458 2389
2389 4996
2275 2389
2389 3123
1430 2389
610 2389
2389 3112
2389 3027
2070 2389
2389 4067
2389 3067
236 2389
2389 3901
2389 4018
2389 4834
2389 3040
1215 2389
263 2389
1057 2389
1141 2389
1049 2389
987 2389
1809 2389
465 2389
2389 4623
853 2389
2389 2592
2389 2615
2389 2948
2389 2843
918 2389
2389 3599
2389 4804
2389 3671
2389 4218
2389 3154
2389 2654
1382 2389
2389 2399
2389 3276
2389 4208
2389 3856
2389 2502
2389 3437
2389 3279
1609 2389
2389 3113
2389 3324
2389 4660
2389 4191
2001 2389
1142 2389
873 2389
946 2389
2389 2760
2389 3403
2389 2573
2389 2951
238 2389
2389 3045
2389 4055
2389 2910
2389 4056
2389 3237
172 2389
575 2389
516 2389
2389 3023
1757 2389
2389 4492
2389 3862
2389 4825
56 2389
2389 3582
2389 2473
2389 3314
2389 2923
596 2389
2389 2423
2389 4031
690 2389
591 2389
2389 4479
37 2389
2389 3885
1728 2389
2389 4917
627 2389
27 2389
859 2389
1640 2389
2389 3384
376 2389
2389 4096
158 2389
2389 4958
2389 2458
2389 4252
2082 2389
1795 2389
2389 3227
2389 3207
2014 2389
2389 2463
2389 3929
657 2389
2389 3321
1036 2389
248 2389
2389 3790
2389 4302
1520 2389
2024 2389
527 2389
2389 2911
2389 3448
2384 2389
44 2389
2389 4226
931 2389
2389 3751
2389 4538
2389 4667
659 2389
2389 4250
941 2389
2389 3508
1595 2389
1878 2389
952 2389
2389 2581
360 2389
368 2389
728 2389
2389 2889
2389 2558
2389 3515
1738 2389
2389 2652
2389 3494
2389 4662
2389 4490
2171 2389
2389 2722
2389 4680
553 2389
2389 2577
2389 4811
2389 4607
2047 2389
2389 3452
2389 3747
2389 4638
2389 4209
2389 3531
646 2389
1423 2389
2389 2781
2389 2978
1262 2389
1339 2389
982 2389
2389 4938
604 2389
1189 2389
2389 4037
1721 2389
2389 4076
2389 4867
2389 4230
215 2389
2288 2389
2389 3360
2389 3538
613 2389
2389 3553
2322 2389
2389 4716
2110 2389
2389 2795
2389 3017
2389 3778
1578 2389
1983 2389
1864 2389
2389 4502
2389 4712
1017 2389
2028 2389
2389 3260
1769 2389
2389 4093
2389 2608
2193 2389
2389 3985
894 2389
1614 2389
1114 2389
1061 2389
1970 2389
790 2389
628 2389
2389 2666
648 2389
2389 4400
2389 3209
2389 2641
721 2389
2389 3644
2389 4173
2389 3223
1165 2389
2389 3517
2389 4841
2389 3156
2389 2731
2389 4262
2389 2896
2389 3046
2389 4046
2389 3507
2389 4963
2164 2389
586 2389
1317 2389
2389 2553
2389 3957
2389 2479
35 2389
1309 2389
2389 4925
481 2389
1704 2389
841 2389
2389 3534
2389 2554
2143 2389
2389 4592
778 2389
2389 4299
2389 2671
1724 2389
2389 3576
1366 2389
2389 3319
2030 2389
1755 2389
1305 2389
1454 2389
467 2389
2389 2418
2389 2726
2389 3869
2389 4138
2389 4090
1160 2389
2389 3754
2389 3897
2389 3447
2167 2389
2389 4497
2389 4795
305 2389
2389 2921
2389 3242
1291 2389
1817 2389
1379 2389
450 2389
2389 4086
751 2389
1193 2389
116 2389
2389 2394
1992 2389
581 2389
2389 3603
2389 2476
2389 2393
22 2389
876 2389
2389 4326
2389 4988
2389 3908
2389 4706
2389 2517
2389 2712
2007 2389
1005 2389
1153 2389
1225 2389
854 2389
2179 2389
2389 4556
2389 4220
561 2389
1462 2389
438 2389
1865 2389
2389 3280
2389 3117
800 2389
2389 2690
1840 2389
2389 3822
2389 3909
2389 4350
2389 4071
2389 4185
2389 4139
1631 2389
2389 3229
32 2389
2389 3220
2389 2821
2285 2389
2389 4022
1660 2389
301 2389
2389 3761
2389 4674
1392 2389
2389 2673
451 2389
1180 2389
2389 2562
2389 3014
2389 2541
130 2389
144 2389
2389 4064
189 2389
2389 3516
2389 4261
2389 3466
2389 2902
2029 2389
14 2389
2389 4416
2389 4526
833 2389
1433 2389
1804 2389
2330 2389
2389 2800
2389 4947
2389 3715
2389 2397
178 2389
2296 2389
831 2389
892 2389
2219 2389
357 2389
499 2389
2188 2389
1507 2389
2389 3168
1242 2389
2389 4465
1929 2389
20 2389
2389 3678
2097 2389
1357 2389
2241 2389
2389 3687
2389 2885
2389 4981
1075 2389
259 2389
2345 2389
2389 3945
1412 2389
444 2389
1793 2389
1118 2389
296 2389
2389 4293
2389 3643
91 2389
2389 4677
507 2389
2389 3536
2389 4611
2389 4329
2389 3652
2389 3831
2389 3304
207 2389
1487 2389
2389 3673
714 2389
2389 3063
2389 4420
2389 3127
2389 2665
2389 2480
2389 3934
1594 2389
2389 2478
2389 2528
2389 3317
2389 3430
2389 3322
2389 3149
15 2389
2389 3208
643 2389
685 2389
2389 4273
1916 2389
2389 4933
275 2389
47 2389
2389 3670
2389 2887
1147 2389
2389 4629
1672 2389
1159 2389
2389 4656
649 2389
996 2389
2389 2803
2389 2515
2389 3813
2389 2741
557 2389
2389 2542
2389 3685
454 2389
2369 2389
2389 2563
2389 4726
1234 2389
2389 4044
1162 2389
1726 2389
2389 3888
2389 3252
2389 4672
2111 2389
339 2389
2226 2389
2389 4614
1455 2389
2389 4003
2389 4409
1318 2389
2389 2769
2389 3441
1052 2389
1150 2389
2389 3805
2389 3866
2389 2854
1186 2389
2146 2389
2389 4087
2389 3590
2389 2449
958 2389
2389 4965
543 2389
2389 3204
2389 3935
2389 2527
1098 2389
638 2389
653 2389
889 2389
1509 2389
2389 3635
2200 2389
2389 4147
2389 4687
2389 4979
1443 2389
2389 4546
2389 3275
2389 4769
2389 2600
2389 4872
366 2389
2389 3139
2389 4460
2366 2389
1619 2389
2389 4183
2389 4417
970 2389
1116 2389
2389 4305
1394 2389
369 2389
2389 3631
95 2389
2389 4591
375 2389
2389 2635
929 2389
711 2389
927 2389
378 2389
2254 2389
2389 2642
1519 2389
447 2389
2389 3228
2389 3238
59 2389
2389 4234
655 2389
2389 4717
2389 3413
2389 2723
489 2389
2389 2593
2389 4625
715 2389
224 2389
1732 2389
2389 3607
2123 2389
2073 2389
2389 3037
2389 3473
2389 4007
2389 2429
1828 2389
2389 2634
1016 2389
2389 2426
2389 4920
1630 2389
1789 2389
2389 2607
1060 2389
875 2389
2389 3450
2389 2856
2389 3071
2389 4421
1862 2389
2389 3877
2389 4763
2389 4866
2389 4423
1513 2389
1494 2389
2389 3193
2389 3882
2389 3122
2246 2389
2169 2389
110 2389
2306 2389
1711 2389
1820 2389
1330 2389
1168 2389
2389 3789
2389 4694
2160 2389
2389 3108
1097 2389
542 2389
2389 3001
2389 3965
2389 4567
2389 2825
1401 2389
1597 2389
2389 4739
2389 3648
2389 3584
2389 4446
2232 2389
2389 2745
2117 2389
2389 2457
2389 3462
2389 3654
2389 4622
2195 2389
2389 3913
2389 4621
2389 4760
168 2389
2389 3760
2389 3904
2389 2772
2389 4960
1737 2389
1453 2389
2389 4449
2389 4103
41 2389
1511 2389
2389 4394
2389 3914
1889 2389
2389 4894
2389 4411
2389 4019
53 2389
2389 2876
2389 2582
1729 2389
2389 3434
1324 2389
2389 3353
2389 2522
2389 2738
2389 3044
672 2389
92 2389
2389 3405
102 2389
2389 2786
490 2389
2365 2389
1573 2389
2389 4877
641 2389
2389 3021
132 2389
2389 4820
1859 2389
2389 3693
2389 3009
2389 3048
2389 4330
920 2389
713 2389
2389 2446
1500 2389
2389 4259
2389 3232
2389 4260
2389 2467
171 2389
2389 3217
2389 4106
2389 4222
1622 2389
2389 3186
2303 2389
2389 2570
2389 3478
50 2389
934 2389
2389 4321
2389 2564
2389 3081
2389 3295
535 2389
2389 4459
2389 3601
2389 2447
2389 2556
2389 4828
1253 2389
1896 2389
2389 3469
2145 2389
156 2389
1975 2389
2389 3491
267 2389
1020 2389
2389 3287
1883 2389
2389 2725
2389 3549
2389 4810
810 2389
2389 3125
2389 4486
2389 3509
2389 2658
2389 3627
2389 4959
2389 4807
2389 4919
2389 4370
1567 2389
2389 4853
1295 2389
2389 3202
2389 3341
1344 2389
2389 3064
2389 4554
79 2389
2389 3931
1870 2389
2389 3184
2389 4375
2389 4322
2389 3583
742 2389
2389 3129
2389 3423
2152 2389
1174 2389
2389 4780
68 2389
466 2389
100 2389
2389 3349
127 2389
1 2389
313 2389
2389 3917
1569 2389
2350 2389
303 2389
2389 3600
1185 2389
2389 4579
2389 2990
208 2389
585 2389
611 2389
2389 3363
1802 2389
2389 4193
2389 4188
856 2389
519 2389
2389 3114
482 2389
1206 2389
2389 4798
2204 2389
2113 2389
1752 2389
998 2389
2174 2389
787 2389
2389 4444
1343 2389
2389 3698
1380 2389
2389 3461
847 2389
2389 4331
2389 3912
2389 4136
2124 2389
2389 4837
1887 2389
2389 3776
2389 3943
2389 2611
2221 2389
2389 3833
119 2389
2389 4708
1590 2389
2389 4856
1011 2389
212 2389
1106 2389
1662 2389
2389 4666
412 2389
1384 2389
2389 4914
2389 3214
1687 2389
1900 2389
785 2389
2389 4836
1777 2389
1654 2389
2389 3141
1200 2389
1258 2389
1296 2389
2389 3941
676 2389
2389 3268
2389 3802
2389 2784
2389 2704
2389 3688
1892 2389
1841 2389
1612 2389
2389 2679
2389 3666
2389 3290
2050 2389
618 2389
2389 4523
576 2389
2389 2714
106 2389
356 2389
431 2389
881 2389
2389 3079
1178 2389
598 2389
2389 4237
2389 3956
2389 4393
2278 2389
2389 3348
2389 2681
2389 4616
1026 2389
2389 4264
2389 3241
1981 2389
1837 2389
2389 2870
695 2389
1039 2389
2389 2625
2389 2984
2389 4453
2389 2729
2389 3971
2389 4543
2389 4885
2389 3695
619 2389
2012 2389
801 2389
2389 3523
2389 4004
2389 3136
2389 4951
814 2389
2389 4913
1778 2389
2095 2389
1393 2389
2389 3185
2389 2513
2389 3839
2389 3004
2389 4626
440 2389
2251 2389
2389 4630
60 2389
2049 2389
2389 4203
2297 2389
2389 4950
1946 2389
2389 4481
1183 2389
2389 3449
350 2389
2389 3342
2389 2759
2389 4939
2389 3784
1575 2389
2389 4793
1761 2389
230 2389
1161 2389
2389 3510
2389 3570
2389 3825
186 2389
2389 4929
2389 3750
2389 2561
287 2389
364 2389
2389 3550
2389 4170
1547 2389
2280 2389
1796 2389
2389 3194
2389 3705
548 2389
2389 3178
2389 2788
2389 4404
2389 4198
2389 3458
2228 2389
2389 3511
2389 3845
2389 2720
2389 3942
1301 2389
2389 2391
2389 4758
2389 3101
1087 2389
2389 3340
1327 2389
1548 2389
836 2389
345 2389
2389 3828
2389 4707
2389 3702
2389 3519
2385 2389
2389 3325
2389 3179
231 2389
384 2389
2389 4368
2389 4141
2389 4325
2271 2389
2389 4333
2389 4714
2356 2389
2389 4601
840 2389
2389 2878
2389 4743
2389 3623
1770 2389
1136 2389
1750 2389
1908 2389
522 2389
1959 2389
1814 2389
2389 3190
2389 4864
2130 2389
2389 3522
2102 2389
580 2389
2389 4576
244 2389
387 2389
2389 2963
1954 2389
2389 3668
666 2389
2389 4048
1248 2389
1187 2389
2389 3572
2389 4516
2096 2389
2389 4774
1673 2389
1783 2389
1544 2389
2389 4009
1261 2389
2389 4617
354 2389
2389 3408
62 2389
2389 3443
2389 2579
2389 3998
1198 2389
773 2389
407 2389
2389 3606
2389 3573
403 2389
2140 2389
1388 2389
2389 2895
326 2389
2389 3804
2389 3148
2389 4110
2389 2906
1002 2389
2389 4814
2389 3316
2389 2848
2389 2930
2389 2421
2389 4053
2389 4618
842 2389
1451 2389
1652 2389
2389 2450
2389 3055
2389 3025
2389 3357
1974 2389
399 2389
2389 3775
2389 4548
574 2389
2389 3105
2389 2539
2389 2879
1149 2389
1222 2389
2389 4189
359 2389
2189 2389
660 2389
1021 2389
2389 4628
2389 4692
2389 4954
2389 3187
281 2389
153 2389
2389 4211
1669 2389
441 2389
2389 2604
2389 3344
2389 3994
1962 2389
201 2389
2389 3482
1469 2389
2389 3533
1023 2389
1605 2389
761 2389
2389 2783
2389 4130
2389 3892
2389 2928
2389 2894
496 2389
2389 4889
1245 2389
2389 3812
2264 2389
320 2389
1641 2389
804 2389
2389 3993
136 2389
1478 2389
2389 4631
2389 2838
2389 4356
2389 4074
2389 3861
2389 2961
882 2389
1140 2389
2389 4283
2389 4219
2389 4364
31 2389
159 2389
82 2389
2389 2715
2389 3779
2389 2456
390 2389
2389 2572
2389 4017
2389 4791
2389 4532
138 2389
1279 2389
1385 2389
2389 3836
1976 2389
2389 2540
2389 4742
756 2389
2389 4545
1911 2389
2230 2389
2389 4976
1100 2389
2389 3770
2389 3315
864 2389
906 2389
597 2389
1115 2389
2389 3835
271 2389
755 2389
2389 4213
2389 4099
2389 4278
2389 4520
1418 2389
1459 2389
2389 3309
2075 2389
472 2389
2389 3385
2389 3134
460 2389
559 2389
2389 3188
1984 2389
2389 3311
2389 3848
2129 2389
587 2389
1719 2389
1571 2389
2389 4802
2020 2389
812 2389
2389 2868
2389 3056
1426 2389
2389 2568
670 2389
2389 3980
321 2389
1474 2389
2026 2389
818 2389
601 2389
2389 4202
2389 3165
2389 2691
2389 3335
874 2389
2389 4311
492 2389
1076 2389
1460 2389
2389 3838
680 2389
2389 3505
2389 4603
741 2389
2389 3266
2325 2389
1448 2389
1421 2389
727 2389
2389 2891
2389 4702
2389 3810
1722 2389
2389 4786
701 2389
2389 3277
1902 2389
394 2389
2389 3867
2389 3313
1264 2389
2389 3895
2334 2389
1283 2389
2389 4371
2389 4512
462 2389
1539 2389
1653 2389
2389 3372
1051 2389
265 2389
2389 3664
1409 2389
2389 3247
2389 3524
2389 3236
964 2389
677 2389
2389 2507
2389 3841
2389 3018
2389 2936
349 2389
2389 4719
2389 3083
2168 2389
2389 2864
2389 2866
2389 3807
1176 2389
89 2389
2389 3145
910 2389
495 2389
2389 2448
2040 2389
2389 3723
1288 2389
2389 4855
2389 4608
2389 3853
1608 2389
844 2389
2389 3669
2389 4671
1758 2389
2389 4342
2389 2684
1910 2389
2389 4124
2389 3881
2389 2412
2389 4753
2389 4297
2389 4247
2389 4992
196 2389
832 2389
75 2389
1337 2389
90 2389
2263 2389
2389 3946
2196 2389
2389 4413
2389 3579
7 2389
898 2389
2209 2389
2389 2643
1109 2389
913 2389
797 2389
1893 2389
2389 4563
323 2389
2389 2830
107 2389
2389 3692
1466 2389
2389 3884
1638 2389
2203 2389
288 2389
687 2389
2389 2640
866 2389
2199 2389
1247 2389
1674 2389
621 2389
2389 3800
1214 2389
2389 3362
2389 3990
1531 2389
2389 4271
1939 2389
1603 2389
2389 2893
142 2389
1028 2389
1913 2389
2389 3628
2035 2389
1792 2389
2389 3958
1897 2389
2389 2667
2389 3799
386 2389
1173 2389
2087 2389
2389 4595
2389 2955
2389 2883
1743 2389
2178 2389
513 2389
1480 2389
2389 4360
2389 4249
2389 4223
2163 2389
2389 4047
2389 2859
819 2389
2389 4863
1335 2389
2389 3444
2389 2413
511 2389
1227 2389
2389 3152
2389 3796
2389 4525
878 2389
1949 2389
2389 3746
2389 4389
2389 3388
863 2389
2332 2389
2389 2587
26 2389
2389 2401
2389 4507
2389 4678
570 2389
97 2389
2389 4750
2253 2389
2389 3642
266 2389
2389 3525
2389 3594
1488 2389
2389 4713
2389 3891
2389 4930
2389 2503
2197 2389
2389 2411
227 2389
2389 4936
1362 2389
2389 3253
2017 2389
2248 2389
2389 3400
2079 2389
1124 2389
485 2389
1224 2389
2389 3438
1693 2389
1658 2389
1564 2389
17 2389
2389 4704
2389 4670
2389 3098
967 2389
2389 4665
2305 2389
2337 2389
2333 2389
2389 3070
2389 3518
612 2389
1145 2389
2389 3391
2389 4731
2389 3310
2389 4610
2389 3925
343 2389
2389 4288
2389 3284
2389 4205
2389 3483
2389 2965
2019 2389
2389 2833
2389 3762
1408 2389
1249 2389
1192 2389
278 2389
1928 2389
1321 2389
2027 2389
2389 2988
2343 2389
2389 4410
518 2389
2389 2880
2389 3235
1063 2389
206 2389
622 2389
726 2389
2389 3730
1884 2389
1079 2389
2389 2939
2389 2763
2389 3143
2074 2389
317 2389
2389 3495
1725 2389
2389 2816
2389 3874
2389 4052
410 2389
2389 2839
1560 2389
2389 2744
1584 2389
2389 3527
512 2389
1736 2389
2389 4391
143 2389
517 2389
969 2389
2389 3986
1364 2389
2389 3366
2247 2389
948 2389
2389 3816
2389 3672
1714 2389
2389 4796
2389 3905
2389 4072
115 2389
2225 2389
2389 3174
295 2389
734 2389
2389 4200
2389 2957
2389 4432
2025 2389
1931 2389
2389 4332
2389 4324
63 2389
2389 3374
2389 2695
1516 2389
2389 2464
1081 2389
588 2389
2389 3636
2185 2389
80 2389
708 2389
1194 2389
697 2389
2389 4809
1133 2389
268 2389
2258 2389
2389 2392
2389 4150
2389 2638
2389 2504
2389 3016
2389 4168
2389 4355
609 2389
2023 2389
1111 2389
2389 4051
2389 3248
2389 3680
2389 4123
1267 2389
1266 2389
2304 2389
1024 2389
2389 4152
2389 2588
2389 3380
2389 4661
2389 2632
2389 3102
1787 2389
2389 2591
2389 3199
180 2389
2389 2565
1836 2389
2389 2617
2389 3474
2389 3497
633 2389
2389 3745
2389 4336
139 2389
2389 2775
2389 2884
2389 4084
2389 3201
1741 2389
2389 4643
2389 2543
351 2389
2290 2389
766 2389
2389 3047
1166 2389
2286 2389
2389 2435
1486 2389
1374 2389
692 2389
446 2389
1733 2389
2389 3375
2389 3416
2389 2472
2389 2724
1101 2389
737 2389
2389 4901
2245 2389
2262 2389
2389 4434
2389 2648
2389 4849
605 2389
592 2389
514 2389
2389 4154
2389 4732
2389 2596
1351 2389
1456 2389
2389 3585
2389 4862
940 2389
2389 4738
2389 2991
2389 2468
2389 3404
2389 2531
187 2389
2389 3514
552 2389
2389 4549
2389 4860
2389 4452
2389 2995
493 2389
2389 2660
1216 2389
2268 2389
2362 2389
623 2389
2273 2389
2389 4478
1250 2389
2389 2736
2389 3255
2389 2693
1527 2389
2000 2389
2389 3077
914 2389
2389 3926
2389 4997
1208 2389
2389 4294
1154 2389
1797 2389
802 2389
2389 4201
2389 4848
2389 3616
2389 3846
1646 2389
1428 2389
2389 4636
2389 4728
2389 3801
2389 3446
2389 2790
2389 4142
428 2389
2389 3451
2389 4499
2389 4705
2389 4845
2389 3842
49 2389
1461 2389
2389 3118
2004 2389
2389 4060
2389 3959
1031 2389
1543 2389
1923 2389
19 2389
2389 4005
2389 3577
2389 2424
521 2389
1556 2389
2389 3661
2389 4641
2389 3243
2389 4722
2389 3221
2389 3282
1651 2389
1148 2389
146 2389
779 2389
2389 2937
2389 4480
723 2389
2389 3211
872 2389
2389 3811
936 2389
352 2389
1715 2389
1813 2389
2389 3401
2389 3456
1888 2389
425 2389
2389 2550
2389 3788
1040 2389
2389 3480
1691 2389
2389 2422
2389 3620
430 2389
2389 4888
2389 2627
1710 2389
1718 2389
2194 2389
2389 3928
1129 2389
510 2389
2162 2389
2294 2389
2389 3806
2389 4455
2389 2525
2389 4861
2389 2470
2389 3560
2389 4225
681 2389
2389 2676
2389 4233
362 2389
1231 2389
2381 2389
166 2389
331 2389
1217 2389
1867 2389
2389 4156
1834 2389
2389 3889
2389 2622
2389 4466
2389 3830
2389 2748
1377 2389
1482 2389
2389 4382
1958 2389
2389 3710
2389 4966
2389 2835
2389 2996
2059 2389
2389 4111
341 2389
2389 4377
2298 2389
2346 2389
2389 4572
108 2389
855 2389
2389 3919
2389 4882
1420 2389
2389 4583
2389 4157
1876 2389
2389 2698
1285 2389
2389 2618
1996 2389
2389 2992
2389 4158
1903 2389
749 2389
2389 3389
683 2389
167 2389
2389 3140
2389 4865
2389 2924
2389 2944
2389 2700
2389 4075
933 2389
392 2389
2389 3205
311 2389
2389 3265
1969 2389
2389 4469
2389 4166
2274 2389
1844 2389
2389 4830
2389 4312
2389 4192
2389 4300
2389 3657
2389 4376
457 2389
2389 2776
2008 2389
2389 3634
2389 4408
163 2389
2389 3724
2389 4915
2389 3050
1716 2389
2389 4059
185 2389
235 2389
1801 2389
1572 2389
2389 4799
2326 2389
329 2389
1096 2389
1545 2389
1207 2389
2389 3613
2389 4511
2389 2410
2389 3769
2389 3691
1184 2389
2150 2389
2389 3873
435 2389
48 2389
2389 2533
112 2389
2389 3170
2389 2532
2389 2406
2389 4357
2389 3586
2389 3547
1332 2389
2389 2956
2389 4823
2389 4613
2389 2899
2389 3949
432 2389
943 2389
1697 2389
2389 3752
2389 4118
109 2389
1855 2389
2389 3625
2389 3879
10 2389
661 2389
2389 3364
744 2389
2389 3433
2389 3526
307 2389
2389 4870
2389 3658
2389 4498
1686 2389
1966 2389
67 2389
2389 2946
2389 3684
1472 2389
1289 2389
2389 3421
152 2389
2389 4635
2389 4673
277 2389
363 2389
2389 4344
1144 2389
2389 4868
2389 2740
746 2389
2067 2389
2389 4248
796 2389
2034 2389
1604 2389
1842 2389
2389 3679
1297 2389
122 2389
2389 4522
994 2389
2389 4652
2389 3103
1244 2389
2389 4129
539 2389
1029 2389
1628 2389
2389 3305
2389 3212
2238 2389
1740 2389
2389 3090
2389 3821
2389 4058
1319 2389
2389 4240
1014 2389
2389 4069
2389 2857
2389 3147
2389 4174
2389 3900
2389 4401
1407 2389
2389 3096
2389 4463
2389 2655
2389 2927
2389 2778
2207 2389
2389 4418
241 2389
2389 3453
2389 2461
2389 4458
2069 2389
829 2389
1411 2389
2389 2938
423 2389
2389 4101
508 2389
2389 2430
1591 2389
2389 4133
1065 2389
2048 2389
1955 2389
2389 4001
2323 2389
270 2389
2103 2389
2389 3442
449 2389
2389 2490
1912 2389
2120 2389
276 2389
2389 3916
2389 3850
2389 4857
2389 2460
658 2389
2389 2898
232 2389
990 2389
2389 4658
1852 2389
2374 2389
2389 2799
1643 2389
2153 2389
98 2389
616 2389
11 2389
2389 4552
406 2389
2389 3059
963 2389
554 2389
733 2389
64 2389
2389 3815
2287 2389
414 2389
2389 3555
126 2389
904 2389
1843 2389
1703 2389
1684 2389
1830 2389
2389 2705
2389 3871
2389 3728
2389 2844
2389 2973
972 2389
1849 2389
2389 4477
2389 3467
1152 2389
2389 2785
1861 2389
2389 3471
1863 2389
2389 4710
415 2389
2389 2986
2389 3459
897 2389
2389 4754
1860 2389
370 2389
2389 4476
2389 3445
2389 4307
2389 2597
2389 4843
2133 2389
2389 3320
2389 3289
956 2389
1293 2389
2237 2389
1302 2389
2389 4584
1695 2389
1095 2389
2389 4473
2239 2389
2389 3254
2389 3425
487 2389
2313 2389
1092 2389
314 2389
2389 2942
2172 2389
2389 2836
279 2389
1561 2389
2389 3029
1739 2389
2389 3299
2389 4214
2389 3979
668 2389
2389 2875
2389 3475
2389 2645
2389 3369
2389 3700
651 2389
2389 4242
2389 4781
2041 2389
2260 2389
2389 4892
1751 2389
2389 4987
2389 4606
1348 2389
1086 2389
282 2389
2340 2389
589 2389
2389 4648
2336 2389
2389 4569
2389 2688
780 2389
2389 3084
1396 2389
134 2389
567 2389
2389 4684
729 2389
1530 2389
1358 2389
253 2389
2300 2389
380 2389
1616 2389
1822 2389
2389 4145
899 2389
2389 2765
2389 4025
2389 3354
1705 2389
835 2389
1730 2389
550 2389
2389 3513
686 2389
632 2389
1565 2389
2389 2433
769 2389
781 2389
2389 4632
675 2389
55 2389
634 2389
1219 2389
2389 4361
880 2389
1419 2389
932 2389
401 2389
2389 3907
2389 2718
1709 2389
2389 2888
2389 2774
332 2389
468 2389
2389 3999
1314 2389
381 2389
2389 4510
2389 3915
782 2389
2367 2389
2389 3107
1589 2389
2389 3782
1998 2389
2208 2389
257 2389
2389 4149
2389 2571
893 2389
2389 4343
2389 4801
2389 3721
2389 2779
2389 3844
1637 2389
1091 2389
1172 2389
2389 4308
2389 4180
2046 2389
133 2389
1041 2389
2389 4813
1593 2389
2389 4263
1275 2389
2389 4002
1606 2389
2389 3428
565 2389
84 2389
2389 3689
242 2389
2389 3682
2389 4036
763 2389
2389 3729
662 2389
2389 3824
921 2389
2389 4012
86 2389
1232 2389
346 2389
2389 2511
2389 2733
18 2389
377 2389
2389 3080
2389 3250
1588 2389
2389 3041
2389 3952
2389 3499
2389 4280
1620 2389
1678 2389
2389 4221
29 2389
2383 2389
2389 3454
39 2389
1579 2389
504 2389
525 2389
739 2389
2389 3903
2331 2389
2062 2389
1067 2389
879 2389
2389 4759
2389 3392
2389 4874
2389 4508
2389 2663
1452 2389
2389 4314
2389 3988
2389 2497
1139 2389
2389 2954
2389 3970
192 2389
2389 4594
2389 2822
1093 2389
2005 2389
2389 3210
2389 2576
827 2389
2347 2389
145 2389
2389 3743
2389 4043
2389 2967
2009 2389
494 2389
2389 4906
2389 4338
2099 2389
852 2389
820 2389
1825 2389
1471 2389
2389 2756
1399 2389
577 2389
2389 3230
2389 3559
1046 2389
1485 2389
2389 3233
2389 2739
992 2389
2389 4566
2389 2603
1856 2389
2389 4383
2389 2495
869 2389
1968 2389
2389 4489
1078 2389
1504 2389
2375 2389
2389 3068
1292 2389
1773 2389
2389 3749
2389 3630
2389 4488
2389 4272
2389 4817
2389 4690
2389 4159
2389 3923
2389 4547
857 2389
2389 3829
2389 2474
2389 2459
2187 2389
2389 3995
1158 2389
2389 4239
1634 2389
2389 2793
2389 4045
2389 3855
2389 2823
2389 4550
2389 2544
1108 2389
2389 4839
2389 2390
2389 4091
2389 3639
2389 3094
2389 3224
2389 3633
2389 4715
2389 3398
2389 4633
2389 2789
2389 3622
2389 3411
2389 4832
150 2389
2389 3039
1489 2389
2389 2787
2389 3578
2389 4627
2389 2861
2389 3088
2033 2389
817 2389
2389 2818
1218 2389
1987 2389
2389 2559
791 2389
1169 2389
2389 4875
2389 4923
2389 3128
2389 2862
256 2389
2389 2524
439 2389
1119 2389
2389 4587
2389 3638
974 2389
1404 2389
2389 4006
2389 4436
1122 2389
245 2389
2389 4922
2389 2999
2389 3358
2389 3215
2389 2674
1068 2389
991 2389
806 2389
1255 2389
2389 4755
1742 2389
2389 3350
971 2389
1088 2389
2389 2771
2215 2389
2389 4165
2389 2529
1682 2389
2389 3298
2389 2814
753 2389
2234 2389
2389 4388
1328 2389
2389 4104
2389 2962
2389 3809
2107 2389
2389 3742
2389 4696
1824 2389
2389 2952
2389 4224
2210 2389
2389 3061
335 2389
1241 2389
2389 4318
344 2389
2389 2595
1424 2389
2389 2872
2091 2389
2389 4120
2360 2389
2389 4182
2389 3155
1745 2389
2389 4766
2315 2389
1712 2389
2389 2492
1405 2389
2389 4890
1890 2389
2389 4461
1050 2389
2389 2754
210 2389
2389 3858
725 2389
183 2389
1012 2389
582 2389
1935 2389
1886 2389
2389 3707
2389 2509
502 2389
2389 2417
1766 2389
2389 3427
2181 2389
1956 2389
584 2389
1692 2389
113 2389
2277 2389
2389 4135
2389 2900
1113 2389
1699 2389
2389 4378
2256 2389
2389 3142
1950 2389
1839 2389
885 2389
2389 3410
2389 3894
1226 2389
429 2389
2389 3667
534 2389
1413 2389
2389 3967
2389 3028
1756 2389
2389 3954
249 2389
123 2389
2389 3964
160 2389
2389 4657
2389 4646
2389 4097
175 2389
2389 3097
2389 4647
2389 4735
2389 3387
2389 2905
2389 3823
1406 2389
2389 2662
1410 2389
2389 2809
2389 4709
1558 2389
730 2389
2389 2689
993 2389
2389 4277
416 2389
1583 2389
2265 2389
2389 4081
768 2389
2389 4384
1223 2389
702 2389
358 2389
1985 2389
480 2389
2389 3718
2389 2922
173 2389
2389 4483
2389 3297
2389 3864
479 2389
2389 4634
2389 3292
2389 4869
2389 4792
2389 2935
2389 3690
2389 2512
2389 4953
2389 2711
2389 3854
2389 3271
217 2389
2149 2389
2389 4905
1767 2389
2389 3257
1336 2389
669 2389
2389 3361
884 2389
1102 2389
2270 2389
2389 4412
1570 2389
2389 4028
2161 2389
2389 4679
2389 3034
1930 2389
2389 4575
2389 3035
2389 2484
1661 2389
2389 3003
1254 2389
1688 2389
2389 3974
2389 2602
1045 2389
966 2389
774 2389
1259 2389
2289 2389
2389 2419
2389 3663
571 2389
2389 4536
2389 3803
2389 2764
1282 2389
2389 2526
2389 4515
1610 2389
637 2389
2155 2389
2244 2389
2389 4215
759 2389
978 2389
849 2389
2389 4454
292 2389
2389 2914
2389 4352
2389 2629
2389 2678
2389 4776
2389 3109
2389 2853
1816 2389
2389 3736
1936 2389
2389 4040
2389 2979
2389 4821
678 2389
813 2389
1286 2389
1103 2389
1502 2389
452 2389
2192 2389
2100 2389
2389 4482
2128 2389
930 2389
204 2389
202 2389
2389 4693
322 2389
2389 2919
1182 2389
2389 3225
3 2389
2389 4088
1784 2389
190 2389
408 2389
2389 4812
2389 3755
2389 4351
2389 3587
2389 4270
195 2389
2389 2901
2389 4122
226 2389
2389 4195
2389 2801
2389 3618
2389 4993
2216 2389
2389 3485
2389 3150
1381 2389
312 2389
826 2389
348 2389
1146 2389
2389 2846
2389 3435
2101 2389
2389 3390
2389 3703
1265 2389
2389 2734
2389 4199
478 2389
2389 2997
2389 4945
2116 2389
2389 4437
2357 2389
2389 4457
2389 3503
2389 2702
2389 3591
2389 3200
1010 2389
2389 4078
2389 4691
151 2389
2389 4642
2389 3537
2389 4160
2389 3334
2389 2452
2389 2398
1851 2389
2389 3966
2147 2389
2389 2828
1354 2389
2389 3197
2389 4140
2389 2499
1683 2389
2389 3406
2205 2389
1477 2389
1019 2389
1123 2389
909 2389
2389 4428
1731 2389
2389 3347
1479 2389
568 2389
2354 2389
1004 2389
2389 4727
1810 2389
1523 2389
240 2389
8 2389
483 2389
1973 2389
2389 3950
1744 2389
1163 2389
2389 3312
1025 2389
2389 2644
2389 4126
2389 3997
2104 2389
2151 2389
2389 3288
1679 2389
2389 2757
2389 4303
1991 2389
2389 3921
1979 2389
1022 2389
2061 2389
2389 4640
1127 2389
2389 2709
1326 2389
2389 2703
2389 4718
2015 2389
1838 2389
459 2389
2389 4471
154 2389
243 2389
413 2389
2389 2416
2389 2493
2389 4806
453 2389
2389 4117
2389 2653
891 2389
1943 2389
968 2389
137 2389
2389 2989
524 2389
2389 2431
2389 2845
2389 4850
644 2389
520 2389
2389 3975
2389 4042
2355 2389
1155 2389
1518 2389
1062 2389
2389 4108
2389 4445
181 2389
2389 4873
2389 3267
1175 2389
1914 2389
1066 2389
2389 3653
786 2389
895 2389
2389 3256
1239 2389
2389 2707
2389 3251
1563 2389
736 2389
2389 3013
324 2389
2389 3562
2269 2389
1070 2389
2389 3920
2389 4100
2389 3735
939 2389
2154 2389
2389 3597
953 2389
2389 3677
2389 3307
2283 2389
2389 4257
1107 2389
2389 3036
2389 3151
1990 2389
1587 2389
2389 3100
1831 2389
2183 2389
2389 2500
2389 3378
2389 3397
748 2389
2389 3734
2389 4407
2389 4815
2308 2389
1441 2389
1415 2389
961 2389
2389 4275
2389 4229
114 2389
2389 4340
2144 2389
2389 4948
2389 4912
71 2389
679 2389
2389 3981
2389 2400
2389 3130
2389 3355
2389 4620
2094 2389
2389 2404
2389 4151
2389 2402
572 2389
2389 4903
2389 4023
2389 4105
2389 3172
2389 4431
1110 2389
2212 2389
2389 2637
664 2389
2083 2389
2317 2389
1476 2389
2389 3082
2222 2389
2064 2389
2086 2389
2389 3183
371 2389
2389 3431
2389 2651
2389 3308
1780 2389
2389 3085
1080 2389
2389 4228
868 2389
2389 3906
1526 2389
87 2389
537 2389
1204 2389
2389 3932
1450 2389
2389 3106
2388 2389
1038 2389
2243 2389
2389 3539
2389 4323
2389 3716
1623 2389
2389 4800
2389 4881
2259 2389
654 2389
2389 4736
2389 2925
2389 3939
1240 2389
1195 2389
169 2389
2389 4079
2279 2389
2389 4013
2389 4430
1788 2389
162 2389
2389 2742
1449 2389
1350 2389
2389 2807
2389 3327
626 2389
24 2389
2389 2519
2389 3910
131 2389
2389 3558
2389 4493
1414 2389
2389 3983
2389 3052
2389 4910
2389 4164
2389 2849
1074 2389
2389 4317
2339 2389
174 2389
2389 3339
2077 2389
2389 4534
2389 4597
2389 2546
2389 2840
740 2389
2389 4021
2389 2886
590 2389
2389 2636
1611 2389
2389 4172
2389 4119
2389 4406
2235 2389
908 2389
1427 2389
2389 3589
2039 2389
2361 2389
148 2389
1334 2389
566 2389
1666 2389
2389 3737
2389 3464
2389 3641
2389 3860
2389 2408
2389 4373
2389 2752
316 2389
2389 4942
2389 4109
2389 4535
1727 2389
926 2389
1277 2389
2389 2915
2389 4335
1907 2389
2389 2877
2389 4403
486 2389
2389 3033
2389 3326
2389 3160
2389 4851
2022 2389
2389 3479
903 2389
2389 2706
862 2389
2389 4115
900 2389
1342 2389
2389 4598
2054 2389
1307 2389
2389 4337
2389 3496
2389 2631
2389 3640
767 2389
630 2389
1940 2389
2389 2465
2389 4334
629 2389
2389 4654
2389 2932
2389 2466
2032 2389
170 2389
2389 3262
2389 4797
2382 2389
2389 3216
1551 2389
2389 4063
1006 2389
2389 3542
1592 2389
1901 2389
2389 2523
2389 4137
2141 2389
2389 3748
506 2389
1512 2389
986 2389
1389 2389
1762 2389
104 2389
2389 4833
2115 2389
2389 3370
2282 2389
72 2389
1698 2389
2389 3768
1947 2389
1201 2389
2389 4184
1126 2389
1015 2389
1760 2389
2352 2389
2389 4789
2389 3955
2389 3379
2389 4685
2159 2389
2389 4397
2389 3725
2389 4971
2389 4127
2389 4908
2389 4243
57 2389
1329 2389
647 2389
1541 2389
1320 2389
938 2389
2389 4941
2389 4986
2389 2852
811 2389
2389 3529
2389 4884
2389 3756
1749 2389
1702 2389
615 2389
1395 2389
1566 2389
2389 2440
1284 2389
2389 4450
2055 2389
1157 2389
2389 3153
2389 2920
2389 3015
2389 4562
400 2389
2389 4544
1546 2389
2389 4279
1191 2389
2389 2445
46 2389
558 2389
2389 4328
2157 2389
290 2389
2389 3249
624 2389
2389 3781
1642 2389
2389 2762
2389 4347
563 2389
1577 2389
705 2389
1013 2389
2037 2389
2389 4309
2389 3953
1271 2389
1980 2389
1805 2389
2389 2485
239 2389
13 2389
2389 2657
2389 3333
2389 2773
2389 4924
1559 2389
398 2389
2389 4582
417 2389
1138 2389
2389 4895
2389 3982
1468 2389
1090 2389
2389 4014
1233 2389
2389 3030
336 2389
871 2389
2118 2389
2389 4121
1811 2389
2389 4886
2389 4891
2389 4447
2389 4422
2389 4682
1313 2389
2389 3158
2389 2661
260 2389
2389 3420
1440 2389
750 2389
2389 3144
1941 2389
1617 2389
2389 3195
2389 2827
2389 2897
2389 4794
1655 2389
2389 4819
2389 3424
2389 2728
2318 2389
1003 2389
45 2389
1260 2389
308 2389
1806 2389
1827 2389
70 2389
2389 2599
2389 2659
2389 3593
2389 3944
2293 2389
2389 3356
2389 4077
562 2389
2309 2389
2389 3602
2389 4982
2013 2389
1995 2389
2389 3399
1431 2389
2389 2575
1435 2389
2276 2389
2389 2586
327 2389
1386 2389
1484 2389
2389 3662
2389 4619
789 2389
388 2389
2389 4533
124 2389
2148 2389
1055 2389
221 2389
2389 4541
1151 2389
129 2389
979 2389
824 2389
1633 2389
2389 4902
2389 3089
2063 2389
2389 4485
2389 2610
2389 4711
2389 4085
2389 2548
225 2389
2252 2389
147 2389
2389 4153
2389 4054
216 2389
607 2389
1042 2389
2389 4196
1671 2389
2389 3575
2190 2389
2389 4878
2389 3609
2389 3887
1508 2389
1645 2389
2250 2389
656 2389
2389 4387
2182 2389
140 2389
2389 3196
2389 2810
2389 4289
2389 3269
2389 3740
1438 2389
182 2389
2389 2980
2359 2389
1847 2389
2389 2455
1132 2389
2389 3351
2389 4934
2261 2389
2389 2462
2389 4210
2389 2699
2389 3565
2389 3283
258 2389
2389 4274
2389 4740
2389 4695
2389 3676
220 2389
2389 3794
2389 2545
2389 2598
2389 3031
2389 4653
74 2389
2045 2389
2389 2438
2389 4429
128 2389
88 2389
2389 3951
2389 4518
261 2389
2389 4586
2389 2813
1304 2389
911 2389
2389 2903
526 2389
2389 2730
2389 2998
2389 3561
247 2389
2389 4596
2389 2569
2389 4770
2389 2547
42 2389
2389 4298
2389 2620
2389 3213
2389 3792
2389 3933
2389 3783
411 2389
1933 2389
2389 3300
2389 4840
2389 3766
2389 3051
583 2389
149 2389
2389 4972
12 2389
2389 3924
1953 2389
2389 3651
2389 4301
2389 3532
1898 2389
2389 2850
1135 2389
2389 4787
2389 3637
2389 4589
2389 2549
2389 3222
2389 4443
2255 2389
2060 2389
2389 4216
772 2389
2389 4083
1345 2389
2389 4961
784 2389
2389 3011
2389 2826
2314 2389
2389 3345
2292 2389
2389 3099
1464 2389
2389 3902
383 2389
2389 4756
476 2389
2389 4010
2389 3683
2307 2389
980 2389
2389 3291
533 2389
2368 2389
1895 2389
922 2389
2198 2389
925 2389
2389 4777
2341 2389
2389 4128
689 2389
606 2389
2389 4487
2389 4339
2389 4467
2389 3646
1355 2389
919 2389
2389 3167
2220 2389
1018 2389
2389 2867
1325 2389
2389 2858
2389 4574
4 2389
2389 4805
373 2389
1960 2389
2389 3365
1236 2389
1808 2389
2389 2692
2389 4162
2389 4390
2389 4163
194 2389
1871 2389
716 2389
6 2389
1243 2389
1826 2389
2389 4379
1664 2389
2389 4968
2389 3611
1073 2389
645 2389
121 2389
2301 2389
2389 4568
2389 3418
2389 3337
2389 3069
2105 2389
1772 2389
2389 2506
2389 4937
2389 3859
2389 4468
942 2389
2389 2518
52 2389
995 2389
551 2389
409 2389
717 2389
2224 2389
2084 2389
860 2389
2389 3541
2379 2389
1791 2389
2389 4600
2342 2389
614 2389
2389 2614
1659 2389
2389 3285
2389 3352
2389 2451
255 2389
5 2389
2389 3596
821 2389
599 2389
2389 3258
2389 4255
2389 3786
1854 2389
2389 4495
2389 3440
2389 3826
1904 2389
2389 2865
2389 4994
1072 2389
2389 4282
58 2389
25 2389
2389 2453
2389 4265
2389 3632
2389 2766
1506 2389
2389 4773
887 2389
2389 2434
2389 4125
2389 3727
426 2389
334 2389
2389 3274
2389 4605
2389 4026
1858 2389
699 2389
2389 3605
2389 2664
209 2389
1436 2389
2065 2389
2389 4475
2389 3481
578 2389
2389 4822
2389 2395
117 2389
2389 4241
391 2389
2389 4245
2389 3681
2389 2983
2092 2389
509 2389
1848 2389
2184 2389
2389 4577
2389 4062
1552 2389
262 2389
367 2389
2389 3093
30 2389
2389 4269
2389 2647
2389 3394
310 2389
1945 2389
2389 4519
2389 2535
200 2389
2389 2672
1942 2389
2389 2873
2389 2732
2389 4505
2389 4729
2335 2389
1064 2389
2389 2934
2389 3719
1202 2389
2170 2389
2389 3005
2389 3893
2389 2697
710 2389
2389 4254
96 2389
2389 2454
2233 2389
2002 2389
2389 4935
2389 4424
2389 3612
2389 2913
912 2389
51 2389
2389 4232
2135 2389
2389 4725
1121 2389
2389 2516
1639 2389
2364 2389
2389 3226
1872 2389
2389 3245
2389 3588
1963 2389
2214 2389
2389 3847
2389 2780
2389 4921
1514 2389
405 2389
1391 2389
2389 3095
2389 2537
2389 4989
617 2389
951 2389
2389 3554
2389 3173
2389 3544
179 2389
1635 2389
2389 4751
2389 2860
2389 3911
1807 2389
1190 2389
2166 2389
2389 3121
1944 2389
2006 2389
229 2389
2389 3043
2389 4664
223 2389
2389 4066
93 2389
2389 2656
2389 4871
1748 2389
2389 3504
1009 2389
2081 2389
758 2389
1447 2389
579 2389
252 2389
2389 3074
823 2389
2036 2389
2389 2824
1821 2389
2389 4253
2389 2687
2389 3820
667 2389
2389 2912
848 2389
1473 2389
2389 3832
237 2389
1964 2389
2389 3020
1316 2389
595 2389
1624 2389
1434 2389
2389 4132
1463 2389
2389 3793
770 2389
2389 2494
2389 4730
2389 3880
2389 2589
2389 4555
2389 3696
443 2389
211 2389
1701 2389
2389 3381
294 2389
1681 2389
2389 4644
2389 2708
983 2389
2389 4186
799 2389
2389 2751
503 2389
757 2389
2389 4238
2389 4978
2389 3649
2389 3512
2389 3104
419 2389
2389 4363
2372 2389
1181 2389
1576 2389
1803 2389
883 2389
2011 2389
515 2389
2389 2933
639 2389
712 2389
1706 2389
1549 2389
2389 3717
2389 2909
1457 2389
1188 2389
2389 2624
2389 4745
1311 2389
2389 3393
382 2389
1670 2389
176 2389
1932 2389
949 2389
989 2389
888 2389
445 2389
1555 2389
2389 4880
2389 3302
858 2389
545 2389
1371 2389
923 2389
2389 4581
850 2389
2389 4944
83 2389
1967 2389
1001 2389
1470 2389
2389 4113
2389 2874
319 2389
2389 4442
2389 3598
2389 4285
569 2389
2389 3765
2389 3332
2389 4898
1483 2389
2389 3977
947 2389
118 2389
1832 2389
608 2389
573 2389
393 2389
2389 4785
2038 2389
2389 4655
793 2389
2389 2735
2076 2389
2389 3164
2389 2758
2389 3936
1723 2389
2389 2977
2389 4057
2389 3163
2389 4419
125 2389
315 2389
1099 2389
2389 4565
2389 3543
2389 3171
776 2389
2389 3273
246 2389
2389 3795
2389 2796
2112 2389
532 2389
2138 2389
2389 3991
2389 3367
2389 4909
2389 4970
1499 2389
274 2389
2389 3650
2389 3278
2389 3264
777 2389
1367 2389
529 2389
43 2389
2389 4858
2389 3189
2389 2851
593 2389
2389 2847
1131 2389
473 2389
1032 2389
69 2389
2389 3460
1347 2389
2231 2389
2389 3138
2389 4503
1782 2389
2389 4957
1083 2389
2389 4433
719 2389
2389 2612
2389 4752
1951 2389
2389 3261
2389 3377
2389 3396
2389 3192
2389 3937
2257 2389
2389 3436
2389 4258
1493 2389
1167 2389
61 2389
1700 2389
2389 2557
2389 3773
455 2389
684 2389
2389 2567
698 2389
2389 4462
2389 2432
704 2389
2344 2389
2389 2403
2389 4842
1171 2389
1524 2389
2389 4911
1885 2389
2389 3115
1475 2389
1585 2389
2377 2389
673 2389
2389 3116
2389 4859
73 2389
2389 4231
1246 2389
1920 2389
783 2389
2389 2968
1540 2389
2389 3346
546 2389
2389 3753
809 2389
461 2389
865 2389
1437 2389
1753 2389
2389 4517
1331 2389
2389 4733
2389 4038
838 2389
905 2389
1043 2389
2389 3489
1972 2389
2389 4313
2389 2439
2389 4570
228 2389
2389 4995
640 2389
2389 3126
2389 2682
2227 2389
2389 2415
928 2389
1663 2389
792 2389
2389 3078
2389 3976
2389 4816
2389 4897
1400 2389
2142 2389
2389 4803
2389 4268
2389 3240
2389 4472
2389 2975
709 2389
1779 2389
2389 4838
198 2389
1562 2389
1937 2389
2389 3006
2389 2578
2389 4016
2389 2508
2389 3239
2389 3827
1044 2389
1365 2389
2389 3556
2068 2389
2389 3947
214 2389
1360 2389
2043 2389
808 2389
1601 2389
2389 4999
2389 4080
843 2389
1425 2389
1370 2389
273 2389
976 2389
2078 2389
304 2389
2137 2389
2389 4500
78 2389
2389 3843
2211 2389
720 2389
2389 4362
2389 2628
2389 4171
2389 3329
1403 2389
1906 2389
2389 3465
2389 4033
2389 3814
2213 2389
2389 4068
1977 2389
250 2389
2389 4952
2389 3119
2389 4295
1210 2389
1922 2389
1444 2389
2389 3726
2165 2389
2389 4991
54 2389
2389 2649
1082 2389
1880 2389
2310 2389
2389 2505
2389 3476
2389 4227
2389 3857
1602 2389
1490 2389
2389 4900
2389 4553
2389 2812
815 2389
2389 3157
420 2389
2389 3032
2389 4315
2389 3166
2044 2389
988 2389
2389 3002
1211 2389
2389 2871
424 2389
2389 3655
1220 2389
1352 2389
2311 2389
1300 2389
2389 4686
269 2389
2389 4904
631 2389
2389 4699
1823 2389
2389 2820
2389 4134
540 2389
2389 3111
2389 4529
2389 2538
2018 2389
2389 4639
2389 3552
2389 2477
2389 2520
418 2389
2389 4306
2284 2389
2134 2389
2389 3203
2223 2389
2389 3086
2389 4734
2389 2918
1322 2389
2389 4615
2389 3759
2389 4649
2389 2794
771 2389
2058 2389
2389 2425
2389 4824
2389 4651
752 2389
101 2389
1713 2389
1205 2389
706 2389
458 2389
798 2389
2389 3863
2389 3837
1557 2389
2389 4015
2389 3686
309 2389
2389 3422
2389 2680
1894 2389
2389 3419
2389 3263
2371 2389
1734 2389
2389 3455
2389 2621
2295 2389
2389 3922
1390 2389
1636 2389
2389 4764
2389 2841
915 2389
2389 2940
81 2389
544 2389
1085 2389
2389 3395
1665 2389
663 2389
184 2389
2389 4235
1492 2389
2389 4290
671 2389
1717 2389
1323 2389
2389 4426
2389 4779
2389 4276
1034 2389
1952 2389
2389 4669
2389 4514
1341 2389
1375 2389
2389 4386
2389 4217
2389 3777
1353 2389
635 2389
2389 4527
1008 2389
1235 2389
1387 2389
2389 3948
1647 2389
2389 4599
1033 2389
2389 2892
2389 4144
2389 4681
2389 3402
2389 4668
2389 4932
94 2389
2389 4024
33 2389
2389 2959
372 2389
2389 4973
2389 4345
2389 3960
775 2389
2389 2802
2389 3368
2389 2510
2072 2389
560 2389
448 2389
1054 2389
188 2389
2389 3973
76 2389
2389 4542
2380 2389
2098 2389
2389 4689
2389 4757
2312 2389
1534 2389
2389 3571
1921 2389
1835 2389
475 2389
707 2389
2389 3872
2389 4737
2389 4573
2389 4448
500 2389
306 2389
34 2389
2389 4775
2389 2694
2389 2834
2389 3073
2389 2630
1853 2389
2389 2594
1281 2389
2389 4089
2389 3621
23 2389
2389 3010
2389 4456
2389 3787
845 2389
1007 2389
2389 4143
2389 3568
2389 4236
2389 4747
2389 3244
353 2389
484 2389
2389 3521
2389 2605
1926 2389
870 2389
2389 2974
2389 4784
1429 2389
2389 4392
177 2389
1000 2389
2389 4744
2389 2943
2389 4405
2389 4975
2389 3414
2389 3992
2389 4990
1845 2389
2389 4020
1312 2389
2389 4287
264 2389
2389 2782
2389 4899
2358 2389
2389 3574
2389 4698
693 2389
2389 4008
1315 2389
650 2389
21 2389
1735 2389
600 2389
2389 4580
2389 2496
2389 2929
2389 2931
1812 2389
1680 2389
2389 2831
2180 2389
2119 2389
954 2389
1586 2389
1957 2389
2389 4852
199 2389
2389 4256
1776 2389
2389 4676
2389 3557
2389 4187
2389 4102
2389 2498
2389 3704
2389 3159
2389 3218
2389 4484
2389 4887
2389 4366
2109 2389
837 2389
2389 4425
1667 2389
2389 2488
2389 3323
2389 4818
2389 4724
2389 3898
1978 2389
1170 2389
2389 4439
2389 4530
385 2389
2389 3498
436 2389
427 2389
1768 2389
2389 4050
2389 3744
1668 2389
2389 4688
422 2389
1212 2389
2389 4956
2389 2414
501 2389
2389 4030
2389 4082
1879 2389
1346 2389
155 2389
1915 2389
1263 2389
2389 3875
2389 4943
2389 2601
1720 2389
2389 3383
2389 4194
1746 2389
2389 3135
2389 3231
2389 4539
272 2389
2389 4931
2389 3415
2389 3488
2389 3818
1763 2389
2389 3699
1819 2389
1416 2389
2389 4998
28 2389
1999 2389
2389 3137
2389 2842
2389 2407
2389 4244
1685 2389
2389 4176
959 2389
1257 2389
1657 2389
2389 2917
2389 4092
2218 2389
1432 2389
2389 3012
2389 3706
434 2389
2003 2389
1997 2389
2389 2428
2389 3808
1833 2389
36 2389
950 2389
896 2389
2389 3206
2389 4984
1069 2389
2389 3470
2389 2521
219 2389
2127 2389
2389 3817
674 2389
1280 2389
2389 3772
213 2389
2389 3615
924 2389
1278 2389
2389 3426
2389 2804
828 2389
205 2389
284 2389
2389 2981
2316 2389
2052 2389
2389 3338
2389 2583
1554 2389
2021 2389
1125 2389
1648 2389
2389 2817
1439 2389
325 2389
700 2389
764 2389
2389 4206
2389 2623
2389 2837
397 2389
2389 3978
1505 2389
2389 4207
2121 2389
193 2389
691 2389
1948 2389
2389 2737
1372 2389
2389 4927
2389 3486
2389 4847
2389 4027
2389 2606
2389 4879
2389 2555
2389 3883
2389 4327
1340 2389
2389 3785
2389 2560
2363 2389
2389 3072
2389 2609
1333 2389
469 2389
2389 2953
1268 2389
2389 4509
2389 4451
1533 2389
2389 4358
2389 4070
1909 2389
2389 2964
2389 2646
2389 3899
2389 3477
1781 2389
2177 2389
1498 2389
2389 3330
2389 3546
2389 3581
2389 3026
2389 4788
2389 4402
2389 4746
2389 3732
2389 2761
2080 2389
2229 2389
379 2389
2131 2389
2089 2389
2389 4399
2389 4440
2389 3870
1273 2389
2389 3062
1156 2389
2389 3007
2389 4385
297 2389
1938 2389
2389 2808
2389 3409
1274 2389
474 2389
2389 4161
1815 2389
2389 4304
2389 3604
2389 4029
955 2389
1774 2389
2108 2389
2389 4039
2010 2389
2389 3092
2071 2389
2389 2683
2389 2710
794 2389
1677 2389
975 2389
2389 3819
2389 4212
703 2389
2389 3259
2389 3331
1177 2389
2389 4949
2389 3175
1521 2389
2389 2855
1934 2389
2389 4762
2389 4464
549 2389
2389 3608
1376 2389
2389 3219
191 2389
293 2389
2389 4835
2389 3492
1542 2389
1084 2389
2389 3940
1515 2389
2389 2945
1537 2389
2389 4107
2389 3417
1230 2389
40 2389
2389 4286
2389 4435
2389 4588
1522 2389
2389 3146
2389 2487
2389 4537
2389 4372
2389 2770
2389 4602
2389 4359
1613 2389
2389 3270
66 2389
2088 2389
1965 2389
491 2389
2370 2389
2389 3852
1538 2389
2389 3733
2389 3180
2389 4470
1626 2389
1137 2389
2389 2987
2389 4778
2389 3198
2389 2727
937 2389
2389 4940
2389 3500
957 2389
2389 2686
2389 3849
2389 3865
111 2389
1128 2389
2389 4441
342 2389
1775 2389
1383 2389
2156 2389
1349 2389
1422 2389
2389 2829
2389 2650
1857 2389
1053 2389
2389 4876
1056 2389
718 2389
901 2389
2291 2389
1276 2389
1650 2389
2389 3918
2191 2389
2389 3645
2389 4720
2389 4380
1397 2389
2389 2580
2389 4916
1800 2389
538 2389
1251 2389
1971 2389
442 2389
2389 2552
2324 2389
2389 4041
2389 3961
2389 2669
2389 3984
2132 2389
1982 2389
2389 3457
2389 4974
603 2389
688 2389
2321 2389
2389 4112
2389 4281
1550 2389
2389 2475
2389 3110
2389 4381
999 2389
2389 2491
1270 2389
1528 2389
531 2389
2389 4094
1229 2389
2389 3502
2389 4065
1961 2389
1618 2389
2389 3131
2389 4928
2389 2713
2389 4395
2389 2536
361 2389
2389 4564
2389 3490
2389 3386
2389 3626
2389 3182
330 2389
2389 3376
1882 2389
2389 3896
735 2389
2389 2633
985 2389
2186 2389
2389 4095
2389 4827
2389 3318
2389 3989
2389 2811
2389 4396
1568 2389
2389 3563
2389 3530
2389 4251
2389 2976
2389 2444
2389 3058
2389 3930
2389 2501
1629 2389
877 2389
765 2389
2389 4246
2240 2389
846 2389
2387 2389
437 2389
2328 2389
2206 2389
2389 3731
1369 2389
984 2389
2389 3439
2389 4561
2389 4367
2125 2389
886 2389
2389 3432
2389 3022
2389 2798
652 2389
1899 2389
2389 4504
2389 4650
1829 2389
2389 4977
541 2389
807 2389
2389 3176
1850 2389
1918 2389
2085 2389
2389 3767
1785 2389
77 2389
2389 2551
2389 4131
2389 3674
2389 2792
960 2389
890 2389
1179 2389
1105 2389
2389 3629
1310 2389
318 2389
2389 2668
1209 2389
2389 3987
218 2389
2389 3712
2389 4907
2389 3876
2389 4612
1919 2389
2242 2389
834 2389
2389 4590
2066 2389
2389 3234
1256 2389
1120 2389
2389 2409
1632 2389
2302 2389
2389 4032
2389 2675
1580 2389
1306 2389
1599 2389
2202 2389
1037 2389
1445 2389
2389 4035
1925 2389
2093 2389
1627 2389
421 2389
2389 4946
2389 2747
2389 4034
2389 4749
85 2389
536 2389
2389 4663
1676 2389
1818 2389
1134 2389
2389 2696
2389 3042
2389 3054
2389 2960
2389 4049
1790 2389
1553 2389
374 2389
2389 3741
2389 3306
2386 2389
602 2389
2389 4531
694 2389
135 2389
2389 4179
2175 2389
2389 2819
2272 2389
2389 4831
2389 2767
197 2389
1707 2389
547 2389
2389 4496
2389 4768
997 2389
2389 3133
2389 3000
2389 4011
2373 2389
2389 2721
1089 2389
2389 3886
2389 3697
555 2389
830 2389
337 2389
1058 2389
2389 2436
2389 4116
2389 3540
2389 3722
1794 2389
2389 2717
2389 2949
1290 2389
1203 2389
1649 2389
105 2389
2389 4169
2389 4557
2389 4414
1869 2389
2 2389
1269 2389
2389 4808
338 2389
1104 2389
1252 2389
2389 4415
2389 2969
65 2389
1047 2389
2389 2677
1535 2389
2327 2389
234 2389
1059 2389
2389 4761
1077 2389
1582 2389
2389 4964
973 2389
2389 2863
2389 3281
2376 2389
9 2389
2389 4148
2389 2777
1689 2389
2389 2585
1799 2389
365 2389
2389 3293
2389 3927
283 2389
2389 3493
2389 3551
2389 4491
2389 3019
2389 2441
2389 2613
2389 3373
2389 4320
396 2389
2389 4883
2389 4926
2389 2750
2090 2389
2389 2437
2281 2389
2158 2389
2389 3566
2389 3548
2389 4267
1503 2389
944 2389
2348 2389
2176 2389
2389 3303
917 2389
2389 2994
2389 2966
738 2389
2031 2389
1035 2389
902 2389
2389 3501
99 2389
2389 4783
1495 2389
2389 3738
456 2389
745 2389
1877 2389
935 2389
1607 2389
2329 2389
1625 2389
1442 2389
788 2389
2389 2947
981 2389
2389 3162
2389 2471
2389 3328
2389 3797
433 2389
2389 2926
2389 3382
286 2389
594 2389
1989 2389
1696 2389
2389 3963
2389 2639
2389 4962
488 2389
2389 2806
2389 3647
1196 2389
2389 3595
2389 3834
2389 4985
2389 3169
2389 4167
2389 4341
1786 2389
2389 3711
2389 4624
2389 4593
2122 2389
2389 2958
1875 2389
2389 2970
2389 4767
1497 2389
2389 4266
340 2389
2389 4697
2389 2483
2389 4181
2389 2985
2389 3780
2389 2753
2351 2389
2389 2574
165 2389
2389 2442
2389 4146
1048 2389
395 2389
2389 4683
2389 4316
2389 3024
1868 2389
2389 4310
2389 3969
280 2389
2389 3714
2389 4703
2389 4177
203 2389
1112 2389
1213 2389
302 2389
1378 2389
2389 3694
724 2389
1621 2389
2320 2389
754 2389
2389 2420
2389 4494
2389 3075
1690 2389
1481 2389
2389 3463
2389 3468
907 2389
347 2389
2389 4296
2389 3665
1927 2389
696 2389
2389 4398
1708 2389
2389 3087
2389 4782
2389 3764
2389 4319
2389 4723
665 2389
962 2389
2389 4790
2051 2389
1866 2389
1873 2389
2389 4896
1532 2389
2389 3359
298 2389
1510 2389
