4999
}}}}}}}}}}}}}}}}}}}}}}}}}}}}}}}}}}}}}}}}}}}}}}}}}}}}}}}}}}}}}}}}}}}}}}}}}}}}}}}}}}}}}}}}}}}}}}}}}}}}}}}}}}}}}}}}}}}}}}}}}}}}}}}}}}}}}}}}}}}}}}}}}}}}}}}}}}}}}}}}}}}}}}}}}}}}}}}}}}}}}}}}}}}}}}}}}}}}}}}}}}}}}}}}}}}}}}}}}}}}}}}}}}}}}}}}}}}}}}}}}}}}}}}}}}}}}}}}}}}}}}}}}}}}}}}}}}}}}}}}}}}}}}}}}}}}}}}}}}}}}}}}}}}}}}}}}}}}}}}}}}}}}}}}}}}}}}}}}}}}}}}}}}}}}}}}}}}}}}}}}}}}}}}}}}}}}}}}}}}}}}}}}}}}}}}}}}}}}}}}}}}}}}}}}}}}}}}}}}}}}}}}}}}}}}}}}}}}}}}}}}}}}}}}}}}}}}}}}}}}}}}}}}}}}}}}}}}}}}}}}}}}}}}}}}}}}}}}}}}}}}}}}}}}}}}}}}}}}}}}}}}}}}}}}}}}}}}}}}}}}}}}}}}}}}}}}}}}}}}}}}}}}}}}}}}}}}}}}}}}}}}}}}}}}}}}}}}}}}}}}}}}}}}}}}}}}}}}}}}}}}}}}}}}}}}}}}}}}}}}}}}}}}}}}}}}}}}}}}}}}}}}}}}}}}}}}}}}}}}}}}}}}}}}}}}}}}}}}}}}}}}}}}}}}}}}}}}}}}}}}}}}}}}}}}}}}}}}}}}}}}}}}}}}}}}}}}}}}}}}}}}}}}}}}}}}}}}}}}}}}}}}}}}}}}}}}}}}}}}}}}}}}}}}}}}}}}}}}}}}}}}}}}}}}}}}}}}}}}}}}}}}}}}}}}}}}}}}}}}}}}}}}}}}}}}}}}}}}}}}}}}}}}}}}}}}}}}}}}}}}}}}}}}}}}}}}}}}}}}}}}}}}}}}}}}}}}}}}}}}}}}}}}}}}}}}}}}}}}}}}}}}}}}}}}}}}}}}}}}}}}}}}}}}}}}}}}}}}}}}}}}}}}}}}}}}}}}}}}}}}}}}}}}}}}}}}}}}}}}}}}}}}}}}}}}}}}}}}}}}}}}}}}}}}}}}}}}}}}}}}}}}}}}}}}}}}}}}}}}}}}}}}}}}}}}}}}}}}}}}}}}}}}}}}}}}}}}}}}}}}}}}}}}}}}}}}}}}}}}}}}}}}}}}}}}}}}}}}}}}}}}}}}}}}}}}}}}}}}}}}}}}}}}}}}}}}}}}}}}}}}}}}}}}}}}}}}}}}}}}}}}}}}}}}}}}}}}}}}}}}}}}}}}}}}}}}}}}}}}}}}}}}}}}}}}}}}}}}}}}}}}}}}}}}}}}}}}}}}}}}}}}}}}}}}}}}}}}}}}}}}}}}}}}}}}}}}}}}}}}}}}}}}}}}}}}}}}}}}}}}}}}}}}}}}}}}}}}}}}}}}}}}}}}}}}}}}}}}}}}}}}}}}}}}}}}}}}}}}}}}}}}}}}}}}}}}}}}}}}}}}}}}}}}}}}}}}}}}}}}}}}}}}}}}}}}}}}}}}}}}}}}}}}}}}}}}}}}}}}}}}}}}}}}}}}}}}}}}}}}}}}}}}}}}}}}}}}}}}}}}}}}}}}}}}}}}}}}}}}}}}}}}}}}}}}}}}}}}}}}}}}}}}}}}}}}}}}}}}}}}}}}}}}}}}}}}}}}}}}}}}}}}}}}}}}}}}}}}}}}}}}}}}}}}}}}}}}}}}}}}}}}}}}}}}}}}}}}}}}}}}}}}}}}}}}}}}}}}}}}}}}}}}}}}}}}}}}}}}}}}}}}}}}}}}}}}}}}}}}}}}}}}}}}}}}}}}}}}}}}}}}}}}}}}}}}}}}}}}}}}}}}}}}}}}}}}}}}}}}}}}}}}}}}}}}}}}}}}}}}}}}}}}}}}}}}}}}}}}}}}}}}}}}}}}}}}}}}}}}}}}}}}}}}}}}}}}}}}}}}}}}}}}}}}}}}}}}}}}}}}}}}}}}}}}}}}}}}}}}}}}}}}}}}}}}}}}}}}}}}}}}}}}}}}}}}}}}}}}}}}}}}}}}}}}}}}}}}}}}}}}}}}}}}}}}}}}}}}}}}}}}}}}}}}}}}}}}}}}}}}}}}}}}}}}}}}}}}}}}}}}}}}}}}}}}}}}}}}}}}}}}}}}}}}}}}}}}}}}}}}}}}}}}}}}}}}}}}}}}}}}}}}}}}}}}}}}}}}}}}}}}}}}}}}}}}}}}}}}}}}}}}}}}}}}}}}}}}}}}}}}}}}}}}}}}}}}}}}}}}}}}}}}}}}}}}}}}}}}}}}}}}}}}}}}}}}}}}}}}}}}}}}}}}}}}}}}}}}}}}}}}}}}}}}}}}}}}}}}}}}}}}}}}}}}}}}}}}}}}}}}}}}}}}}}}}}}}}}}}}}}}}}}}}}}}}}}}}}}}}}}}}}}}}}}}}}}}}}}}}}}}}}}}}}}}}}}}}}}}}}}}}}}}}}}}}}}}}}}}}}}}}}}}}}}}}}}}}}}}}}}}}}}}}}}}}}}}}}}}}}}}}}}}}}}}}}}}}}}}}}}}}}}}}}}}}}}}}}}}}}}}}}}}}}}}}}}}}}}}}}}}}}}}}}}}}}}}}}}}}}}}}}}}}}}}}}}}}}}}}}}}}}}}}}}}}}}}}}}}}}}}}}}}}}}}}}}}}}}}}}}}}}}}}}}}}}}}}}}}}}}}}}}}}}}}}}}}}}}}}}}}}}}}}}}}}}}}}}}}}}}}}}}}}}}}}}}}}}}}}}}}}}}}}}}}}}}}}}}}}}}}}}}}}}}}}}}}}}}}}}}}}}}}}}}}}}}}}}}}}}}}}}}}}}}}}}}}}}}}}}}}}}}}}}}}}}}}}}}}}}}}}}}}}}}}}}}}}}}}}}}}}}}}}}}}}}}}}}}}}}}}}}}}}}}}}}}}}}}}}}}}}}}}{}}}}}}}}}}}}}}}}}}}}}}}}}}}}}}}}}}}}}}}}}}}}}}}}}}}}}}}}}}}}}}}}}}}}}}}}}}}}}}}}}}}}}}}}}}}}}}}}}}}}}}}}}}}}}}}}}}}}}}}}}}}}}}}}}}}}}}}}}}}}}}}}}}}}}}}}}}}}}}}}}}}}}}}}}}}}}}}}}}}}}}}}}}}}}}}}}}}}}}}}}}}}}}}}}}}}}}}}}}}}}}}}}}}}}}}}}}}}}}}}}}}}}}}}}}}}}}}}}}}}}}}}}}}}}}}}}}}}}}}}}}}}}}}}}}}}}}}}}}}}}}}}}}}}}}}}}}}}}}}}}}}}}}}}}}}}}}}}}}}}}}}}}}}}}}}}}}}}}}}}}}}}}}}}}}}}}}}}}}}}}}}}}}}}}}}}}}}}}}}}}}}}}}}}}}}}}}}}}}}}}}}}}}}}}}}}}}}}}}}}}}}}}}}}}}}}}}}}}}}}}}}}}}}}}}}}}}}}}}}}}}}}}}}}}}}}}}}}}}}}}}}}}}}}}}}}}}}}}}}}}}}}}}}}}}}}}}}}}}}}}}}}}}}}}}}}}}}}}}}}}}}}}}}}}}}}}}}}}}}}}}}}}}}}}}}}}}}}}}}}}}}}}}}}}}}}}}}}}}}}}}}}}}}}}}}}}}}}}}}}}}}}}}}}}}}}}}}}}}}}}}}}}}}}}}}}}}}}}}}}}}}}}}}}}}}}}}}}}}}}}}}}}}}}}}}}}}}}}}}}}}}}}}}}}}}}}}}}}}}}}}}}}}}}}}}}}}}}}}}}}}}}}}}}}}}}}}}}}}}}}}}}}}}}}}}}}}}}}}}}}}}}}}}}}}}}}}}}}}}}}}}}}}}}}}}}}}}}}}}}}}}}}}}}}}}}}}}}}}}}}}}}}}}}}}}}}}}}}}}}}}}}}}}}}}}}}}}}}}}}}}}}}}}}}}}}}}}}}}}}}}}}}}}}}}}}}}}}}}}}}}}}}}}}}}}}}}}}}}}}}}}}}}}}}}}}}}}}}}}}}}}}}}}}}}}}}}}}}}}}}}}}}}}}}}}}}}}}}}}}}}}}}}}}}}}}}}}}}}}}}}}}}}}}}}}}}}}}}}}}}}}}}}}}}}}}}}}}}}}}}}}}}}}}}}}}}}}}}}}}}}}}}}}}}}}}}}}}}}}}}}}}}}}}}}}}}}}}}}}}}}}}}}}}}}}}}}}}}}}}}}}}}}}}}}}}}}}}}}}}}}}}}}}}}}}}}}}}}}}}}}}}}}}}}}}}}}}}}}}}}}}}}}}}}}}}}}}}}}}}}}}}}}}}}}}}}}}}}}}}}}}}}}}}}}}}}}}}}}}}}}}}}}}}}}}}}}}}}}}}}}}}}}}}}}}}}}}}}}}}}}}}}}}}}}}}}}}}}}}}}}}}}}}}}}}}}}}}}}}}}}}}}}}}}}}}}}}}}}}}}}}}}}}}}}}}}}}}}}}}}}}}}}}}}}}}}}}}}}}}}}}}}}}}}}}}}}}}}}}}}}}}}}}}}}}}}}}}}}}}}}}}}}}}}}}}}}}}}}}}}}}}}}}}}}}}}}}}}}}}}}}}}}}}}}}}}}}}}}}}}}}}}}}}}}}}}}}}}}}}}}}}}}}}}}}}}}}}}}}}}}}}}}}}}}}}}}}}}}}}}}}}}}}}}}}}}}}}}}}}}}}}}}}}}}}}}}}}}}}}}}}}}}}}}}}}}}}}}}}}}}}}}}}}}}}}}}}}}}}}}}}}}}}}}}}}}}}}}}}}}}}}}}}}}}}}}}}}}}}}}}}}}}}}}}}}}}}}}}}}}}}}}}}}}}}}}}}}}}}}}}}}}}}}}}}}}}}}}}}}}}}}}}}}}}}}}}}}}}}}}}}}}}}}}}}}}}}}}}}}}}}}}}}}}}}}}}}}}}}}}}}}}}}}}}}}}}}}}}}}}}}}}}}}}}}}}}}}}}}}}}}}}}}}}}}}}}}}}}}}}}}}}}}}}}}}}}}}}}}}}}}}}}}}}}}}}}}}}}}}}}}}}}}}}}}}}}}}}}}}}}}}}}}}}}}}}}}}}}}}}}}}}}}}}}}}}}}}}}}}}}}}}}}}}}}}}}}}}}}}}}}}}}}}}}}}}}}}}}}}}}}}}}}}}}}}}}}}}}}}}}}}}}}}}}}}}}}}}}}}}}}}}}}}}}}}}}}}}}}}}}}}}}}}}}}}}}}}}}}}}}}}}}}}}}}}}}}}}}}}}}}}}}}}}}}}}}}}}}}}}}}}}}}}}}}}}}}}}}}}}}}}}}}}}}}
1080 2828
2828 3049
1531 2828
2828 2945
2828 3672
2625 2828
2828 3328
2828 3268
2828 3111
2828 3164
1729 2828
2828 4955
2238 2828
2828 2985
707 2828
2828 4312
2497 2828
362 2828
1674 2828
2828 3526
2828 4583
2828 3660
755 2828
2828 2961
2828 3781
2464 2828
1628 2828
1449 2828
914 2828
1502 2828
2662 2828
1276 2828
2828 3424
2821 2828
2473 2828
2828 4563
2368 2828
2390 2828
2828 3540
2828 2892
665 2828
2828 3457
2828 3895
2828 4042
2059 2828
2414 2828
2600 2828
2609 2828
2063 2828
2828 3721
2828 4363
64 2828
2689 2828
2828 3911
118 2828
1707 2828
2828 3497
235 2828
2057 2828
2828 2925
2119 2828
2677 2828
924 2828
2828 4706
474 2828
2828 4023
2828 4747
2828 3727
2462 2828
1967 2828
2679 2828
2828 3770
1815 2828
2062 2828
2657 2828
915 2828
2824 2828
2022 2828
2828 4271
2828 3970
2828 3717
664 2828
429 2828
2828 3527
2828 3010
1029 2828
2828 3694
1483 2828
1260 2828
426 2828
2828 4998
107 2828
2828 4561
2828 3093
192 2828
1038 2828
1933 2828
1657 2828
1231 2828
2828 4968
2828 4520
2828 4172
329 2828
1518 2828
820 2828
106 2828
987 2828
2828 3549
2828 3506
1735 2828
612 2828
47 2828
2828 4215
2828 3195
2828 4670
1334 2828
44 2828
2496 2828
2828 3334
516 2828
2828 4513
605 2828
2828 3665
2828 4131
1266 2828
2828 3583
2310 2828
65 2828
2828 4776
1636 2828
2216 2828
2828 3620
2828 4207
2489 2828
2828 3096
2828 4132
2782 2828
2828 4768
2828 4855
1441 2828
2828 3724
2828 3319
2704 2828
2554 2828
2225 2828
2828 4559
2828 2851
480 2828
2828 3159
1631 2828
2828 4958
2828 2883
2828 3332
2034 2828
2828 4334
945 2828
2227 2828
2707 2828
2828 3183
1321 2828
2828 3454
2828 4089
2828 4150
2204 2828
2145 2828
2326 2828
619 2828
2828 3711
2828 4896
2032 2828
2828 4340
1568 2828
2828 4678
2828 3625
2828 3270
2818 2828
459 2828
2828 4610
268 2828
2828 4655
1964 2828
1273 2828
2828 4616
899 2828
2828 4506
2828 3336
1768 2828
2828 3756
2765 2828
2333 2828
2828 4151
2828 4007
1534 2828
2494 2828
2828 4705
179 2828
74 2828
750 2828
1635 2828
1671 2828
2828 3068
2540 2828
2828 3066
2828 2886
96 2828
1305 2828
2828 4456
1957 2828
2071 2828
195 2828
2828 2990
2828 3191
970 2828
289 2828
2828 3204
2828 4858
2108 2828
875 2828
1598 2828
2828 3062
2828 4314
2828 3301
2828 4653
2168 2828
1940 2828
2828 2830
61 2828
1844 2828
2828 3446
461 2828
2039 2828
2828 3058
2828 3647
2828 3771
2828 3932
2828 3099
2828 4659
622 2828
720 2828
2828 4972
533 2828
761 2828
788 2828
2687 2828
2828 4502
2684 2828
1605 2828
2828 3782
1425 2828
2828 3947
2828 3218
2091 2828
1268 2828
702 2828
2352 2828
2770 2828
2162 2828
2230 2828
244 2828
2828 2897
51 2828
2154 2828
2828 4967
2828 4095
368 2828
1444 2828
306 2828
625 2828
2828 4044
2772 2828
2828 4393
182 2828
2828 4116
2828 2948
2828 3813
2193 2828
1151 2828
2588 2828
2828 3450
2828 4209
2828 4781
2828 4469
1989 2828
2828 4161
529 2828
1307 2828
1584 2828
401 2828
1879 2828
1074 2828
2828 4049
2828 4085
780 2828
2828 3266
2771 2828
2828 3157
2828 3901
228 2828
2450 2828
211 2828
2342 2828
2828 4821
2828 3255
2828 3584
2828 4914
2526 2828
2828 4669
2828 2870
608 2828
335 2828
2828 4377
2828 4201
798 2828
2828 3069
2828 4113
2828 4594
2495 2828
135 2828
2828 4959
2828 4091
2217 2828
2828 4741
153 2828
2828 4976
398 2828
2828 3073
2203 2828
1687 2828
1003 2828
2174 2828
2828 2937
640 2828
1096 2828
2828 4455
2828 4536
2828 3019
2828 4535
2828 4264
2828 4494
252 2828
1921 2828
1516 2828
2828 3953
2455 2828
2828 4625
1363 2828
2828 3775
2828 3761
2671 2828
1834 2828
2191 2828
2828 4863
2828 4446
2828 2889
2828 3274
2828 4391
2828 3873
532 2828
566 2828
2176 2828
2828 4411
2828 3524
1010 2828
2828 3290
1455 2828
624 2828
169 2828
2504 2828
2828 4422
339 2828
1536 2828
1103 2828
2828 3563
385 2828
2828 3977
2375 2828
2828 2902
1205 2828
591 2828
2828 2958
1997 2828
2828 3092
1057 2828
1291 2828
175 2828
216 2828
2528 2828
2828 4367
2828 4342
1406 2828
410 2828
1603 2828
391 2828
2536 2828
2828 4014
631 2828
2828 3561
2828 4672
2828 3918
2828 4756
1658 2828
222 2828
765 2828
1086 2828
558 2828
2828 4204
2470 2828
2476 2828
2828 4767
2828 3586
1660 2828
2828 3503
2828 4232
2828 3031
2828 3958
333 2828
165 2828
2828 4938
1189 2828
1845 2828
2828 3429
2828 3230
2537 2828
1574 2828
2828 3090
2828 3118
102 2828
2828 4582
1164 2828
2828 3366
172 2828
246 2828
2781 2828
1958 2828
2828 4358
2411 2828
2828 3198
2828 4243
2221 2828
2828 3580
531 2828
2828 3166
248 2828
2828 3065
2118 2828
2828 3394
2828 4586
1924 2828
2828 4320
2828 4058
2370 2828
41 2828
1690 2828
1529 2828
2828 4128
2828 3337
873 2828
1115 2828
2828 4195
2828 4902
1522 2828
256 2828
2828 3866
2122 2828
2828 4794
944 2828
2828 3024
1358 2828
1533 2828
1641 2828
2828 4325
2828 3590
2828 4294
2828 3052
562 2828
2828 4100
2828 2923
199 2828
1014 2828
2307 2828
2828 3169
2557 2828
644 2828
2828 3851
1823 2828
2828 4606
673 2828
1485 2828
2828 4785
1006 2828
2828 3400
2828 4917
2828 3264
2809 2828
2828 3764
372 2828
806 2828
2828 4556
1094 2828
1545 2828
2828 4154
2105 2828
2828 3939
2828 4185
1535 2828
2362 2828
747 2828
2828 4751
826 2828
2828 4900
2828 4708
2828 3992
1198 2828
2828 4352
2828 4464
668 2828
124 2828
2828 4957
2828 3138
104 2828
1220 2828
2828 4244
1282 2828
1673 2828
2245 2828
1012 2828
2828 2962
1519 2828
1977 2828
2138 2828
2277 2828
2828 3084
2828 4158
2828 4992
1017 2828
2169 2828
2828 3812
2448 2828
574 2828
2828 4235
1000 2828
281 2828
2330 2828
1409 2828
2498 2828
126 2828
933 2828
2828 3708
2828 3386
2150 2828
519 2828
1565 2828
238 2828
2828 4098
1417 2828
1295 2828
2828 4053
2828 4093
2378 2828
2672 2828
2828 4147
2828 4812
1706 2828
2082 2828
2828 4397
2623 2828
2828 3324
2693 2828
2828 4486
1470 2828
2828 3514
2520 2828
2828 3398
2828 4802
2828 3145
2828 3021
2828 3032
2572 2828
2828 3976
1159 2828
2828 3832
2828 4840
1856 2828
2828 3278
242 2828
1179 2828
2828 3548
2718 2828
1113 2828
1212 2828
1949 2828
2828 4871
2828 4230
2354 2828
2828 2884
2828 3579
982 2828
2828 4580
1523 2828
1634 2828
2828 4218
2828 4904
2350 2828
274 2828
1241 2828
896 2828
1504 2828
1035 2828
2828 4685
2828 3795
2828 3707
1696 2828
322 2828
878 2828
2828 4604
114 2828
2828 3289
13 2828
515 2828
16 2828
2828 3416
2612 2828
2828 4205
1765 2828
1971 2828
2828 3892
2828 3247
1476 2828
1734 2828
2828 4176
580 2828
1134 2828
76 2828
2828 4925
2828 3630
2828 3576
2828 3238
110 2828
2828 3410
2828 4453
2828 3855
463 2828
2828 3365
573 2828
2126 2828
2828 4571
2258 2828
2828 4468
1193 2828
2776 2828
775 2828
1056 2828
1495 2828
2828 4663
407 2828
2828 4637
2828 3473
2828 4165
1226 2828
2828 3146
2828 4843
2732 2828
2828 3701
1288 2828
2828 4719
2828 3786
168 2828
2828 4260
946 2828
2828 4020
1719 2828
2207 2828
2024 2828
2828 4406
635 2828
2493 2828
577 2828
846 2828
1370 2828
813 2828
2828 3879
1422 2828
2828 2964
2828 3234
1402 2828
2359 2828
2828 3295
2828 4219
2828 4130
1120 2828
1001 2828
1896 2828
2828 4115
352 2828
1581 2828
2828 2949
2828 4017
2828 2939
1192 2828
1959 2828
2828 3089
1860 2828
2828 4392
2828 3257
1253 2828
854 2828
2828 3975
63 2828
1757 2828
2442 2828
2828 4550
2748 2828
1639 2828
1377 2828
2402 2828
2749 2828
1990 2828
762 2828
295 2828
2828 4898
2828 3453
1608 2828
799 2828
2828 4473
1067 2828
276 2828
2698 2828
2828 3442
189 2828
2828 3784
2828 4953
132 2828
550 2828
2828 3741
2320 2828
292 2828
1353 2828
35 2828
1232 2828
601 2828
2828 2954
2337 2828
2828 3127
1085 2828
2828 3147
2828 2900
2828 4361
103 2828
649 2828
2828 3821
538 2828
2828 3388
2828 3681
2828 4827
1412 2828
1301 2828
2828 4868
2828 2853
1474 2828
941 2828
381 2828
2828 4210
2828 3346
2828 3378
1302 2828
2828 3691
2649 2828
143 2828
2828 4463
2828 4135
150 2828
1360 2828
2610 2828
1515 2828
370 2828
2790 2828
2143 2828
2828 3362
2828 4989
2268 2828
1527 2828
2828 3933
2828 3086
1034 2828
1517 2828
2828 4605
2828 2834
196 2828
2828 3877
2828 2858
2518 2828
2828 4689
2828 3351
2828 4353
2828 4824
2828 3467
2828 3740
1475 2828
1691 2828
1897 2828
1508 2828
1840 2828
848 2828
1107 2828
312 2828
2773 2828
727 2828
428 2828
2828 3219
1858 2828
2816 2828
2668 2828
1952 2828
2758 2828
1820 2828
2828 4493
611 2828
2828 3043
2828 3915
1089 2828
2828 4318
2828 3955
1553 2828
2828 3140
130 2828
609 2828
2828 4680
2828 4167
2828 2861
2828 4110
2828 4529
2828 3000
1385 2828
2828 2850
1336 2828
2505 2828
2828 4947
2256 2828
1886 2828
1076 2828
819 2828
473 2828
2828 3306
2828 3952
1630 2828
1795 2828
2828 3940
2144 2828
2507 2828
753 2828
202 2828
1606 2828
1428 2828
2828 3867
2447 2828
2768 2828
2828 4170
1870 2828
2828 4254
365 2828
1309 2828
453 2828
725 2828
2828 4326
2393 2828
91 2828
2266 2828
2828 4060
2828 3624
2259 2828
1592 2828
81 2828
2828 3626
2099 2828
2828 3308
2828 3569
2828 2950
789 2828
2828 4286
696 2828
1327 2828
2828 3490
2558 2828
1112 2828
1900 2828
610 2828
2828 4281
2828 3543
2759 2828
2338 2828
528 2828
2828 4088
2828 3581
2828 4994
2025 2828
2828 4483
2828 3807
2742 2828
2828 3327
2828 3177
2828 4797
2828 2918
53 2828
2828 4022
2828 4721
2828 4792
2828 4435
2828 2912
705 2828
2828 4386
2828 4472
2104 2828
1233 2828
947 2828
2828 3551
1954 2828
772 2828
2828 2996
2624 2828
2828 4671
2828 4541
2828 4355
1713 2828
1262 2828
860 2828
1325 2828
2828 4122
1102 2828
2828 4064
161 2828
2828 3936
2811 2828
1714 2828
2828 4309
2828 4336
1594 2828
2219 2828
2828 2838
2828 3155
2828 4809
1063 2828
2828 3079
1774 2828
1101 2828
1842 2828
2828 4574
2828 4421
1887 2828
2828 3443
149 2828
2828 4766
2828 4478
2828 4106
2828 4942
877 2828
1368 2828
2828 4183
2828 3037
2828 4562
2828 2947
1097 2828
2777 2828
2828 3541
212 2828
743 2828
2828 3596
1582 2828
2828 3107
522 2828
2828 4025
2828 2898
1720 2828
998 2828
1249 2828
740 2828
446 2828
1819 2828
422 2828
1487 2828
200 2828
2291 2828
1088 2828
2086 2828
2828 3603
2828 3205
2828 4970
2828 3006
2828 3165
2051 2828
2828 3321
1081 2828
2828 3360
2828 4129
1915 2828
1560 2828
2373 2828
1741 2828
2035 2828
1737 2828
2019 2828
2828 4687
2828 4693
1573 2828
2828 4789
267 2828
2828 3061
971 2828
2300 2828
187 2828
1312 2828
2828 3071
2828 4360
1612 2828
2828 3233
2397 2828
2828 4700
2045 2828
2828 4430
2828 4853
2828 3852
1323 2828
2828 3483
2828 4180
2828 4676
2828 4745
2828 3074
2828 3152
470 2828
2192 2828
2640 2828
2828 3585
2828 3042
2828 2935
1157 2828
2828 3384
2828 3597
452 2828
2828 2852
2828 4250
2828 3242
1255 2828
1393 2828
2828 3342
2490 2828
129 2828
1380 2828
2828 3950
1251 2828
2788 2828
1469 2828
2435 2828
2713 2828
2041 2828
2828 3857
28 2828
2283 2828
2828 4962
1744 2828
2477 2828
2828 4125
952 2828
432 2828
2714 2828
2101 2828
2351 2828
1161 2828
2828 4097
1269 2828
2828 3269
2828 4611
2828 4351
1788 2828
2828 3969
1633 2828
1619 2828
2828 4754
2002 2828
2828 3406
2828 3310
2828 3525
2828 4424
1199 2828
2828 3294
2550 2828
1420 2828
2828 3802
1625 2828
1773 2828
180 2828
423 2828
2828 3752
2152 2828
760 2828
2828 4607
2828 3472
2616 2828
1962 2828
1827 2828
2828 2924
2654 2828
2297 2828
399 2828
2828 4178
679 2828
2828 3763
978 2828
2828 3562
2828 2988
1050 2828
2452 2828
2156 2828
26 2828
1039 2828
2828 3080
2828 3735
1547 2828
2828 2849
1277 2828
2828 4916
1627 2828
2828 3652
1546 2828
1413 2828
1357 2828
2229 2828
2828 4415
536 2828
2828 4640
115 2828
2828 3452
1338 2828
2828 4488
1776 2828
2129 2828
2828 3883
1026 2828
251 2828
2828 2936
341 2828
2076 2828
582 2828
2056 2828
12 2828
2828 3828
648 2828
1319 2828
2828 3893
6 2828
2828 4921
477 2828
2828 3309
2274 2828
1602 2828
390 2828
2443 2828
2828 3244
2828 4905
70 2828
2828 3298
2828 4278
1152 2828
2828 2906
2828 4290
1077 2828
2828 4798
1270 2828
2828 3736
1859 2828
2828 3335
662 2828
80 2828
1117 2828
548 2828
2828 3862
2325 2828
2828 3488
2828 4001
1467 2828
2826 2828
2828 4031
194 2828
386 2828
2828 3002
1848 2828
2828 3631
2828 4613
327 2828
1203 2828
2828 4369
1384 2828
2828 2970
2828 4618
2434 2828
1053 2828
1145 2828
2828 4027
2828 3791
2828 4069
530 2828
2828 4862
2241 2828
2416 2828
2828 4733
1759 2828
2828 3427
1772 2828
1087 2828
142 2828
1342 2828
134 2828
2828 3666
2730 2828
1832 2828
2519 2828
2828 4024
2441 2828
504 2828
958 2828
2828 4163
2828 3765
2828 4364
2828 4629
2828 3844
2766 2828
2190 2828
2828 3787
1424 2828
564 2828
2828 3980
2683 2828
509 2828
2828 2997
1784 2828
2242 2828
2828 2876
904 2828
2424 2828
2828 4931
669 2828
2828 3444
1697 2828
1142 2828
19 2828
2828 3355
560 2828
21 2828
2133 2828
1450 2828
890 2828
2409 2828
815 2828
1132 2828
2828 3224
1137 2828
2828 4498
1807 2828
2828 3984
2828 4589
2828 4302
756 2828
2114 2828
2828 3085
1286 2828
844 2828
342 2828
2828 3733
2719 2828
2828 3470
2828 3259
2828 3617
2828 3325
2371 2828
1549 2828
2828 4851
842 2828
290 2828
2828 4076
2828 4800
2828 3039
2828 3171
2456 2828
2446 2828
2828 3545
1644 2828
2828 3843
660 2828
356 2828
2642 2828
2828 2891
2828 3513
317 2828
20 2828
1684 2828
2828 3746
1218 2828
2828 4923
2551 2828
841 2828
554 2828
2828 4842
2828 4467
1806 2828
897 2828
2383 2828
2828 3606
2502 2828
2828 4348
2523 2828
839 2828
364 2828
2399 2828
2181 2828
71 2828
338 2828
2828 3167
1442 2828
2828 4704
2828 4874
1068 2828
1867 2828
2094 2828
2828 3634
1554 2828
2341 2828
2716 2828
1875 2828
2828 3256
2427 2828
1047 2828
2722 2828
2828 3834
1745 2828
585 2828
2828 4217
2828 3267
396 2828
2087 2828
2828 3776
2828 2994
527 2828
1426 2828
1224 2828
2828 4487
2828 3064
2098 2828
2186 2828
541 2828
791 2828
2828 3033
2720 2828
2828 3291
2690 2828
2828 3221
588 2828
2255 2828
1154 2828
237 2828
2828 4273
2828 3133
2828 4482
1610 2828
2067 2828
1438 2828
218 2828
569 2828
2146 2828
2828 3739
1732 2828
1351 2828
14 2828
1801 2828
439 2828
272 2828
1421 2828
2828 4584
2828 3500
2413 2828
2828 3723
2430 2828
2607 2828
2828 3063
2807 2828
2828 3148
430 2828
2828 3272
2828 2966
1994 2828
1009 2828
2828 3482
2828 3209
2828 2943
46 2828
2828 4442
2828 4009
1084 2828
2828 4888
2364 2828
434 2828
698 2828
2289 2828
2828 3428
706 2828
2828 4908
2828 3560
2828 4739
2828 3996
1712 2828
349 2828
2828 2860
2828 3891
2828 3768
2828 4427
2828 3609
2828 3772
2828 2975
1718 2828
996 2828
2828 4445
2828 3075
2828 4470
1211 2828
1559 2828
1463 2828
2828 3530
265 2828
2828 3139
1764 2828
2828 4763
2828 4193
2828 4911
1185 2828
2828 4458
373 2828
1789 2828
1090 2828
2828 4144
2828 3745
2828 3216
1831 2828
1324 2828
1555 2828
816 2828
2828 3604
314 2828
955 2828
650 2828
1304 2828
2549 2828
2312 2828
2828 2907
2828 3968
2828 2865
360 2828
2828 4985
2828 3323
2828 3333
2828 4987
2828 4597
1916 2828
2828 3887
2828 4591
681 2828
659 2828
2828 3223
177 2828
2828 4274
1572 2828
2828 4661
2828 4285
186 2828
507 2828
230 2828
2828 4206
1498 2828
2183 2828
2828 3743
2828 3870
2828 4431
2828 4448
354 2828
2828 2904
2444 2828
2828 4658
2828 3258
2828 3778
5 2828
261 2828
2828 3650
2828 4787
852 2828
2828 3260
2828 3281
2828 3814
2828 4788
1322 2828
2828 4133
2828 3013
981 2828
95 2828
1264 2828
916 2828
1348 2828
2828 4593
825 2828
966 2828
777 2828
2828 4333
741 2828
1771 2828
1983 2828
2828 4341
57 2828
782 2828
2828 2979
953 2828
1854 2828
1999 2828
2828 3208
1473 2828
2381 2828
2828 4362
2828 4137
2211 2828
30 2828
2828 4743
2828 4948
2828 3041
2828 3616
2828 3200
2828 2875
2072 2828
1219 2828
2828 3670
2828 4816
2828 3318
1333 2828
2171 2828
2828 3297
2828 3082
2828 2880
2560 2828
2461 2828
2692 2828
2828 3187
2731 2828
2828 3044
2828 3805
776 2828
1607 2828
2828 3797
2828 4897
2828 3022
1790 2828
809 2828
2828 4109
2828 3742
2828 3600
1943 2828
2828 4811
2828 4105
2828 3815
1777 2828
2828 3640
2226 2828
2209 2828
787 2828
2828 3669
745 2828
2828 4844
2828 4965
2828 4566
1391 2828
345 2828
2783 2828
1922 2828
2828 3559
2425 2828
2828 3220
2828 4080
2828 3020
2828 3628
1756 2828
2828 3588
1501 2828
2828 4005
603 2828
2635 2828
2828 4322
2066 2828
2596 2828
1975 2828
1083 2828
2828 3185
1873 2828
2828 4331
1414 2828
2499 2828
2828 4284
684 2828
2828 4196
98 2828
2130 2828
683 2828
1747 2828
2828 4727
331 2828
1167 2828
2828 2967
197 2828
1278 2828
2213 2828
2828 4354
2828 3391
1828 2828
1798 2828
1491 2828
185 2828
157 2828
2828 3201
1569 2828
1799 2828
2828 3856
2420 2828
2828 2855
2828 4289
1755 2828
2828 4879
1364 2828
2484 2828
2828 3505
2828 4287
980 2828
2828 4826
2828 3465
2828 4901
2332 2828
1982 2828
2828 3811
2828 2920
2828 3954
316 2828
2506 2828
2828 3025
1284 2828
2469 2828
1782 2828
2828 2959
2828 4922
1165 2828
2828 3170
1638 2828
2177 2828
2828 4519
2828 3820
1966 2828
374 2828
2828 3250
2828 3379
2828 4701
2828 2863
2791 2828
2483 2828
2828 3329
1895 2828
778 2828
2194 2828
2828 3537
2828 4237
2828 4627
2828 4720
1037 2828
2356 2828
441 2828
2218 2828
2828 4008
1126 2828
1620 2828
2382 2828
1443 2828
2828 3501
2828 3469
2828 4647
2828 2869
2565 2828
2828 3869
2828 2972
2240 2828
827 2828
2828 4073
2828 4527
2828 2842
2355 2828
561 2828
2795 2828
800 2828
458 2828
1341 2828
2828 4847
2828 3003
320 2828
2828 3651
2828 4628
2828 3937
1651 2828
2828 3926
1583 2828
2828 4857
2828 4187
2602 2828
1127 2828
2828 4062
2828 4690
804 2828
1833 2828
2828 3923
1752 2828
2027 2828
1248 2828
31 2828
2544 2828
146 2828
167 2828
2828 3641
2828 3633
15 2828
993 2828
2603 2828
2236 2828
2828 4808
2828 4451
2828 4065
1898 2828
2828 4575
824 2828
2738 2828
2828 3462
1817 2828
2828 4832
1395 2828
2828 2879
2828 4906
2828 3709
2828 4344
2828 4221
1143 2828
2810 2828
2828 4327
2828 4339
732 2828
2828 4632
859 2828
2828 4038
1769 2828
2828 4240
567 2828
2828 4903
2828 3285
2828 3395
2828 3602
113 2828
2828 3874
2828 4433
1721 2828
645 2828
502 2828
2705 2828
1030 2828
2828 3287
255 2828
907 2828
2828 4530
2828 3927
2828 3161
1303 2828
1162 2828
594 2828
2828 3519
2828 4056
2139 2828
1389 2828
2828 4181
2828 4045
930 2828
2262 2828
2828 4770
937 2828
247 2828
919 2828
2828 3823
2828 4731
2828 4935
1308 2828
1283 2828
2828 2914
2828 3158
1383 2828
2828 4258
1195 2828
2301 2828
1803 2828
1493 2828
2239 2828
1689 2828
1917 2828
1880 2828
2828 3517
2828 2845
513 2828
957 2828
2828 4338
2828 3313
1471 2828
2828 4016
2599 2828
629 2828
2422 2828
2083 2828
2828 4753
2828 3803
282 2828
2828 3924
2304 2828
2563 2828
2828 4343
1577 2828
2445 2828
1340 2828
984 2828
2155 2828
556 2828
712 2828
2828 4952
1973 2828
2828 4499
2828 4259
2828 4296
2828 3196
744 2828
2828 4977
2828 3664
2828 3341
2828 3960
1456 2828
2619 2828
2828 3668
2828 4419
1588 2828
2828 3942
2828 3636
2828 3370
2828 4999
894 2828
2828 4599
468 2828
2673 2828
2828 2951
2744 2828
1242 2828
2828 4725
2828 4350
2828 4730
973 2828
2828 4710
2828 4677
2319 2828
1503 2828
2767 2828
992 2828
2828 3716
2074 2828
2828 3484
1002 2828
979 2828
2828 4515
718 2828
2317 2828
2828 4861
2828 4644
394 2828
2703 2828
2828 4436
752 2828
2828 4119
2315 2828
2828 4010
1710 2828
404 2828
1147 2828
2828 3929
42 2828
730 2828
2828 3385
2828 3994
2828 4969
2828 4160
442 2828
2585 2828
2379 2828
2828 3420
2682 2828
2828 2934
2828 2995
440 2828
2828 2968
78 2828
882 2828
191 2828
2645 2828
1758 2828
2080 2828
709 2828
2828 4638
2828 4166
2009 2828
2828 2913
2084 2828
2828 3706
1704 2828
1337 2828
2827 2828
2828 3425
2828 4981
215 2828
1824 2828
1740 2828
158 2828
2292 2828
763 2828
2060 2828
2828 4233
40 2828
140 2828
2828 4579
2727 2828
2828 3502
621 2828
1903 2828
2828 4939
2828 4961
1054 2828
552 2828
2349 2828
2184 2828
2828 3705
279 2828
2828 4990
1677 2828
628 2828
1930 2828
2314 2828
2828 3542
2828 3445
1111 2828
1614 2828
1494 2828
2828 3449
269 2828
2828 3401
2054 2828
2678 2828
2632 2828
2828 4407
2828 4799
1272 2828
2828 4301
2828 4002
1239 2828
1703 2828
1405 2828
2828 4280
198 2828
1433 2828
2124 2828
1378 2828
888 2828
886 2828
2828 3578
2828 3737
1525 2828
332 2828
2828 4867
597 2828
2828 3404
2828 3203
1118 2828
2828 3371
2828 3143
2828 3930
1481 2828
2828 3279
1261 2828
1597 2828
2530 2828
2828 4346
2828 4374
1601 2828
1892 2828
1344 2828
2828 4815
2828 3368
2828 3046
2132 2828
376 2828
1804 2828
2828 2894
2828 4522
2828 3489
1872 2828
2044 2828
1492 2828
1652 2828
2828 3077
766 2828
1793 2828
2828 4252
2013 2828
1369 2828
2828 3474
1155 2828
2828 2839
1780 2828
1890 2828
1963 2828
922 2828
2828 4726
2828 4762
2157 2828
2828 3618
311 2828
2828 3621
2593 2828
2828 4335
2231 2828
1558 2828
2828 2872
2828 4524
2828 4859
2828 4227
864 2828
2589 2828
667 2828
1346 2828
661 2828
2828 3837
336 2828
2828 3511
2828 4624
2089 2828
2828 4698
1505 2828
1221 2828
2828 2931
2828 4152
671 2828
1632 2828
2828 3988
2828 4143
2709 2828
2828 2983
2634 2828
1040 2828
2828 3712
2115 2828
141 2828
2780 2828
2828 3732
2828 3574
2828 3154
2828 3126
2828 3762
1781 2828
2828 3373
1995 2828
2828 4164
1877 2828
214 2828
575 2828
2453 2828
2276 2828
2828 3799
2040 2828
2828 3907
1015 2828
128 2828
2828 2844
1739 2828
2828 4173
2828 4755
1883 2828
2828 4997
2052 2828
738 2828
2828 4248
427 2828
2828 4983
2828 4732
2583 2828
764 2828
2406 2828
1023 2828
883 2828
685 2828
2828 4795
2828 4839
2828 4420
773 2828
270 2828
2309 2828
1294 2828
2828 4665
1373 2828
2828 3605
2828 3738
2828 3838
1680 2828
1587 2828
2828 4439
1656 2828
2828 3714
1562 2828
369 2828
2828 3226
1099 2828
1135 2828
845 2828
2828 4032
1216 2828
125 2828
1647 2828
857 2828
606 2828
790 2828
2674 2828
2828 3748
2828 3553
90 2828
593 2828
152 2828
2828 3760
954 2828
2828 4256
2828 2930
2828 4932
880 2828
2828 4801
2828 3827
2828 4540
2828 3239
2828 3860
1727 2828
2828 3292
2828 4602
2828 3098
1579 2828
1025 2828
686 2828
2828 4141
2828 4764
2828 4572
2828 3816
2828 4239
1347 2828
2828 3734
2828 3434
1404 2828
2828 4033
302 2828
2828 4043
1681 2828
2828 4729
911 2828
2480 2828
2828 3800
2828 3397
1265 2828
2794 2828
2828 3348
2828 3931
2511 2828
1452 2828
2329 2828
2753 2828
2828 3922
2828 4078
2828 3935
735 2828
2828 3582
2828 3678
2828 4000
2828 4395
2756 2828
2828 3639
642 2828
2629 2828
32 2828
1552 2828
2828 4465
2828 3755
2828 4834
2828 4703
2228 2828
2828 3702
2828 3265
2828 3674
963 2828
2828 3017
614 2828
1187 2828
2828 4425
2828 3504
2691 2828
2828 3307
2159 2828
918 2828
1905 2828
2828 4037
2828 3899
1180 2828
1065 2828
2828 3353
2828 4750
2102 2828
1578 2828
2828 3522
1557 2828
2828 4577
2828 4790
1837 2828
2721 2828
2828 4521
2828 4748
2164 2828
66 2828
2639 2828
674 2828
2828 4075
1981 2828
2303 2828
887 2828
2828 4783
1908 2828
2828 3015
148 2828
208 2828
2618 2828
2828 3358
2418 2828
2828 4538
205 2828
206 2828
2828 3521
2828 3676
666 2828
2828 4913
1146 2828
2247 2828
1835 2828
2828 4114
1512 2828
2828 4461
2828 4920
999 2828
2828 3612
2828 3661
2403 2828
2828 4634
2828 3322
1972 2828
1942 2828
2769 2828
1018 2828
2828 3190
2828 4140
2828 3875
691 2828
1937 2828
233 2828
1648 2828
2222 2828
2828 2896
2556 2828
1705 2828
2828 2927
2828 4734
2454 2828
1371 2828
2828 4127
48 2828
583 2828
1530 2828
2828 3637
1843 2828
154 2828
2828 2991
1617 2828
2828 4188
950 2828
2828 4778
494 2828
2828 4736
79 2828
67 2828
2828 3088
1682 2828
2789 2828
85 2828
1144 2828
2828 4829
1069 2828
512 2828
2828 4328
2828 4111
1792 2828
2828 4820
1104 2828
2828 4702
2828 4376
2828 4337
367 2828
2828 4126
254 2828
1811 2828
2828 3081
1466 2828
193 2828
1941 2828
2828 4063
2729 2828
1227 2828
521 2828
2828 4357
2828 4169
2347 2828
2828 3684
2828 3773
2724 2828
2828 3518
1585 2828
259 2828
2828 3767
2828 3354
2828 2905
353 2828
2828 4954
2828 3690
2828 3919
1563 2828
2828 4255
879 2828
2828 4895
2828 3884
2828 4713
1461 2828
476 2828
2828 3106
1257 2828
2017 2828
652 2828
2828 3573
2401 2828
2562 2828
2828 3792
2828 3817
676 2828
484 2828
2374 2828
2828 2957
1646 2828
2079 2828
856 2828
2828 3871
2828 2859
351 2828
2828 3644
1109 2828
1661 2828
2828 4276
654 2828
2828 3520
2828 3663
403 2828
2140 2828
2109 2828
2775 2828
2828 3211
2611 2828
1947 2828
2828 4416
2828 3431
1149 2828
2828 2989
1386 2828
2078 2828
2305 2828
229 2828
1775 2828
1299 2828
2380 2828
514 2828
2828 3377
2828 3411
2828 4267
2828 3845
2577 2828
2185 2828
2828 4370
1816 2828
2828 2837
2423 2828
2828 3794
2828 4507
2828 4735
1247 2828
678 2828
1429 2828
1663 2828
2828 4086
2828 3475
872 2828
2828 3692
1208 2828
2521 2828
1108 2828
1354 2828
2828 3568
2828 3339
1478 2828
2828 4155
2463 2828
2828 3806
1411 2828
2828 4648
2828 4383
2828 4124
2828 4019
2828 3766
2478 2828
549 2828
2828 2847
2419 2828
1021 2828
2828 4979
22 2828
340 2828
1761 2828
207 2828
1763 2828
2253 2828
2828 4662
2828 3283
2828 4394
1234 2828
2261 2828
2828 4332
2828 4817
2828 4096
2828 4675
2828 3245
330 2828
2828 4484
2828 2973
2828 4907
2828 4189
1296 2828
2828 4523
460 2828
2828 4046
2141 2828
2828 4501
174 2828
2047 2828
2815 2828
2021 2828
746 2828
1909 2828
2828 4773
2828 3601
2388 2828
2030 2828
1008 2828
2828 3403
1158 2828
1969 2828
2828 3917
2828 3487
2180 2828
1626 2828
2828 3001
2828 3035
2000 2828
1599 2828
836 2828
2828 3507
808 2828
2828 3125
2828 3591
2828 3654
447 2828
326 2828
485 2828
2579 2828
2828 4316
818 2828
988 2828
1621 2828
1434 2828
2665 2828
1878 2828
576 2828
2828 4684
77 2828
2702 2828
2828 4139
2828 4182
284 2828
2828 3072
2093 2828
1609 2828
2068 2828
2096 2828
2622 2828
2828 4892
2828 3418
2828 4578
2828 3564
52 2828
1048 2828
1891 2828
2828 4423
2828 3529
2828 3296
2676 2828
50 2828
2492 2828
1027 2828
710 2828
435 2828
2828 3389
1178 2828
2828 4504
2828 3478
173 2828
300 2828
2828 3232
1004 2828
2016 2828
2828 3943
2828 2864
2751 2828
2828 2829
1437 2828
1329 2828
1020 2828
1130 2828
2631 2828
1814 2828
2828 4179
1904 2828
2828 3070
2501 2828
1544 2828
1318 2828
2828 3872
2153 2828
1923 2828
2417 2828
2828 3048
2828 4503
2828 3113
415 2828
411 2828
1965 2828
1078 2828
1733 2828
2828 2978
2828 3757
781 2828
2828 3286
553 2828
1643 2828
2680 2828
1902 2828
2797 2828
2828 4500
2828 3854
1571 2828
419 2828
2828 4679
802 2828
2828 3413
2828 4537
535 2828
2828 4716
2828 3535
1215 2828
2828 4149
1862 2828
1298 2828
2828 2835
869 2828
2801 2828
1280 2828
171 2828
2828 4428
1194 2828
1041 2828
599 2828
2137 2828
1589 2828
1847 2828
2828 4190
2828 4216
865 2828
2510 2828
2828 4740
2828 3949
2828 3240
2828 4082
2264 2828
2828 3965
2828 3172
1731 2828
2828 3941
2590 2828
357 2828
2110 2828
2661 2828
1274 2828
1938 2828
2149 2828
2147 2828
2828 3222
2828 2971
1202 2828
2828 3962
2828 4534
1072 2828
472 2828
2828 3130
1812 2828
2475 2828
201 2828
1281 2828
1586 2828
416 2828
2828 3034
2828 4852
2828 4417
2828 3102
858 2828
1200 2828
2828 2946
934 2828
1716 2828
672 2828
1666 2828
437 2828
697 2828
2828 3885
2828 4242
2828 4480
2828 4222
69 2828
2741 2828
1139 2828
2339 2828
936 2828
701 2828
2752 2828
2828 3372
2828 4471
704 2828
2828 4400
2828 4491
2828 4156
2525 2828
2828 3842
2828 4496
1800 2828
2828 2919
2828 4004
2828 3352
1743 2828
2828 4036
942 2828
2555 2828
641 2828
1604 2828
792 2828
1398 2828
2828 4656
2410 2828
2237 2828
2220 2828
968 2828
909 2828
2828 4403
240 2828
137 2828
2335 2828
1955 2828
2828 3698
584 2828
2828 2903
928 2828
2686 2828
2828 2977
34 2828
1055 2828
1250 2828
1711 2828
2400 2828
2828 4084
1655 2828
2828 4441
471 2828
2828 3916
307 2828
893 2828
2828 4410
1986 2828
2828 3436
2376 2828
2828 4214
2828 3412
831 2828
767 2828
2828 3544
2527 2828
2260 2828
2595 2828
1186 2828
2828 4722
2828 4516
2828 4203
579 2828
328 2828
2828 3163
1036 2828
1914 2828
613 2828
2828 3380
2828 3004
1316 2828
2828 4940
2828 3430
162 2828
501 2828
1119 2828
2828 3696
2474 2828
2828 3825
1062 2828
1742 2828
1092 2828
2828 3693
2828 4194
2828 4447
1866 2828
2828 2882
392 2828
2828 4928
2828 3611
2828 3531
2828 3534
2828 2940
1401 2828
2828 3557
1500 2828
1688 2828
555 2828
1197 2828
1944 2828
2160 2828
2828 4746
2449 2828
783 2828
2828 3622
2828 4429
2116 2828
1701 2828
1168 2828
2828 3903
2828 4041
2733 2828
1659 2828
2828 3399
2210 2828
1672 2828
632 2828
2391 2828
2828 4518
2828 2981
2828 3192
1976 2828
343 2828
1992 2828
1228 2828
2500 2828
1888 2828
2279 2828
2828 4933
488 2828
908 2828
2828 4202
2644 2828
2828 3587
2828 3160
2828 3987
313 2828
89 2828
2828 3864
1243 2828
871 2828
1611 2828
1893 2828
2828 3865
2828 3273
1991 2828
1392 2828
2008 2828
2828 4872
2828 4443
1196 2828
2479 2828
1960 2828
2828 4146
557 2828
2828 3193
1884 2828
2828 3433
2340 2828
2515 2828
133 2828
540 2828
2828 3261
2828 3314
2161 2828
2828 3571
2828 3168
301 2828
1797 2828
545 2828
1600 2828
2828 4664
692 2828
2828 4120
2828 4569
1046 2828
1454 2828
2828 3028
2828 4841
2630 2828
2828 3030
1722 2828
73 2828
2828 3536
2564 2828
417 2828
1513 2828
483 2828
226 2828
18 2828
1653 2828
2828 3595
2828 3246
2828 3038
448 2828
2828 4372
2357 2828
2036 2828
2328 2828
2828 4850
2828 4055
925 2828
2569 2828
2196 2828
2828 4995
2828 3050
1259 2828
565 2828
421 2828
2004 2828
1044 2828
94 2828
2828 4765
2306 2828
2828 4943
121 2828
1496 2828
2571 2828
2828 4297
2828 4782
33 2828
2828 4389
2828 3392
2717 2828
2739 2828
688 2828
2828 3375
1871 2828
1445 2828
595 2828
1728 2828
2828 2974
231 2828
2828 4052
2828 3858
382 2828
176 2828
1956 2828
866 2828
2828 3243
2828 3538
2828 4212
2559 2828
2828 3053
1668 2828
2533 2828
2828 3479
2014 2828
1490 2828
1160 2828
2828 4749
1122 2828
1868 2828
2828 3302
2828 3194
2828 3095
2828 4226
1430 2828
2828 4261
2828 4557
2828 3206
2828 4313
2828 3364
1059 2828
2828 4067
1355 2828
2828 3830
2828 4412
694 2828
2828 4779
2828 3801
2828 4402
2828 4924
2828 3345
2828 4303
2205 2828
2828 3045
309 2828
2747 2828
1925 2828
807 2828
2828 4570
687 2828
1381 2828
2828 4951
2828 2871
2828 4699
1881 2828
656 2828
258 2828
2828 3229
2828 3214
2598 2828
2308 2828
347 2828
111 2828
2828 4712
2743 2828
2828 4949
1082 2828
2365 2828
2828 4142
2828 4404
2828 4192
2715 2828
203 2828
2828 4145
2828 4674
2828 2969
1662 2828
1624 2828
1746 2828
891 2828
1366 2828
2828 4026
2828 2893
1593 2828
2828 2952
2467 2828
1183 2828
2405 2828
2828 3986
620 2828
2828 3018
1182 2828
2828 4975
2561 2828
1580 2828
2828 3054
445 2828
2197 2828
2061 2828
2828 3317
1802 2828
1709 2828
2828 3491
2828 3796
1830 2828
895 2828
2828 4365
2823 2828
2828 3182
2828 3142
1926 2828
359 2828
465 2828
2547 2828
505 2828
49 2828
2828 4728
793 2828
1175 2828
2003 2828
2828 3330
1615 2828
2828 4300
2167 2828
2638 2828
2509 2828
2828 3905
2586 2828
2517 2828
677 2828
2287 2828
2828 3750
1367 2828
58 2828
1330 2828
1453 2828
2828 3440
2828 3759
905 2828
204 2828
2828 3331
2828 3728
2828 3894
2828 3123
280 2828
2828 3105
1352 2828
2828 3456
2828 4492
2465 2828
263 2828
1497 2828
2828 3059
2828 3026
2828 4971
2594 2828
2481 2828
2187 2828
2828 4694
2828 3635
55 2828
1540 2828
2828 2887
1191 2828
2828 2926
2828 3369
948 2828
630 2828
2828 3115
350 2828
2534 2828
1667 2828
2828 3076
2828 3833
2828 3841
723 2828
1114 2828
2567 2828
1214 2828
2828 3964
2828 4048
2828 4108
518 2828
127 2828
1846 2828
2828 2956
830 2828
2828 4866
2828 3471
2539 2828
2012 2828
2828 4654
1136 2828
2828 4018
2804 2828
1590 2828
2828 3417
1821 2828
2828 3459
600 2828
840 2828
2202 2828
733 2828
2173 2828
2828 3237
2734 2828
2828 3683
2828 4525
236 2828
2785 2828
2828 2915
1591 2828
2828 3421
1140 2828
2828 3959
2828 4136
2828 3539
1649 2828
1724 2828
2828 3498
2828 4330
2828 4457
2828 3658
2542 2828
1345 2828
2828 3181
2828 3978
2670 2828
1213 2828
2828 3231
260 2828
2269 2828
639 2828
835 2828
1874 2828
1388 2828
2828 4759
3 2828
2392 2828
2828 4061
1436 2828
2828 3094
1100 2828
2828 4760
1770 2828
2828 3754
159 2828
2828 4059
1738 2828
2798 2828
2828 3523
2828 4241
2828 4956
920 2828
2828 3627
810 2828
2828 4444
2538 2828
1279 2828
2100 2828
2828 2992
1446 2828
1749 2828
2828 3136
2828 4592
2128 2828
923 2828
2697 2828
2440 2828
1857 2828
1394 2828
1907 2828
1676 2828
1306 2828
2828 4234
1754 2828
1539 2828
2828 4107
2828 3359
646 2828
1993 2828
2028 2828
2828 3103
2828 4573
959 2828
1514 2828
243 2828
1061 2828
2700 2828
2828 4050
1066 2828
2828 3793
1822 2828
2828 3051
2828 3129
39 2828
2828 4681
2828 4388
1150 2828
510 2828
25 2828
2182 2828
2828 2848
147 2828
2828 3682
2828 3212
604 2828
1861 2828
2828 4966
2069 2828
2121 2828
2828 4805
1637 2828
2179 2828
2828 3997
2296 2828
2646 2828
1499 2828
2828 3512
2172 2828
932 2828
2828 3162
2828 4265
2828 3381
2023 2828
2712 2828
940 2828
1042 2828
2626 2828
2828 4077
2828 4532
2828 4819
2828 4636
1416 2828
2828 4601
986 2828
1310 2828
2188 2828
2828 4103
2828 4596
2755 2828
903 2828
2828 4865
1715 2828
2828 3675
951 2828
2828 3680
2828 4454
414 2828
1209 2828
2828 4268
105 2828
2828 4211
739 2828
2822 2828
2524 2828
2828 4385
2471 2828
119 2828
2814 2828
2828 3677
2828 3480
1408 2828
1314 2828
1979 2828
1387 2828
2508 2828
2512 2828
2828 3179
2828 3909
1567 2828
2353 2828
220 2828
325 2828
965 2828
9 2828
2828 4631
2828 4262
2828 4477
1838 2828
1486 2828
906 2828
2828 3199
2802 2828
2828 3836
2828 3963
2726 2828
2736 2828
496 2828
467 2828
638 2828
2828 3948
2828 3547
2828 4835
2828 3532
278 2828
2828 3945
675 2828
2828 3648
2828 3649
617 2828
2828 2878
232 2828
2828 4707
795 2828
1410 2828
2254 2828
2828 4978
68 2828
1813 2828
2828 4595
2828 2843
2358 2828
2828 3575
2828 4148
2828 4946
2828 4845
1163 2828
581 2828
2049 2828
1841 2828
1787 2828
2828 4553
817 2828
1570 2828
2604 2828
2125 2828
1131 2828
1796 2828
972 2828
1022 2828
2566 2828
299 2828
1836 2828
2828 4066
2828 3437
1726 2828
1123 2828
2828 3566
1271 2828
1275 2828
853 2828
563 2828
2828 3528
2784 2828
2224 2828
323 2828
748 2828
1679 2828
539 2828
870 2828
1204 2828
2828 3780
310 2828
2064 2828
2828 4003
2828 3850
2828 3912
2828 3382
2828 4384
2828 2960
1206 2828
1297 2828
1622 2828
1171 2828
2486 2828
2828 3646
1829 2828
478 2828
2828 2840
1045 2828
2828 4641
1237 2828
393 2828
2828 4481
2828 4460
2828 4104
2656 2828
1998 2828
2828 4299
2658 2828
297 2828
1762 2828
1043 2828
409 2828
2828 4282
2389 2828
2513 2828
1007 2828
2828 4836
2208 2828
209 2828
2828 3629
2828 3632
2828 3656
2828 4723
1623 2828
929 2828
2576 2828
2828 2833
2377 2828
2828 2909
551 2828
2828 3100
2828 4737
2828 3438
2828 4112
2548 2828
616 2828
2828 3305
598 2828
851 2828
2828 4645
2033 2828
2828 4175
977 2828
2828 4174
2710 2828
2669 2828
2828 3619
462 2828
1876 2828
2828 3713
2828 3990
855 2828
2828 3027
2090 2828
997 2828
2828 4973
643 2828
296 2828
2250 2828
2514 2828
2005 2828
499 2828
2043 2828
653 2828
2828 4837
2055 2828
2828 4251
2386 2828
2828 3499
1509 2828
961 2828
526 2828
2828 4793
2828 3151
543 2828
1748 2828
1166 2828
2384 2828
708 2828
2294 2828
2828 4028
2828 3122
2828 4072
2828 3210
2251 2828
889 2828
2641 2828
2828 4838
1477 2828
2621 2828
1950 2828
2828 4528
2828 4277
308 2828
2828 4818
2828 4039
1767 2828
2828 4620
2793 2828
1064 2828
2246 2828
2828 3888
2170 2828
1458 2828
2828 3890
1326 2828
657 2828
493 2828
1431 2828
2828 4197
749 2828
2828 4673
2828 3642
1985 2828
2828 2874
1105 2828
2828 2932
2828 4590
1825 2828
2828 4612
2828 3468
2828 4138
2828 3699
2828 4830
902 2828
990 2828
2270 2828
2828 3715
2828 3189
2058 2828
1459 2828
2288 2828
2828 3819
2828 3995
2828 2963
983 2828
2828 3956
2828 3769
1124 2828
2828 4087
2828 4551
2828 4683
2828 3533
2828 3083
2828 3311
375 2828
321 2828
520 2828
2828 2941
2828 4102
2828 3831
1423 2828
358 2828
938 2828
517 2828
2828 4635
2828 3610
2165 2828
2828 3900
2243 2828
1934 2828
7 2828
690 2828
1750 2828
2127 2828
2828 3461
722 2828
2828 3275
2029 2828
2828 4929
29 2828
2828 2866
2828 4603
1766 2828
2828 4885
2828 4549
1736 2828
2106 2828
2828 2832
2828 4814
2828 3961
1174 2828
2214 2828
2828 2921
811 2828
2487 2828
1350 2828
1480 2828
2570 2828
589 2828
1968 2828
2828 4505
2828 3225
2828 4757
2606 2828
2828 3880
164 2828
1415 2828
2828 3550
2828 4231
2828 4964
2263 2828
2817 2828
2828 4614
2828 4450
2095 2828
647 2828
1702 2828
2828 4123
2048 2828
2828 4752
2334 2828
2828 3184
2800 2828
2163 2828
2803 2828
1049 2828
2828 3120
2828 4223
366 2828
2828 2986
2584 2828
900 2828
275 2828
2431 2828
2828 3374
2828 2917
221 2828
2828 3426
1465 2828
464 2828
2828 4015
956 2828
2828 4796
2828 4432
1616 2828
2828 3868
2828 3589
420 2828
2828 3729
305 2828
2828 3695
2828 4378
2828 3149
2828 4974
1855 2828
2828 4323
2828 4873
1267 2828
2459 2828
2212 2828
2828 4414
2828 4848
2828 3271
2745 2828
2331 2828
379 2828
768 2828
1290 2828
721 2828
2828 4926
2065 2828
1708 2828
1217 2828
1447 2828
1596 2828
2828 4279
1071 2828
2763 2828
245 2828
2828 4666
2787 2828
2688 2828
719 2828
2650 2828
2134 2828
1300 2828
2006 2828
2828 4398
2664 2828
1901 2828
2298 2828
1375 2828
1073 2828
2001 2828
2746 2828
2648 2828
2828 4380
2828 3859
2828 4646
1332 2828
482 2828
898 2828
1287 2828
786 2828
2828 3132
892 2828
803 2828
2627 2828
2372 2828
885 2828
2828 3248
2778 2828
2828 3486
2252 2828
1885 2828
1031 2828
1524 2828
680 2828
2575 2828
2828 3989
286 2828
2468 2828
2828 3315
2828 3116
2828 3005
2828 3040
1372 2828
2828 3934
2786 2828
2828 2873
2820 2828
829 2828
2232 2828
361 2828
450 2828
2273 2828
2828 4408
2828 4543
2828 4413
994 2828
183 2828
2828 2984
170 2828
1694 2828
774 2828
2828 3897
2828 3788
2828 3928
2828 4366
178 2828
2828 4980
2828 4475
2828 3056
2828 4588
1935 2828
2828 4021
2828 3835
1699 2828
2828 3689
828 2828
1141 2828
1520 2828
1717 2828
139 2828
2828 3971
523 2828
109 2828
547 2828
607 2828
2828 4758
2828 4347
2828 3135
2582 2828
2828 3731
2825 2828
1079 2828
2592 2828
2828 3124
2828 3556
2327 2828
2828 3150
2828 4691
2828 2836
2828 2953
2828 3779
377 2828
2828 2999
2828 4545
2828 4304
1785 2828
508 2828
2828 4660
2828 4533
2828 3849
2828 2965
2828 3227
2828 4894
2828 4514
2828 3913
658 2828
136 2828
273 2828
1951 2828
1556 2828
590 2828
2828 4609
88 2828
2614 2828
587 2828
2828 4270
2828 4092
626 2828
2026 2828
2828 2910
2472 2828
2828 4495
586 2828
303 2828
1910 2828
2007 2828
2581 2828
623 2828
2488 2828
2828 3055
2828 3023
2336 2828
2828 3112
2828 4071
2828 4564
2828 4409
2828 2976
2578 2828
2637 2828
2828 4094
2828 4153
2407 2828
82 2828
1374 2828
2429 2828
2828 3972
2828 3822
2828 4283
2828 3555
1548 2828
736 2828
344 2828
2828 3067
2828 3464
2313 2828
1181 2828
2828 3896
2396 2828
1051 2828
1235 2828
2271 2828
2828 4396
2828 4438
2723 2828
2613 2828
2694 2828
395 2828
2828 3509
862 2828
2620 2828
2828 3809
2828 2982
156 2828
1953 2828
2828 4988
2828 3967
97 2828
2828 4224
2828 2980
2828 4937
670 2828
2828 4576
2828 3824
2516 2828
2828 3458
2828 4777
2198 2828
2828 4101
2828 4786
2037 2828
2113 2828
2828 3898
2828 2911
1349 2828
2485 2828
1974 2828
637 2828
2808 2828
2828 3117
2828 4315
1201 2828
2828 4292
2828 3338
2828 2944
2828 3110
249 2828
397 2828
1432 2828
1851 2828
2142 2828
2828 4960
2828 2868
2112 2828
2828 4558
596 2828
2828 4275
1913 2828
2828 3396
2233 2828
1188 2828
2828 3156
457 2828
1678 2828
2828 3441
2299 2828
1654 2828
2421 2828
2828 3014
2828 3810
2828 3408
17 2828
2828 2955
1289 2828
1418 2828
2828 2998
2828 3700
2828 3207
2828 3592
821 2828
2828 3288
2828 4293
2828 4512
2828 3983
2828 3415
731 2828
2799 2828
2828 3946
2828 3567
2532 2828
2828 3390
2046 2828
2103 2828
1095 2828
910 2828
2655 2828
2828 3356
2828 3217
2408 2828
2828 3128
2828 3300
2828 4771
1510 2828
991 2828
2828 3758
1936 2828
2 2828
2107 2828
491 2828
2828 4074
2828 3904
2828 3744
2828 3367
2828 4565
2653 2828
2828 2867
2828 3878
145 2828
2302 2828
1894 2828
425 2828
2828 3882
2828 4608
544 2828
1818 2828
455 2828
2828 3047
2828 4986
2828 3387
210 2828
2828 3492
2828 4831
2828 4807
2828 4118
2828 3808
1961 2828
449 2828
1863 2828
1457 2828
1919 2828
1464 2828
847 2828
2828 4466
2828 3546
2792 2828
1850 2828
769 2828
2828 4941
2828 4345
2151 2828
2175 2828
2828 4349
264 2828
2828 4944
2828 3178
1169 2828
2394 2828
93 2828
2828 4253
1399 2828
288 2828
2828 4804
112 2828
634 2828
2267 2828
2828 4474
2828 3016
475 2828
2828 3463
2075 2828
2828 3608
2774 2828
2828 4168
2828 3570
2633 2828
989 2828
1138 2828
2828 2841
2828 4162
2828 3847
1238 2828
2828 3460
2828 3979
2828 3510
2828 4709
524 2828
2828 4434
1293 2828
2828 3785
2828 3174
2828 4228
2828 4996
227 2828
1058 2828
1645 2828
2828 3662
2828 3186
2828 4761
2828 4813
190 2828
2828 4881
1176 2828
2828 3350
2828 4918
479 2828
2762 2828
943 2828
2828 4889
2828 4547
1246 2828
10 2828
868 2828
1927 2828
2580 2828
2696 2828
1462 2828
219 2828
2828 3134
1931 2828
2828 4621
2828 2846
11 2828
1285 2828
2828 4581
2828 3284
1448 2828
2828 4418
1918 2828
2828 4883
2828 4531
1070 2828
1939 2828
2828 3407
2828 3347
2725 2828
2020 2828
1664 2828
2828 3704
1320 2828
2828 4600
1328 2828
2295 2828
2828 3108
2735 2828
2828 4371
1700 2828
2828 4310
2828 3921
2545 2828
2651 2828
2706 2828
2828 3951
355 2828
454 2828
1397 2828
2828 3726
2828 4775
92 2828
2828 4199
2553 2828
615 2828
2541 2828
913 2828
2828 4329
1889 2828
1172 2828
2293 2828
2348 2828
188 2828
927 2828
2828 3253
23 2828
2123 2828
2206 2828
2828 4054
2828 4791
223 2828
2796 2828
2828 4083
1245 2828
1670 2828
1882 2828
2828 3999
2361 2828
1173 2828
814 2828
2828 2901
131 2828
1488 2828
2135 2828
1864 2828
2828 3653
1778 2828
503 2828
926 2828
387 2828
1640 2828
400 2828
388 2828
1786 2828
151 2828
122 2828
578 2828
2828 3376
2828 3910
2322 2828
2828 3312
334 2828
2828 4893
2466 2828
1693 2828
2828 4991
2097 2828
120 2828
974 2828
2828 3241
60 2828
1313 2828
2828 3402
1400 2828
2828 4833
1730 2828
693 2828
2828 4619
2395 2828
490 2828
2436 2828
2828 3262
2437 2828
224 2828
2828 3876
2828 3326
1440 2828
2828 4846
2828 3725
1482 2828
2503 2828
1899 2828
72 2828
1906 2828
2828 4934
2316 2828
2828 2854
2011 2828
2828 4823
2426 2828
838 2828
2828 3405
1317 2828
2828 4198
1946 2828
724 2828
2290 2828
2828 3393
2828 3599
2828 4899
2215 2828
2828 3615
2675 2828
86 2828
285 2828
2223 2828
271 2828
2828 2916
2482 2828
2828 3251
348 2828
2828 3087
2828 3659
2828 4936
2681 2828
2828 4068
2828 4485
2828 4633
713 2828
2828 3861
2828 4497
2828 3114
2828 4236
2387 2828
2828 3343
2828 4308
466 2828
546 2828
2081 2828
2828 4598
2828 3304
812 2828
481 2828
843 2828
1984 2828
2828 4272
2343 2828
2828 3982
2828 4643
1091 2828
2828 4688
2828 4742
2042 2828
2828 4560
2828 4639
759 2828
2073 2828
1060 2828
1225 2828
2828 3594
2828 3448
2828 4171
2828 3476
2428 2828
1032 2828
703 2828
2195 2828
424 2828
2828 3687
2828 3121
2828 4738
2828 3974
1153 2828
2131 2828
2284 2828
2828 4930
2828 4319
1190 2828
2828 3276
2828 3558
217 2828
2828 4288
2385 2828
784 2828
2828 2928
2438 2828
2546 2828
2828 4724
2828 3254
2828 4030
2828 4526
1791 2828
2828 3829
633 2828
2828 3914
1128 2828
2828 4117
2828 3703
413 2828
2828 4615
371 2828
2828 2899
2828 3202
1356 2828
1521 2828
2828 4887
2828 3777
2660 2828
1629 2828
1244 2828
1669 2828
2828 4642
1550 2828
2757 2828
2828 4774
2828 4157
2828 4692
2828 4715
2199 2828
87 2828
2828 4915
935 2828
2369 2828
438 2828
2031 2828
728 2828
2828 4479
2828 4517
2828 3423
2828 4437
436 2828
2828 3516
2828 3577
36 2828
715 2828
995 2828
2828 4359
2659 2828
2828 3973
1184 2828
2535 2828
734 2828
2828 3554
45 2828
2828 4617
1507 2828
1362 2828
2828 4630
1685 2828
2828 4295
2828 3263
1542 2828
2828 3991
62 2828
2543 2828
2828 3679
1506 2828
2828 3180
363 2828
2828 4200
2828 4459
2828 4321
1460 2828
2077 2828
2828 4245
2828 3235
2828 3985
1978 2828
1537 2828
2805 2828
1033 2828
1331 2828
489 2828
257 2828
2828 4849
2828 3215
751 2828
492 2828
2695 2828
1361 2828
2828 3493
2828 3673
2828 2885
2828 3993
1016 2828
2828 4803
2764 2828
2828 3638
2828 4011
2828 4079
234 2828
1256 2828
1810 2828
2828 3101
1948 2828
2750 2828
2828 4373
324 2828
2828 4822
1849 2828
2828 4509
2643 2828
742 2828
960 2828
716 2828
2828 3730
1809 2828
1595 2828
2828 3104
2828 4449
2828 4772
2828 4035
2828 4668
2828 4401
2828 4657
2828 3109
1052 2828
1258 2828
2828 3188
1468 2828
2828 4623
225 2828
408 2828
571 2828
1427 2828
2018 2828
2828 4649
2828 4311
2828 3144
2828 3720
2529 2828
2828 2922
1236 2828
2828 4191
83 2828
2574 2828
2828 3282
2828 4257
2828 4539
2828 4696
969 2828
1011 2828
2828 3175
2828 3485
2828 4909
2828 3299
2491 2828
2828 4622
1526 2828
2828 3011
1335 2828
2828 3494
2828 3012
443 2828
2432 2828
1382 2828
1543 2828
2828 3598
2828 3840
291 2828
2178 2828
2828 4982
2828 4860
1650 2828
2828 2881
1489 2828
2828 3789
27 2828
1538 2828
2828 4856
785 2828
2828 3889
2828 3925
921 2828
2828 3613
2806 2828
939 2828
283 2828
84 2828
2272 2828
1912 2828
2344 2828
2346 2828
2597 2828
2828 3439
1929 2828
2828 4864
2828 4306
863 2828
2828 3688
1156 2828
823 2828
2010 2828
2828 4291
2828 3718
1240 2828
1920 2828
2667 2828
2828 4682
319 2828
1698 2828
2318 2828
2828 4238
2828 3236
1528 2828
2324 2828
1479 2828
2828 3303
500 2828
1133 2828
138 2828
1125 2828
287 2828
1642 2828
729 2828
2828 3920
1230 2828
881 2828
1148 2828
2828 4945
384 2828
2828 3363
2460 2828
99 2828
2828 3508
2285 2828
2136 2828
2828 4626
542 2828
2828 3645
2828 3277
2828 4229
2828 3593
2828 2857
2828 4825
2367 2828
318 2828
2828 4317
144 2828
1110 2828
985 2828
2828 3881
2828 4489
2663 2828
700 2828
2828 3853
2828 3131
2828 3432
2345 2828
1911 2828
2828 4919
737 2828
2828 3839
2828 4375
2828 3357
451 2828
867 2828
850 2828
2828 3747
2828 3565
2828 3655
2828 2831
2828 4585
682 2828
1177 2828
59 2828
1725 2828
572 2828
497 2828
711 2828
56 2828
2828 3515
2828 4368
2828 4652
2828 3552
75 2828
2828 3197
2451 2828
2828 3697
2828 3998
2828 4508
2828 3213
833 2828
2828 3340
1024 2828
2828 2877
962 2828
1852 2828
2282 2828
2708 2828
2828 3141
1254 2828
1751 2828
2828 3176
2828 3774
2608 2828
2828 3481
1532 2828
1407 2828
2828 3863
2234 2828
1783 2828
1019 2828
2828 3097
2828 3419
796 2828
884 2828
2111 2828
2458 2828
2740 2828
213 2828
2828 3495
2828 3607
2828 3496
2828 3957
2828 4890
2265 2828
2828 3719
1551 2828
266 2828
2812 2828
2828 2895
2828 4806
2636 2828
2828 3435
2828 3091
2568 2828
2311 2828
699 2828
2828 4307
2828 3826
506 2828
2828 4714
2760 2828
2828 3751
2828 4568
2439 2828
2244 2828
2828 4029
1541 2828
2828 4440
406 2828
2828 3057
2828 3753
2828 3783
2828 4399
2828 4587
1419 2828
559 2828
849 2828
636 2828
2828 4552
433 2828
123 2828
2828 4744
2828 4490
2828 2890
2552 2828
346 2828
568 2828
2050 2828
1121 2828
2038 2828
108 2828
1451 2828
1311 2828
1339 2828
837 2828
2828 4667
389 2828
1945 2828
949 2828
2828 3137
1229 2828
2828 2933
1723 2828
2737 2828
1665 2828
1472 2828
901 2828
570 2828
2828 4305
2828 4880
2828 3173
627 2828
1116 2828
38 2828
2828 4718
2398 2828
1805 2828
2813 2828
2828 4379
2828 4548
2828 4546
2828 4047
2015 2828
1692 2828
2828 3009
2828 4247
469 2828
2257 2828
1970 2828
964 2828
1390 2828
2828 4567
378 2828
1853 2828
2828 4651
2828 3383
1315 2828
2828 4121
2685 2828
2828 4984
2828 4717
2828 3349
2828 3938
2828 4510
1170 2828
2433 2828
689 2828
2117 2828
2828 4711
2828 3848
43 2828
2828 3966
2201 2828
2828 4886
861 2828
315 2828
754 2828
717 2828
160 2828
2828 4159
2828 3293
2828 4828
1988 2828
1013 2828
2615 2828
695 2828
1435 2828
2828 4877
24 2828
2828 4298
1439 2828
337 2828
2828 3749
2828 3344
2828 3722
2828 4390
2828 4263
2828 3361
2828 2856
2415 2828
1252 2828
2828 2888
2647 2828
2828 3320
726 2828
1292 2828
876 2828
2828 3466
2828 4854
2828 3153
2828 3846
2828 3477
2828 4006
2711 2828
456 2828
2828 3818
2587 2828
1575 2828
794 2828
2828 4950
2828 4184
495 2828
651 2828
2828 4452
2828 3119
1779 2828
1005 2828
2828 4891
2828 4324
2828 4869
2828 4099
655 2828
2699 2828
2779 2828
2828 3572
2828 4070
2828 4040
1129 2828
304 2828
37 2828
2828 4051
805 2828
2828 4912
2828 4382
2189 2828
2828 3906
2828 4875
2828 2987
1618 2828
1207 2828
2828 3790
2828 3414
976 2828
602 2828
2828 3981
2828 2938
2828 3685
2828 4878
2275 2828
412 2828
2828 4695
2828 4993
1794 2828
1760 2828
2828 3798
1566 2828
2828 4426
2666 2828
181 2828
2457 2828
1075 2828
2828 4884
166 2828
2828 4876
2617 2828
2828 3036
618 2828
2828 4208
2828 3643
757 2828
2828 4910
2248 2828
383 2828
1683 2828
2404 2828
4 2828
2828 4246
2828 4650
2828 4810
1987 2828
1695 2828
293 2828
1093 2828
2828 3078
2828 4249
1686 2828
797 2828
2366 2828
2363 2828
498 2828
262 2828
2828 4870
2828 4269
2828 4780
1263 2828
2828 3409
1928 2828
163 2828
534 2828
2761 2828
1826 2828
2828 4012
2701 2828
2828 3657
487 2828
2088 2828
1932 2828
1376 2828
2828 3804
1396 2828
2828 4034
2828 2908
2828 3710
117 2828
277 2828
2754 2828
1865 2828
663 2828
2828 3455
2828 4511
2828 4213
779 2828
380 2828
1379 2828
2828 2942
100 2828
2828 3667
2828 4081
1869 2828
2601 2828
444 2828
2828 3228
2148 2828
155 2828
2828 4462
2828 2862
801 2828
2828 3280
917 2828
2819 2828
2092 2828
2828 3252
2828 4554
239 2828
2828 3686
2828 4381
1675 2828
2280 2828
241 2828
2828 3623
2828 4882
2828 4387
2053 2828
2828 4225
2828 4013
758 2828
250 2828
874 2828
1222 2828
8 2828
1564 2828
1511 2828
2120 2828
2828 4405
822 2828
2828 4266
511 2828
2828 3451
2728 2828
1223 2828
2828 3902
431 2828
2828 4784
2828 3422
1753 2828
2828 4220
2591 2828
2828 4927
2828 4544
1484 2828
2828 4090
2828 3007
912 2828
714 2828
2828 4186
1343 2828
2828 4555
2828 3029
2360 2828
2828 4057
54 2828
2828 4476
402 2828
2828 4134
967 2828
2412 2828
184 2828
1808 2828
2828 3908
116 2828
486 2828
1098 2828
771 2828
2828 3316
253 2828
2828 2929
2605 2828
1996 2828
2085 2828
770 2828
2235 2828
1839 2828
1359 2828
1980 2828
2828 2993
2828 4963
2828 3614
2286 2828
2828 3447
298 2828
1210 2828
2531 2828
294 2828
2828 4356
975 2828
2166 2828
2573 2828
1561 2828
2828 3671
1403 2828
2828 3060
2828 3008
2828 3886
2249 2828
2281 2828
418 2828
832 2828
2652 2828
537 2828
1106 2828
1028 2828
2522 2828
1 2828
2200 2828
2628 2828
2158 2828
405 2828
1613 2828
2070 2828
2828 4686
2321 2828
2828 4697
592 2828
2323 2828
2278 2828
1576 2828
1365 2828
2828 4177
931 2828
2828 4769
2828 3944
2828 4542
525 2828
2828 3249
101 2828
834 2828
