4999
)])][((())(()()(]]())(]]))[([[)][]()(][[[][[)[[][)(([(]([([]]())](([])([][[])][)()(]])[[[(])()[)]))))))(((])(]([([))](]()](])(][[)[[(()(](](][][[(([](([[[[])(])[((]]([))(([(]][](]()]][]]([(]]])))]))[)([]))])])))])(][[]]([]))]([)[[()](][[])))[][(]((()[[][)(](()([))(]([[)()[])[]]((([](([]]())[[]()(()(]()][][()][]]](][])[][([(][[[)][]]](([([)]]](())(]))[()][[]][]][[))[()[[)())]]))]][[]()([([[)))[[((]])])](([[[])())[()])[)[]))]((](]])((])]))[]]]][)[)[)[[)([[())(]][])[)][][)]()[)[)])(][)[][(([[])[))((()[]]]([)[]]]((][]]))[])])[(([)))(]))[)([())(([][))[]]()[[)[())([[])])[(([))[[)(][]][[(]]((]](]()](()()]))]]]]]()])[])]]((())((]()[]](()[()[(][])))([[])](][)(]([[][][](]([((([[(])[)[(]()[())[()([[)]]([([([](](([()]()()]])[[]([[[)]([(]))][))])[))([]())([[)(](()[)[)][)]())[)])[[]][](][)](())([)(]([])(](])(])[([)[([[](])[)[[[][([[[(()]])]([(]([][]][((()[][[([][(()]](((([)]])])[[)[((((]][[()]][))]([))]([])([)]](]))[]](])(][][[((([(](]([[[((]])](][](]())))]())](([])[]))[(]])((])[())(](]))((((][)[()[)[[)([]([[]([[))](])[()[)[)])[[[()[[[][)(([[[((]])[[[)))[](([(][)(([[]])(][[()])]())))([(]()][)(([)()([()(((]()][)))[)(([[][()()()([])[[[)]([(][(][]]])())()(]))[][](]()[((]]([[([)][]])(()][]]([)[]][[](][)])]](()[((()][[]()((]()()]])((()]))]]))((())[[[)((][[))])][(([(])]([([[](()]([])[([([[)[([]]))[(()(]))]([()[]][]))]))(([((]]))[]())[])([()([))[(])[]]])))][[]][))((([)))([)]][)[([]])[)))]([[(()[)[][)](][)]())]])[])(](]))[[[[)[)](())]([[]]))])](][(([[(][][))[(][(([(](][(()][)])[][(][))[[)(][()[[]])[(]([[)])]([][(][()((](])[(])])[])][])[()([)()])(()](()(])))(][()(([[)([][])[([)([[)(])]()(((][(][()([)]))([)((((]](([[[]([(][])[)()])])[))()(([[)]][][][)]]]][[]]])[(])]]])[(([]]][]](]])])[]([][(())]])[[][[][)))(])[]])]]([[][[)](()([[()][)(]([[))]][)]][[(([([[([()]]([[)))([))))]][[(]()[)[[)([[[)[])[())[()()]))(([[)([][[)(])[(]])(]][]]]]))]]])(()(]]])][([))]()([([[)(][)[[)]([([(][(()[[(]([)(][])[)[[[]))()[]][))([]]])[)[(([[]](([)]])[)[()))[[[((][[])])([(([()(([())([(](([)[])[[(([)[]]((]][))([(](()])[[(([([(]((([]]()[)[[)]))))(]([(((([)(]]()([[(())[]]()[]]][())))]([]([(])]())([[)([][[)][[[((]([[()]][[)(()]()()([]()(]]](])(](()])]]](]]()[([)[)())[[(((]])[])([(][[]))]()])((])[)]]][((][][][]([[))]]))]])))][(]][[]]]([)[(]])()[((()[[[)[][)[()]))(]][][[)()[[[((][((]]([)[)]]]])((()])]([((([](]]]([)((](][([[[([[[(]]((((]([)])[[][)))[()])])](]))[])[[[)[(([]][[(]])())](())))))))[[]]([[)][([()[()(]])]])[]()(][([][(]]](((([)])][)])[[]]((])](()([)][]])[][[][]([]())][)[]]]([]][[]())()[)((](()(]][])[[)((]]](][)(](](]]]))])][]))()[([](]((][[(())(]]](]))((]))(]()])))()(]((((([)](())[](([)(](][]((())][]]([[)()](])]))((]][))])[)(][)(()(([[)[)()[])([([(])]([))[[[([][][[))[[])[[][[)([(]]))]))])((())][](([[([[()([))[))][)[][[[][([]])](([()([[)()(][](()([)])(](][[([][[]])[](()((()(((]((](](([()(](](())([[)([()([))(](((([]]]([][]())(][[)](](])(]])([][[])])[])([([](([]))]]))((()]()])[(()([]](()]()(((())((](][[()[](([[[)((([)]([()())]])(((])][](]]))())()())[[[][[[(([))[[(()[[)])))]]()(((()[[[())[()])()[]()[(]()][([)]][(()(]]]])]()(][[][]()][]))))][[))[)]][]][([((([([][][]([[]]](][[([[)([(][(())[()))[[()(]]()[(][])[)]][][)[)[[([]])])(][)](([([)[()[)[[(])))([()[][])()([[[()[[))))))]((][[)())])())[](())([[()[((]][]][)([[][)[(]])][]()))])([(([[]([])]()))[)()([]][[(])]([[]([[[((])(][[][[)([()(()([[]([[[))][)()()]][])]]])[)[))(])))))])[[(]]][))(]]()(])]](]()(])]))[(]((]())])][]](])[]()(()([)))([]](((()((][(([][[[])]([([()[()]]([(])])([))](]()][[](]])()[[[)[(()])[)()[()))])))][(())(()][[[()[[](((](((])]([[[])((]))([[(]()][([))](]][[([)])[)[()(])[](]])))(]][)]))(])(]]](]((()]([[)])[([))(](]([[])]]]][[()([][])])(()))(()]]]([()[([](()]]])[))[[][))[[])][][[[(()()[()]()(][[)[[[]([)(]))[((])()[][)()[][[))[)(])][()])[](])]()]((]](][]()(]]((([[[[(])[(]][[]([]]([][([[[)[(](](()(]](][(]((])[]][(])]((]))[)][([))((])[]][()[()[(([[](][([(]][[])][(])[][])[([])](]][]](([]](](]])]([[]()(]))(])()]))]((())))([)[[)]())[(])][)()()()()[([)([[)[)([)]())([][(([[(]][([[[)](()(][]()[)(([]([][)]]][])[][[[[]])[([]]][][][]((])])]][[(]](([)[)[][()))[])(][))(])))([])()][])[[)[[()()[[()]]))[])([(]()([([[[((]]]])))[](([[[)[]]][[([[((][([]))))[((][)())(]]][([([(())[)])[))()([()]([[][[(]][)([(](([([[[])([[(([]([)[][[[))(([]([[]]])([)(([(((())(([(][)([][[)()()))[[)[][))([]][)[[[)]))]()[]()]()]))[][[(]))((]]][]())[(][]]([]))()([[))))]))]]([]([))])()][)]]([)())(()[][][[))[([[(](]]()([[[[((]([[)]])]((([)][[)[)[(][(]](])][)]())([]][][((](())[()]))[)])]])](((][[([])([)(])[[)][([][][)]](])()[[[[]((()]][))[)[[[[(]](]]))(][)]]][[]))[[(][[[((])[)(()]])]()])[[[)[)])(][]]](((]]())]]([[([](]])[()([(())((([][])[]]]((([[[((()[([(])[[([)][)])[))[[()((]()()())](](]]][]]()([)]]())[([](]())]))[]][][]]([])(][)])()()(]()[)[[][[))])([[([)[[([)]((]()][[)((]([)])[))()(][[[][)][([))][)([]][)[)])][)[(](([()))[)([[(](]()(])(]](((])]](])]][()[)]()])]([())[([)))[)))[(])])(((]())])]))[][])[(][()[]]]](](]))][[])([))(())()[(([][()[())][(][[)[(]]))(][)(]]]((]()[(]]([)[[])]][))([())])][(])(][[)])()](]()])()][[(])()[(((((](()(()]]]))(([
1047 4021
2511 4021
416 4021
4021 4805
1198 4021
4021 4982
40 4021
1452 4021
3105 4021
3447 4021
3974 4021
3759 4021
1406 4021
2799 4021
2223 4021
3256 4021
350 4021
1828 4021
1673 4021
703 4021
2184 4021
4021 4624
268 4021
2640 4021
4021 4196
2430 4021
3259 4021
113 4021
320 4021
1827 4021
2214 4021
4021 4332
685 4021
1728 4021
2051 4021
4021 4172
3967 4021
3009 4021
1825 4021
2723 4021
4021 4379
781 4021
1124 4021
1142 4021
2140 4021
3800 4021
353 4021
2485 4021
1089 4021
2807 4021
1668 4021
180 4021
4021 4559
115 4021
499 4021
1910 4021
2535 4021
3984 4021
309 4021
2359 4021
4021 4480
4021 4546
4021 4111
2425 4021
4021 4375
1033 4021
4021 4660
613 4021
3144 4021
2583 4021
4021 4489
4021 4057
1771 4021
3161 4021
4021 4223
3620 4021
284 4021
26 4021
3313 4021
4021 4757
1511 4021
2704 4021
1290 4021
1013 4021
16 4021
3591 4021
2893 4021
2231 4021
274 4021
4021 4207
3933 4021
1093 4021
3656 4021
2637 4021
1727 4021
967 4021
1305 4021
3123 4021
1396 4021
1281 4021
2239 4021
947 4021
4021 4279
4021 4797
3348 4021
2605 4021
4021 4531
1528 4021
2266 4021
3717 4021
931 4021
3917 4021
1145 4021
2976 4021
2992 4021
964 4021
3640 4021
3744 4021
1203 4021
198 4021
1655 4021
2916 4021
4021 4358
2947 4021
4021 4590
3150 4021
4021 4441
1155 4021
3905 4021
2823 4021
4021 4836
497 4021
3802 4021
3874 4021
865 4021
2244 4021
1041 4021
2027 4021
260 4021
2945 4021
4021 4461
194 4021
3012 4021
4021 4465
4021 4445
4021 4311
1520 4021
2986 4021
2406 4021
1094 4021
4021 4881
314 4021
4021 4528
4021 4936
2262 4021
520 4021
1211 4021
1103 4021
1697 4021
2628 4021
774 4021
2048 4021
3655 4021
4021 4807
930 4021
1166 4021
1604 4021
167 4021
2462 4021
549 4021
3989 4021
4021 4701
3718 4021
3429 4021
3308 4021
1808 4021
1897 4021
3558 4021
1763 4021
3319 4021
1854 4021
2872 4021
2546 4021
557 4021
1433 4021
2911 4021
467 4021
2513 4021
4021 4802
4021 4454
3508 4021
2451 4021
4021 4946
4021 4691
1765 4021
1058 4021
322 4021
59 4021
829 4021
484 4021
351 4021
98 4021
959 4021
22 4021
4021 4677
264 4021
1721 4021
4021 4647
4021 4178
3176 4021
3595 4021
1589 4021
2852 4021
4021 4998
2979 4021
4021 4109
4021 4552
2934 4021
1002 4021
3278 4021
2975 4021
3455 4021
3113 4021
3392 4021
207 4021
4021 4628
1241 4021
1871 4021
1337 4021
2500 4021
3240 4021
3580 4021
4021 4416
4021 4915
3273 4021
179 4021
4021 4523
4021 4347
668 4021
4021 4503
4021 4970
817 4021
3107 4021
4021 4074
473 4021
975 4021
4021 4385
2749 4021
1404 4021
2904 4021
1478 4021
337 4021
1995 4021
3010 4021
551 4021
1531 4021
4021 4822
4021 4744
4021 4637
2456 4021
2696 4021
1515 4021
1376 4021
3432 4021
2293 4021
3417 4021
4021 4395
1259 4021
2337 4021
2955 4021
4021 4897
2772 4021
165 4021
2688 4021
3173 4021
3448 4021
4021 4281
2825 4021
2021 4021
4021 4073
3856 4021
3885 4021
4020 4021
558 4021
24 4021
4021 4586
133 4021
4021 4515
4021 4525
4021 4868
490 4021
890 4021
1274 4021
2526 4021
932 4021
3995 4021
2042 4021
1192 4021
1916 4021
3167 4021
3441 4021
798 4021
3890 4021
4021 4062
197 4021
2776 4021
1269 4021
1665 4021
924 4021
2172 4021
49 4021
1243 4021
1284 4021
1835 4021
1343 4021
2518 4021
1888 4021
2907 4021
1858 4021
2409 4021
1989 4021
3366 4021
4021 4173
4021 4866
4021 4101
4021 4230
4021 4602
13 4021
3303 4021
3170 4021
1756 4021
700 4021
4021 4179
4021 4476
2483 4021
3213 4021
3439 4021
1574 4021
1409 4021
2188 4021
1102 4021
3483 4021
573 4021
563 4021
2010 4021
1677 4021
500 4021
1210 4021
4021 4113
903 4021
1643 4021
998 4021
1540 4021
50 4021
1167 4021
1579 4021
2256 4021
3598 4021
335 4021
3653 4021
4021 4333
3707 4021
2097 4021
3318 4021
705 4021
3664 4021
3797 4021
4015 4021
1125 4021
3901 4021
4021 4746
863 4021
3768 4021
3037 4021
1022 4021
3588 4021
4021 4200
4021 4953
80 4021
1472 4021
148 4021
4021 4961
636 4021
315 4021
2644 4021
3487 4021
1373 4021
1159 4021
3822 4021
3678 4021
3478 4021
3044 4021
4021 4558
2216 4021
3911 4021
2206 4021
283 4021
1951 4021
1884 4021
899 4021
27 4021
3327 4021
2591 4021
2400 4021
3724 4021
2982 4021
2220 4021
3414 4021
11 4021
4021 4131
127 4021
1962 4021
382 4021
4021 4761
2936 4021
693 4021
2069 4021
796 4021
2001 4021
1181 4021
4021 4692
3424 4021
188 4021
1333 4021
1539 4021
3963 4021
3731 4021
1113 4021
4021 4081
2057 4021
4021 4786
2497 4021
2117 4021
4021 4217
160 4021
361 4021
225 4021
3473 4021
893 4021
3601 4021
291 4021
1936 4021
2654 4021
777 4021
609 4021
4021 4582
2942 4021
3861 4021
3836 4021
3401 4021
1486 4021
2572 4021
4021 4979
3944 4021
1712 4021
4021 4833
3325 4021
2134 4021
713 4021
2254 4021
684 4021
1003 4021
2158 4021
21 4021
3298 4021
4021 4956
2510 4021
4021 4440
1920 4021
2498 4021
4021 4428
1667 4021
2120 4021
3716 4021
3909 4021
1313 4021
4021 4824
2012 4021
111 4021
2320 4021
2722 4021
4006 4021
3971 4021
1713 4021
2826 4021
3943 4021
2095 4021
3960 4021
364 4021
2847 4021
2635 4021
3007 4021
2860 4021
4021 4890
3772 4021
4021 4827
4021 4908
3040 4021
4021 4466
2709 4021
4021 4610
1917 4021
859 4021
4021 4034
2268 4021
4021 4035
1331 4021
638 4021
3034 4021
2033 4021
4021 4589
3231 4021
3503 4021
2973 4021
3686 4021
680 4021
468 4021
1449 4021
2664 4021
4021 4234
659 4021
152 4021
1236 4021
4021 4464
4013 4021
2150 4021
1950 4021
496 4021
4021 4587
450 4021
2566 4021
2920 4021
463 4021
4021 4457
4021 4583
2685 4021
4021 4877
4021 4290
4021 4272
981 4021
2970 4021
813 4021
4021 4153
471 4021
2960 4021
4021 4826
1249 4021
1127 4021
3255 4021
2324 4021
2508 4021
957 4021
3826 4021
2853 4021
3449 4021
3604 4021
896 4021
4021 4158
3560 4021
3612 4021
56 4021
3205 4021
3071 4021
3706 4021
2328 4021
4021 4321
1233 4021
1935 4021
3958 4021
247 4021
1603 4021
1253 4021
1007 4021
93 4021
4021 4023
1991 4021
375 4021
1711 4021
1683 4021
843 4021
2777 4021
1959 4021
4021 4348
2830 4021
2967 4021
4021 4163
1658 4021
2678 4021
4021 4841
1740 4021
2731 4021
10 4021
345 4021
4021 4326
2275 4021
3594 4021
4021 4626
4021 4312
3582 4021
2561 4021
690 4021
2229 4021
3197 4021
1887 4021
4021 4258
4021 4751
1895 4021
3945 4021
3215 4021
625 4021
871 4021
715 4021
1821 4021
4021 4820
1034 4021
4021 4635
3662 4021
2648 4021
2217 4021
3720 4021
2580 4021
1362 4021
3289 4021
671 4021
708 4021
622 4021
2226 4021
3250 4021
4021 4097
2385 4021
530 4021
641 4021
1693 4021
2115 4021
402 4021
2923 4021
1927 4021
1793 4021
3635 4021
2189 4021
105 4021
869 4021
748 4021
2378 4021
1132 4021
2459 4021
2804 4021
4021 4249
2108 4021
2333 4021
984 4021
2625 4021
4021 4950
1227 4021
675 4021
4021 4349
591 4021
4021 4735
4021 4919
2559 4021
3641 4021
3849 4021
2809 4021
1739 4021
33 4021
1779 4021
1800 4021
1348 4021
3074 4021
2180 4021
4021 4811
3138 4021
3681 4021
334 4021
607 4021
970 4021
4021 4462
2716 4021
3486 4021
4021 4498
4021 4971
4021 4265
2484 4021
2292 4021
2168 4021
1807 4021
1706 4021
614 4021
4021 4933
4021 4974
2733 4021
1689 4021
140 4021
2358 4021
2734 4021
3453 4021
2205 4021
1150 4021
2075 4021
1725 4021
3894 4021
3537 4021
1051 4021
2962 4021
2698 4021
216 4021
3660 4021
214 4021
1312 4021
1109 4021
4021 4996
1859 4021
3735 4021
2765 4021
1157 4021
3003 4021
968 4021
2494 4021
4021 4560
4021 4299
3022 4021
1267 4021
545 4021
255 4021
306 4021
1431 4021
2925 4021
2092 4021
2461 4021
2339 4021
1509 4021
395 4021
4021 4484
3253 4021
4021 4513
2938 4021
3464 4021
1470 4021
1320 4021
4021 4923
4021 4571
3513 4021
4021 4304
3948 4021
783 4021
3119 4021
2043 4021
2505 4021
2482 4021
4021 4426
4021 4134
72 4021
3484 4021
1065 4021
4021 4642
3081 4021
4021 4894
3480 4021
2493 4021
3864 4021
4021 4388
2379 4021
4021 4331
4021 4038
3353 4021
4021 4377
1080 4021
2507 4021
4021 4025
2926 4021
1580 4021
2013 4021
570 4021
61 4021
1778 4021
2138 4021
170 4021
4021 4844
2871 4021
1491 4021
3397 4021
2763 4021
4021 4605
3712 4021
2786 4021
732 4021
3811 4021
2250 4021
2736 4021
2781 4021
2102 4021
851 4021
3474 4021
381 4021
2322 4021
4021 4614
1805 4021
1096 4021
3174 4021
811 4021
446 4021
3969 4021
4021 4694
2344 4021
2573 4021
1128 4021
889 4021
1229 4021
1819 4021
507 4021
3436 4021
4021 4911
4021 4310
4021 4512
2408 4021
1202 4021
4021 4315
3083 4021
326 4021
3058 4021
4021 4271
4021 4289
797 4021
3571 4021
4021 4723
4021 4417
2933 4021
2176 4021
2348 4021
2209 4021
2584 4021
4021 4654
3549 4021
298 4021
2598 4021
2419 4021
4021 4334
3697 4021
1968 4021
1048 4021
166 4021
3699 4021
2295 4021
2413 4021
1380 4021
3780 4021
4021 4433
3410 4021
1513 4021
3497 4021
3334 4021
4021 4390
3752 4021
1681 4021
2557 4021
706 4021
4021 4508
4021 4378
965 4021
3704 4021
190 4021
2302 4021
2885 4021
3249 4021
819 4021
1532 4021
1698 4021
2044 4021
3165 4021
1316 4021
3288 4021
1160 4021
2924 4021
1444 4021
2443 4021
3956 4021
3131 4021
69 4021
4021 4181
3915 4021
524 4021
2726 4021
2277 4021
340 4021
4021 4999
3086 4021
2553 4021
1994 4021
1814 4021
716 4021
3878 4021
4021 4393
2386 4021
1804 4021
4021 4233
3 4021
352 4021
2660 4021
1704 4021
1639 4021
3216 4021
2144 4021
2382 4021
2396 4021
3017 4021
1188 4021
1741 4021
3705 4021
782 4021
2017 4021
3696 4021
4021 4206
1185 4021
4021 4549
269 4021
4021 4854
1428 4021
921 4021
2928 4021
902 4021
2473 4021
235 4021
1834 4021
3139 4021
2074 4021
1842 4021
2194 4021
2902 4021
4021 4684
1029 4021
901 4021
3937 4021
2787 4021
3247 4021
4021 4973
2278 4021
2271 4021
3997 4021
1346 4021
1215 4021
3018 4021
3284 4021
567 4021
3553 4021
793 4021
3005 4021
1781 4021
1826 4021
521 4021
3999 4021
4021 4317
885 4021
4021 4218
2946 4021
582 4021
996 4021
2739 4021
4021 4638
1845 4021
1148 4021
2828 4021
4021 4197
4021 4157
1325 4021
2532 4021
478 4021
3435 4021
241 4021
4021 4732
1692 4021
576 4021
1674 4021
1918 4021
3713 4021
2501 4021
138 4021
4021 4373
1774 4021
742 4021
2334 4021
4021 4412
4021 4817
1388 4021
4021 4386
1407 4021
1073 4021
1025 4021
2035 4021
3834 4021
4010 4021
4021 4039
928 4021
2585 4021
3762 4021
3408 4021
3548 4021
1678 4021
3842 4021
3333 4021
2649 4021
3324 4021
1646 4021
96 4021
2977 4021
511 4021
2631 4021
46 4021
399 4021
3618 4021
1972 4021
3127 4021
1993 4021
1572 4021
1398 4021
168 4021
107 4021
4021 4420
2836 4021
3235 4021
1408 4021
3622 4021
3942 4021
2602 4021
4021 4351
3427 4021
1448 4021
3201 4021
4021 4945
1026 4021
2291 4021
245 4021
1642 4021
4021 4418
48 4021
3423 4021
1747 4021
3955 4021
3987 4021
1494 4021
2362 4021
852 4021
536 4021
934 4021
408 4021
4021 4837
4021 4997
231 4021
1914 4021
1952 4021
1931 4021
1466 4021
2003 4021
3501 4021
3263 4021
3676 4021
2661 4021
2800 4021
2523 4021
1544 4021
4021 4977
2370 4021
2595 4021
4021 4300
3151 4021
4021 4685
2999 4021
3576 4021
4021 4816
1226 4021
2121 4021
4021 4235
2793 4021
2850 4021
1392 4021
429 4021
3280 4021
2894 4021
4021 4293
556 4021
3237 4021
411 4021
199 4021
1072 4021
4021 4745
3657 4021
4021 4521
3760 4021
1496 4021
601 4021
4021 4646
3185 4021
805 4021
4021 4708
2252 4021
3976 4021
1175 4021
3765 4021
768 4021
2837 4021
2105 4021
4021 4359
29 4021
3516 4021
3386 4021
780 4021
3823 4021
2137 4021
3056 4021
2195 4021
123 4021
3328 4021
3443 4021
1986 4021
1440 4021
4021 4353
1700 4021
1418 4021
3399 4021
4021 4022
1556 4021
4021 4618
2084 4021
3286 4021
4021 4634
1213 4021
4021 4852
332 4021
3052 4021
4021 4432
4021 4024
4021 4593
3914 4021
1947 4021
145 4021
2146 4021
1238 4021
53 4021
4021 4463
1856 4021
55 4021
1723 4021
2570 4021
1944 4021
2314 4021
3551 4021
2867 4021
2305 4021
3634 4021
1223 4021
4021 4119
919 4021
1054 4021
3886 4021
2917 4021
1483 4021
294 4021
3794 4021
2783 4021
3848 4021
3665 4021
3208 4021
856 4021
4021 4369
4021 4449
1097 4021
1414 4021
2752 4021
3853 4021
3737 4021
4021 4467
2077 4021
658 4021
4021 4064
3121 4021
3029 4021
1573 4021
4021 4392
2906 4021
3570 4021
4021 4743
653 4021
4021 4597
3267 4021
144 4021
4021 4278
4021 4507
1161 4021
1230 4021
2887 4021
4021 4107
2489 4021
3376 4021
1586 4021
941 4021
2341 4021
4021 4266
162 4021
325 4021
4021 4762
2113 4021
1956 4021
3337 4021
494 4021
3154 4021
1180 4021
3195 4021
4021 4955
728 4021
4021 4487
136 4021
3264 4021
328 4021
2153 4021
3784 4021
4021 4031
1613 4021
2071 4021
1104 4021
1246 4021
3745 4021
2109 4021
4021 4538
2642 4021
3828 4021
1069 4021
4021 4210
2127 4021
1432 4021
4021 4301
2149 4021
2940 4021
14 4021
2442 4021
4021 4771
2159 4021
1829 4021
999 4021
3063 4021
3587 4021
3528 4021
1357 4021
3507 4021
2610 4021
532 4021
1853 4021
4019 4021
4021 4932
3785 4021
455 4021
2247 4021
1480 4021
2203 4021
4021 4828
1287 4021
1576 4021
1118 4021
4008 4021
806 4021
3041 4021
1898 4021
2311 4021
82 4021
2496 4021
4021 4033
2760 4021
3046 4021
221 4021
2364 4021
1656 4021
2427 4021
3297 4021
2148 4021
1182 4021
4021 4103
3897 4021
4021 4975
4021 4604
2831 4021
1600 4021
689 4021
1691 4021
4021 4456
2814 4021
1479 4021
479 4021
1666 4021
3568 4021
4021 4141
876 4021
4021 4793
2989 4021
590 4021
1422 4021
2418 4021
2932 4021
482 4021
4021 4879
3015 4021
39 4021
4021 4247
3072 4021
2238 4021
555 4021
1649 4021
3751 4021
4021 4830
304 4021
2469 4021
431 4021
4021 4965
256 4021
3931 4021
3108 4021
993 4021
4021 4655
3567 4021
3606 4021
4021 4954
4021 4335
4021 4810
3968 4021
125 4021
587 4021
4021 4760
4021 4598
1010 4021
3710 4021
1503 4021
4021 4960
4021 4486
261 4021
1032 4021
1351 4021
2338 4021
2791 4021
1563 4021
2687 4021
1371 4021
568 4021
3628 4021
1686 4021
3609 4021
2177 4021
2410 4021
1474 4021
1577 4021
2694 4021
3813 4021
2089 4021
1775 4021
2594 4021
1355 4021
2050 4021
4021 4613
4021 4262
2171 4021
409 4021
790 4021
3406 4021
2729 4021
2607 4021
911 4021
1849 4021
2921 4021
2054 4021
3157 4021
4021 4238
2327 4021
3350 4021
1095 4021
672 4021
4021 4669
739 4021
297 4021
1252 4021
1906 4021
908 4021
130 4021
312 4021
3527 4021
1912 4021
1783 4021
100 4021
2007 4021
4021 4499
1326 4021
3032 4021
3490 4021
3796 4021
909 4021
2342 4021
2360 4021
1874 4021
267 4021
1458 4021
2569 4021
1671 4021
3077 4021
3816 4021
4021 4606
4021 4511
1169 4021
4021 4382
2368 4021
2163 4021
2745 4021
4021 4574
250 4021
640 4021
3846 4021
4021 4922
3202 4021
1755 4021
3534 4021
1426 4021
1319 4021
4021 4901
1443 4021
3234 4021
1840 4021
4021 4671
4021 4275
720 4021
630 4021
2965 4021
990 4021
3207 4021
205 4021
3340 4021
3504 4021
2450 4021
1957 4021
917 4021
875 4021
38 4021
3830 4021
2294 4021
3248 4021
1836 4021
4021 4659
3827 4021
1583 4021
1307 4021
3049 4021
3472 4021
691 4021
1987 4021
3361 4021
2269 4021
3556 4021
4021 4203
4021 4529
2343 4021
2816 4021
4021 4029
4021 4818
4004 4021
4021 4041
3721 4021
1992 4021
213 4021
1852 4021
1879 4021
3817 4021
3843 4021
1098 4021
1008 4021
196 4021
2299 4021
4021 4764
4021 4906
3895 4021
386 4021
4021 4229
751 4021
3155 4021
1759 4021
4021 4318
2841 4021
4021 4754
628 4021
2000 4021
4021 4884
2759 4021
3270 4021
674 4021
492 4021
2703 4021
4021 4713
4021 4340
4021 4869
848 4021
4021 4327
1037 4021
3615 4021
4021 4795
969 4021
3887 4021
4021 4186
3938 4021
3085 4021
3100 4021
1322 4021
3101 4021
1485 4021
3738 4021
4021 4943
430 4021
3512 4021
4021 4137
1174 4021
3178 4021
4021 4328
3631 4021
3137 4021
1925 4021
2347 4021
4021 4106
1907 4021
982 4021
4021 4329
3766 4021
3299 4021
2588 4021
1310 4021
4021 4930
2458 4021
3062 4021
3351 4021
4021 4913
2053 4021
3985 4021
1548 4021
2707 4021
2022 4021
3271 4021
4021 4543
3411 4021
2624 4021
4021 4951
3440 4021
2468 4021
4021 4872
4021 4423
2632 4021
3868 4021
3539 4021
4021 4176
4021 4898
594 4021
4021 4201
57 4021
992 4021
383 4021
2849 4021
1551 4021
1645 4021
3898 4021
4021 4413
3465 4021
2106 4021
2517 4021
1455 4021
270 4021
1311 4021
3471 4021
3019 4021
4021 4578
4021 4352
3110 4021
2896 4021
3320 4021
423 4021
2471 4021
1261 4021
1942 4021
2840 4021
2898 4021
487 4021
1798 4021
1705 4021
3347 4021
517 4021
2060 4021
660 4021
4021 4698
778 4021
3492 4021
3419 4021
367 4021
3344 4021
87 4021
4021 4929
1939 4021
2052 4021
914 4021
2669 4021
3479 4021
71 4021
3149 4021
1071 4021
741 4021
4021 4436
3862 4021
1960 4021
4021 4051
1441 4021
707 4021
1500 4021
4021 4889
4021 4798
585 4021
4021 4115
2683 4021
3356 4021
3644 4021
631 4021
1560 4021
4021 4575
371 4021
1120 4021
4021 4161
4021 4245
3188 4021
459 4021
1106 4021
1400 4021
3482 4021
110 4021
4021 4524
1464 4021
3903 4021
2367 4021
3683 4021
2374 4021
276 4021
2718 4021
1224 4021
2369 4021
3039 4021
679 4021
682 4021
616 4021
539 4021
4021 4232
4021 4876
1303 4021
153 4021
1327 4021
1734 4021
118 4021
2394 4021
3694 4021
4021 4506
3928 4021
2263 4021
633 4021
3805 4021
1361 4021
894 4021
3693 4021
3329 4021
4021 4191
2702 4021
927 4021
2004 4021
94 4021
4021 4530
393 4021
2439 4021
2905 4021
910 4021
204 4021
3028 4021
3623 4021
1915 4021
709 4021
1815 4021
1882 4021
1306 4021
4021 4611
3750 4021
2160 4021
4021 4056
3456 4021
4021 4080
4021 4912
4021 4046
4021 4715
2614 4021
4021 4865
3833 4021
3515 4021
150 4021
4021 4775
1535 4021
1799 4021
1811 4021
4021 4104
2521 4021
1904 4021
4021 4926
4021 4886
892 4021
3002 4021
263 4021
837 4021
789 4021
935 4021
3860 4021
3158 4021
4021 4497
1499 4021
2581 4021
151 4021
1662 4021
2875 4021
872 4021
4021 4666
1606 4021
2416 4021
1687 4021
1141 4021
2028 4021
3506 4021
1381 4021
2689 4021
1334 4021
2599 4021
2399 4021
3873 4021
629 4021
4021 4855
2433 4021
2481 4021
1652 4021
1454 4021
1965 4021
292 4021
202 4021
2155 4021
64 4021
2032 4021
4021 4784
1761 4021
1777 4021
4021 4287
4021 4551
1988 4021
252 4021
1591 4021
830 4021
3590 4021
4005 4021
4021 4319
1624 4021
2006 4021
3047 4021
62 4021
3134 4021
3126 4021
3841 4021
86 4021
3405 4021
3075 4021
1401 4021
2641 4021
2864 4021
1605 4021
2340 4021
2213 4021
1460 4021
2395 4021
1462 4021
3038 4021
654 4021
464 4021
354 4021
3175 4021
3317 4021
1378 4021
1619 4021
120 4021
2434 4021
1217 4021
1824 4021
1247 4021
4021 4782
2454 4021
2099 4021
135 4021
1803 4021
3073 4021
2536 4021
4021 4156
4021 4135
3529 4021
4021 4904
1599 4021
3064 4021
3882 4021
2191 4021
4021 4473
1877 4021
2615 4021
4021 4916
346 4021
1271 4021
2604 4021
2373 4021
2980 4021
4021 4443
2315 4021
1786 4021
4021 4405
2670 4021
418 4021
3203 4021
4021 4339
550 4021
2790 4021
4021 4250
1277 4021
2592 4021
4021 4171
2361 4021
2952 4021
4021 4288
426 4021
3748 4021
665 4021
3396 4021
3222 4021
2858 4021
1374 4021
4021 4241
3820 4021
1596 4021
3544 4021
273 4021
2673 4021
156 4021
2088 4021
3851 4021
4021 4989
4021 4337
4021 4643
1335 4021
4021 4124
1497 4021
1370 4021
4021 4364
4021 4883
3682 4021
1221 4021
4021 4063
171 4021
1938 4021
443 4021
3947 4021
4021 4577
4021 4481
3403 4021
2659 4021
277 4021
3246 4021
4021 4477
1365 4021
2949 4021
937 4021
562 4021
1651 4021
3953 4021
4021 4532
1933 4021
4021 4931
445 4021
3467 4021
1282 4021
3753 4021
2072 4021
47 4021
3275 4021
565 4021
1248 4021
3067 4021
2283 4021
3236 4021
1117 4021
4021 4707
2509 4021
3645 4021
2164 4021
4021 4673
439 4021
3211 4021
2124 4021
141 4021
3839 4021
1049 4021
3301 4021
2165 4021
2265 4021
3452 4021
3844 4021
2190 4021
2233 4021
2994 4021
3658 4021
425 4021
3726 4021
1843 4021
2285 4021
1770 4021
2545 4021
4021 4812
1983 4021
1880 4021
3569 4021
4021 4569
4021 4071
2274 4021
4021 4949
3991 4021
1940 4021
888 4021
2284 4021
559 4021
3629 4021
3065 4021
4021 4147
4021 4100
404 4021
4021 4773
2971 4021
2131 4021
4011 4021
4021 4993
2859 4021
595 4021
2152 4021
1754 4021
1024 4021
3087 4021
1168 4021
4021 4174
2087 4021
886 4021
2922 4021
3906 4021
4021 4192
2663 4021
1584 4021
106 4021
2139 4021
779 4021
4021 4054
121 4021
3382 4021
348 4021
4021 4542
3708 4021
1571 4021
2474 4021
4021 4544
1861 4021
761 4021
1255 4021
3390 4021
147 4021
401 4021
3643 4021
1383 4021
1979 4021
3633 4021
4021 4381
1091 4021
763 4021
2145 4021
3375 4021
611 4021
3583 4021
2441 4021
1209 4021
1196 4021
2457 4021
1473 4021
3116 4021
3904 4021
2756 4021
2387 4021
1595 4021
1344 4021
4017 4021
3251 4021
4021 4641
4021 4169
1948 4021
2757 4021
3496 4021
2738 4021
3973 4021
3845 4021
1527 4021
1492 4021
2699 4021
1139 4021
3850 4021
4021 4267
2617 4021
503 4021
3364 4021
3632 4021
4021 4500
4021 4980
923 4021
2531 4021
4021 4189
3282 4021
4021 4139
2215 4021
1870 4021
1216 4021
4021 4205
2839 4021
3661 4021
3650 4021
2711 4021
3163 4021
4021 4903
605 4021
827 4021
2549 4021
1564 4021
2227 4021
961 4021
1661 4021
3561 4021
2491 4021
2103 4021
3242 4021
608 4021
2286 4021
3722 4021
192 4021
3444 4021
4021 4661
422 4021
600 4021
3824 4021
2093 4021
1364 4021
816 4021
4021 4690
3118 4021
956 4021
2321 4021
2609 4021
3536 4021
347 4021
480 4021
4021 4502
1187 4021
697 4021
4021 4718
3372 4021
3367 4021
257 4021
329 4021
3209 4021
785 4021
4021 4882
34 4021
1963 4021
2479 4021
4021 4823
102 4021
28 4021
2404 4021
3162 4021
99 4021
2090 4021
1788 4021
2596 4021
3543 4021
3950 4021
2192 4021
2230 4021
3323 4021
1516 4021
4021 4037
2824 4021
1769 4021
3837 4021
1292 4021
3477 4021
3934 4021
952 4021
4021 4215
4021 4346
1688 4021
2122 4021
1791 4021
647 4021
285 4021
4021 4246
4021 4668
3786 4021
2405 4021
2365 4021
3421 4021
3972 4021
3239 4021
4021 4842
4021 4838
2691 4021
4021 4729
3770 4021
3425 4021
4021 4088
1338 4021
895 4021
3434 4021
745 4021
546 4021
1598 4021
4021 4254
2426 4021
1350 4021
2630 4021
343 4021
253 4021
2811 4021
835 4021
2792 4021
3374 4021
1533 4021
1934 4021
210 4021
3996 4021
2815 4021
477 4021
4021 4724
602 4021
3808 4021
4021 4138
3740 4021
1079 4021
3008 4021
3818 4021
2245 4021
3659 4021
2782 4021
4021 4048
581 4021
36 4021
1578 4021
2838 4021
1067 4021
3059 4021
4021 4522
2424 4021
2879 4021
4021 4625
3775 4021
3979 4021
1130 4021
456 4021
3186 4021
2990 4021
2449 4021
2372 4021
4021 4755
75 4021
4021 4415
3638 4021
4021 4376
4021 4483
649 4021
4021 4564
313 4021
4021 4239
4021 4367
460 4021
4021 4384
3869 4021
2647 4021
3469 4021
2249 4021
596 4021
1088 4021
2502 4021
2762 4021
4021 4425
3835 4021
1347 4021
3562 4021
3220 4021
2996 4021
2754 4021
548 4021
1627 4021
1637 4021
2555 4021
124 4021
1220 4021
519 4021
1954 4021
3196 4021
218 4021
4021 4748
1084 4021
760 4021
112 4021
2198 4021
4021 4821
1372 4021
4021 4243
1875 4021
4021 4185
4021 4494
1231 4021
1913 4021
4021 4759
4021 4166
818 4021
4021 4098
1250 4021
3450 4021
3585 4021
786 4021
1978 4021
541 4021
2432 4021
3224 4021
4021 4964
874 4021
842 4021
4021 4739
528 4021
3343 4021
3531 4021
3596 4021
1620 4021
4021 4730
1387 4021
2306 4021
973 4021
4021 4672
389 4021
4021 4777
457 4021
3413 4021
3793 4021
3891 4021
3021 4021
3218 4021
1487 4021
4021 4159
2147 4021
4021 4371
1816 4021
942 4021
1794 4021
2110 4021
2219 4021
3519 4021
1782 4021
4021 4863
3554 4021
4021 4952
3977 4021
227 4021
85 4021
3311 4021
3109 4021
2179 4021
666 4021
4021 4509
1197 4021
696 4021
4021 4260
4021 4444
1519 4021
2174 4021
802 4021
1812 4021
2951 4021
4021 4493
3225 4021
3509 4021
846 4021
879 4021
4021 4431
1105 4021
4021 4123
2574 4021
3394 4021
1301 4021
1839 4021
1204 4021
2040 4021
3383 4021
2062 4021
2778 4021
3930 4021
4021 4148
3982 4021
4021 4084
4021 4354
4021 4059
3599 4021
1569 4021
3729 4021
2186 4021
119 4021
122 4021
2746 4021
3893 4021
2381 4021
4021 4411
1582 4021
1244 4021
2833 4021
4021 4112
4021 4664
4021 4568
1629 4021
1382 4021
2440 4021
35 4021
4021 4520
1076 4021
712 4021
2972 4021
3881 4021
4021 4154
1772 4021
4021 4656
3300 4021
4021 4510
1810 4021
1733 4021
3132 4021
2480 4021
2832 4021
1183 4021
3617 4021
3371 4021
3006 4021
3923 4021
1477 4021
2448 4021
4021 4534
963 4021
3082 4021
2708 4021
1273 4021
4021 4585
4021 4095
4021 4763
2201 4021
4021 4789
2045 4021
938 4021
1614 4021
787 4021
4021 4825
305 4021
769 4021
3339 4021
753 4021
1632 4021
3023 4021
1015 4021
1123 4021
220 4021
2931 4021
1932 4021
1545 4021
4021 4878
2817 4021
3626 4021
4021 4128
398 4021
4021 4948
1360 4021
688 4021
2261 4021
1042 4021
1669 4021
1450 4021
2490 4021
2123 4021
4021 4832
295 4021
3223 4021
1801 4021
1998 4021
3597 4021
233 4021
1237 4021
3198 4021
3608 4021
1949 4021
1716 4021
949 4021
920 4021
2061 4021
3875 4021
3013 4021
4021 4144
2819 4021
2677 4021
4021 4747
3755 4021
4021 4451
31 4021
2492 4021
3771 4021
3117 4021
238 4021
246 4021
4021 4407
2079 4021
4021 4277
2067 4021
3806 4021
1300 4021
1767 4021
1453 4021
566 4021
1623 4021
4021 4422
341 4021
2196 4021
3961 4021
662 4021
41 4021
2593 4021
3446 4021
3747 4021
89 4021
1631 4021
3115 4021
2008 4021
839 4021
2034 4021
1617 4021
4021 4871
4021 4090
2125 4021
4021 4905
543 4021
1726 4021
3136 4021
307 4021
1429 4021
1451 4021
444 4021
4021 4336
926 4021
4021 4944
2528 4021
4021 4058
4021 4986
142 4021
4021 4843
2909 4021
3936 4021
219 4021
3342 4021
3719 4021
588 4021
4021 4535
1437 4021
3814 4021
2296 4021
3217 4021
803 4021
1191 4021
1060 4021
2645 4021
4021 4753
3060 4021
1234 4021
2317 4021
3042 4021
2157 4021
4021 4282
2813 4021
2597 4021
2889 4021
1131 4021
4021 4959
4021 4220
626 4021
2094 4021
2662 4021
4021 4808
3089 4021
4021 4985
1720 4021
2534 4021
989 4021
4021 4545
4021 4143
1359 4021
733 4021
2114 4021
2857 4021
3261 4021
2257 4021
904 4021
223 4021
841 4021
3518 4021
185 4021
1018 4021
3354 4021
3388 4021
3821 4021
2475 4021
1900 4021
655 4021
1434 4021
1610 4021
3670 4021
943 4021
2997 4021
95 4021
1850 4021
2627 4021
4021 4840
1476 4021
163 4021
4021 4603
3291 4021
2795 4021
1550 4021
4021 4150
4021 4501
1410 4021
504 4021
4018 4021
2590 4021
1375 4021
4021 4341
1111 4021
77 4021
4021 4259
4021 4216
1264 4021
4021 4978
4016 4021
12 4021
4021 4806
103 4021
2383 4021
944 4021
2891 4021
2724 4021
2682 4021
3210 4021
4021 4116
3970 4021
1708 4021
1126 4021
4021 4716
788 4021
349 4021
833 4021
3368 4021
1064 4021
2151 4021
1232 4021
4021 4994
642 4021
1108 4021
2714 4021
1676 4021
1846 4021
2076 4021
4021 4995
505 4021
4021 4539
1152 4021
610 4021
293 4021
2248 4021
2797 4021
17 4021
502 4021
2655 4021
1762 4021
1883 4021
1190 4021
4021 4632
3648 4021
448 4021
1218 4021
1524 4021
2845 4021
4021 4253
1330 4021
2310 4021
3787 4021
4021 4409
248 4021
1719 4021
4021 4650
4021 4076
2112 4021
770 4021
2556 4021
4021 4495
960 4021
1718 4021
3422 4021
4021 4108
1459 4021
3791 4021
2575 4021
2530 4021
1518 4021
1744 4021
4021 4068
104 4021
3521 4021
2330 4021
368 4021
4021 4935
3578 4021
3912 4021
2903 4021
2600 4021
4021 4066
775 4021
4021 4167
2403 4021
3859 4021
1615 4021
1411 4021
189 4021
4021 4320
413 4021
3304 4021
1554 4021
2288 4021
1636 4021
1031 4021
4021 4402
3559 4021
3184 4021
3307 4021
4021 4479
3798 4021
4021 4565
384 4021
4021 4639
721 4021
828 4021
757 4021
922 4021
2747 4021
2389 4021
1818 4021
4021 4742
177 4021
3412 4021
650 4021
2954 4021
1553 4021
740 4021
2243 4021
360 4021
215 4021
239 4021
265 4021
272 4021
4021 4687
2766 4021
2098 4021
3360 4021
1137 4021
4021 4779
750 4021
1309 4021
4021 4251
3031 4021
378 4021
4021 4835
4021 4536
589 4021
2522 4021
936 4021
3398 4021
1628 4021
860 4021
2018 4021
1158 4021
1873 4021
4021 4987
4021 4429
1903 4021
2068 4021
1679 4021
244 4021
1855 4021
251 4021
4021 4446
1119 4021
1985 4021
814 4021
3966 4021
2065 4021
3636 4021
4021 4136
300 4021
3581 4021
4021 4907
2764 4021
2953 4021
2843 4021
1505 4021
1315 4021
4021 4302
2873 4021
3902 4021
2720 4021
3266 4021
3563 4021
1902 4021
3312 4021
1608 4021
4021 4309
3180 4021
1304 4021
2944 4021
4021 4437
3160 4021
4021 4653
4021 4424
3840 4021
2667 4021
569 4021
4021 4792
3908 4021
4021 4344
4021 4703
836 4021
1967 4021
2821 4021
4021 4280
2276 4021
37 4021
4021 4983
618 4021
3080 4021
392 4021
1077 4021
415 4021
868 4021
1685 4021
2002 4021
3876 4021
1930 4021
2646 4021
32 4021
2541 4021
4021 4880
435 4021
2464 4021
514 4021
766 4021
357 4021
406 4021
3346 4021
1070 4021
1156 4021
574 4021
2560 4021
1439 4021
637 4021
3702 4021
2486 4021
2025 4021
620 4021
4021 4567
3177 4021
2613 4021
522 4021
1085 4021
4021 4595
2329 4021
4021 4468
1806 4021
2586 4021
4021 4554
807 4021
1046 4021
4021 4231
3489 4021
3433 4021
597 4021
2063 4021
2086 4021
4021 4410
3146 4021
3206 4021
2998 4021
3723 4021
400 4021
2308 4021
2784 4021
3457 4021
2431 4021
3884 4021
997 4021
4021 4651
1146 4021
1996 4021
4021 4630
953 4021
316 4021
1463 4021
722 4021
1680 4021
3526 4021
1270 4021
925 4021
4021 4693
2212 4021
3442 4021
1752 4021
4021 4053
1833 4021
730 4021
4021 4702
980 4021
4021 4263
3907 4021
2658 4021
249 4021
420 4021
3667 4021
3754 4021
4021 4800
1893 4021
747 4021
1552 4021
4021 4556
1099 4021
4021 4180
1521 4021
4021 4199
52 4021
1730 4021
834 4021
1622 4021
4021 4125
2978 4021
510 4021
755 4021
1369 4021
421 4021
376 4021
820 4021
2810 4021
3133 4021
3153 4021
217 4021
1964 4021
4021 4988
1081 4021
311 4021
604 4021
4021 4608
4021 4255
4021 4600
4021 4313
4021 4758
735 4021
1186 4021
3141 4021
4021 4490
2070 4021
1504 4021
3228 4021
3142 4021
950 4021
1743 4021
906 4021
2376 4021
419 4021
3358 4021
939 4021
2242 4021
3306 4021
3927 4021
3219 4021
3326 4021
474 4021
900 4021
1170 4021
4021 4397
4021 4316
2693 4021
714 4021
4021 4471
2874 4021
986 4021
3671 4021
3832 4021
4021 4540
2587 4021
149 4021
4021 4774
694 4021
4021 4726
266 4021
4021 4198
1517 4021
4021 4909
44 4021
3192 4021
4021 4389
1257 4021
1864 4021
958 4021
583 4021
1490 4021
3169 4021
3190 4021
929 4021
1340 4021
4021 4859
2355 4021
4021 4738
3892 4021
1911 4021
4021 4036
372 4021
1860 4021
4021 4791
3854 4021
907 4021
3954 4021
4021 4204
776 4021
4021 4591
2470 4021
612 4021
4021 4145
4021 4870
1481 4021
701 4021
540 4021
651 4021
2014 4021
4021 4636
862 4021
2551 4021
498 4021
1970 4021
2543 4021
437 4021
4021 4728
2041 4021
4021 4895
2725 4021
3243 4021
1641 4021
432 4021
2516 4021
236 4021
3949 4021
664 4021
2692 4021
4021 4366
1385 4021
4021 4934
296 4021
2193 4021
4021 4162
3701 4021
2525 4021
1336 4021
3106 4021
3055 4021
3829 4021
657 4021
1036 4021
4021 4804
3687 4021
2601 4021
506 4021
2222 4021
1154 4021
873 4021
4021 4188
1368 4021
129 4021
1258 4021
2279 4021
4021 4644
1135 4021
280 4021
1298 4021
1784 4021
4021 4686
3391 4021
4021 4040
323 4021
1742 4021
4001 4021
3589 4021
1593 4021
1266 4021
547 4021
3993 4021
362 4021
1738 4021
2312 4021
2519 4021
525 4021
407 4021
1149 4021
388 4021
79 4021
173 4021
3020 4021
2335 4021
784 4021
1447 4021
4021 4078
2259 4021
2026 4021
2801 4021
2281 4021
397 4021
971 4021
4021 4621
1753 4021
4021 4091
4021 4573
3586 4021
4021 4765
4021 4633
4021 4814
3616 4021
3698 4021
584 4021
772 4021
2208 4021
4021 4460
481 4021
2854 4021
3767 4021
3542 4021
756 4021
2332 4021
4021 4114
2621 4021
1682 4021
1263 4021
3858 4021
4021 4447
1006 4021
552 4021
534 4021
2636 4021
4021 4887
4021 4308
627 4021
3189 4021
1813 4021
3788 4021
1162 4021
2029 4021
699 4021
880 4021
4021 4781
3418 4021
4021 4026
379 4021
3338 4021
70 4021
533 4021
4021 4699
1225 4021
3579 4021
4021 4627
4021 4925
4021 4888
1345 4021
2750 4021
2918 4021
1506 4021
603 4021
1467 4021
1308 4021
2721 4021
4021 4450
1575 4021
3761 4021
51 4021
469 4021
2650 4021
3493 4021
3245 4021
1633 4021
2020 4021
526 4021
3365 4021
4021 4442
822 4021
1318 4021
1976 4021
3929 4021
1457 4021
3341 4021
891 4021
1240 4021
1982 4021
2876 4021
4021 4079
560 4021
2619 4021
4021 4069
4021 4566
4021 4042
2119 4021
3983 4021
4021 4696
1329 4021
731 4021
2388 4021
4021 4419
1958 4021
4021 4874
2228 4021
3825 4021
4021 4075
824 4021
673 4021
3016 4021
226 4021
1694 4021
2472 4021
4021 4547
2363 4021
4021 4061
4021 4958
3066 4021
1074 4021
187 4021
1541 4021
2240 4021
1890 4021
2930 4021
4021 4942
2681 4021
2304 4021
1568 4021
3742 4021
1878 4021
3274 4021
3555 4021
157 4021
1044 4021
4021 4705
2589 4021
1461 4021
3268 4021
501 4021
3385 4021
4021 4848
3310 4021
2901 4021
2710 4021
2881 4021
758 4021
2862 4021
1323 4021
1171 4021
4021 4427
3733 4021
1526 4021
2455 4021
1289 4021
2753 4021
4021 4322
1626 4021
3335 4021
4021 4284
4021 4297
2301 4021
2684 4021
752 4021
1749 4021
3592 4021
3112 4021
1178 4021
3505 4021
3769 4021
206 4021
3714 4021
396 4021
3651 4021
4021 4459
3145 4021
2780 4021
2429 4021
3711 4021
476 4021
2983 4021
414 4021
3673 4021
3349 4021
3924 4021
2503 4021
2415 4021
3779 4021
670 4021
3605 4021
3916 4021
4021 4406
4021 4052
4021 4969
3454 4021
1358 4021
1402 4021
983 4021
454 4021
4021 4815
2851 4021
661 4021
4021 4592
3445 4021
4021 4049
2221 4021
2336 4021
4021 4383
4021 4548
3899 4021
4021 4438
2578 4021
1502 4021
308 4021
2273 4021
977 4021
2258 4021
744 4021
2802 4021
3076 4021
1922 4021
881 4021
2844 4021
1254 4021
2768 4021
634 4021
3700 4021
1177 4021
333 4021
3552 4021
3690 4021
1296 4021
2788 4021
3792 4021
3625 4021
1760 4021
4021 4776
1881 4021
114 4021
203 4021
4021 4453
4021 4658
4021 4976
686 4021
3692 4021
4021 4680
385 4021
4021 4720
161 4021
2046 4021
2287 4021
3728 4021
3782 4021
1823 4021
586 4021
4021 4875
2260 4021
1557 4021
1272 4021
987 4021
336 4021
1501 4021
9 4021
4021 4770
711 4021
1731 4021
883 4021
1092 4021
4021 4227
801 4021
3260 4021
1894 4021
4021 4324
2235 4021
4021 4435
2950 4021
1116 4021
4021 4667
1590 4021
1974 4021
1703 4021
394 4021
1847 4021
2436 4021
857 4021
1732 4021
3227 4021
2974 4021
4021 4093
88 4021
678 4021
4021 4714
3932 4021
2064 4021
440 4021
3238 4021
453 4021
1848 4021
2695 4021
812 4021
4021 4474
4021 4298
1023 4021
1638 4021
3574 4021
230 4021
2827 4021
3565 4021
1446 4021
2183 4021
2542 4021
1789 4021
2611 4021
2651 4021
200 4021
2290 4021
1961 4021
832 4021
1611 4021
4021 4151
4021 4794
746 4021
1780 4021
4021 4244
3172 4021
4021 4819
433 4021
3756 4021
4021 4665
2567 4021
3098 4021
4021 4225
363 4021
1672 4021
1714 4021
2706 4021
3276 4021
3691 4021
3183 4021
4021 4183
531 4021
344 4021
4021 4796
452 4021
321 4021
4021 4387
4021 4117
4021 4248
2626 4021
1587 4021
3532 4021
838 4021
4021 4314
3522 4021
2527 4021
4021 4778
1892 4021
1436 4021
3922 4021
1607 4021
391 4021
3051 4021
1471 4021
1594 4021
275 4021
2656 4021
4021 4553
2246 4021
4021 4303
676 4021
3428 4021
4021 4514
2350 4021
1367 4021
1001 4021
2024 4021
2346 4021
1208 4021
3935 4021
1966 4021
719 4021
3978 4021
1425 4021
2886 4021
2666 4021
2803 4021
1648 4021
1245 4021
4021 4663
4021 4342
844 4021
1832 4021
3230 4021
3111 4021
3880 4021
318 4021
3524 4021
2073 4021
4021 4219
3193 4021
1415 4021
182 4021
2680 4021
1876 4021
683 4021
1919 4021
4021 4252
1923 4021
523 4021
847 4021
826 4021
1 4021
4021 4688
485 4021
1831 4021
3913 4021
1776 4021
3057 4021
580 4021
1110 4021
4021 4202
330 4021
1792 4021
3593 4021
3332 4021
2354 4021
3573 4021
4021 4557
898 4021
4021 4129
1660 4021
2550 4021
1014 4021
2143 4021
3852 4021
3939 4021
493 4021
4021 4291
4021 4861
2218 4021
1695 4021
2668 4021
994 4021
4002 4021
3940 4021
2031 4021
4021 4211
845 4021
4021 4767
3877 4021
2371 4021
575 4021
4021 4711
1612 4021
1565 4021
4021 4368
4021 4963
3871 4021
1475 4021
3763 4021
2391 4021
1314 4021
1675 4021
2170 4021
2167 4021
365 4021
4021 4126
1512 4021
1538 4021
4021 4212
229 4021
3857 4021
1566 4021
4021 4679
4021 4221
2910 4021
451 4021
2515 4021
1609 4021
2880 4021
2331 4021
4021 4580
155 4021
3491 4021
4021 4992
3370 4021
43 4021
175 4021
2270 4021
1625 4021
4021 4736
1172 4021
3810 4021
2785 4021
299 4021
4021 4526
1495 4021
3384 4021
4021 4496
2554 4021
1530 4021
4021 4579
2755 4021
1750 4021
1766 4021
2608 4021
940 4021
954 4021
2915 4021
4021 4190
2135 4021
3511 4021
3649 4021
3646 4021
1189 4021
1644 4021
2104 4021
1112 4021
734 4021
1061 4021
3043 4021
2941 4021
3135 4021
4021 4045
695 4021
2241 4021
465 4021
2643 4021
2085 4021
4021 4027
2773 4021
1802 4021
3951 4021
1710 4021
1205 4021
2563 4021
78 4021
3369 4021
139 4021
3226 4021
101 4021
1328 4021
1507 4021
639 4021
60 4021
1975 4021
1664 4021
2985 4021
3637 4021
2199 4021
3538 4021
441 4021
1035 4021
3572 4021
724 4021
2132 4021
4021 4609
279 4021
2727 4021
1349 4021
2671 4021
1285 4021
2116 4021
4021 4345
4021 4030
4021 4398
913 4021
599 4021
1278 4021
804 4021
1729 4021
2280 4021
2544 4021
3980 4021
3315 4021
4021 4505
1886 4021
773 4021
3314 4021
1293 4021
2401 4021
2323 4021
2774 4021
1943 4021
3776 4021
1147 4021
2082 4021
2987 4021
4021 4372
743 4021
1101 4021
1179 4021
4021 4801
2038 4021
403 4021
436 4021
578 4021
606 4021
1601 4021
1299 4021
1820 4021
3607 4021
1830 4021
2414 4021
4021 4910
1561 4021
2200 4021
2397 4021
1341 4021
4021 4149
3889 4021
4021 4209
2421 4021
2251 4021
2579 4021
2187 4021
1153 4021
2758 4021
2988 4021
3380 4021
677 4021
4021 4214
1039 4021
652 4021
2173 4021
3621 4021
1397 4021
134 4021
1235 4021
4021 4434
287 4021
3855 4021
1635 4021
4021 4264
3143 4021
3094 4021
2741 4021
4021 4355
3024 4021
1421 4021
2963 4021
2512 4021
3547 4021
663 4021
3865 4021
561 4021
2128 4021
1043 4021
4021 4678
2202 4021
3847 4021
991 4021
4021 4099
4021 4370
3639 4021
3129 4021
1971 4021
3975 4021
1872 4021
3048 4021
2969 4021
979 4021
2445 4021
2769 4021
2428 4021
186 4021
2564 4021
4021 4482
2929 4021
974 4021
723 4021
3523 4021
438 4021
2506 4021
108 4021
2446 4021
2620 4021
738 4021
3541 4021
737 4021
3285 4021
470 4021
1280 4021
3229 4021
2477 4021
564 4021
623 4021
4021 4472
3812 4021
4021 4725
1394 4021
799 4021
3330 4021
1201 4021
303 4021
853 4021
1757 4021
946 4021
1717 4021
2078 4021
4021 4060
3695 4021
2732 4021
2806 4021
1969 4021
4021 4478
2049 4021
4021 4330
3577 4021
800 4021
1423 4021
2234 4021
2303 4021
132 4021
4021 4741
3804 4021
2748 4021
3540 4021
878 4021
3233 4021
4021 4785
4021 4962
271 4021
4021 4237
25 4021
3462 4021
864 4021
4021 4772
527 4021
224 4021
1028 4021
3078 4021
3152 4021
1115 4021
2039 4021
2297 4021
2740 4021
4021 4601
18 4021
4021 4492
1427 4021
4021 4920
4012 4021
1926 4021
3164 4021
577 4021
319 4021
1017 4021
2913 4021
4021 4846
1317 4021
544 4021
472 4021
759 4021
1817 4021
1701 4021
1140 4021
302 4021
4021 4839
2156 4021
3992 4021
2665 4021
4021 4769
1324 4021
339 4021
2422 4021
1207 4021
3668 4021
681 4021
3415 4021
90 4021
1122 4021
4021 4616
1176 4021
1009 4021
289 4021
3715 4021
4021 4118
4021 4622
2357 4021
4021 4089
1581 4021
4021 4152
3187 4021
2091 4021
2154 4021
4021 4072
4021 4700
3182 4021
1866 4021
4021 4737
4021 4193
2478 4021
2552 4021
4021 4323
1262 4021
4021 4850
4021 4421
1484 4021
2380 4021
3831 4021
4021 4491
1885 4021
4021 4120
4021 4350
687 4021
4021 4187
1027 4021
2417 4021
3867 4021
2499 4021
1412 4021
3741 4021
513 4021
1419 4021
483 4021
3099 4021
4021 4858
4021 4285
4021 4697
3070 4021
3481 4021
4021 4096
2225 4021
4021 4596
1670 4021
791 4021
1062 4021
1435 4021
1868 4021
1523 4021
1219 4021
4021 4092
3122 4021
3168 4021
2178 4021
2883 4021
1297 4021
1275 4021
509 4021
2081 4021
4021 4619
4021 4682
1134 4021
4021 4857
3801 4021
1862 4021
4021 4122
764 4021
3663 4021
3290 4021
42 4021
405 4021
1684 4021
2743 4021
4021 4296
3703 4021
4021 4891
2877 4021
4021 4938
237 4021
1549 4021
4021 4357
2435 4021
4021 4957
3746 4021
1363 4021
3600 4021
3416 4021
475 4021
63 4021
447 4021
2326 4021
2055 4021
1386 4021
2447 4021
1787 4021
4021 4623
4021 4504
1342 4021
1795 4021
4021 4645
3888 4021
1456 4021
2914 4021
3475 4021
3688 4021
4021 4363
1286 4021
2603 4021
2870 4021
2019 4021
4021 4617
3090 4021
2612 4021
3533 4021
4021 4488
4021 4032
4021 4294
4021 4485
4021 4133
412 4021
4021 4752
1184 4021
4021 4689
1114 4021
159 4021
1659 4021
3035 4021
3919 4021
2540 4021
2622 4021
1889 4021
867 4021
985 4021
809 4021
3296 4021
3292 4021
3200 4021
951 4021
176 4021
4021 4028
1980 4021
2096 4021
1737 4021
4021 4164
3451 4021
2779 4021
3159 4021
2742 4021
2375 4021
356 4021
4021 4740
840 4021
4021 4222
3964 4021
815 4021
4021 4047
3309 4021
3345 4021
1136 4021
4021 4706
3377 4021
4021 4517
3545 4021
2352 4021
4021 4734
3093 4021
4021 4847
278 4021
3426 4021
3191 4021
4021 4790
4021 4082
4021 4867
45 4021
373 4021
3069 4021
4021 4722
2634 4021
2629 4021
4021 4750
4021 4127
3959 4021
4021 4941
491 4021
4021 4588
4021 4541
3743 4021
3727 4021
4021 4662
4021 4273
3500 4021
1924 4021
2444 4021
795 4021
3952 4021
331 4021
4021 4928
2820 4021
324 4021
3946 4021
342 4021
3764 4021
1416 4021
1100 4021
3689 4021
692 4021
1016 4021
1764 4021
3730 4021
3102 4021
4021 4448
1508 4021
4021 4130
3684 4021
1905 4021
3036 4021
2719 4021
1785 4021
3459 4021
374 4021
4021 4086
1567 4021
2237 4021
4021 4675
4021 4710
2204 4021
2808 4021
2697 4021
538 4021
2937 4021
2488 4021
2674 4021
288 4021
3494 4021
2805 4021
2136 4021
1021 4021
2935 4021
370 4021
377 4021
4021 4756
258 4021
2161 4021
3279 4021
1797 4021
2005 4021
4021 4295
3395 4021
529 4021
3879 4021
1144 4021
3373 4021
1941 4021
3925 4021
1075 4021
825 4021
4021 4683
3476 4021
2236 4021
208 4021
181 4021
3011 4021
1547 4021
823 4021
3807 4021
3194 4021
369 4021
1555 4021
355 4021
1242 4021
1086 4021
4021 4168
1195 4021
3566 4021
2300 4021
3050 4021
3463 4021
2047 4021
4021 4356
3097 4021
3736 4021
4021 4533
3962 4021
858 4021
1256 4021
1809 4021
2319 4021
1354 4021
2715 4021
4021 4360
1699 4021
1702 4021
143 4021
3166 4021
410 4021
4021 4274
58 4021
1543 4021
4021 4414
4021 4966
762 4021
1222 4021
137 4021
4021 4102
2182 4021
3499 4021
3438 4021
4021 4900
3557 4021
1909 4021
995 4021
1193 4021
3001 4021
4021 4194
4021 4475
4021 4896
2686 4021
3061 4021
2675 4021
2846 4021
4021 4676
3838 4021
458 4021
1420 4021
228 4021
2562 4021
1525 4021
3610 4021
172 4021
3602 4021
4021 4917
4021 4307
4021 4391
169 4021
736 4021
234 4021
4021 4849
4021 4519
3389 4021
83 4021
4021 4990
4021 4851
3407 4021
4021 4067
4021 4208
3257 4021
727 4021
3140 4021
2882 4021
2533 4021
128 4021
3872 4021
449 4021
2842 4021
4021 4160
4021 4562
3357 4021
2398 4021
765 4021
2066 4021
4021 4927
1869 4021
1570 4021
518 4021
2407 4021
2316 4021
4021 4563
3603 4021
4021 4620
1283 4021
4021 4924
2466 4021
1066 4021
2571 4021
3734 4021
4021 4612
428 4021
146 4021
2437 4021
2582 4021
1745 4021
3125 4021
3654 4021
4021 4270
3799 4021
2835 4021
3986 4021
1121 4021
4021 4599
301 4021
1709 4021
317 4021
1291 4021
3981 4021
2888 4021
2101 4021
3054 4021
4000 4021
4021 4362
3103 4021
3204 4021
1339 4021
4021 4652
4021 4845
4021 4140
4021 4458
2030 4021
4021 4365
4021 4607
1000 4021
358 4021
2059 4021
116 4021
1838 4021
1090 4021
2908 4021
201 4021
1442 4021
3739 4021
1395 4021
2412 4021
1138 4021
2577 4021
3613 4021
2015 4021
495 4021
1030 4021
3128 4021
4021 4236
4021 4518
537 4021
4021 4813
4021 4070
4021 4132
2282 4021
2318 4021
1107 4021
4021 4155
3630 4021
1981 4021
2653 4021
2539 4021
1129 4021
4021 4257
1353 4021
2796 4021
4021 4968
794 4021
1055 4021
3281 4021
667 4021
3033 4021
164 4021
3627 4021
3355 4021
2822 4021
4021 4640
3819 4021
4021 4615
2390 4021
380 4021
849 4021
4021 4121
3652 4021
3530 4021
3669 4021
2751 4021
1276 4021
1045 4021
2467 4021
310 4021
2890 4021
4021 4374
1468 4021
3363 4021
4021 4044
183 4021
918 4021
2133 4021
2255 4021
2855 4021
4021 4709
2818 4021
4021 4182
184 4021
1653 4021
4021 4873
2142 4021
621 4021
1559 4021
259 4021
67 4021
2701 4021
4021 4766
3148 4021
3666 4021
4021 4094
1295 4021
2834 4021
1005 4021
2638 4021
4021 4831
4021 4937
1377 4021
2728 4021
2384 4021
3431 4021
948 4021
387 4021
3677 4021
2111 4021
1321 4021
1724 4021
1063 4021
1715 4021
4021 4226
1946 4021
3026 4021
1087 4021
3900 4021
3941 4021
2639 4021
3546 4021
1050 4021
1251 4021
4021 4788
3095 4021
553 4021
462 4021
877 4021
3910 4021
2210 4021
2899 4021
2036 4021
2130 4021
158 4021
3866 4021
3672 4021
2185 4021
2968 4021
3495 4021
4021 4695
1928 4021
3774 4021
2713 4021
2943 4021
4021 4657
4021 4717
282 4021
2995 4021
3262 4021
4021 4572
2717 4021
1083 4021
1990 4021
3269 4021
1052 4021
1899 4021
3674 4021
1057 4021
3079 4021
4021 4261
84 4021
2856 4021
4021 4276
725 4021
3171 4021
2616 4021
2083 4021
1736 4021
1796 4021
3437 4021
1445 4021
3680 4021
1424 4021
3918 4021
1068 4021
2919 4021
3461 4021
1493 4021
1536 4021
4021 4469
3550 4021
698 4021
945 4021
2325 4021
81 4021
4021 4452
3611 4021
1265 4021
1268 4021
3409 4021
4021 4581
1973 4021
4021 4338
2504 4021
3316 4021
1748 4021
1522 4021
1165 4021
3485 4021
2366 4021
4009 4021
3926 4021
2959 4021
2892 4021
3258 4021
516 4021
3053 4021
2705 4021
4021 4043
767 4021
3685 4021
3104 4021
2794 4021
2037 4021
3815 4021
2767 4021
126 4021
2126 4021
854 4021
3957 4021
1908 4021
1020 4021
2897 4021
2576 4021
2558 4021
2547 4021
193 4021
2956 4021
6 4021
831 4021
2465 4021
2672 4021
3287 4021
754 4021
4021 4305
4021 4940
1038 4021
3336 4021
3030 4021
4021 4470
3265 4021
4021 4240
1465 4021
1891 4021
1011 4021
2453 4021
3084 4021
3302 4021
4021 4394
1510 4021
4021 4050
4021 4165
30 4021
3988 4021
1438 4021
4021 4242
1405 4021
4021 4918
2848 4021
2393 4021
3466 4021
855 4021
861 4021
131 4021
4021 4256
2392 4021
4021 4399
3758 4021
4021 4404
3430 4021
2865 4021
1514 4021
2211 4021
2606 4021
1056 4021
1634 4021
2690 4021
4021 4228
2495 4021
2900 4021
489 4021
2744 4021
4021 4430
2253 4021
2770 4021
1997 4021
3221 4021
2964 4021
978 4021
2618 4021
3214 4021
2411 4021
729 4021
2565 4021
1239 4021
976 4021
4021 4780
2345 4021
884 4021
4021 4306
1389 4021
1228 4021
4021 4561
5 4021
4021 4803
4021 4292
2957 4021
4021 4984
3088 4021
966 4021
3488 4021
598 4021
1863 4021
554 4021
2878 4021
2568 4021
3675 4021
3965 4021
579 4021
3614 4021
617 4021
887 4021
2700 4021
19 4021
870 4021
1896 4021
3498 4021
3460 4021
4021 4439
1040 4021
1288 4021
2476 4021
4021 4283
1199 4021
4021 4967
4021 4184
4021 4731
643 4021
2868 4021
3863 4021
3564 4021
3045 4021
23 4021
4021 4921
592 4021
4021 4860
3359 4021
1984 4021
2520 4021
726 4021
1663 4021
4021 4213
4021 4537
4021 4939
3870 4021
262 4021
2423 4021
2537 4021
92 4021
710 4021
4021 4893
1746 4021
1384 4021
1417 4021
2861 4021
2100 4021
4021 4576
4021 4972
66 4021
2289 4021
3896 4021
1082 4021
3647 4021
2181 4021
154 4021
2993 4021
1977 4021
4021 4670
4021 4809
2353 4021
73 4021
1618 4021
243 4021
866 4021
3732 4021
1953 4021
2966 4021
4021 4721
3352 4021
1390 4021
4021 4403
1430 4021
2463 4021
3147 4021
2829 4021
1078 4021
3420 4021
2863 4021
4007 4021
1012 4021
4021 4087
1534 4021
912 4021
542 4021
424 4021
97 4021
4021 4712
3535 4021
1921 4021
76 4021
91 4021
2657 4021
4021 4862
571 4021
972 4021
3624 4021
54 4021
4021 4704
327 4021
1206 4021
704 4021
4021 4177
1542 4021
4021 4286
3994 4021
2730 4021
1640 4021
1151 4021
4021 4170
808 4021
955 4021
3277 4021
3092 4021
4003 4021
3387 4021
4021 4105
2175 4021
645 4021
1865 4021
2058 4021
771 4021
2349 4021
508 4021
4021 4947
1403 4021
3458 4021
4021 4268
2232 4021
2912 4021
4021 4783
2107 4021
3575 4021
3199 4021
3773 4021
1647 4021
2080 4021
2023 4021
212 4021
1690 4021
117 4021
535 4021
3584 4021
2264 4021
4021 4400
3990 4021
717 4021
1469 4021
4021 4110
1294 4021
4021 4175
211 4021
4021 4361
3725 4021
1164 4021
4021 4674
3468 4021
1751 4021
615 4021
1302 4021
3068 4021
1837 4021
1602 4021
3619 4021
4021 4829
988 4021
2438 4021
4021 4727
3517 4021
1260 4021
4021 4885
3400 4021
3778 4021
4021 4899
2129 4021
3379 4021
1537 4021
3252 4021
4021 4629
1546 4021
3241 4021
3000 4021
1413 4021
1844 4021
3295 4021
242 4021
3998 4021
4021 4834
2652 4021
850 4021
1352 4021
466 4021
593 4021
3124 4021
15 4021
3642 4021
2948 4021
2016 4021
4021 4550
1758 4021
3156 4021
1366 4021
4021 4269
2927 4021
648 4021
1053 4021
3254 4021
1630 4021
4021 4142
1790 4021
2884 4021
1529 4021
749 4021
3181 4021
3781 4021
1200 4021
1585 4021
2298 4021
3232 4021
209 4021
1379 4021
2529 4021
2961 4021
3130 4021
1498 4021
4021 4719
4021 4408
1489 4021
2377 4021
2798 4021
882 4021
366 4021
2958 4021
338 4021
1391 4021
2735 4021
2524 4021
8 4021
702 4021
916 4021
1707 4021
3679 4021
2452 4021
669 4021
632 4021
1004 4021
3014 4021
646 4021
461 4021
1212 4021
3402 4021
3795 4021
821 4021
933 4021
2981 4021
4 4021
3525 4021
2895 4021
3803 4021
442 4021
359 4021
1488 4021
3789 4021
3114 4021
3321 4021
1654 4021
1955 4021
3120 4021
4021 4914
2307 4021
4021 4856
4021 4077
4021 4991
3809 4021
1214 4021
3025 4021
2623 4021
1163 4021
427 4021
2633 4021
1332 4021
3883 4021
635 4021
2267 4021
1851 4021
2991 4021
1857 4021
1279 4021
7 4021
2197 4021
3514 4021
3212 4021
2789 4021
792 4021
4021 4555
1143 4021
2118 4021
4021 4892
2224 4021
3783 4021
3283 4021
3004 4021
2737 4021
4021 4380
4021 4631
1592 4021
68 4021
174 4021
2309 4021
2775 4021
3331 4021
3096 4021
2712 4021
4021 4401
2169 4021
3322 4021
3381 4021
2761 4021
20 4021
1558 4021
1019 4021
2984 4021
810 4021
3404 4021
1588 4021
3091 4021
3777 4021
572 4021
4021 4224
1945 4021
486 4021
2771 4021
3757 4021
4021 4343
3790 4021
3502 4021
656 4021
3510 4021
512 4021
4021 4055
4021 4787
4014 4021
3293 4021
4021 4195
1773 4021
1194 4021
488 4021
1999 4021
3749 4021
2402 4021
1399 4021
195 4021
718 4021
286 4021
1696 4021
4021 4065
290 4021
1822 4021
4021 4396
4021 4325
1867 4021
3272 4021
1937 4021
2460 4021
4021 4853
222 4021
2009 4021
2679 4021
3378 4021
1482 4021
2162 4021
240 4021
4021 4146
390 4021
3244 4021
4021 4768
2939 4021
4021 4527
191 4021
4021 4733
1173 4021
281 4021
4021 4749
2 4021
4021 4570
1562 4021
4021 4085
74 4021
3294 4021
1657 4021
2487 4021
2866 4021
3921 4021
3179 4021
1597 4021
905 4021
962 4021
4021 4902
4021 4584
3520 4021
624 4021
915 4021
4021 4083
3393 4021
4021 4594
417 4021
644 4021
2420 4021
1059 4021
1356 4021
2207 4021
109 4021
897 4021
4021 4681
2812 4021
2869 4021
3027 4021
2011 4021
1841 4021
1722 4021
4021 4649
1735 4021
4021 4864
254 4021
1768 4021
1393 4021
2056 4021
2356 4021
3709 4021
4021 4455
619 4021
4021 4516
1616 4021
1650 4021
1901 4021
3305 4021
2313 4021
2351 4021
434 4021
4021 4981
1621 4021
2141 4021
2676 4021
3470 4021
515 4021
232 4021
178 4021
3362 4021
2272 4021
1133 4021
2538 4021
4021 4799
2548 4021
4021 4648
2166 4021
3920 4021
65 4021
2514 4021
1929 4021
