4999
()()())()()())()((()(()((()))(()(())((())())))(()))((()(((())()(())))()))(()())(())())))()()())()()()))()))()))())))())((())()()()(()()))))(()())))))))()))))(((())(()))))((((())()))())))(()((()))())))()())(()))(()())(()())))()((((((((()())))))())(())()((()))()())()((((())())))()(())))))()))(())))(()()))(())(())())((()()(()())))()())((())()()())()(())()(()(())(((()()))())((()()())()(())(()()()((()()((()))(()))()((()))))))))())))(((()))()))))(()((())(()(()((())(())((())()))(((((())()((())()(())())(()()(())))(()(())()))(((())((()))(((())())()(())))()((((()))))))()())()()())((()))))))((()()()))))()()()()))(((()()((())))(((()(())(((())(())())())()(()()))))())))))))())()))(()(((((()(()))))(()()))((((())(())()))())(())(()(())))))())(((((((((((((()()((()()((()()((()(()())())())((()))(()()))()()(((())())(())())()(()(()()(()())(())((()))())())((())))((()()))(())()(()(()()))()()())(()((((((((((((()()()((()))(((()()())()()))((()))())(((()))(()))))()((((()(())())()()((()()))(()()())))((()()())((((()))((())()()(((()(())))()())((()()(()())))(((((((())))))((())(()(()((((()()))()((()((())()))(())())()())(()()(((((())((((()())))(()(())((())((()()())))))()()))(()())))(()()))((())((())((()((()))(())))())())())((())((())((((())())(((()))((())))(((())))))()))(()()))()()))())(()())(()))(()())()(())())()(())()())())((()()()())))))))((()(())((())((((()))()))()())()()()))(()((())))(((())))()(((())((()))((((()(()())()(((()(((()((((((())))))(())((((()((()(())()(()(()))()(()()(())()((())()()()())((()()))())))(()))))(((())(()()()(()())))()))))))()()(()(())()())(()())()(())()())))(((((()()((()())(()))()(())((())((()((((((())()(())()((()((()((()))(()))()())))(((()(((()()())))())(((()(()))()(())(())))()(()(((()))())()(((()(((()((()())(()((((()()()())))()()))((()(())(((()))(())()()))()))(()(())))))(()((()()()()()))((())())()))))(()()())((())))()())))()())(((()(()()((()))))()))(((((((())))(()))()(()))((()())(())((()))()))))(()))))))))))())())())(((())))))(((()((())))()))()((((()()((((((((())())))))(((()())()()((()()))))()))(()((((((())))(())(())(())((()))(()))())))())()(())(((()))((()())()())())))((()())(((()((()(()((())(())((())))(()(()()))(((((()()))((())((()))((())()())()))()()()))))))())()(()(((())(((((())((((((()()))((()))()))()()))))))((((()((()))((()())()(()))(((((()))))())())(())()(()()((())))(())))))()))()()()((((()(()()(((((((()(((((()())))(())(()))))(()()())(()(())))((())()))()()()()()())((((((((()()()(()((((((((()()(()()))))))()))())))(())(((())))())(()))))))((()()())(())())()())))())))()))(())())()()))())(((()))())((()(((((())(()()))))((()))))()))))())()()((()()())(()(()((())()()(((()))))())))())(()((())((()((()(())))))()))())(())())))(()(()()(((()((())(()(()()((())))(()()()))))))((((((((()))())))((()(()(()()(()()()(((((((())(()()))))))((()())()()()(()))(()((((()((()))(()((()())(())))())(()(((())(()())())()((()))((())((()())((()(()(((())((()())))())((())(((()()(((((()))))())(()(()()(((((()((()()()()))((()(()()))()()())()(())()))(()())))()()()(((((())))())))()()))())(((())(()))())()()((()()()(()))))()()(()))((()()))()(((()()())(())))(())(((()())()))()())))))((((())(())()(((()))())())))((((())))(()())((())))(((((()(())))())))(()(())((((((())((((((()()(()())())()))))(()))()((())(()))(()))))((()))()(())((((((())((()()((())))))())))()()()((((())))(()()))(()())((())))(())())()))))))((()())())))()((())(((((()()(()())()()(()(()))()(()()()(()()(()))))((()))(()((()())(()))(())((())))()))()(())()()))))))))(((()))))(())(((()())((()((()()())(()))()))()())))())(())))((()()))()()())))))((()))((()()((()((()((((()()((()((()))(()()(())))(((((())))((()())(())()())((()(()(()()(())(()(((())))()))(((((())()()())((())))))()()()()))))()()()(())((()(()())((()))(())())))(()()()(())))()()()(()))(((((()()()()(()()())((((()(()(())))((((())(()(()((()))()()((())((())(((()())()((()))((())(()()()((())((())((((())))((((((())(()()((((())()(((((()(()(()()((()(((())))(()))(()()(()()())))((((()())((()))))(())))())))())(())((((((((((())()(((()((())()(()(((())((((((()(())((()(())()()))(((()()(((()()(()))(()())(()((()(((()(()))((())(((((())())(()()))(()))))))(()(((())()()(())))())))))))()))(()()())))()))()))(((()()()(()()))())())()))()(()()()(())())(())())(((())()((()())))((((()(()(()())()))((())((()())(()((())()))()))))((((()()()()))())())))()()()(((()())(()()))))())())()))))())(()(()))((()(())())())))(((()))(()(((((()(((())(()))))()(((()(()((()((()()()()))))))())))()())))(((())(()))())(()())()()((((()()(((((()(()()())(())(())(()))(()))(()())(())))())))))(()())(((()(())()))(((()()((()))()(((()))(((())())))()(())()()(()())()()((((()())()))))()((()())))()()))((()(())((((())()(()()))(()())()))()()()((((()((())()(()())()))(()))((()(()))))())(())(())((()(())((((()))((()(())())((())))()())()((()))))(()(()())((())))))))(())((((()(()((((())(())())((())()())()((()(((())((()))((((()((()))()()))()())(())((()((((((()(()))(()()))))(())())())))))(()((((((()()((()))(()()()))))(()())())(())))((()(())(((()))()())()()())))())()()((((()()()()((())(())())))()(((()(()))(())))())))(((()()
3779 4011
1283 3779
4011 4087
142 3779
4011 4400
3779 4984
325 4011
2982 3779
2885 4011
3779 4475
4011 4220
372 3779
800 4011
1755 3779
3143 4011
94 3779
1851 4011
678 3779
993 4011
2866 3779
3219 4011
3542 3779
3576 4011
2467 3779
1097 4011
3779 3928
1618 4011
1384 3779
4011 4106
3779 3894
1176 4011
1096 3779
855 4011
1052 3779
1044 4011
2368 3779
4011 4101
2164 3779
3330 4011
1841 3779
1105 4011
1250 3779
2887 4011
802 3779
3522 4011
133 3779
2408 4011
2454 3779
4011 4745
910 3779
3182 4011
2074 3779
4011 4034
2389 3779
537 4011
2383 3779
4011 4274
1357 3779
3564 4011
832 3779
1420 4011
14 3779
2490 4011
3779 4194
4011 4578
3211 3779
2207 4011
3779 4737
4011 4664
3779 4566
3865 4011
2967 3779
3272 4011
3779 4035
2348 4011
845 3779
267 4011
3484 3779
70 4011
828 3779
4011 4669
3432 3779
901 4011
119 3779
4011 4827
776 3779
4011 4824
2637 3779
1115 4011
44 3779
1 4011
3779 4121
2897 4011
510 3779
4011 4299
3779 4254
3331 4011
284 3779
3887 4011
3779 3829
2863 4011
3742 3779
3528 4011
3613 3779
98 4011
3779 4735
1902 4011
2258 3779
3536 4011
83 3779
1004 4011
2143 3779
1598 4011
2354 3779
2832 4011
2599 3779
1586 4011
3779 4259
1300 4011
2993 3779
4011 4832
3779 4601
2108 4011
3779 3840
2774 4011
262 3779
1688 4011
343 3779
552 4011
2842 3779
3218 4011
2756 3779
2162 4011
3632 3779
230 4011
249 3779
1459 4011
130 3779
3981 4011
420 3779
3950 4011
1055 3779
1781 4011
664 3779
2670 4011
2995 3779
1564 4011
1980 3779
1758 4011
3435 3779
1480 4011
424 3779
4011 4028
3779 4120
2340 4011
3779 4309
913 4011
2804 3779
4011 4565
373 3779
4011 4204
3779 4440
3239 4011
3779 4468
2169 4011
2054 3779
273 4011
3673 3779
954 4011
3779 4642
1160 4011
1255 3779
4011 4582
1460 3779
3042 4011
1887 3779
3737 4011
1670 3779
3739 4011
3779 4349
4011 4800
3779 4574
4011 4757
3779 4508
140 4011
1869 3779
4011 4840
2094 3779
3897 4011
2402 3779
978 4011
3779 4900
4011 4362
551 3779
4011 4810
3779 4100
903 4011
1834 3779
1106 4011
666 3779
1175 4011
3779 3812
862 4011
2939 3779
2903 4011
986 3779
3592 4011
3428 3779
53 4011
2231 3779
615 4011
393 3779
2748 4011
2692 3779
767 4011
1334 3779
3781 4011
522 3779
4011 4210
3477 3779
1143 4011
3779 3873
495 4011
115 3779
1800 4011
2825 3779
4011 4191
3779 4143
1524 4011
466 3779
3947 4011
2345 3779
2954 4011
976 3779
639 4011
1525 3779
3254 4011
2572 3779
4011 4363
3779 3810
3795 4011
1350 3779
2431 4011
1505 3779
2199 4011
2195 3779
4011 4828
2795 3779
3355 4011
3779 4906
3853 4011
3004 3779
3977 4011
3779 4090
4011 4335
2 3779
1093 4011
3779 4560
3664 4011
2226 3779
1195 4011
3736 3779
669 4011
3116 3779
3919 4011
3779 4088
2844 4011
3307 3779
3179 4011
348 3779
1233 4011
135 3779
4011 4606
3618 3779
1718 4011
3779 4117
3317 4011
412 3779
2084 4011
3735 3779
1715 4011
3779 4039
2128 4011
942 3779
1945 4011
902 3779
3242 4011
3779 4740
3393 4011
3779 4109
3904 4011
2571 3779
1679 4011
3779 4805
4011 4269
774 3779
1682 4011
3779 4659
3032 4011
2468 3779
3705 4011
3232 3779
3482 4011
1393 3779
141 4011
3779 4091
1265 4011
3779 4579
2458 4011
1915 3779
1216 4011
3779 4806
143 4011
3779 4320
1331 4011
3251 3779
4011 4368
791 3779
48 4011
3779 4951
4011 4742
975 3779
3072 4011
3470 3779
485 4011
3779 4383
3959 4011
2731 3779
2544 4011
1938 3779
848 4011
3779 4251
798 4011
463 3779
1756 4011
586 3779
4011 4910
2318 3779
2596 4011
35 3779
1729 4011
1075 3779
4009 4011
2041 3779
1340 4011
3779 3898
519 4011
2878 3779
2329 4011
1819 3779
2809 4011
1205 3779
2294 4011
3552 3779
317 4011
2096 3779
3568 4011
2500 3779
2012 4011
3325 3779
3472 4011
2471 3779
17 4011
2753 3779
75 4011
838 3779
2346 4011
2282 3779
1344 4011
3779 4861
1345 4011
3779 4005
3471 4011
3779 4815
3847 4011
3174 3779
4011 4076
2068 3779
362 4011
806 3779
1717 4011
638 3779
4011 4593
3779 4847
161 4011
3779 4723
4011 4014
3779 3922
1857 4011
3779 4663
2172 4011
574 3779
854 4011
3077 3779
1484 4011
2441 3779
2870 4011
3175 3779
2880 4011
3483 3779
3137 4011
2154 3779
1876 4011
3779 3960
2039 4011
3779 4030
1036 4011
1295 3779
1547 4011
43 3779
643 4011
561 3779
2638 4011
308 3779
3609 4011
2902 3779
4011 4190
1179 3779
4011 4836
2224 3779
3173 4011
1398 3779
4011 4519
3779 4052
2937 4011
3779 4361
1957 4011
1125 3779
2964 4011
2151 3779
722 4011
3779 3828
1895 4011
2972 3779
1014 4011
3779 4069
4011 4512
1603 3779
3668 4011
3779 4015
3985 4011
3779 4704
1462 4011
697 3779
4008 4011
3779 4023
3240 4011
3560 3779
2351 4011
698 3779
3647 4011
3779 4003
4011 4856
3779 3907
1247 4011
1680 3779
1799 4011
180 3779
1542 4011
1266 3779
4011 4693
3670 3779
2946 4011
2447 3779
3606 4011
3779 4447
1600 4011
850 3779
1458 4011
2758 3779
4011 4426
443 3779
1286 4011
826 3779
4011 4651
1010 3779
3187 4011
3779 4907
2119 4011
3779 4107
12 4011
116 3779
4011 4831
3779 4537
2076 4011
3309 3779
4011 4201
714 3779
34 4011
1123 3779
2031 4011
2496 3779
3827 4011
3779 4777
3756 4011
851 3779
2750 4011
351 3779
2461 4011
2506 3779
2146 4011
2086 3779
84 4011
3779 3998
3820 4011
338 3779
3811 4011
3588 3779
1466 4011
3779 4061
4011 4569
3779 4216
4011 4264
3779 4207
3195 4011
1518 3779
1828 4011
185 3779
2919 4011
252 3779
4011 4956
1127 3779
3567 4011
3387 3779
2228 4011
3779 4464
397 4011
2913 3779
1529 4011
1784 3779
4011 4159
3779 4453
1417 4011
3141 3779
2814 4011
3779 4010
2044 4011
3779 3929
3408 4011
3779 4483
2377 4011
945 3779
2639 4011
2366 3779
3565 4011
3101 3779
1624 4011
900 3779
3015 4011
924 3779
4011 4722
3779 4926
1837 4011
1229 3779
1201 4011
3138 3779
259 4011
724 3779
482 4011
2828 3779
2859 4011
1886 3779
2058 4011
3779 4595
3767 4011
3493 3779
4011 4487
3779 4838
2929 4011
1464 3779
2335 4011
2879 3779
3645 4011
1949 3779
465 4011
1940 3779
4011 4029
3779 4444
2990 4011
3779 4063
3600 4011
3779 4640
2969 4011
3779 4776
4011 4418
3779 4071
3716 4011
1822 3779
1713 4011
569 3779
3439 4011
2060 3779
3538 4011
1364 3779
1081 4011
3586 3779
104 4011
1492 3779
4011 4646
3779 4185
3578 4011
3779 4443
2344 4011
3779 4997
4011 4732
1027 3779
1430 4011
2256 3779
1604 4011
1839 3779
3164 4011
2785 3779
3180 4011
2891 3779
3410 4011
2008 3779
4011 4324
3297 3779
4011 4942
213 3779
1786 4011
875 3779
2395 4011
2851 3779
1239 4011
1892 3779
4011 4478
3430 3779
3184 4011
2664 3779
3354 4011
138 3779
2247 4011
2867 3779
3364 4011
419 3779
1809 4011
3429 3779
3238 4011
3605 3779
248 4011
3346 3779
316 4011
462 3779
2749 4011
1198 3779
822 4011
2763 3779
4011 4431
1359 3779
4011 4983
1790 3779
2025 4011
97 3779
1404 4011
3779 3881
3976 4011
1276 3779
630 4011
968 3779
4011 4198
3454 3779
2597 4011
3779 4570
3384 4011
3066 3779
2606 4011
750 3779
4011 4661
758 3779
4011 4786
3499 3779
2101 4011
582 3779
3979 4011
111 3779
375 4011
3779 4312
1238 4011
3779 4517
1217 4011
2313 3779
4011 4584
2280 3779
305 4011
113 3779
4011 4429
1321 3779
1488 4011
3779 4404
4011 4725
1627 3779
4011 4682
550 3779
3261 4011
2244 3779
278 4011
1791 3779
4011 4341
3641 3779
1678 4011
616 3779
3625 4011
3088 3779
2290 4011
3091 3779
1397 4011
1969 3779
3970 4011
3526 3779
4011 4471
3779 4720
2938 4011
3779 4991
2308 4011
3779 4564
3888 4011
3779 4281
2546 4011
1850 3779
306 4011
3779 4555
229 4011
3779 4413
4011 4700
2771 3779
2218 4011
3779 4253
807 4011
1560 3779
1880 4011
3779 4348
121 4011
3779 4338
2948 4011
3087 3779
3083 4011
2038 3779
604 4011
3774 3779
1048 4011
1820 3779
1421 4011
2920 3779
4011 4427
3159 3779
1479 4011
3779 4728
1185 4011
2165 3779
2522 4011
3583 3779
2004 4011
1249 3779
4011 4522
941 3779
2114 4011
366 3779
4011 4302
2911 3779
93 4011
3442 3779
3695 4011
803 3779
4011 4308
3134 3779
8 4011
713 3779
1849 4011
2003 3779
268 4011
3779 4378
3544 4011
3779 4358
4011 4421
1867 3779
3058 4011
2806 3779
2277 4011
3779 4040
434 4011
2884 3779
2590 4011
3779 4083
1911 4011
1305 3779
677 4011
1573 3779
1666 4011
3139 3779
2048 4011
1023 3779
4011 4876
3475 3779
2850 4011
671 3779
3995 4011
995 3779
3296 4011
3081 3779
4011 4364
1226 3779
4011 4894
856 3779
2872 4011
3313 3779
4011 4556
3779 3791
3508 4011
2956 3779
4011 4479
3779 4398
2412 4011
3285 3779
2992 4011
3779 4561
3390 4011
3779 4276
2156 4011
1623 3779
651 4011
1184 3779
174 4011
2900 3779
2422 4011
1691 3779
129 4011
3518 3779
2714 4011
1597 3779
2838 4011
2097 3779
4011 4314
1919 3779
2700 4011
3714 3779
2387 4011
3779 3817
535 4011
3779 4229
3446 4011
177 3779
3626 4011
1576 3779
4011 4701
3478 3779
65 4011
2981 3779
1866 4011
2474 3779
3725 4011
1151 3779
1723 4011
3779 4458
865 4011
3779 4451
4011 4825
3779 4862
1031 4011
3510 3779
4011 4510
3157 3779
867 4011
3779 3845
4011 4823
1067 3779
899 4011
1502 3779
1427 4011
1620 3779
3679 4011
3779 3991
2209 4011
3059 3779
1220 4011
451 3779
956 4011
195 3779
1291 4011
2289 3779
2921 4011
3779 4098
212 4011
3779 4012
3803 4011
3188 3779
790 4011
609 3779
203 4011
1099 3779
4011 4654
3779 4176
3597 4011
3264 3779
3671 4011
560 3779
4011 4878
3779 3918
2601 4011
3779 4687
2976 4011
3779 4379
3130 4011
1098 3779
4011 4850
3540 3779
3590 4011
2245 3779
1047 4011
3022 3779
1497 4011
41 3779
4011 4119
2103 3779
4011 4977
246 3779
4011 4173
3779 4783
4011 4731
2306 3779
1582 4011
2563 3779
2210 4011
2819 3779
4011 4506
1612 3779
1246 4011
915 3779
359 4011
3635 3779
4001 4011
1762 3779
4011 4037
622 3779
2223 4011
3221 3779
134 4011
3779 4103
4011 4082
2155 3779
2273 4011
1595 3779
3611 4011
3361 3779
4011 4246
3779 4788
682 4011
166 3779
4011 4043
3779 4857
4011 4626
1868 3779
3974 4011
3402 3779
1380 4011
3779 4473
2117 4011
345 3779
4011 4841
1088 3779
3718 4011
3153 3779
3504 4011
587 3779
2973 4011
1714 3779
448 4011
2334 3779
3796 4011
3779 4477
2940 4011
3779 3932
1429 4011
886 3779
3490 4011
51 3779
4011 4633
3779 3891
1336 4011
3758 3779
2979 4011
1910 3779
4011 4021
1953 3779
3237 4011
3434 3779
2794 4011
3779 4461
4011 4065
3779 4509
2547 4011
2621 3779
2337 4011
1964 3779
870 4011
2836 3779
766 4011
2926 3779
4011 4816
3681 3779
3766 4011
78 3779
4011 4455
3779 4313
4011 4336
3779 4423
4011 4145
543 3779
2255 4011
183 3779
4011 4339
3779 4953
1979 4011
3779 4733
1638 4011
3779 4694
2509 4011
176 3779
3168 4011
3465 3779
3394 4011
1728 3779
4011 4389
1159 3779
4011 4973
3706 3779
335 4011
3203 3779
781 4011
1409 3779
2729 4011
151 3779
2790 4011
3779 4351
3607 4011
3779 4686
2630 4011
1174 3779
3623 4011
3779 4390
450 4011
3343 3779
3942 4011
3035 3779
1555 4011
3304 3779
4011 4932
3779 4494
1413 4011
3779 4148
4011 4945
1301 3779
4011 4587
1748 3779
3452 4011
11 3779
4011 4306
256 3779
3463 4011
598 3779
2916 4011
3050 3779
3938 4011
2046 3779
3316 4011
2612 3779
592 4011
882 3779
1062 4011
3779 4410
403 4011
1455 3779
1570 4011
3029 3779
427 4011
528 3779
2125 4011
2126 3779
3707 4011
303 3779
498 4011
1512 3779
2464 4011
1966 3779
1303 4011
3007 3779
3868 4011
1831 3779
4011 4367
818 3779
2713 4011
2633 3779
1168 4011
1840 3779
1544 4011
597 3779
3247 4011
1371 3779
4011 4213
3779 3804
782 4011
3259 3779
3933 4011
2042 3779
2381 4011
3479 3779
3095 4011
1823 3779
2634 4011
3748 3779
2401 4011
3764 3779
175 4011
548 3779
1661 4011
2538 3779
2201 4011
839 3779
944 4011
665 3779
3002 4011
3779 4992
4011 4602
1647 3779
1461 4011
3779 4157
3036 4011
3183 3779
1701 4011
849 3779
2504 4011
1690 3779
4011 4636
3779 4842
3746 4011
2833 3779
3250 4011
215 3779
4011 4232
329 3779
4011 4275
327 3779
3458 4011
863 3779
3447 4011
1208 3779
2849 4011
1060 3779
1917 4011
2813 3779
1181 4011
3779 4892
602 4011
2176 3779
4011 4504
2449 3779
1045 4011
137 3779
4011 4032
1997 3779
54 4011
581 3779
3883 4011
2649 3779
811 4011
216 3779
4011 4490
518 3779
619 4011
276 3779
2193 4011
3003 3779
4011 4215
1905 3779
376 4011
126 3779
3523 4011
3397 3779
1402 4011
3779 4365
943 4011
3779 4719
4011 4843
585 3779
4011 4428
3779 4038
2689 4011
1655 3779
2333 4011
2947 3779
2276 4011
2955 3779
3760 4011
263 3779
1231 4011
3779 4895
3943 4011
934 3779
1698 4011
1707 3779
227 4011
3757 3779
2686 4011
1412 3779
2332 4011
3779 4577
342 4011
2398 3779
3006 4011
3779 4888
536 4011
1360 3779
3939 4011
1808 3779
4011 4863
2613 3779
4011 4808
3779 4647
1832 4011
3779 4999
4011 4864
3779 4261
3962 4011
644 3779
2342 4011
3779 3805
4011 4199
3341 3779
2730 4011
908 3779
3400 4011
3505 3779
1722 4011
3128 3779
1864 4011
3279 3779
1725 4011
584 3779
1681 4011
2064 3779
2030 4011
3779 4482
349 4011
780 3779
2789 4011
76 3779
4011 4286
72 3779
3569 4011
3779 4743
2072 4011
1367 3779
681 4011
79 3779
2862 4011
2393 3779
4011 4126
1441 3779
2139 4011
71 3779
3266 4011
1995 3779
2548 4011
2445 3779
2545 4011
3779 4292
1818 4011
3642 3779
4011 4124
333 3779
228 4011
1934 3779
3819 4011
2081 3779
1567 4011
124 3779
288 4011
3751 3779
2829 4011
2493 3779
4011 4853
1798 3779
1074 4011
2963 3779
1971 4011
3070 3779
4011 4715
599 3779
4011 4597
2816 3779
3723 4011
3779 4146
2362 4011
1257 3779
4011 4397
3779 4632
2380 4011
1792 3779
4011 4221
3779 4511
959 4011
2264 3779
3711 4011
3779 4412
235 4011
1090 3779
4011 4289
2874 3779
1495 4011
69 3779
158 4011
105 3779
4011 4903
1012 3779
1486 4011
3779 4924
2102 4011
279 3779
1658 4011
539 3779
4011 4650
2480 3779
3585 4011
3779 4111
3818 4011
542 3779
778 4011
3779 4448
2683 4011
2958 3779
4011 4775
874 3779
3041 4011
752 3779
4011 4761
1838 3779
1877 4011
2232 3779
4011 4599
565 3779
1737 4011
1719 3779
4011 4214
1920 3779
2577 4011
3675 3779
4011 4064
1583 3779
3548 4011
1816 3779
1710 4011
2300 3779
2148 4011
2171 3779
787 4011
1200 3779
2147 4011
1149 3779
2690 4011
1563 3779
3210 4011
326 3779
4011 4607
2122 3779
2249 4011
792 3779
1341 4011
2144 3779
788 4011
1406 3779
2057 4011
3111 3779
1005 4011
2610 3779
2817 4011
549 3779
3150 4011
3090 3779
2009 4011
3779 4738
480 4011
3779 3784
108 4011
1699 3779
2740 4011
1467 3779
1657 4011
3152 3779
1059 4011
2407 3779
2353 4011
1596 3779
1374 4011
1607 3779
432 4011
467 3779
3276 4011
637 3779
783 4011
163 3779
1566 4011
486 3779
3527 4011
300 3779
1224 4011
3196 3779
4011 4228
3599 3779
2543 4011
3779 4118
755 4011
1709 3779
2481 4011
2876 3779
4011 4885
2502 3779
3547 4011
1268 3779
711 4011
2616 3779
4011 4594
3779 4280
726 4011
2960 3779
4011 4128
3779 4766
4011 4567
3779 4016
4011 4172
2550 3779
555 4011
3779 4648
3291 4011
3779 4113
588 4011
3020 3779
4011 4049
1769 3779
894 4011
369 3779
4011 4706
1592 3779
3591 4011
2010 3779
1735 4011
109 3779
2269 4011
3779 4643
3624 4011
500 3779
3574 4011
2385 3779
1356 4011
2651 3779
4011 4962
3257 3779
4011 4749
3728 3779
1065 4011
1871 3779
1232 4011
3779 4852
4011 4493
3779 3899
1739 4011
3779 4161
3171 4011
3614 3779
4011 4115
2983 3779
2070 4011
3457 3779
4011 4798
3779 4929
3096 4011
3593 3779
556 4011
36 3779
1947 4011
3492 3779
4011 4867
2930 3779
2416 4011
388 3779
2695 4011
2419 3779
3440 4011
3689 3779
2698 4011
1537 3779
3856 4011
3779 4621
1315 4011
3401 3779
950 4011
2213 3779
3797 4011
593 3779
751 4011
1263 3779
3806 4011
3779 4155
3372 4011
661 3779
4011 4882
1569 3779
1631 4011
3779 3961
3209 4011
1433 3779
100 4011
3443 3779
3532 4011
721 3779
530 4011
2252 3779
1477 4011
1795 3779
3186 4011
3616 3779
1187 4011
2652 3779
3857 4011
3779 4905
1481 4011
3008 3779
1018 4011
1032 3779
3802 4011
3779 3935
3013 4011
1990 3779
4011 4830
2853 3779
898 4011
1155 3779
1814 4011
2773 3779
600 4011
1214 3779
1507 4011
1478 3779
2961 4011
440 3779
2202 4011
3329 3779
1856 4011
3779 4729
1677 4011
3761 3779
2614 4011
2719 3779
2751 4011
3779 4305
1011 4011
656 3779
4011 4486
1103 3779
4011 4195
334 3779
1425 4011
3779 4854
672 4011
2361 3779
3367 4011
3779 4529
2865 4011
1498 3779
4011 4438
812 3779
877 4011
2575 3779
2757 4011
1165 3779
4011 4372
1087 3779
4011 4754
2400 3779
2275 4011
2516 3779
627 4011
1040 3779
4011 4918
1978 3779
4011 4174
2476 3779
516 4011
139 3779
4011 4345
3779 4812
1801 4011
2525 3779
299 4011
3572 3779
364 4011
1922 3779
4011 4758
441 3779
4011 4142
2861 3779
825 4011
659 3779
2627 4011
2998 3779
2287 4011
797 3779
2229 4011
2600 3779
4011 4954
3293 3779
4011 4178
3779 4160
2680 4011
648 3779
4011 4655
1557 3779
740 4011
3779 4081
1121 4011
2035 3779
3000 4011
1287 3779
1154 4011
405 3779
2839 4011
3779 4941
2822 4011
2549 3779
3875 4011
2734 3779
4011 4536
764 3779
694 4011
148 3779
367 4011
2037 3779
4011 4498
508 3779
2274 4011
199 3779
206 4011
1650 3779
3301 4011
1751 3779
4011 4950
3321 3779
380 4011
695 3779
2985 4011
813 3779
4011 4244
283 3779
4011 4307
1894 3779
2735 4011
1411 3779
3730 4011
3109 3779
4011 4340
1368 3779
4011 4465
3412 3779
3318 4011
3779 4886
590 4011
1485 3779
1379 4011
341 3779
1069 4011
319 3779
3598 4011
2236 3779
3145 4011
3779 3931
4011 4912
3222 3779
2623 4011
16 3779
1086 4011
2045 3779
2425 4011
1552 3779
1634 4011
1296 3779
1215 4011
3779 4272
2747 4011
3779 4575
2215 4011
2854 3779
3455 4011
716 3779
3146 4011
3223 3779
2405 4011
2611 3779
460 4011
2495 3779
3908 4011
3779 4415
4011 4301
1665 3779
4011 4184
3779 4467
1772 4011
425 3779
4011 4628
1172 3779
629 4011
534 3779
2517 4011
553 3779
3421 4011
497 3779
4011 4616
3501 3779
3986 4011
3779 4496
2696 4011
3495 3779
404 4011
3779 4703
3895 4011
490 3779
3121 4011
3198 3779
33 4011
3779 4547
191 4011
3779 4981
4011 4530
377 3779
1443 4011
3694 3779
2358 4011
3779 4542
723 4011
3779 4250
1391 4011
274 3779
4011 4713
1754 3779
3595 4011
3349 3779
746 4011
2159 3779
575 4011
2759 3779
4011 4583
880 3779
336 4011
3779 4698
739 4011
2768 3779
4011 4799
3016 3779
1686 4011
2194 3779
1275 4011
1695 3779
1777 4011
1353 3779
2821 4011
107 3779
3535 4011
3324 3779
693 4011
324 3779
3785 4011
410 3779
1561 4011
3373 3779
2663 4011
3148 3779
4011 4982
1538 3779
62 4011
3530 3779
3161 4011
3104 3779
965 4011
2706 3779
3771 4011
3703 3779
4011 4333
2592 3779
3001 4011
2082 3779
718 4011
3779 4990
3282 4011
3779 4380
2418 4011
2270 3779
2237 4011
1328 3779
501 4011
3779 4610
2284 4011
1178 3779
1835 4011
2364 3779
1619 4011
297 3779
2149 4011
224 3779
4011 4018
3779 4435
2328 4011
3579 3779
131 4011
499 3779
3071 4011
101 3779
652 4011
1375 3779
1186 4011
3779 4094
1071 4011
1996 3779
2212 4011
3461 3779
2198 4011
3779 4186
3871 4011
2669 3779
546 4011
1095 3779
1673 4011
2005 3779
2372 4011
1192 3779
2220 4011
823 3779
4011 4484
1724 3779
292 4011
3779 3885
2338 4011
3557 3779
2582 4011
1307 3779
4011 4673
3660 3779
2673 4011
1608 3779
589 4011
9 3779
4011 4532
2679 3779
1415 4011
3653 3779
2917 4011
3779 4230
3352 4011
1812 3779
524 4011
3779 4767
2145 4011
3779 4516
3622 4011
1289 3779
1191 4011
3467 3779
1640 4011
3779 4369
1361 4011
3779 4053
748 4011
2984 3779
2650 4011
3312 3779
2040 4011
514 3779
1426 4011
1863 3779
4011 4277
3779 4070
4011 4266
756 3779
2177 4011
1144 3779
4011 4414
3469 3779
1656 4011
2569 3779
611 4011
3779 4270
835 4011
3779 4760
958 4011
3414 3779
461 4011
2883 3779
4011 4420
2741 3779
2011 4011
3779 4243
1632 4011
1173 3779
4011 4635
3215 3779
2297 4011
484 3779
3944 4011
3290 3779
3383 4011
948 3779
2745 4011
2565 3779
1907 4011
3779 4670
4011 4267
3779 4099
4011 4248
3779 4284
3717 4011
841 3779
2227 4011
1197 3779
817 4011
2214 3779
2420 4011
2465 3779
799 4011
2486 3779
2654 4011
3779 4580
1960 4011
1903 3779
4011 4130
3779 3843
3727 4011
3779 4138
3860 4011
61 3779
3556 4011
2694 3779
4011 4139
2760 3779
269 4011
3779 4470
1050 4011
491 3779
3902 4011
3608 3779
761 4011
200 3779
3062 4011
3650 3779
1038 4011
3779 4075
1975 4011
3779 4316
3323 4011
3193 3779
3629 4011
1672 3779
1274 4011
869 3779
77 4011
2723 3779
2203 4011
3779 3864
2881 4011
352 3779
4011 4622
1674 3779
4011 4592
1554 3779
3294 4011
3110 3779
2457 4011
423 3779
3747 4011
1131 3779
1836 4011
3779 3831
253 4011
277 3779
3699 4011
3779 4437
2975 4011
452 3779
4011 4609
3511 3779
1129 4011
222 3779
676 4011
1683 3779
3754 4011
505 3779
2438 4011
860 3779
3837 4011
2192 3779
4011 4295
381 3779
3170 4011
1465 3779
1210 4011
3779 4526
415 4011
1483 3779
3876 4011
1313 3779
1119 4011
307 3779
4011 4741
3064 3779
164 4011
438 3779
2047 4011
3502 3779
991 4011
3031 3779
4011 4835
2736 3779
3497 4011
3779 3851
2922 4011
3779 4247
1992 4011
3030 3779
953 4011
3779 4085
738 4011
3779 4167
3516 4011
3779 4020
3480 4011
793 3779
2526 4011
3779 3808
2909 4011
40 3779
914 4011
1083 3779
4011 4449
3235 3779
19 4011
493 3779
2100 4011
1109 3779
59 4011
1377 3779
906 4011
1362 3779
1381 4011
3779 4236
2587 4011
3769 3779
4011 4462
2286 3779
457 4011
984 3779
896 4011
1079 3779
3369 4011
3212 3779
1900 4011
641 3779
1422 4011
20 3779
3021 4011
1833 3779
1245 4011
3436 3779
2217 4011
3570 3779
2087 4011
735 3779
281 4011
1671 3779
3575 4011
795 3779
3732 4011
1897 3779
4011 4548
1028 3779
1258 4011
1899 3779
3674 4011
1925 3779
3846 4011
3407 3779
2711 4011
932 3779
1448 4011
3334 3779
3990 4011
3102 3779
3320 4011
3779 4927
3525 4011
3779 4425
4011 4360
3779 4764
3155 4011
1571 3779
2330 4011
3779 3794
2803 4011
2234 3779
4011 4151
428 3779
390 4011
3348 3779
1161 4011
2265 3779
2799 4011
3779 4779
4011 4688
3779 4890
4011 4833
3584 3779
2671 4011
118 3779
2668 4011
3370 3779
702 4011
3117 3779
4011 4721
2512 3779
3663 4011
181 3779
679 4011
1774 3779
763 4011
1432 3779
4011 4676
3704 3779
2837 4011
3779 4278
4011 4436
2182 3779
1078 4011
3779 4219
725 4011
444 3779
1302 4011
3779 4144
4011 4600
3205 3779
921 4011
3656 3779
2820 4011
2542 3779
4011 4419
243 3779
873 4011
3779 4712
3169 4011
90 3779
4011 4797
992 3779
173 4011
382 3779
2079 4011
2140 3779
1807 4011
3779 4222
1046 4011
3779 4528
3385 4011
1343 3779
1352 4011
2952 3779
3243 4011
2527 3779
3491 4011
1262 3779
3763 4011
3779 4938
1124 4011
3779 4545
4011 4711
3779 4904
2886 4011
2584 3779
1473 4011
2697 3779
1254 4011
3411 3779
266 4011
2661 3779
606 4011
3615 3779
2347 4011
150 3779
3975 4011
3779 4826
320 4011
360 3779
4011 4180
2931 3779
4011 4791
2812 3779
3826 4011
3779 4131
2978 4011
1042 3779
3602 4011
960 3779
3419 4011
3065 3779
2594 4011
146 3779
3017 4011
3413 3779
2409 4011
3165 3779
1439 4011
3779 4875
4011 4166
3503 3779
1204 4011
1021 3779
1622 4011
3779 4562
1901 4011
2331 3779
2574 4011
2932 3779
4011 4896
3733 3779
1138 4011
2367 3779
192 4011
1500 3779
3743 4011
3779 3996
3202 4011
2304 3779
1281 4011
1319 3779
3906 4011
3779 4089
3720 4011
67 3779
5 4011
1117 3779
1527 4011
1386 3779
1593 4011
1626 3779
3344 4011
3779 4679
885 4011
920 3779
3105 4011
773 3779
3338 4011
2873 3779
2890 4011
1734 3779
733 4011
521 3779
558 4011
2123 3779
2124 4011
3310 3779
4011 4958
156 3779
1058 4011
3779 4304
2291 4011
3779 4955
225 4011
3779 4653
2350 4011
257 3779
125 4011
471 3779
4011 4665
1916 3779
74 4011
532 3779
2440 4011
3258 3779
318 4011
3562 3779
1089 4011
3779 4986
1237 4011
3489 3779
4011 4084
1937 3779
3067 4011
3299 3779
1514 4011
3779 4685
2787 4011
821 3779
889 4011
3011 3779
1977 4011
2559 3779
1084 4011
1873 3779
1100 4011
2667 3779
4011 4073
2702 3779
1923 4011
1256 3779
4011 4225
2994 3779
1908 4011
1568 3779
3500 4011
2699 3779
3289 4011
1660 3779
416 4011
447 3779
1227 4011
2830 3779
4011 4156
3779 4943
374 4011
3563 3779
4011 4433
3779 4596
1664 4011
1022 3779
2032 4011
3779 3914
4011 4268
3779 4287
4011 4401
3779 4093
2716 4011
1930 3779
4011 4917
1252 3779
4011 4430
399 3779
2605 4011
85 3779
4011 4829
570 3779
513 4011
1541 3779
660 4011
429 3779
3466 4011
3391 3779
4011 4260
3779 4801
3464 4011
3779 4707
4011 4620
1051 3779
4011 4554
2279 3779
2632 4011
2376 3779
2912 4011
3779 3951
936 4011
3639 3779
1662 4011
3779 4022
999 4011
645 3779
4011 4730
1824 3779
3866 4011
167 3779
1700 4011
1092 3779
4011 4054
1496 3779
270 4011
2106 3779
3529 4011
2456 3779
3955 4011
2777 3779
2835 4011
3779 4527
2971 4011
872 3779
1760 4011
3779 4535
4011 4872
1279 3779
4011 4396
1457 3779
3342 4011
1794 3779
3396 4011
2648 3779
1035 4011
29 3779
754 4011
3779 3878
3374 4011
3779 4375
2150 4011
951 3779
742 4011
3779 4163
1267 4011
717 3779
1741 4011
768 3779
1094 4011
2283 3779
557 4011
3779 4604
214 4011
1648 3779
973 4011
1188 3779
2007 4011
3779 4200
526 4011
2511 3779
1736 4011
3779 4179
322 4011
3779 4845
4007 4011
2133 3779
4011 4612
3779 4581
201 4011
864 3779
1006 4011
49 3779
4011 4489
2175 3779
344 4011
3047 3779
4011 4079
1225 3779
1761 4011
1951 3779
4011 4681
202 3779
1468 4011
3646 3779
3877 4011
3779 3854
196 4011
3779 4403
492 4011
3779 4921
30 4011
2761 3779
2776 4011
3779 4793
96 4011
762 3779
1171 4011
563 3779
918 4011
1776 3779
1261 4011
3779 4291
2608 4011
3509 3779
1182 4011
2617 3779
4011 4928
3779 4197
2109 4011
974 3779
2219 4011
2446 3779
1893 4011
964 3779
4011 4683
3456 3779
1534 4011
2644 3779
3026 4011
3292 3779
3835 4011
706 3779
4011 4803
3779 4860
3850 4011
1326 3779
3836 4011
153 3779
309 4011
238 3779
3533 4011
1253 3779
2864 4011
3779 4056
1703 4011
3779 4137
2053 4011
2701 3779
1122 4011
520 3779
3037 4011
186 3779
251 4011
3779 4127
939 4011
1292 3779
3667 4011
3779 4474
1844 4011
3779 4206
3120 4011
1642 3779
2531 4011
3779 4393
1958 4011
1731 3779
3719 4011
3269 3779
1132 4011
3779 4187
4011 4405
3555 3779
3678 4011
271 3779
769 4011
3779 3867
400 4011
2841 3779
1207 4011
3027 3779
3734 4011
2093 3779
1594 4011
876 3779
2052 4011
114 3779
2914 4011
3710 3779
2907 4011
2970 3779
1986 4011
45 3779
3953 4011
3311 3779
759 4011
3779 4044
4011 4869
68 3779
3010 4011
562 3779
4011 4781
170 3779
3549 4011
1388 3779
4011 4019
1768 3779
613 4011
3779 4129
57 4011
1782 3779
4011 4454
2905 3779
1474 4011
1290 3779
3438 4011
3596 3779
1408 4011
3779 4644
579 4011
3779 3936
3305 4011
3666 3779
4011 4714
3779 4634
1111 4011
3244 3779
363 4011
1885 3779
4011 4871
3441 3779
1382 4011
1874 3779
916 4011
3423 3779
2598 4011
878 3779
1212 4011
155 3779
3669 4011
1753 3779
897 4011
3131 3779
3775 4011
785 3779
3952 4011
209 3779
2015 4011
3779 4136
2631 4011
1891 3779
3967 4011
2238 3779
2248 4011
632 3779
1453 4011
3713 3779
3399 4011
3078 3779
989 4011
668 3779
4011 4514
2704 3779
220 4011
3779 3830
928 4011
829 3779
1516 4011
1921 3779
887 4011
3216 3779
4011 4668
2724 3779
3566 4011
2660 3779
3612 4011
1773 3779
3340 4011
620 3779
1855 4011
1219 3779
2077 4011
2016 3779
816 4011
2187 3779
233 4011
3779 3966
3940 4011
3779 4350
2073 4011
2974 3779
3462 4011
2292 3779
1982 4011
1150 3779
4011 4078
3654 3779
2672 4011
3473 3779
1580 4011
2555 3779
4011 4995
3063 3779
165 4011
2421 3779
3834 4011
1846 3779
640 4011
1234 3779
1410 4011
1528 3779
3034 4011
2323 3779
4011 4499
2847 3779
1976 4011
1077 3779
2386 4011
2589 3779
4011 4708
2406 3779
4011 4133
709 3779
1888 4011
3779 4055
4011 4505
3360 3779
4000 4011
3779 4102
1363 4011
2288 3779
398 4011
1273 3779
2746 4011
1338 3779
4011 4780
3779 4613
3755 4011
3779 4480
2129 4011
559 3779
1614 4011
3779 4150
933 4011
2180 3779
3809 4011
287 3779
1222 4011
2197 3779
3687 4011
1241 3779
701 4011
2178 3779
3496 4011
1349 3779
479 4011
1243 3779
4002 4011
2477 3779
2662 4011
3779 4168
3700 4011
289 3779
247 4011
3381 3779
4011 4013
414 3779
861 4011
3403 3779
2185 4011
2200 3779
970 4011
1240 3779
2161 4011
3779 4294
4011 4902
3655 3779
2026 4011
2807 3779
4011 4051
2317 3779
3357 4011
189 3779
4011 4395
3779 4256
1704 4011
2945 3779
1635 4011
3779 4344
1403 4011
3779 4377
409 4011
103 3779
3858 4011
1414 3779
4011 4652
95 3779
1559 4011
194 3779
2113 4011
670 3779
1553 4011
608 3779
4011 4930
3779 3971
4011 4586
357 3779
1293 4011
3779 4933
1889 4011
3779 4205
4011 4785
1061 3779
4011 4870
2189 3779
4011 4550
564 3779
626 4011
1556 3779
4011 4027
3779 4716
3106 4011
3779 4507
3537 4011
3779 3949
3838 4011
1183 3779
2737 4011
3750 3779
4011 4424
184 3779
1720 4011
1861 3779
4011 4240
1963 3779
261 4011
3779 3909
2183 4011
3779 4639
814 4011
3513 3779
1494 4011
662 3779
4011 4877
2537 3779
743 4011
2036 3779
4011 4450
2928 3779
1347 4011
3779 3948
3958 4011
240 3779
2196 4011
1034 3779
52 4011
3779 4969
890 4011
3779 4939
1130 4011
3779 4979
1136 4011
3494 3779
3773 4011
540 3779
1396 4011
3779 4563
684 4011
3779 4116
2090 4011
2241 3779
1392 4011
729 3779
1145 4011
3033 3779
3631 4011
2019 3779
2174 4011
3779 4112
1961 4011
2436 3779
2933 4011
930 3779
2388 4011
2307 3779
2107 4011
1968 3779
3214 4011
2020 3779
4011 4543
3322 3779
747 4011
2384 3779
1860 4011
1073 3779
1939 4011
730 3779
3365 4011
658 3779
2428 4011
3069 3779
2181 4011
2949 3779
686 4011
3643 3779
3142 4011
3779 3915
1716 4011
3779 4963
566 4011
3779 3980
3712 4011
2489 3779
1636 4011
1740 3779
2260 4011
1548 3779
4011 4638
2986 3779
4011 4050
1825 3779
3744 4011
1499 3779
891 4011
3779 4859
996 4011
3779 4343
1752 4011
3779 4402
347 4011
60 3779
2136 4011
2656 3779
4011 4952
3779 4911
3076 4011
401 3779
396 4011
3333 3779
3777 4011
2336 3779
1230 4011
2442 3779
1881 4011
2588 3779
4011 4048
3263 3779
4011 4442
3779 4385
1785 4011
3140 3779
2808 4011
86 3779
4011 4322
3779 4614
4011 4060
3779 4834
2268 4011
3779 3963
3848 4011
294 3779
646 4011
1543 3779
3129 4011
63 3779
2473 4011
3368 3779
4011 4540
2319 3779
4011 4329
3779 4544
1745 4011
483 3779
3172 4011
2272 3779
529 4011
1170 3779
4011 4689
2658 3779
1259 4011
1574 3779
2856 4011
1312 3779
1057 4011
2687 3779
4006 4011
2615 3779
3371 4011
3779 3900
2067 4011
3319 3779
1401 4011
705 3779
834 4011
545 3779
4011 4944
3779 4327
618 4011
685 3779
3833 4011
2271 3779
2818 4011
925 3779
2843 4011
1687 3779
2000 4011
210 3779
3132 4011
2382 3779
736 4011
2170 3779
1946 4011
503 3779
3855 4011
3207 3779
3226 4011
82 3779
3427 4011
2314 3779
624 4011
3620 3779
3073 4011
1747 3779
997 4011
2065 3779
1520 4011
3779 4231
3274 4011
3779 3822
1156 4011
3245 3779
2593 4011
3779 4456
3541 4011
2642 3779
1985 4011
50 3779
4011 4883
2325 3779
2708 4011
3113 3779
3982 4011
2846 3779
1813 4011
2206 3779
2062 4011
2357 3779
1405 4011
2098 3779
4011 4755
3204 3779
3023 4011
2924 3779
753 4011
3779 4439
2562 4011
2127 3779
634 4011
1104 3779
4011 4908
1001 3779
3136 4011
1504 3779
1016 4011
2115 3779
654 4011
3080 3779
4011 4408
3779 4675
3068 4011
3779 4949
3460 4011
2166 3779
1024 4011
1853 3779
3176 4011
339 3779
2029 4011
2875 3779
4011 4576
3779 3861
365 4011
3779 4976
2013 4011
275 3779
4011 4645
3779 4218
4011 4940
1385 3779
1577 4011
3652 3779
1141 4011
631 3779
1616 4011
2118 3779
117 4011
2518 3779
1244 4011
2507 3779
4011 4356
3779 4880
3234 4011
55 3779
2732 4011
3779 4848
1862 4011
2618 3779
4011 4175
3779 3983
1431 4011
3779 4406
3814 4011
3682 3779
394 4011
395 3779
456 4011
2160 3779
1113 4011
3779 4931
2078 4011
3715 3779
2754 4011
3779 4326
772 4011
842 3779
2309 4011
157 3779
4011 4387
1454 3779
4011 4677
3779 4967
3213 4011
833 3779
1163 4011
1251 3779
3284 4011
1826 3779
2363 4011
3779 4227
988 4011
179 3779
2676 4011
3779 4388
1308 4011
2173 3779
1727 4011
3722 3779
820 4011
2858 3779
3405 4011
1685 3779
1490 4011
1884 3779
2805 4011
2022 3779
187 4011
966 3779
4011 4092
1970 3779
2359 4011
3055 3779
3227 4011
204 3779
1072 4011
2523 3779
2208 4011
1304 3779
1732 4011
304 3779
4011 4041
472 3779
4011 4974
771 3779
3841 4011
3199 3779
1896 4011
3779 4966
464 4011
1848 3779
1726 4011
198 3779
1177 4011
3779 4705
1854 4011
691 3779
356 4011
3778 3779
3468 4011
3779 4523
3636 4011
315 3779
2792 4011
1434 3779
1030 4011
474 3779
3085 4011
3779 4915
132 4011
3779 4285
907 4011
3779 4666
4011 4152
436 3779
489 4011
1517 3779
2927 4011
3379 3779
1493 4011
3779 4147
2250 4011
1447 3779
3683 4011
2360 3779
3545 4011
296 3779
2316 4011
3779 4691
1630 4011
2908 3779
3978 4011
3779 4851
4011 4946
3779 4598
4011 4618
3779 4960
571 4011
346 3779
4011 4262
3779 4373
3389 4011
2434 3779
2665 4011
3126 3779
1645 4011
3779 4794
4011 4996
3604 3779
962 4011
2006 3779
3018 4011
2640 3779
3999 4011
1684 3779
1999 4011
3779 4263
2869 4011
3507 3779
2303 4011
2535 3779
2802 4011
28 3779
967 4011
1278 3779
4011 4058
3194 3779
4011 4086
1351 3779
378 4011
144 3779
473 4011
3779 4212
4011 4366
2134 3779
2429 4011
3779 4631
1601 4011
2570 3779
4011 4108
3271 3779
1757 4011
784 3779
4011 4209
3286 3779
2341 4011
1193 3779
4011 4804
3406 3779
1418 4011
1652 3779
2472 4011
1998 3779
4011 4110
3420 3779
937 4011
3779 4122
4011 4988
1076 3779
4011 4692
3779 4164
2738 4011
3779 4153
4011 4374
1843 3779
3633 4011
3300 3779
4011 4125
3166 3779
3912 4011
3571 3779
757 4011
3779 4936
1043 4011
3327 3779
617 4011
1521 3779
4011 4769
3230 3779
2585 4011
2534 3779
4011 4820
475 3779
3147 4011
1993 3779
544 4011
3779 4476
1676 4011
3779 4469
4011 4255
2298 3779
2977 4011
815 3779
955 4011
727 3779
4011 4751
110 3779
804 4011
3779 4297
2520 4011
3779 4226
4011 4445
2088 3779
2877 4011
1157 3779
1196 4011
3779 4524
1628 4011
3779 3800
2715 4011
106 3779
2043 4011
2950 3779
1764 4011
260 3779
4011 4790
1324 3779
1663 4011
3577 3779
2104 4011
3698 3779
218 4011
3779 4296
231 4011
3779 4771
1285 4011
1463 3779
3415 4011
2105 3779
1346 4011
720 3779
2095 4011
2017 3779
4011 4271
3701 3779
633 4011
2899 3779
3049 4011
3779 4884
4011 4135
2629 3779
4011 4768
3634 3779
977 4011
3779 4605
3308 4011
1166 3779
2726 4011
3779 4627
4011 4919
3686 3779
2798 4011
3779 4293
4011 4485
628 3779
893 4011
904 3779
1692 4011
2567 3779
2033 4011
3779 4282
2583 4011
3779 4518
515 4011
2488 3779
3328 4011
3779 4889
1842 4011
2943 3779
1333 4011
3779 4059
1471 4011
3314 3779
3964 4011
2810 3779
4011 4641
1972 3779
81 4011
476 3779
3092 4011
1039 3779
2157 4011
3262 3779
3149 4011
3779 4097
2121 4011
567 3779
1962 4011
2959 3779
4011 4223
1325 3779
3559 4011
3779 4702
1668 4011
3779 4678
3233 4011
3779 3799
3825 4011
3779 4202
1572 4011
328 3779
3273 4011
3534 3779
1370 4011
3779 4303
4011 4773
3708 3779
4011 4460
653 3779
2823 4011
2460 3779
2135 4011
809 3779
843 4011
591 3779
2793 4011
3779 4140
1515 4011
2293 3779
4011 4162
2179 3779
2786 4011
168 3779
64 4011
1994 3779
112 4011
2566 3779
2766 4011
786 3779
1348 4011
3779 3901
4011 4208
3519 3779
39 4011
205 3779
3377 4011
3768 3779
3892 4011
1128 3779
3376 4011
2240 3779
3659 4011
3779 4588
468 4011
1007 3779
4011 4787
3779 4585
2635 4011
2573 3779
2784 4011
1532 3779
4011 4975
1158 3779
3905 4011
1008 3779
3450 4011
2222 3779
337 4011
3779 4734
3163 4011
3060 3779
2744 4011
3118 3779
929 4011
2018 3779
1358 4011
1323 3779
824 4011
1424 3779
3422 4011
3648 3779
330 4011
805 3779
4011 4521
87 3779
4011 4196
607 3779
4011 4802
583 3779
3581 4011
2989 3779
998 4011
3431 3779
3946 4011
3779 4347
3890 4011
3359 3779
2130 4011
154 3779
4011 4298
2305 3779
2339 4011
2131 3779
3025 4011
596 3779
310 4011
3779 4589
4011 4323
1759 3779
2397 4011
2205 3779
4011 4042
3474 3779
3903 4011
3779 4617
625 4011
1064 3779
1989 4011
852 3779
2021 4011
1804 3779
2783 4011
1589 3779
2513 4011
265 3779
4011 4283
2624 3779
371 4011
421 3779
2432 4011
3601 3779
2539 4011
983 3779
4011 4937
3779 4066
3189 4011
3779 4935
3945 4011
3265 3779
819 4011
3260 3779
4011 4342
3779 4141
4011 4481
1952 3779
3177 4011
3779 4726
2826 4011
728 3779
4011 4317
2478 3779
1789 4011
2831 3779
2092 4011
909 3779
3515 4011
102 3779
594 4011
3779 4391
2710 4011
1965 3779
1639 4011
123 3779
2403 4011
837 3779
1277 4011
1906 3779
2085 4011
732 3779
831 4011
2059 3779
3094 4011
3779 4491
435 4011
169 3779
2999 4011
2396 3779
4011 4193
3779 4795
3135 4011
3012 3779
2299 4011
734 3779
3506 4011
1643 3779
1169 4011
3779 4386
313 4011
147 3779
2894 4011
2564 3779
1796 4011
3779 3972
234 4011
1148 3779
4011 4513
3779 4964
2497 4011
2991 3779
386 4011
3366 3779
3842 4011
3779 4300
2430 4011
1041 3779
255 4011
2988 3779
3823 4011
3779 4492
1085 4011
3351 3779
3993 4011
3779 3956
1450 4011
3779 3994
1775 4011
3298 3779
1546 4011
572 3779
1372 4011
2782 3779
612 4011
2580 3779
3476 4011
3200 3779
2253 4011
3038 3779
4011 4441
994 3779
3056 4011
605 3779
4011 4684
2321 3779
4011 4746
2674 3779
541 4011
919 3779
2619 4011
2693 3779
4011 4123
1536 3779
2607 4011
3779 4772
4011 4311
1531 3779
3844 4011
1927 3779
4011 4546
2641 3779
3930 4011
3278 3779
190 4011
88 3779
987 4011
242 3779
2591 4011
3779 4920
22 4011
302 3779
4011 4024
2055 3779
1015 4011
3690 3779
3969 4011
291 3779
1827 4011
3779 4376
4011 4978
3779 4539
2278 4011
3356 3779
3874 4011
603 3779
3788 4011
1167 3779
2579 4011
1101 3779
3201 4011
2739 3779
3543 4011
949 3779
4011 4074
3488 3779
1912 4011
3779 4744
636 4011
1637 3779
4011 4970
3779 4104
4011 4762
331 3779
2322 4011
731 3779
580 4011
3779 4608
3801 4011
3770 3779
2681 4011
3277 3779
3740 4011
2609 3779
1389 4011
3779 4177
4011 4624
1213 3779
4011 4590
3779 4371
2399 4011
32 3779
159 4011
3779 4095
2410 4011
1712 3779
1112 4011
3040 3779
4011 4182
2508 3779
2491 4011
1218 3779
4011 4192
3779 4671
3100 4011
509 3779
1428 4011
1330 3779
4011 4422
3779 4558
749 4011
961 3779
1288 4011
3589 3779
3252 4011
290 3779
1878 4011
1091 3779
3582 4011
239 3779
2906 4011
623 3779
3122 4011
3779 4615
332 4011
422 3779
2855 4011
2311 3779
1221 4011
3779 4971
3336 4011
935 3779
4011 4680
931 3779
1063 4011
3630 3779
2261 4011
1591 3779
469 4011
3779 3783
3776 4011
3779 3927
506 4011
3486 3779
1314 4011
3745 3779
3973 4011
2966 3779
1936 4011
1941 3779
2216 4011
2470 3779
3824 4011
576 3779
680 4011
387 3779
4011 4957
3779 4985
2034 4011
1298 3779
1550 4011
2645 3779
1120 4011
2705 3779
1651 4011
2262 3779
3813 4011
431 3779
487 4011
1491 3779
1513 4011
2840 3779
4011 4466
3779 3896
1137 4011
2941 3779
1606 4011
3779 3926
1102 4011
2235 3779
4011 4459
1436 3779
3553 4011
3779 4637
120 4011
1817 3779
4011 4551
1944 3779
4011 4553
3779 4611
2767 4011
3779 4183
3790 4011
985 3779
1767 4011
3779 4503
1449 4011
1746 3779
3786 4011
957 3779
1029 4011
3280 3779
971 4011
1933 3779
3144 4011
2576 3779
4011 4994
208 3779
4011 4756
1533 3779
1750 4011
145 3779
4011 4165
1749 3779
2469 4011
1510 3779
80 4011
1146 3779
127 4011
3628 3779
2120 4011
2942 3779
1080 4011
940 3779
402 4011
1540 3779
2116 4011
3779 4813
4011 4866
2373 3779
568 4011
223 3779
1070 4011
3228 3779
3358 4011
2586 3779
1280 4011
1399 3779
439 4011
3779 4557
2918 4011
3779 4817
2485 4011
1602 3779
1883 4011
321 3779
2765 4011
311 3779
2727 4011
3779 3923
649 4011
3779 4709
4011 4752
675 3779
4011 4434
3190 3779
1615 4011
3267 3779
2778 4011
2524 3779
3863 4011
3779 4846
2561 4011
3640 3779
1588 4011
1242 3779
1416 4011
3779 4656
1438 4011
3426 3779
1019 4011
3416 3779
1506 4011
1284 3779
3587 4011
3512 3779
700 4011
3779 4789
2603 4011
2091 3779
3517 4011
3779 4873
3849 4011
2191 3779
3302 4011
2257 3779
1033 4011
1770 3779
4011 4893
1025 3779
4011 4446
3039 3779
1987 4011
1845 3779
3832 4011
3057 3779
477 4011
2528 3779
4011 4868
3779 3921
3124 4011
1585 3779
4011 4796
3779 4452
3108 4011
3224 3779
3248 4011
2628 3779
3115 4011
2444 3779
635 4011
1475 3779
4011 4047
3779 4399
4011 4784
3779 4718
531 4011
3779 4753
2051 4011
3779 4290
3275 4011
3573 3779
923 4011
2682 3779
2541 4011
2558 3779
4011 4394
2479 3779
1446 4011
1943 3779
89 4011
2602 3779
911 4011
193 3779
3697 4011
1203 3779
1147 4011
92 3779
4011 4778
1711 3779
3053 4011
2717 3779
3965 4011
2604 3779
1955 4011
3779 4879
2688 4011
1135 3779
3638 4011
3445 3779
21 4011
2834 3779
3208 4011
197 3779
2675 4011
2533 3779
3332 4011
3696 3779
840 4011
2796 3779
3987 4011
2451 3779
232 4011
2281 3779
1738 4011
4 3779
453 4011
3680 3779
1469 4011
2501 3779
704 4011
3779 4384
4011 4552
3779 4234
1689 4011
2246 3779
207 4011
3779 3884
355 4011
1482 3779
4011 4849
883 3779
4011 4923
99 3779
2626 4011
1641 3779
4011 4916
7 3779
171 4011
3779 3789
1118 4011
3084 3779
1765 4011
3779 4501
459 4011
407 3779
3 4011
1037 3779
1644 4011
3691 3779
554 4011
2315 3779
3780 4011
3048 3779
1805 4011
437 3779
1395 4011
2243 3779
3045 4011
3779 4710
1584 4011
1376 3779
4011 4359
1530 3779
188 4011
1694 3779
3677 4011
3086 3779
445 4011
3779 4891
1948 4011
3779 4898
4011 4224
2721 3779
2158 4011
3779 4980
4011 4502
3688 3779
2411 4011
6 3779
2923 4011
3779 4463
2860 4011
128 3779
1865 4011
1539 3779
1579 4011
27 3779
3079 4011
2797 3779
2951 4011
1107 3779
1452 4011
1134 3779
4011 4046
3779 4987
3954 4011
3779 4881
4011 4217
2811 3779
4011 4334
23 3779
2536 4011
3046 3779
4011 4337
3779 4989
1721 4011
3779 4858
2529 4011
1199 3779
1984 4011
3779 4934
3729 4011
1929 3779
1988 4011
2871 3779
15 4011
391 3779
353 4011
3779 3798
1322 4011
1270 3779
254 4011
858 3779
4011 4354
1991 3779
24 4011
3779 4901
2653 4011
2815 3779
3989 4011
370 3779
26 4011
3779 3821
91 4011
2556 3779
3859 4011
810 3779
1913 4011
66 3779
1423 4011
3779 4026
4011 4993
3191 3779
927 4011
2968 3779
2302 4011
1260 3779
4011 4998
2743 3779
182 4011
3156 3779
1066 4011
1778 3779
1108 4011
2027 3779
4011 4252
2375 3779
3107 4011
3249 3779
237 4011
219 3779
417 4011
1811 3779
4011 4239
2578 3779
3934 4011
3024 3779
1189 4011
1317 3779
1983 4011
1337 3779
3112 4011
3303 3779
4011 4961
3098 3779
4011 4330
688 3779
454 4011
312 3779
4011 4571
3779 4855
1956 4011
1511 3779
3005 4011
1730 3779
4011 4346
3779 4381
703 4011
621 3779
3019 4011
1437 3779
3558 4011
3731 3779
2895 4011
1914 3779
708 4011
3779 4068
3459 4011
3779 4328
42 4011
3779 4839
3192 4011
3779 4392
1942 4011
1394 3779
488 4011
3444 3779
2369 4011
3619 3779
2437 4011
2050 3779
385 4011
3363 3779
2852 4011
673 3779
1501 4011
1858 3779
2996 4011
2392 3779
3345 4011
859 3779
578 4011
3779 3992
3295 4011
1935 3779
4011 4241
430 3779
1445 4011
455 3779
4011 4189
2312 3779
3661 4011
2764 3779
3872 4011
3009 3779
1133 4011
1194 3779
2657 4011
2553 3779
3498 4011
368 3779
1339 4011
73 3779
982 4011
972 3779
4011 4033
1299 3779
2646 4011
2190 3779
836 4011
1780 3779
3241 4011
2394 3779
1390 4011
3779 4844
4011 4025
3779 4279
2801 4011
710 3779
1190 4011
2450 3779
905 4011
1744 3779
2622 4011
3380 3779
857 4011
1932 3779
3347 4011
2965 3779
301 4011
1565 3779
4011 4520
2075 3779
2540 4011
3550 3779
3787 4011
1264 3779
2725 4011
3158 3779
2755 4011
3779 4809
1693 4011
3779 3880
523 4011
3779 4062
1649 4011
3779 4657
2915 4011
2691 3779
2301 4011
3779 3910
2370 4011
1342 3779
1456 4011
789 3779
504 4011
3375 3779
1859 4011
1763 3779
2110 4011
3353 3779
2163 4011
1675 3779
2324 4011
1451 3779
4011 4036
458 3779
3651 4011
1054 3779
1373 4011
3779 4134
4011 4782
2510 3779
741 4011
3779 4257
2827 4011
1053 3779
4011 4696
2453 3779
3610 4011
3676 3779
3637 4011
699 3779
2374 4011
1366 3779
888 4011
1309 3779
2423 4011
614 3779
3937 4011
3075 3779
1114 4011
2595 3779
1981 4011
1508 3779
4011 4149
1654 3779
3453 4011
3724 3779
1049 4011
3236 3779
1924 4011
990 3779
4011 4541
282 3779
2882 4011
922 3779
2848 4011
3779 4488
3054 4011
162 3779
4011 4887
3779 4763
2910 4011
3154 3779
610 4011
3658 3779
4011 4525
3772 3779
3692 4011
517 3779
3721 4011
1551 3779
1318 4011
2111 3779
2167 4011
3114 3779
2168 4011
3197 3779
2414 4011
3779 4959
2568 4011
3779 3869
4011 4690
3779 4897
525 4011
3256 3779
2296 4011
3326 3779
1271 4011
3388 3779
765 4011
2475 3779
895 4011
1633 3779
470 4011
2404 3779
4011 4031
595 3779
4011 4057
2455 3779
3099 4011
2379 3779
3225 4011
689 3779
2742 4011
3779 4245
3870 4011
2443 3779
3451 4011
3779 3879
481 4011
3779 4736
350 4011
384 3779
512 4011
981 3779
2944 4011
2184 3779
1320 4011
2356 3779
323 4011
1487 3779
2254 4011
3779 4619
683 4011
2498 3779
3752 4011
3779 4432
1332 4011
3779 4807
4011 4154
2824 3779
830 4011
1852 3779
1625 4011
496 3779
2666 4011
3779 4211
2532 4011
2417 3779
4011 4515
3779 3792
2868 4011
2655 3779
2896 4011
3779 3924
1009 4011
2132 3779
3913 4011
2770 3779
37 4011
1435 3779
1788 4011
1708 3779
2001 4011
3779 4233
2779 4011
379 3779
1026 4011
2225 3779
2211 4011
3779 4318
2251 4011
2230 3779
3253 4011
406 3779
449 4011
2643 3779
3160 4011
226 3779
217 4011
1667 3779
4011 4105
1152 3779
3288 4011
690 3779
1904 4011
667 3779
775 4011
779 3779
494 4011
411 3779
2233 4011
3665 3779
1407 4011
527 3779
4011 4382
418 3779
1142 4011
3627 3779
2892 4011
1847 3779
178 4011
2142 3779
2266 4011
1440 3779
3753 4011
3779 4017
2499 4011
3779 4695
3957 4011
13 3779
2349 4011
1870 3779
4011 4899
3779 3917
1587 4011
136 3779
3093 4011
286 3779
4011 4674
2153 3779
4011 4699
1020 3779
383 4011
1470 3779
4011 4814
1806 3779
1705 4011
3229 3779
2221 4011
2557 3779
2560 4011
3779 4662
3911 4011
1621 3779
4011 4925
3779 4096
2415 4011
3089 3779
3759 4011
3386 3779
280 4011
3306 3779
4011 4132
3779 4407
4011 4568
1354 3779
715 4011
3162 3779
547 4011
3779 4739
340 4011
1472 3779
3123 4011
3779 4667
1617 4011
1829 3779
4011 4325
3779 4353
4011 4770
361 3779
1967 4011
2728 3779
4011 4497
2267 3779
3621 4011
3779 4457
4011 4623
2722 3779
2435 4011
1802 3779
1365 4011
1535 3779
2953 4011
2186 3779
152 4011
647 3779
744 4011
2800 3779
4011 4630
3644 3779
1369 4011
3424 3779
3051 4011
2519 3779
2551 4011
3125 3779
1335 4011
2069 3779
2204 4011
2901 3779
696 4011
844 3779
808 4011
2647 3779
4011 4672
3685 3779
4011 4792
917 3779
4011 4352
2024 3779
1743 4011
2791 3779
3270 4011
642 3779
3362 4011
314 3779
3246 4011
3779 4821
745 4011
1164 3779
3684 4011
2521 3779
293 4011
1355 3779
1211 4011
3449 3779
879 4011
2898 3779
3968 4011
3779 3889
31 4011
3779 4321
2712 4011
1140 3779
538 4011
241 3779
884 4011
1489 3779
1872 4011
2685 3779
4011 4242
2997 3779
392 4011
1509 3779
3281 4011
1383 3779
1000 4011
2371 3779
3693 4011
3779 4237
737 4011
3779 4603
4011 4765
3779 4531
4011 4411
3779 4331
2320 4011
947 3779
2530 4011
1228 3779
3167 4011
655 3779
3206 4011
1926 3779
1659 4011
3662 3779
1316 4011
2066 3779
389 4011
3378 3779
3807 4011
3779 4811
211 4011
2188 3779
358 4011
3127 3779
1519 4011
2071 3779
3603 4011
3779 4249
2391 4011
3779 4417
3882 4011
3551 3779
2494 4011
2023 3779
1973 4011
2310 3779
3350 4011
1562 3779
770 4011
3779 4660
796 4011
1931 3779
3738 4011
3082 3779
573 4011
1419 3779
2552 4011
1697 3779
4011 4370
3220 3779
2378 4011
1918 3779
478 4011
3779 4265
794 4011
3779 4072
1815 4011
250 3779
298 4011
1202 3779
2788 4011
3524 3779
4011 4538
3779 4188
868 4011
2089 3779
1733 4011
3485 3779
4011 4972
285 3779
3103 4011
1954 3779
1180 4011
2620 3779
18 4011
3561 3779
2720 4011
2505 3779
980 4011
3779 4171
853 4011
1779 3779
2343 4011
3779 4865
2426 4011
2987 3779
1771 4011
3217 3779
122 4011
2056 3779
2327 4011
1056 3779
2934 4011
1702 3779
3178 4011
3255 3779
2487 4011
3779 4822
2462 4011
2515 3779
1882 4011
3779 4658
1442 4011
1126 3779
1387 4011
2080 3779
4011 4409
3779 4315
38 4011
3779 4319
2935 4011
2936 3779
3893 4011
2099 3779
4011 4500
2390 3779
2326 4011
3779 4573
3487 4011
2484 3779
4011 4629
1523 3779
1605 4011
3382 3779
4011 4181
3779 4750
2028 4011
1629 3779
1558 4011
3151 3779
2733 4011
2459 3779
2138 4011
2355 3779
2514 4011
1503 3779
2152 4011
1162 3779
1611 4011
601 3779
1590 4011
3133 3779
3061 4011
3779 4114
3335 4011
777 3779
3941 4011
2365 3779
1879 4011
2352 3779
4011 4724
1669 3779
1613 4011
1206 3779
3437 4011
3779 4170
2677 4011
3185 3779
502 4011
2780 3779
952 4011
3779 4774
4011 4947
3779 4288
1294 4011
1575 3779
264 4011
657 3779
408 4011
1646 3779
1306 4011
1696 3779
2112 4011
2466 3779
3539 4011
3481 3779
938 4011
2707 3779
892 4011
1928 3779
2857 4011
3779 4818
1610 4011
577 3779
2482 4011
1400 3779
4011 4559
1378 3779
172 4011
3779 4837
2448 4011
2752 3779
58 4011
1783 3779
3649 4011
3044 3779
4011 4355
1959 3779
1297 4011
1950 3779
2845 4011
2137 3779
4011 4077
2659 3779
3521 4011
3779 4258
2957 4011
712 3779
1609 4011
3702 3779
4011 4310
2242 3779
881 4011
3779 3997
4011 4625
2904 3779
2962 4011
3779 4045
1578 4011
245 3779
2141 4011
2295 3779
446 4011
426 3779
4011 4357
1248 3779
3181 4011
2503 3779
4004 4011
1282 3779
4011 4416
3779 4534
2452 4011
3779 4717
4011 4909
3779 4549
1223 4011
3119 3779
3337 4011
3580 3779
47 4011
1116 3779
4011 4874
3779 4080
3782 4011
236 3779
4011 4748
1003 3779
3554 4011
674 3779
2581 4011
3287 3779
2980 4011
3779 4759
4011 4591
1909 3779
1082 4011
221 3779
3531 4011
3779 4067
3657 4011
1898 3779
2684 4011
3779 3984
1068 4011
692 3779
2433 4011
3779 3816
1974 4011
3514 3779
56 4011
2703 3779
244 4011
2889 3779
707 4011
663 3779
4011 4727
2718 3779
1526 4011
1742 3779
827 4011
1209 3779
3793 4011
272 3779
2925 4011
3779 3886
969 4011
2678 3779
4011 4169
3779 4922
2239 4011
1599 3779
760 4011
3779 4572
3594 4011
3398 3779
4011 4747
1002 3779
846 4011
926 3779
4011 4913
650 3779
1706 4011
2781 3779
3617 4011
1329 3779
2263 4011
1327 3779
1110 4011
2775 3779
433 4011
946 3779
801 4011
3749 3779
3709 4011
3779 4235
687 4011
3395 3779
3409 4011
511 3779
1830 4011
3779 4968
2483 4011
1269 3779
1797 4011
3546 3779
10 4011
3779 3852
2888 4011
1017 3779
1803 4011
1653 3779
3762 4011
2762 3779
719 4011
3028 3779
3392 4011
354 3779
4011 4332
1476 3779
160 4011
3779 4649
1581 4011
963 3779
1821 4011
3520 3779
2709 4011
3283 3779
3862 4011
1545 3779
3925 4011
1890 3779
1311 4011
866 3779
507 4011
1153 3779
2002 4011
979 3779
3043 4011
2424 3779
4011 4533
3315 3779
2893 4011
2439 3779
2259 4011
3779 4697
2769 4011
3014 3779
3268 4011
3097 3779
2625 4011
295 3779
1013 4011
3779 3839
2413 4011
3779 3988
847 4011
1810 3779
3231 4011
533 3779
871 4011
2285 3779
3815 4011
258 3779
2427 4011
3417 3779
3672 4011
3779 4914
3741 4011
3779 4495
2083 4011
3726 3779
25 4011
3779 4273
3404 4011
1272 3779
4011 4948
3433 3779
3052 4011
1875 3779
2463 4011
2061 3779
4011 4965
46 3779
4011 4238
3779 3916
3425 4011
2492 3779
4011 4158
1787 3779
4011 4819
2014 3779
2636 4011
1235 3779
2772 4011
149 3779
912 4011
3448 3779
413 4011
1139 3779
3339 4011
442 3779
3765 4011
3418 3779
1444 4011
1793 3779
3920 4011
2049 3779
1549 4011
2063 3779
1522 4011
1310 3779
2554 4011
3779 4203
3074 4011
1236 3779
1766 4011
3779 4472
