4999
[[[][[][][[[]]][]]]][][]]]][[[[[][]][[[][][]]]][[][][[[[[][[[[[[]][[[]]]][[[][[][[[][[[][]][]][][][][][][[][[[][[[[[[]]]][][]][[]]]]]][[[[]]]][[]]]][[[]][]]]][[][][[][][[]][[[[[]][][]][[]][]][[[]][]][][]]]]]]]][[][][[[]][[[[]][[]]][[]][][][]]]][[[[[]][]]][[[][[][[[[[]][]]][[]]]]][[[][[][[]][[]][][]]][][][][][][[[[[[]][]][]]]]][]][]]][]]][[[[[[]]][][][[]]][[[[]][[[[[][][]]]][]][[][]]]][][]]]]][[][[]][[]][]][]][]]][][]]]]][[][][][[[[][]][]]]][[]][]]][[[]]]][][[[]][[][]]]][]][[[[]]][][[]][][]][[[[[]][[][]]][][][]]][][]]]][[[[][[[[[[][[][]][][][]]]]][][[[][[]]][]]]][][[]][][]]][][][][]]]]][][][]]][[][[]]][[][[][][][[[]][][][]][[]]]]]][][[][]][]]][]][][][[[[[[[]][[[[[][[]][[]]]]]]]]]]][]][[][]]]][][]]]][[[[[[[][][[[[[][[][[][]][[[[]][[]]][[[[]][][[[[][]]][]][[]]]]][[][][[[[[][[[][][]]]]][]]]][[[[]]]][]][[]][]][]]][][[][[]][[[][]]]][][[][]][]][[]][]]]][[]][]]]][][]]]][]][[[[]][[[][[]]][[[][]]]][][[]]][[[[][[[]]]]][]][[[[[[[[[][[[[[]][][[[][]]][[[][][]]]]]]][][][[][][[][]]][][]][][[][]]][[][][][]][][]]]]][[[]]]]][[[[][][[[][]][][[[]]][]][]]][]]][]][[][[[]]]]][][]][[[[[[]][[[]][[]]][[[][[[]]][]]]][[[]][[[[][[[]]]]]][[[[]]]]]]]]][[]]][[[[[]]]][[[][]][][[]][]][]]][]]]]]]]]]]][][[]]][][]]][[]][]][[][[[[]]][[[[][[[[][[[]]][]][[]]][][][][[]]][[][][][][]][][]][[]][[]][]][[][[][]]][]][]][]]][[[[[][[[[]]][]][[][]][[][[[[]]][[[[[][][[][[][[][[[[][[]]][][[[[[[[][[[[][][][]][[[][]][]][][[[][]][[]][][]]]][][[]]]][[[]][[[]]]]]]][]][[[]]][]]]][]][[[[[][[[[]]][[[][][[[[[]]][]]][[[[[][[[][][[[[][[[]]]]]][][]]][[]]]]]][[][[[[][][][]]][]][][[][[][]][][[][][]][]][][][][][][][[][[]][[]][[]]][[]]][]][]]]][]][[]]]]][]]][[[[[][]]][][][[[][[[[]]]]][]][]][[]]]][[[][[][][][][]]]][]][[[]][[[[[][[][[[[[[[[[[]][][[]]][][[][]]]]]][[[]][]]][]]]]][][[]][[]]]]][[[]][]][]][[][[][]][]]]]]][][[[]][][]][[[]]][[[][[][][[]][[]]]]]][]]]]][][[]]][[[][][]]]]][[[]][[[][[]]][]]]][]][[][]]][[]]][[[]][[[][[]][][[[[][][[]][]][[][[[]][[][[[]]]][]][[]]][]]][[][[[[]]]]][]]][][]][[]]][[][]]]]][]][]]][[[[][[][[[]][][[[[]]]]]][]][][[[[[[]][[[[][[[[][]][[[[[]]]]]][]]]][[]]]][]]]]][[][[[][]]][][]]][]][][][[][][[[]]]]]]]][[[][[[]][][[[[[][[[]][[][[[][[[[[]]][[[]]]]][[[][[]]][][]]][][[[][]][][][]][[][]][][]]]][]][[]]]]]][[][][[[][]][][]]]]][[]][]]][[[[[[]]]][[[][][][]]]][[]][[[[][[[[]][]]][[[[]]]][[[[]]]]]]][[][][[[[][]][][[[[[][]][[[[[][]][]]][]]][]][][[]][][[]]][][][][][]][[[[][]]][]]]]][][[[[]]][[[[][[[[][[]]][[[]]]]]][][[[[[[[]][[][[][[[][[][[][[[[[[[]]]]]]][][[]][][][][][][[]][[[][][[[[][]]]][[][[[][]][]]]]][[[[[][][]]][[][[[]]][]][[]]]][[[][]][[[[]][[[[[][[[[[[]]][]]][][[[]]]][][[[[[[[[]][[][]]]][][[[[[][[]][[]]][[][]][]][]][[[][[[][[]]][[[]][[[]]][][[[]]][]]][[][[][[[[][[]]][][]]][[[[[[][][[][]]]][]][[[[[[[[][[[][[][[]][[]][[]][][][[[]]]]][[[[]][[[[[]]]]][[][]][[[]]]]]][][[]][]][[][[][[][[[[][[[[][[[][[][]][[[]]]][][[][]]][[][[]][]]]][]][[[]][][[[][]]][[][][[[[[]][]]]]][[]][]]]]][[[[[][]][][[[][[[][][[][[[][][][[[][[[[][[[]][]]][][[[[[[]][[[[]][]][][][[[[[]]][[]]][][]][][[]]][[][[]]][]][[[[[[[[[[]]][[[[][[][[[[][]][]]][][[[]][][[[]][][]]][[][][]]][]][[[]][[[][]]][[[]]][[]]]][[][]][]]]][][][]]][][][[[]]][[]][]]][[[[][]][[]]][[[][[[]]]][][[][[][][][][[][]]][][[[][[[[][][[[[[][][[]][][]]][[[[][[[[]]]][]]]][]]][[]]][[][[[[[[[[[]][][[[[[[][]]]][[[[]][]][[][]][][[]]]]][[[]]][]]][][]]][][[[]]]]]]]][][[[[[[[]]]]]][[]]][[][[[[[[[]]][[][[[][]][[]][[[][[]]][]][]][]]]][][][[][]]][[][[][[[[]][][][[[][[[[][[[][[[]]][]][[]][[][[][[[]]]][]][][][[[[[]]][][][]][[][]][[[[[]]]]][][][][][]]][[][][]]][][][][[[[][[[[]][[][[[]]][][][]]][][][[]]][][[[]][]]]]][]][][][]]]]][[][[[][[]]]][[]][]][[[][]]][[[[]][][[[]][]][[[][[[[][[[]][]]]][[][]]][[]]][[][][[[[[]][[[[]][[]][[[[]][[[]][[][][[[]]][[[][[[][[][[][][[[[]]][[[[[][[[[[]][[[]][][][[][]]]][[[]][[[[]][]][][[[][][[][[[[][[][][[[][[[][][]][[][]]][[[]][[][[]]][][[][[[[]][]]]][[[][[[]][[[[][]]][[[][][][[][]]]][[[[[[[]][][[]]][]][[[[]][[[[[[][[[]]][][]][[[[][][[][[]]][[[[[[]]][[]][[[]]]][]]]]]]][][]]]][[]][[][][[[[]][][]]]][]][[[]][]]][[[][[][[[[]][][][[[]]]]][[[[]][]][[[[][]][][][][[[][]][[][][]][[][][[]]][][[][]][[[]]]]][][[][][[[[]]]][][]][]]][[[[[][[][[[]][[][[][][[[[[][]]]]][]][][[]]][][[][[[][[[]]][]]][[[][[[][]][[][]][[[]]][[]][[]]][[[[[][]]]]][[]]][]]]]]][[[]]]][[[[[]]]]][[]]][][][]][[[[][[][[][[[[[[[][][[[[][[]][][[][]][][[[[[[]]]]]][]]][][][][][]]][]][[]]]][][[[][[][[[]]]][[[[][[]]][[][[[[[][[[[[][[[]]]]]]][]][]]][[]]][]][]][[[[[[][[[[[]]][[[[][]]]][][]]]]]][]]]]][[][][][[][][][[[]]]]][[[][]][][][[[]][[]][[][]]]]]][]]][]][[]]]]]]]]]]][][][]][][[]]][]]][]][[][][[][][]][][[][][][[]][[[[[]]]][]][][]][][][]][[]]][[[[[[[][]]][][][]][]]]]][][[[][[[]]]]]][][[[[]]][[]]]][[[[][]][]][]][[[]][]]]]]]][[[[]]][]][[][[[]][]]][][]][]]][]]]]]][[][]][]][][][[[][]]][]]]][][][][][][][[[][][][][]][[]][[[]]][[[]][]]]]][]]][]]]]][][[][][[]][][[[][[]]]][[[]]][[[[[[[][][][][[[]]]][]]]]][[]]]][[[][[][[][[][][[[][[[]]][[]]][[]]][][]]]]]]]][][]]]][[[[[]][]]][[[[][[][]]][][[[[][][[]]]][[[[[]][[]][[]][[[[]]]][][][]]]]]]][][]]][[][[[[]][][[]]][[][[[[[][]][[[[][][
505 3160
505 3581
3160 3632
201 505
3160 4837
505 3652
2378 3160
505 2723
2693 3160
505 1543
3160 4807
505 2042
1962 3160
505 985
3160 4970
505 4464
2820 3160
505 4936
2257 3160
505 1378
3160 3569
505 1354
3147 3160
505 4471
266 3160
505 1089
3160 3479
505 4860
3000 3160
505 1554
3160 3607
505 1200
3160 4243
505 3854
3160 4912
505 2219
3160 3708
505 3772
3160 3494
505 820
1199 3160
350 505
3160 3943
505 4577
377 3160
505 3568
1208 3160
505 2090
2481 3160
505 3475
435 3160
505 4796
3160 4150
505 1777
2175 3160
505 3553
3160 3362
505 4534
2911 3160
505 4882
1918 3160
505 4914
3160 3723
505 509
3160 3954
505 4602
3160 4070
505 2261
2267 3160
505 576
3095 3160
505 1890
3160 3218
505 3176
3160 3369
505 2895
3160 3245
505 4197
2165 3160
505 3039
3160 4341
420 505
3160 4250
505 1100
106 3160
505 4005
3160 3734
505 1603
323 3160
505 4712
3160 4513
18 505
3160 3251
505 2812
1569 3160
505 4932
2775 3160
505 4636
3160 3850
505 3492
3160 3374
505 544
413 3160
505 2607
1810 3160
505 1937
247 3160
505 4961
2470 3160
505 743
3160 4941
505 3091
194 3160
505 955
2884 3160
505 4412
3160 4274
505 2686
3160 4388
505 3275
2841 3160
505 2671
430 3160
505 1237
3160 3783
505 657
3160 4863
505 3743
3160 4459
405 505
745 3160
466 505
2007 3160
505 2184
3160 3557
438 505
1700 3160
505 1152
3160 3223
505 3092
2585 3160
505 3997
500 3160
133 505
1926 3160
505 3009
3160 3789
505 3994
3160 4294
505 3166
265 3160
505 3277
3160 3748
505 4063
2755 3160
505 3429
884 3160
505 3762
1241 3160
505 1141
2658 3160
505 3778
3160 4533
505 2120
2734 3160
46 505
3160 3428
505 1397
2115 3160
505 2438
2541 3160
505 2561
499 3160
505 4547
644 3160
505 2636
2653 3160
505 3502
776 3160
505 1866
3107 3160
204 505
3160 4665
505 4905
2742 3160
505 4603
1055 3160
505 3488
3126 3160
505 2513
2968 3160
505 551
3160 4531
505 4759
3160 4799
505 2396
2590 3160
505 3121
3160 3491
505 4725
3160 4935
505 1562
2208 3160
505 4179
3160 4101
505 1895
344 3160
505 3035
404 3160
505 3596
2158 3160
414 505
712 3160
178 505
3160 3776
505 3133
3160 3746
505 4746
2834 3160
505 4647
3160 4934
505 1570
3160 4089
505 513
3160 3866
505 3815
2899 3160
505 809
1482 3160
505 4024
3160 3694
505 1674
3160 3700
505 4122
3160 4298
505 1640
1015 3160
505 4522
3160 3764
505 4211
2096 3160
505 2505
3160 3939
505 2179
3160 3408
505 1838
1323 3160
505 3805
1678 3160
505 1090
149 3160
505 3246
1216 3160
505 3510
3 3160
505 2361
3160 4407
505 1143
3160 3799
505 2151
1217 3160
505 4590
3160 3483
505 3296
656 3160
505 3262
1664 3160
505 4868
2540 3160
505 629
2180 3160
505 2270
2887 3160
505 1721
3160 4745
505 3971
1119 3160
505 4607
2355 3160
505 3741
3160 4910
505 2439
3160 4125
505 685
571 3160
505 1277
3160 4980
505 1681
2387 3160
495 505
2779 3160
505 3352
3160 3729
505 4470
252 3160
456 505
1365 3160
505 3081
1411 3160
505 1197
3160 4479
505 2972
292 3160
505 4525
3160 4672
505 4445
1896 3160
505 2307
2839 3160
505 2048
62 3160
505 898
3160 4514
250 505
2717 3160
505 4818
3160 3418
505 4844
16 3160
505 2529
1923 3160
505 2287
3160 3438
505 4648
1706 3160
505 1549
2464 3160
505 3512
286 3160
163 505
1350 3160
505 1930
2992 3160
120 505
2854 3160
505 4301
3160 4088
505 1974
3160 4499
505 3589
2483 3160
505 836
1281 3160
505 637
3160 4248
505 2493
2751 3160
505 2374
3160 3323
505 2857
2018 3160
505 2070
3093 3160
408 505
555 3160
505 1081
2253 3160
505 2441
2428 3160
505 3621
710 3160
253 505
3160 3675
505 2596
1521 3160
505 4762
3160 3841
382 505
2931 3160
259 505
3160 4380
505 1017
2201 3160
505 1183
3160 3676
505 3312
1483 3160
505 3970
3160 3865
505 4604
2420 3160
505 4219
103 3160
505 682
3160 4442
505 2648
518 3160
505 1103
533 3160
505 2475
1528 3160
505 1292
2632 3160
505 4456
3160 4019
505 3829
1075 3160
505 3795
631 3160
505 3409
127 3160
505 1053
3160 3802
505 2980
1417 3160
505 4244
3160 4631
505 1969
3160 4718
505 2200
1456 3160
505 4861
1148 3160
505 4280
1494 3160
505 4696
3160 4587
505 3662
506 3160
505 2364
2448 3160
505 3406
3160 3919
505 1366
1206 3160
393 505
3160 3390
505 3819
2285 3160
505 4710
889 3160
277 505
3160 3329
448 505
110 3160
505 2915
3160 4314
505 2046
3160 3200
505 1193
1364 3160
505 1130
285 3160
327 505
3160 4253
505 1888
3150 3160
255 505
3160 4276
505 2625
2916 3160
505 3132
3160 4161
505 967
487 3160
505 3274
2288 3160
505 3127
3160 3422
505 684
905 3160
505 1717
1753 3160
489 505
481 3160
505 2484
64 3160
505 1649
3160 3385
505 4357
3160 3222
505 4546
1964 3160
505 2264
953 3160
505 1439
417 3160
505 731
2010 3160
505 1447
3160 3173
505 1667
3160 4880
505 3473
2393 3160
505 4461
3160 4362
505 2710
3160 3243
505 3455
3160 4726
505 2624
3160 4435
505 4487
3145 3160
19 505
3160 4322
13 505
3160 3232
505 679
2570 3160
505 1824
1259 3160
505 4810
2937 3160
379 505
2466 3160
505 2330
1036 3160
125 505
2641 3160
505 3022
3160 4571
505 2613
3160 3570
179 505
2611 3160
505 1749
1520 3160
505 1122
1832 3160
505 3882
3160 4699
505 4287
1092 3160
505 1238
3160 4087
505 2799
3160 4569
505 845
289 3160
505 1131
298 3160
505 3207
2274 3160
505 3920
3160 3193
505 1577
2938 3160
505 871
2121 3160
505 872
1185 3160
505 3060
2494 3160
505 1933
1419 3160
505 787
69 3160
505 4326
43 3160
505 3053
975 3160
505 4180
916 3160
505 4143
354 3160
505 4325
3160 4801
505 3827
3160 4010
459 505
3160 3295
505 896
3160 4845
505 950
841 3160
505 3269
826 3160
505 1802
1957 3160
505 4877
3099 3160
505 4947
2379 3160
505 882
3160 4494
203 505
602 3160
505 1593
520 3160
505 3678
2936 3160
505 1712
3160 4628
505 2341
75 3160
505 3572
870 3160
505 3608
3160 3419
505 4713
3160 4391
505 4768
2654 3160
482 505
2133 3160
307 505
1235 3160
505 2148
3160 4502
505 3336
1781 3160
505 1799
57 3160
505 3595
2291 3160
505 2599
1560 3160
505 3446
3160 3683
505 4118
2496 3160
181 505
3160 4097
505 3928
1480 3160
505 3073
3160 4231
45 505
663 3160
505 1841
879 3160
505 2054
165 3160
505 1912
3160 4039
505 1060
3160 3272
505 1179
2783 3160
505 4517
3160 4261
505 4460
2672 3160
505 2186
351 3160
505 3088
2370 3160
505 2233
349 3160
505 4658
275 3160
505 918
3160 3905
244 505
3160 3242
505 1500
1301 3160
505 4706
3160 3450
505 4619
2999 3160
505 4550
1571 3160
505 683
888 3160
505 901
3160 4964
505 3065
2888 3160
505 4402
3160 4601
505 2700
3019 3160
505 4575
2706 3160
505 4401
3160 4370
505 4339
1885 3160
505 1845
3160 3504
505 643
2473 3160
505 4831
3160 3231
66 505
3160 4784
505 1303
3160 4229
505 591
3160 3347
505 3265
2897 3160
505 1656
3160 3178
505 3452
733 3160
505 2926
3160 4764
505 1177
3075 3160
505 1612
915 3160
505 4821
1446 3160
406 505
2984 3160
505 1946
3160 3998
505 3290
51 3160
505 1233
878 3160
505 4591
3020 3160
505 1688
3160 3164
505 4335
364 3160
505 3413
2620 3160
505 4303
353 3160
505 1719
664 3160
505 1287
3160 3285
505 4520
372 3160
505 2492
3160 3493
505 1312
115 3160
505 877
2290 3160
505 3043
101 3160
505 4615
1325 3160
505 920
1393 3160
50 505
3113 3160
505 630
752 3160
505 3885
1596 3160
505 3968
3160 3380
505 2868
2716 3160
505 2761
3160 4691
505 3582
2045 3160
505 2551
909 3160
505 2516
3160 3735
505 792
480 3160
505 2223
3160 3832
505 4588
2405 3160
505 4509
880 3160
505 4263
3160 3650
461 505
3160 4383
505 4988
925 3160
505 2103
1899 3160
505 1091
673 3160
505 2910
3160 3447
505 3327
3160 3656
505 2873
3021 3160
505 2232
1908 3160
505 1594
2415 3160
505 3016
3160 3220
505 4078
1314 3160
505 3840
2025 3160
505 3337
3160 3756
505 3070
3160 3644
505 760
3160 3807
505 2947
3160 4222
505 3083
3129 3160
505 1874
2957 3160
505 596
3160 3964
505 1242
2525 3160
505 4174
601 3160
505 3407
3050 3160
505 3238
217 3160
505 3843
2434 3160
505 1535
1368 3160
505 2460
54 3160
505 2744
49 3160
505 4201
3160 4377
505 1646
3160 4677
505 1396
3160 4795
505 1597
2358 3160
505 4952
3160 4535
505 4671
3160 4106
505 756
1083 3160
20 505
3160 4539
505 4622
1363 3160
505 1644
3160 4077
505 3371
2146 3160
505 1922
3160 4582
505 1426
1723 3160
42 505
3160 3230
505 1515
1698 3160
505 1862
3160 4133
505 4945
2107 3160
505 4649
3160 4663
505 3184
2293 3160
505 980
2623 3160
505 3469
1634 3160
505 2138
1409 3160
505 979
2432 3160
505 2320
1782 3160
505 1505
3160 3909
505 4977
1102 3160
505 1068
3160 3228
505 4366
3028 3160
199 505
3160 3302
505 4203
1724 3160
505 2846
990 3160
505 1230
642 3160
505 4996
1714 3160
505 3955
1155 3160
505 3131
497 3160
505 2345
2901 3160
505 3809
2485 3160
505 3837
3160 3961
505 3538
1941 3160
187 505
2560 3160
505 4147
2998 3160
505 4469
343 3160
505 3349
81 3160
505 3926
1492 3160
251 505
772 3160
505 2535
3160 4451
505 3861
3160 4724
505 4735
597 3160
505 3239
1898 3160
505 1172
2430 3160
280 505
3160 4611
505 2323
935 3160
505 1595
1486 3160
505 3835
3160 4086
505 2163
3160 4940
505 4978
1264 3160
505 983
2216 3160
91 505
2056 3160
505 3941
3160 3564
505 1869
847 3160
505 3520
1526 3160
505 3888
976 3160
443 505
177 3160
505 4403
3160 4420
505 1067
1404 3160
161 505
1251 3160
505 1431
2518 3160
505 3066
942 3160
505 4616
557 3160
505 567
3160 4112
505 4175
1352 3160
505 3599
1113 3160
505 4367
313 3160
505 542
2673 3160
422 505
1798 3160
505 1000
2462 3160
70 505
3160 4992
505 4408
3160 4551
505 3808
3160 3974
505 1976
2220 3160
505 4490
3160 4071
505 816
3160 4337
505 4053
1078 3160
505 2168
875 3160
505 622
1128 3160
505 1514
1985 3160
505 2000
3160 4813
505 1318
3160 4385
505 828
296 3160
505 1201
1016 3160
505 4406
3160 3871
505 3363
368 3160
505 3522
3160 4984
505 1783
2988 3160
505 4441
2696 3160
442 505
2229 3160
505 3199
3160 3357
505 1207
3160 3215
505 3641
1803 3160
505 766
3160 4235
415 505
2380 3160
505 4285
2735 3160
505 2842
83 3160
505 4871
744 3160
47 505
3160 4369
505 3109
2511 3160
505 998
3160 3611
505 1184
1391 3160
505 1772
3160 3620
505 3426
3160 3816
505 4378
2792 3160
505 2554
1146 3160
374 505
2526 3160
505 2940
2866 3160
505 3806
365 3160
423 505
3160 4320
505 1467
1288 3160
505 805
3160 4867
505 4014
3160 4130
505 561
2602 3160
505 3647
3160 4272
326 505
1892 3160
505 3545
799 3160
505 2117
3160 3301
505 3760
3160 3170
505 3477
1848 3160
505 4537
3160 4787
505 645
1658 3160
505 4117
3160 4187
505 1960
3056 3160
505 1629
2597 3160
505 625
2152 3160
505 4524
1033 3160
505 1519
3160 4374
505 1085
2403 3160
505 3957
868 3160
505 3076
2498 3160
505 4289
1938 3160
505 1329
332 3160
505 2177
2702 3160
505 2147
1579 3160
505 1602
3160 4206
505 1813
2569 3160
505 4707
3160 4600
505 4756
2892 3160
505 4951
2877 3160
505 1137
1545 3160
156 505
2763 3160
505 3057
3160 3234
505 2861
128 3160
505 2019
3160 3733
96 505
3160 4135
319 505
233 3160
505 1032
55 3160
505 4448
1797 3160
505 2034
99 3160
505 1984
2786 3160
505 1459
222 3160
505 2334
3068 3160
505 1625
1044 3160
25 505
3160 3785
505 2953
3160 3415
484 505
2423 3160
505 2457
886 3160
505 3465
3160 3839
505 899
3160 3458
269 505
3160 3402
505 3256
3160 4946
505 4704
1361 3160
505 2390
3160 3481
505 3250
3160 4476
505 2563
144 3160
215 505
2865 3160
505 1283
264 3160
505 4633
3160 3594
505 4747
2528 3160
505 4715
1604 3160
505 3106
1599 3160
505 3630
2105 3160
505 1710
3160 4212
505 3916
320 3160
131 505
670 3160
505 4505
1935 3160
505 947
3031 3160
505 3579
1332 3160
207 505
2160 3160
505 2131
1618 3160
505 2327
3160 4887
505 4372
978 3160
166 505
1555 3160
505 2967
3160 4382
505 4512
32 3160
505 549
2776 3160
505 4956
37 3160
505 866
1877 3160
505 4493
3160 3857
505 4351
1800 3160
505 1012
2057 3160
505 1743
3098 3160
505 2480
2788 3160
505 3034
658 3160
505 3853
503 3160
505 1998
2890 3160
505 1322
1139 3160
505 1295
1278 3160
505 4717
3062 3160
505 4511
3160 4183
505 2476
1001 3160
505 767
850 3160
505 4364
3160 3886
421 505
2875 3160
505 1511
3160 4154
505 3226
1462 3160
505 2501
2354 3160
505 873
3160 3169
505 3910
3160 4650
476 505
860 3160
401 505
3160 4405
505 3618
3160 3478
505 4640
3160 3637
505 4875
1791 3160
505 594
312 3160
505 507
3160 4523
505 3280
3160 4100
486 505
926 3160
505 2051
358 3160
505 3668
1536 3160
505 3368
3160 3472
505 2451
3160 4414
505 3936
2699 3160
505 4478
3160 3585
505 1660
3160 4354
505 1111
1939 3160
505 2104
2886 3160
505 2831
1275 3160
505 4953
617 3160
505 2213
3160 3254
505 4217
3160 3526
505 2093
485 3160
505 4016
396 3160
505 1229
1188 3160
219 505
3160 4720
505 1784
1506 3160
505 707
3160 3892
505 4043
2069 3160
505 2606
3160 4012
505 3358
2418 3160
505 2071
2356 3160
505 1174
3160 4365
505 4073
3160 3445
505 2381
778 3160
505 1020
1683 3160
505 1049
671 3160
505 4733
1763 3160
505 2365
3160 4637
505 3355
2684 3160
134 505
3143 3160
505 2195
1823 3160
505 4418
527 3160
505 2711
1192 3160
505 4690
2559 3160
505 3588
3160 4703
505 1136
3160 4840
505 1485
1299 3160
505 1767
3160 4634
505 3794
2677 3160
505 891
1851 3160
505 751
577 3160
505 1779
135 3160
389 505
2608 3160
505 3947
854 3160
416 505
2495 3160
9 505
2256 3160
505 4729
1472 3160
505 2035
2 3160
505 1616
3160 4967
505 3203
410 3160
505 2514
2251 3160
505 3012
2894 3160
505 2376
3160 4536
505 1589
3160 4618
505 4027
1306 3160
505 995
2796 3160
505 4030
3160 4736
505 3253
2565 3160
505 4124
3160 4257
505 2144
30 3160
505 3642
214 3160
505 4013
3160 4108
505 4196
3160 3649
505 1168
2651 3160
505 1793
3160 3328
505 3709
3160 4793
505 2181
3160 3172
505 2919
999 3160
505 2193
2167 3160
505 3516
270 3160
505 4310
3159 3160
505 2665
3160 3951
505 2885
2661 3160
505 4824
1983 3160
505 2149
1202 3160
505 2305
2385 3160
241 505
1587 3160
505 1270
2622 3160
505 3061
3160 4397
505 1280
2733 3160
505 3710
1624 3160
505 1204
3160 4827
505 4497
2571 3160
494 505
3160 3914
505 4776
3160 3499
505 4204
3160 3988
505 2704
1675 3160
505 4411
3002 3160
505 511
274 3160
505 2209
2896 3160
505 4438
2627 3160
505 2187
3160 3523
505 2609
2682 3160
505 1606
628 3160
505 1120
1342 3160
505 1420
3160 4653
505 1758
2143 3160
505 2743
3160 3966
505 1125
3160 4660
505 3350
2515 3160
505 974
3160 3904
505 1313
3128 3160
505 1533
1524 3160
505 843
3160 4847
505 2084
3160 4321
505 4561
1457 3160
505 1551
3160 3162
505 4825
3160 3824
291 505
1215 3160
505 1850
2507 3160
505 3118
2843 3160
409 505
3026 3160
505 3629
3160 3627
505 1461
3160 4247
505 4731
38 3160
505 1460
832 3160
505 3912
3160 3332
40 505
902 3160
505 4679
545 3160
505 2453
3160 3282
505 1769
1728 3160
505 3410
782 3160
505 4128
2769 3160
505 4035
3160 4046
505 2106
3160 3763
505 1746
1453 3160
505 957
329 3160
505 3185
3160 3867
505 1643
3160 4981
65 505
2252 3160
505 1429
455 3160
132 505
3120 3160
505 3558
1464 3160
505 1158
2961 3160
477 505
2781 3160
505 3292
258 3160
505 4375
3160 3639
505 1731
224 3160
505 4429
2469 3160
505 1273
2383 3160
505 1839
2589 3160
505 4282
2568 3160
505 676
3160 4800
505 1880
3160 4788
505 4218
3160 4848
505 598
1916 3160
505 2094
3160 4344
505 2771
164 3160
88 505
366 3160
505 4507
3160 4773
505 3624
989 3160
505 3666
3160 3767
505 4144
1205 3160
505 4974
3160 4427
505 4723
1112 3160
505 2414
282 3160
346 505
1317 3160
505 1296
3160 3300
505 1150
2087 3160
505 3340
2076 3160
505 2960
3160 3517
505 4483
117 3160
505 4655
2997 3160
505 4620
154 3160
505 2389
3160 4055
505 1808
2981 3160
505 3279
3160 4770
505 3378
1633 3160
505 541
1209 3160
505 1385
1257 3160
505 3541
3160 4811
505 4238
2640 3160
505 759
575 3160
505 4371
2879 3160
505 2707
53 3160
505 4879
3140 3160
505 1343
2344 3160
234 505
3160 4853
505 3575
3160 4668
505 4711
3160 3855
505 1873
1063 3160
505 4779
2463 3160
505 4233
2539 3160
505 2660
3137 3160
290 505
1539 3160
505 2728
3160 3693
119 505
1752 3160
505 2807
674 3160
505 2467
3160 3286
505 2664
1622 3160
505 1875
2537 3160
505 2964
859 3160
505 4782
3160 4216
505 960
3160 3259
505 2237
2829 3160
278 505
3160 3622
505 3682
440 3160
412 505
1765 3160
505 949
3160 3661
505 4758
2433 3160
505 4855
1077 3160
505 861
3160 4145
505 1034
754 3160
505 2584
2928 3160
505 2339
1913 3160
505 1123
2126 3160
505 4766
1490 3160
505 681
2471 3160
505 3136
1864 3160
505 3725
3160 3779
505 2447
3160 3533
505 2367
388 3160
505 2282
1801 3160
505 4538
3160 4109
505 2762
3160 3515
505 1042
3160 4305
505 3787
3160 3646
505 1026
3160 3395
505 1176
811 3160
505 858
3160 3631
505 1203
954 3160
505 1846
3160 4042
505 4358
3160 3813
505 741
3160 3593
505 1702
1878 3160
505 1574
1022 3160
505 1213
1725 3160
505 2038
3160 3586
505 4755
3160 4096
505 3598
159 3160
505 4949
3160 4434
505 4667
419 3160
505 3793
3037 3160
505 4566
3160 4155
505 4790
2577 3160
505 2271
3160 4927
505 1274
464 3160
505 4515
3160 3597
505 1775
3135 3160
309 505
814 3160
505 1718
3160 4194
84 505
3160 4714
141 505
112 3160
505 1382
1927 3160
505 3738
3160 4176
505 4589
936 3160
505 2174
3160 3320
502 505
3160 3707
505 3628
2689 3160
505 1064
3038 3160
505 4119
1436 3160
505 1948
3160 3659
505 2764
3160 4069
505 584
3160 4000
505 1377
1586 3160
328 505
2956 3160
505 1475
2720 3160
505 4592
1484 3160
505 4486
3160 4915
505 2978
938 3160
505 4003
3160 4642
505 2265
2543 3160
505 867
1856 3160
505 1011
39 3160
505 2324
3160 4994
505 829
609 3160
505 1920
3160 3257
469 505
2741 3160
505 1181
757 3160
505 2244
3160 4529
391 505
1221 3160
505 2296
2574 3160
505 3356
218 3160
505 4164
2016 3160
387 505
1305 3160
505 2095
639 3160
505 2041
2791 3160
104 505
1508 3160
505 4034
3160 4227
505 4044
2189 3160
505 1726
714 3160
505 1776
1268 3160
505 3648
1145 3160
146 505
3160 4760
505 4220
620 3160
505 1572
105 3160
505 3933
496 3160
505 1794
532 3160
505 4659
2891 3160
505 1737
708 3160
505 4252
3160 3847
505 2260
3160 3917
505 3860
2908 3160
505 606
2855 3160
505 3330
1304 3160
505 3780
3160 4625
505 4819
3160 4899
505 2785
3160 4168
505 4962
987 3160
505 3929
2275 3160
505 704
3160 4182
505 4780
2772 3160
505 592
585 3160
505 903
342 3160
505 3420
2197 3160
505 4323
893 3160
505 3444
281 3160
505 2836
839 3160
505 3146
1030 3160
505 4856
56 3160
505 4854
2156 3160
505 2690
3160 4804
142 505
2650 3160
505 1454
1376 3160
505 2747
1493 3160
505 3565
2113 3160
505 2043
2859 3160
505 4835
2005 3160
505 3263
1047 3160
505 2923
3160 3311
505 4678
1836 3160
505 2053
2276 3160
505 2241
2401 3160
505 2321
661 3160
505 4271
167 3160
505 1584
240 3160
505 852
2425 3160
505 4695
3160 4332
505 1534
3160 3537
505 2939
3160 3982
505 2183
2023 3160
505 4676
2817 3160
505 1403
2808 3160
505 2714
1250 3160
505 3307
2009 3160
505 1925
3160 3879
505 1189
3160 4472
505 4630
3160 3580
505 4084
491 3160
505 3384
1578 3160
505 4080
2675 3160
505 2489
3160 3868
505 3326
3040 3160
505 2586
3160 4913
505 3317
3160 3437
505 4859
3160 4333
505 4221
1844 3160
505 763
1300 3160
505 3877
3160 4462
271 505
3160 4783
505 1580
2850 3160
505 1924
3160 3831
505 825
1166 3160
505 1269
249 3160
505 552
3160 3913
505 1929
1563 3160
505 1944
2701 3160
505 2975
1402 3160
505 2962
3160 4556
505 3084
3160 3550
505 2400
1353 3160
505 4085
2712 3160
505 1043
1231 3160
505 822
3160 4902
505 4392
1620 3160
505 1335
2973 3160
73 505
3160 4506
505 1019
3160 4563
505 1654
2556 3160
505 2736
1107 3160
505 1236
3160 4318
505 3490
3160 3210
505 4498
2738 3160
505 2639
2985 3160
505 3102
2544 3160
505 3544
3160 4454
505 4959
467 3160
505 2822
2629 3160
262 505
537 3160
505 4605
777 3160
505 2153
1740 3160
505 4129
747 3160
505 4866
3160 3377
505 3984
1399 3160
505 4066
2594 3160
505 3757
3160 4051
17 505
3160 3754
505 3856
3160 4924
505 2161
3160 3351
505 1613
2659 3160
505 3283
1977 3160
505 4841
1876 3160
505 2427
2949 3160
505 2299
3046 3160
505 3388
3160 3680
505 3942
2039 3160
505 977
931 3160
284 505
3160 4794
505 1531
3160 4608
505 1510
2925 3160
505 1915
1986 3160
505 4823
512 3160
505 2477
1513 3160
505 2934
2118 3160
505 2319
3160 4803
322 505
367 3160
505 1375
3160 3460
505 4159
3160 3468
210 505
1685 3160
505 4228
3160 3718
505 2797
2128 3160
505 923
3160 3956
505 2245
3160 4167
505 4748
192 3160
505 1021
740 3160
505 3613
3160 4432
505 2222
725 3160
505 2979
1084 3160
505 4761
3160 3686
505 1387
3160 4652
505 4906
3160 4302
505 3511
2618 3160
505 4838
3160 4463
505 1855
108 3160
505 2564
1992 3160
505 1829
3160 4965
505 849
2789 3160
505 2617
2338 3160
505 2520
1497 3160
505 3529
3160 3604
505 4741
927 3160
505 2943
3160 4029
505 2851
3160 4904
505 3935
2952 3160
505 3032
885 3160
505 1057
504 3160
505 3870
3160 3331
505 1180
932 3160
172 505
1412 3160
505 4316
2853 3160
505 2255
701 3160
505 1774
3006 3160
457 505
2169 3160
505 2066
1902 3160
505 4966
996 3160
505 2745
1686 3160
153 505
2929 3160
505 3651
3024 3160
505 2436
3160 3655
505 2182
3160 4492
505 2882
2210 3160
505 3204
2011 3160
505 2325
3160 4436
505 4581
2950 3160
505 2340
713 3160
505 3685
1552 3160
505 705
3008 3160
505 4038
786 3160
145 505
2331 3160
505 1868
2368 3160
505 4409
3160 4958
505 862
6 3160
100 505
1245 3160
505 529
460 3160
505 3182
151 3160
505 4259
1582 3160
505 3797
3160 3387
505 3454
735 3160
505 1840
3160 4993
505 523
966 3160
505 2575
3160 3548
505 2504
3160 3992
505 2718
1471 3160
505 3059
1311 3160
505 2553
3160 3873
505 4680
1751 3160
505 623
1347 3160
505 963
2705 3160
505 2112
556 3160
505 3096
703 3160
505 3540
2813 3160
505 2757
3160 4001
505 773
3160 4400
505 4006
143 3160
505 2027
2235 3160
505 1727
3160 4862
505 4598
2963 3160
505 738
449 3160
505 1631
3160 3848
505 1358
3027 3160
505 1819
3160 3399
505 2845
1865 3160
505 2214
764 3160
505 4873
3103 3160
505 3304
3160 3346
505 883
2371 3160
505 1065
3160 3846
505 865
186 3160
505 4682
1424 3160
505 1655
3160 4743
505 1433
3160 4126
505 599
114 3160
505 1346
288 3160
505 2191
3160 3205
505 3539
1766 3160
505 848
3160 4163
505 3842
383 3160
505 2883
68 3160
505 3782
2322 3160
505 1730
3160 4999
505 1263
1097 3160
505 4594
3160 3736
505 1900
2372 3160
505 2527
1466 3160
505 4061
1398 3160
505 4629
3160 3433
139 505
1882 3160
505 1507
3160 3600
371 505
3160 4140
505 3353
1226 3160
272 505
1324 3160
505 1261
3160 3851
505 3313
2740 3160
352 505
479 3160
333 505
641 3160
505 1860
1367 3160
231 505
1027 3160
505 3094
3160 3677
505 2508
2628 3160
505 1601
3160 3167
505 1028
3160 3338
505 1581
3160 3459
505 4982
3160 4330
505 3198
3160 4458
505 769
3160 4022
505 900
774 3160
505 4281
3160 4918
505 1665
3160 3991
505 1610
2533 3160
505 2289
2852 3160
505 4018
2392 3160
505 1748
1621 3160
505 686
1990 3160
505 2006
2917 3160
505 2449
3160 3318
505 4076
3160 3609
505 3383
543 3160
505 4265
162 3160
505 3703
180 3160
505 1816
694 3160
505 1086
1096 3160
505 4944
2578 3160
505 638
2302 3160
505 959
3160 4950
505 706
2531 3160
505 2001
753 3160
505 4579
1423 3160
505 2064
3160 3798
384 505
3160 3439
505 1438
2633 3160
505 611
2674 3160
505 1996
3160 4149
505 1786
3160 4031
505 2825
973 3160
505 2893
3160 3267
505 1124
3160 4778
129 505
3160 3513
505 2521
3160 4997
505 4738
3160 3788
505 4158
3160 4973
505 1641
2404 3160
505 3100
2060 3160
505 2243
3160 3532
505 4876
3160 3411
505 4189
1849 3160
183 505
1852 3160
505 3571
3160 4805
505 2790
3160 3563
505 3781
3160 3634
505 921
3077 3160
505 4334
2203 3160
505 4437
3160 3692
505 993
1320 3160
505 1073
3160 4740
505 4955
904 3160
300 505
2022 3160
505 3953
3160 4015
195 505
1694 3160
505 1527
3007 3160
505 2612
2329 3160
505 4361
755 3160
505 3448
238 3160
505 2715
3160 3605
505 3972
3160 4256
505 4308
3160 4995
505 2072
340 3160
505 3048
3160 3456
242 505
2173 3160
505 4307
2821 3160
505 3288
3160 3626
505 700
176 3160
505 1390
3160 3339
505 3011
1253 3160
505 2647
3160 4772
505 4922
2061 3160
505 1502
3160 4576
505 1818
3160 3316
505 1991
1331 3160
505 1556
3160 4255
305 505
407 3160
505 2231
2172 3160
505 4881
437 3160
505 3497
2912 3160
505 3616
2108 3160
4 505
3160 3610
505 1742
283 3160
505 4669
1639 3160
505 2600
1210 3160
505 2523
3160 4240
505 2809
3160 3435
505 2352
2311 3160
505 3887
3160 3187
325 505
3160 4849
505 3211
3160 4008
505 2369
3160 3614
301 505
1339 3160
505 2314
939 3160
505 2924
2382 3160
505 1496
3160 4593
505 4544
3160 3423
505 4929
3160 3505
24 505
3160 4892
505 4477
730 3160
505 3535
3160 4037
505 672
2059 3160
505 3424
1029 3160
505 3361
2129 3160
505 687
2350 3160
505 2954
3051 3160
505 4643
851 3160
98 505
3160 3852
505 3925
783 3160
505 4439
3160 4251
505 3740
3160 3897
505 1967
1704 3160
505 2576
1696 3160
505 2351
3104 3160
505 4188
2377 3160
505 793
802 3160
505 1182
613 3160
505 4621
1768 3160
505 4142
2662 3160
505 698
2178 3160
505 2655
3160 4702
505 4972
3160 3344
505 1804
3160 4975
505 1445
3160 3364
505 869
2580 3160
505 1045
2969 3160
505 1054
3141 3160
505 3911
3160 3944
505 1104
895 3160
505 1080
2657 3160
505 3959
3160 4610
505 2970
3054 3160
363 505
425 3160
505 4721
2238 3160
168 505
3160 3896
505 689
1160 3160
505 3180
3160 3983
93 505
2847 3160
505 3883
2185 3160
505 1009
1951 3160
254 505
28 3160
505 3695
3160 3416
505 4011
2199 3160
505 3752
3160 4886
505 4792
881 3160
505 1522
1452 3160
505 3903
3160 4613
505 2610
3160 4526
229 505
202 3160
321 505
3160 4193
505 1955
1157 3160
505 1568
2587 3160
505 3603
1544 3160
505 3432
1707 3160
505 4195
3160 3665
505 2283
3160 3814
505 3082
2259 3160
213 505
3160 4139
505 1421
654 3160
505 907
3160 3412
505 853
3160 3980
505 2207
3160 3487
505 1401
510 3160
505 3583
3160 4888
505 1371
3160 4599
505 1070
3160 4519
505 3417
2778 3160
505 2906
3160 3653
505 4921
540 3160
505 1161
3160 4568
505 4527
3160 3830
505 4586
3160 3744
505 4319
3160 4205
505 717
982 3160
505 1440
3160 4938
505 1857
1093 3160
505 3201
3160 4541
505 4865
3160 3950
505 1388
3160 4342
505 4116
736 3160
505 635
1512 3160
505 1588
3160 4054
505 2024
2524 3160
505 1529
3160 4480
505 4806
1931 3160
505 2206
3160 4923
505 4115
3160 4313
505 4050
3160 3278
505 2137
2708 3160
505 2139
3160 3297
505 1425
1380 3160
505 1142
2114 3160
505 2867
2102 3160
505 3425
2798 3160
107 505
3160 4925
230 505
3160 4353
505 1735
189 3160
505 1682
1592 3160
505 1297
1 3160
505 4293
3160 4775
72 505
3160 3400
123 505
2097 3160
505 4324
1291 3160
505 2036
23 3160
505 2049
823 3160
505 4200
3160 4449
505 2731
3160 3965
505 4032
2692 3160
505 4386
3160 4836
140 505
1126 3160
505 4645
2335 3160
505 699
212 3160
505 1720
1778 3160
505 4416
3160 3940
505 3348
1449 3160
505 2079
3160 3381
505 580
956 3160
424 505
1003 3160
505 4075
1441 3160
505 1708
3160 4151
505 1858
564 3160
505 951
308 3160
505 1134
2442 3160
505 1244
534 3160
505 2626
3160 4985
505 2550
1061 3160
505 640
3149 3160
505 1585
2262 3160
505 1919
2236 3160
505 855
929 3160
52 505
2012 3160
505 815
3160 3838
505 3216
1547 3160
505 2215
572 3160
505 919
3063 3160
505 3864
2073 3160
505 4942
968 3160
505 908
3160 4123
505 3993
2479 3160
505 627
817 3160
505 1135
2824 3160
505 1072
3160 4465
35 505
1980 3160
505 723
3160 4390
451 505
3160 3849
505 4870
245 3160
505 3898
1267 3160
505 4742
3160 3712
505 2826
1573 3160
505 4230
1040 3160
427 505
3160 4542
505 4199
1659 3160
505 1807
2534 3160
505 4474
2905 3160
505 4059
1222 3160
505 2995
3160 3276
505 3197
3160 4730
505 1736
2946 3160
505 2804
1315 3160
505 1219
3160 4709
505 1407
109 3160
505 3345
3160 3699
505 3261
3160 4851
505 770
2310 3160
505 1623
2044 3160
505 2003
3160 4214
505 1489
3160 3602
505 4440
1108 3160
505 3305
1071 3160
505 539
3160 3759
505 675
67 3160
505 3151
3160 3398
505 2328
2454 3160
505 4654
1162 3160
505 3820
3160 3354
505 4708
3160 4021
505 1465
3160 4184
505 4774
3160 4869
505 1473
3160 4754
505 4937
1947 3160
505 4884
3160 4558
452 505
2312 3160
505 522
2506 3160
505 3562
3160 4897
505 1949
2801 3160
505 554
1607 3160
505 2198
3160 3924
505 4656
1909 3160
505 4148
526 3160
505 3154
2991 3160
505 2192
3160 3590
33 505
3160 3521
505 4614
3160 4009
505 3047
922 3160
505 4156
2802 3160
505 2375
434 3160
505 2455
3160 4639
505 4920
1379 3160
505 2212
3160 4315
505 4457
2856 3160
505 804
488 3160
505 2166
8 3160
505 4872
3160 4343
318 505
3160 3817
505 2872
2903 3160
492 505
1058 3160
505 3766
3160 4049
505 2644
3160 4833
505 2828
2614 3160
505 795
1692 3160
505 3979
3160 3235
505 4850
1349 3160
505 688
3160 3999
505 2965
3160 3670
505 1355
2309 3160
505 4232
3160 4092
505 1739
1302 3160
356 505
1025 3160
505 521
3160 3716
505 2688
3112 3160
505 4828
3160 3730
505 4545
1435 3160
505 3673
86 3160
505 4894
3160 3773
505 1002
587 3160
505 3309
2029 3160
505 3018
621 3160
505 962
1541 3160
505 3727
3160 4177
505 2116
3160 3163
505 3386
3160 4521
505 2395
3152 3160
505 3134
31 3160
505 4393
1255 3160
505 3952
29 3160
505 4413
223 3160
348 505
2119 3160
450 505
794 3160
505 785
2927 3160
505 3236
2787 3160
505 1477
3160 3457
505 1757
1271 3160
505 1997
3160 4638
335 505
2656 3160
505 4270
2724 3160
505 2777
2100 3160
505 1963
227 3160
505 4583
2292 3160
505 2026
3160 3932
505 3591
2914 3160
505 2729
2538 3160
505 4489
1632 3160
505 4687
3160 4072
505 2844
3160 4749
505 964
696 3160
505 3623
3160 3489
505 3657
3033 3160
505 1384
3160 3640
505 2794
3160 3679
505 1600
1357 3160
505 913
3160 4065
505 4300
3160 4689
505 3786
677 3160
505 2033
3160 4223
386 505
3160 3948
505 1879
478 3160
505 548
3160 3500
505 578
3160 4885
505 1540
531 3160
505 2512
1861 3160
505 1561
2445 3160
505 2536
3160 4028
505 2581
3160 3343
505 517
1787 3160
505 2750
1272 3160
505 2363
1079 3160
505 3139
3160 4275
505 3449
662 3160
505 1138
1711 3160
505 3014
200 3160
505 4099
3160 3221
505 1190
3160 4802
505 1167
3160 3546
505 608
1684 3160
505 4208
2303 3160
505 2503
3160 4697
505 758
3160 4327
505 1598
3160 3466
505 4508
2227 3160
505 1434
2765 3160
505 1754
2709 3160
505 4532
2497 3160
505 2758
3160 4908
505 3464
1392 3160
505 1820
3160 3702
505 1954
2050 3160
505 4700
3160 4264
505 666
248 3160
505 2058
3116 3160
505 934
2558 3160
505 4891
3160 3188
505 943
3160 3321
158 505
2638 3160
378 505
910 3160
505 4355
2694 3160
505 4426
1738 3160
505 1863
1550 3160
473 505
3160 4617
505 4363
2135 3160
505 1811
3160 4198
505 1328
432 3160
505 2685
3160 4207
505 3241
3160 3556
505 1195
720 3160
505 4789
3160 4090
209 505
3160 3711
505 4907
1756 3160
505 3922
2932 3160
58 505
3160 4580
505 1755
2795 3160
505 2124
894 3160
505 2557
2681 3160
505 2336
3160 4739
505 4134
3160 3501
505 697
2008 3160
505 1427
3160 3587
505 2768
3160 3704
505 796
2572 3160
505 1400
3160 4596
505 1673
256 3160
505 3045
1074 3160
505 3249
830 3160
505 4299
1098 3160
505 3921
2225 3160
505 1928
3160 4136
505 1503
2921 3160
505 4684
150 3160
505 2130
1488 3160
157 505
2619 3160
505 3931
1321 3160
505 1319
263 3160
505 4562
1076 3160
505 3430
1469 3160
505 3202
2123 3160
505 2649
3160 3225
505 3542
3160 4510
505 789
2028 3160
505 1101
3160 3862
505 3044
2793 3160
505 4693
3160 4279
505 3153
3160 4814
235 505
3160 4269
505 550
2269 3160
505 4083
3160 4681
505 3212
260 3160
505 4808
3160 4093
505 3414
2900 3160
505 4152
3160 3771
505 4555
3160 4896
505 3524
612 3160
505 3463
2810 3160
505 1945
3160 3765
505 603
3160 4815
505 1316
1790 3160
505 2780
78 3160
505 4491
3089 3160
505 1310
3160 4889
505 3105
1383 3160
505 1672
3160 4911
505 1018
1198 3160
206 505
3017 3160
347 505
3156 3160
505 4998
2326 3160
505 940
2811 3160
505 4822
1525 3160
505 2555
1422 3160
501 505
2313 3160
505 3186
3160 4983
505 2472
2226 3160
505 4210
1917 3160
471 505
3160 3973
505 798
3160 4701
505 1046
3160 3299
505 516
3160 3382
505 1256
3160 3684
26 505
2615 3160
505 1337
821 3160
505 1989
2546 3160
402 505
2634 3160
90 505
79 3160
505 574
2362 3160
505 3441
3160 3671
505 1413
2242 3160
505 3401
1109 3160
205 505
3160 3192
505 3485
2409 3160
505 1564
559 3160
505 4903
2412 3160
505 3770
3160 4930
505 2630
1147 3160
505 1734
2989 3160
505 4417
1657 3160
505 3229
2666 3160
505 3574
1154 3160
505 680
3160 3742
505 1676
2258 3160
505 3688
1805 3160
505 2849
3160 4722
357 505
3042 3160
505 4765
1995 3160
324 505
2616 3160
505 1254
2869 3160
147 505
3160 4425
505 833
3160 4260
505 2691
944 3160
505 2278
3160 3821
505 1478
1262 3160
505 2140
1953 3160
505 1258
1842 3160
505 2592
3160 3252
505 2942
3160 4245
505 994
3158 3160
220 505
3160 4347
505 3108
3160 4917
505 3996
844 3160
505 2062
3160 4570
505 3989
779 3160
505 3122
400 3160
505 2774
2086 3160
505 856
3160 3823
505 4060
3160 4095
505 2863
314 3160
505 1590
1481 3160
505 1750
914 3160
505 2077
2646 3160
505 2760
3160 4277
505 2643
547 3160
505 3833
3160 4311
505 2871
3160 4328
505 1186
3160 3443
505 1709
3160 4750
505 4020
1038 3160
505 4475
2598 3160
505 4468
771 3160
505 1833
1591 3160
505 2204
3160 4496
505 1971
3160 4185
505 1761
3160 3706
338 505
1014 3160
505 1650
1630 3160
505 3030
3160 4246
505 3985
3160 4727
505 3551
2951 3160
505 3995
2593 3160
505 2037
3160 3876
505 4816
1169 3160
505 4771
2407 3160
505 3148
221 3160
505 2816
2881 3160
505 3902
3160 3217
505 3674
1891 3160
505 3697
2459 3160
505 2945
2286 3160
505 4798
1638 3160
505 2040
3160 3836
505 2933
3160 3894
505 3518
3160 3509
505 4685
3160 4751
505 3963
3160 3803
505 2683
3160 4079
505 1828
3160 4901
505 3549
380 3160
505 4040
535 3160
505 3845
3160 4781
505 4466
3160 4172
505 1406
897 3160
505 3503
2134 3160
505 3719
2722 3160
505 2092
2456 3160
505 4963
3160 3667
505 3071
3160 3890
505 655
2588 3160
505 2727
3074 3160
505 3144
11 3160
505 3958
390 3160
505 2517
2268 3160
505 732
3160 4213
505 835
3160 3981
505 1859
2141 3160
505 2249
2591 3160
490 505
2941 3160
505 1609
3013 3160
505 2637
1359 3160
331 505
1294 3160
505 1066
92 3160
505 1795
137 3160
505 2074
3160 4266
505 1442
2015 3160
505 2898
997 3160
505 1327
267 3160
505 1558
3160 4858
505 2719
2159 3160
505 1214
1994 3160
505 3749
87 3160
505 1165
1344 3160
505 691
3160 4242
505 1052
3160 3791
505 1538
1458 3160
505 1950
3160 3577
505 1010
593 3160
474 505
3160 3977
505 4753
475 3160
505 4312
3114 3160
369 505
1645 3160
505 4127
1553 3160
297 505
911 3160
458 505
1062 3160
505 1959
3160 4574
505 2958
1894 3160
505 1416
3080 3160
505 812
3160 3389
505 2827
3160 4728
505 4829
626 3160
505 3482
1372 3160
505 2250
1914 3160
505 2490
76 3160
505 4893
3160 4560
505 2391
765 3160
505 2983
193 3160
505 838
3160 4181
505 1504
3160 3561
505 1249
3160 3195
505 4488
370 3160
505 1276
3160 3576
505 4415
1298 3160
505 3554
669 3160
505 4002
2987 3160
505 1815
293 3160
505 3844
345 3160
505 4394
1348 3160
505 4091
3160 4215
505 1048
3160 3784
505 3547
1780 3160
505 2806
2679 3160
505 2280
659 3160
505 3289
1140 3160
505 2091
3160 3900
505 2530
3160 4939
505 649
3160 3812
505 4191
2031 3160
505 3923
1905 3160
505 2994
1218 3160
505 1903
1771 3160
505 4609
2754 3160
505 1663
454 3160
505 4360
2426 3160
505 3427
3160 4120
505 1170
3160 4249
505 1635
85 3160
505 3790
3160 3796
505 2349
3160 4852
505 3895
1542 3160
505 906
3160 3436
505 4565
604 3160
268 505
3160 4430
505 857
2083 3160
505 3476
667 3160
505 1653
1695 3160
505 4549
3160 4443
505 3375
734 3160
505 1907
3160 3584
505 1116
1450 3160
505 991
1362 3160
505 2549
2315 3160
505 4698
2748 3160
395 505
842 3160
505 4368
3160 3761
505 2680
3160 3171
505 2920
1701 3160
505 4485
1785 3160
505 3255
569 3160
505 3937
246 3160
505 4641
3160 3978
444 505
3160 3224
483 505
2348 3160
505 3341
2248 3160
505 1642
3125 3160
505 790
2676 3160
505 4074
928 3160
505 2155
2519 3160
505 4481
1118 3160
505 3635
3160 4384
505 2667
827 3160
505 4186
3160 3498
505 1722
1153 3160
505 1410
2067 3160
505 2398
984 3160
505 1265
595 3160
505 3536
1470 3160
505 562
3160 3769
505 2904
2304 3160
505 2402
3160 4564
505 806
1608 3160
505 3123
341 3160
505 1266
3160 3189
505 4928
1437 3160
505 1309
2063 3160
505 4345
3160 4239
505 2366
1144 3160
505 4646
2081 3160
505 636
3160 3190
505 2194
1523 3160
505 3001
174 3160
505 4991
824 3160
398 505
316 3160
505 2838
615 3160
505 2004
3160 3975
505 1671
3160 3619
362 505
3160 3165
505 2971
3160 3214
505 3142
336 3160
505 1099
360 3160
505 546
1826 3160
505 3617
3160 3573
505 2922
3160 3698
505 3365
581 3160
505 1007
397 3160
505 3360
2532 3160
505 2491
2944 3160
505 2357
2266 3160
505 3828
528 3160
505 818
426 3160
505 2862
3160 3303
505 1110
3160 4501
505 3869
807 3160
505 4291
2125 3160
505 2279
2876 3160
505 1669
3160 3826
505 1228
784 3160
71 505
3160 3949
505 4990
3160 4732
505 565
2295 3160
505 3196
2603 3160
505 749
236 3160
505 3514
728 3160
505 1975
82 3160
505 600
169 3160
505 586
3160 3768
505 3029
1374 3160
505 3287
560 3160
505 2486
1389 3160
505 4482
2605 3160
505 536
41 3160
505 2397
3160 3396
505 3566
1227 3160
505 4673
2697 3160
505 4241
3160 4234
505 3440
3160 3298
505 1677
1088 3160
505 3528
3160 4160
505 1509
3160 4104
505 1932
3160 3366
505 1887
553 3160
505 1821
3160 4062
505 4452
3160 4612
505 4419
2818 3160
243 505
933 3160
196 505
3160 4082
505 981
647 3160
505 1479
2482 3160
287 505
1173 3160
505 2652
63 3160
505 4900
800 3160
505 4373
3160 3319
505 3359
651 3160
505 4447
2749 3160
505 941
3160 4976
505 4058
721 3160
505 2176
3160 4651
505 1240
619 3160
303 505
2976 3160
505 1789
863 3160
431 505
3069 3160
505 3025
1680 3160
505 1159
3160 3654
505 1812
3160 4960
505 3372
5 3160
505 1835
746 3160
505 2595
2196 3160
505 2297
711 3160
505 4971
2085 3160
505 3281
1889 3160
505 566
1567 3160
505 4686
834 3160
505 4165
3160 4548
505 4404
3160 4826
505 4081
3160 4114
505 887
2573 3160
505 803
2547 3160
505 2055
3160 3687
505 1615
1679 3160
505 4262
2384 3160
505 2154
3160 4694
505 4424
2406 3160
505 3264
463 3160
505 573
1666 3160
392 505
3160 4036
505 4224
3160 4395
505 748
3160 3181
505 3370
3160 3453
505 1356
175 3160
505 4297
937 3160
505 3015
3160 4968
505 874
3160 3470
505 3480
3005 3160
505 2386
912 3160
505 1897
1023 3160
505 3306
3160 4166
505 3774
3160 4067
505 4683
197 3160
505 4331
2346 3160
505 2136
3160 4553
505 1605
3160 3233
505 1822
1234 3160
294 505
780 3160
505 3273
1468 3160
505 3467
60 3160
505 2959
3160 3404
505 3052
403 3160
505 1548
2277 3160
505 2221
1831 3160
505 4336
3160 3643
505 4467
1094 3160
505 2752
3138 3160
505 4202
1031 3160
505 1430
1455 3160
505 4379
1637 3160
505 1196
3160 4064
505 4846
2567 3160
505 1988
3160 3899
505 2819
1713 3160
505 3174
3160 3705
505 4190
1970 3160
505 1958
3160 3946
505 1285
3160 4389
334 505
693 3160
394 505
605 3160
505 2889
2078 3160
505 2417
2002 3160
505 4503
359 3160
505 3334
2713 3160
505 2687
2642 3160
505 3881
3160 4785
505 1760
1690 3160
505 3775
2030 3160
505 2272
95 3160
505 1934
2935 3160
505 2164
89 3160
505 616
946 3160
505 4304
3160 4349
505 3962
1225 3160
505 3967
2111 3160
505 3696
1418 3160
505 3101
1386 3160
237 505
3160 3818
505 1175
3160 3560
505 1290
3160 4387
505 2583
2017 3160
77 505
1282 3160
7 505
160 3160
505 614
3049 3160
505 4113
1059 3160
505 892
1648 3160
505 876
1008 3160
505 4909
1336 3160
505 3161
1697 3160
505 1518
1114 3160
505 4226
1381 3160
505 4830
185 3160
505 2308
3160 3266
505 3168
3160 4543
505 4670
1006 3160
505 3633
538 3160
505 2645
690 3160
36 505
304 3160
505 2860
1127 3160
505 653
3160 3884
505 4105
3160 4516
505 4504
2458 3160
505 1247
1565 3160
505 2246
3160 4948
505 2065
2205 3160
505 1414
182 3160
505 1212
3160 4025
198 505
1973 3160
373 505
2101 3160
505 890
2431 3160
505 2955
1575 3160
505 3191
3160 3739
505 1966
3160 3248
505 3023
3160 4453
505 3531
2803 3160
505 2562
727 3160
505 1132
428 3160
505 2343
3160 4986
505 4295
59 3160
505 1224
2217 3160
505 1764
21 3160
505 1733
2145 3160
94 505
3160 4267
505 2281
3160 4657
505 924
3124 3160
505 819
3160 4111
130 505
2773 3160
505 1037
3160 3891
505 3227
2150 3160
225 505
470 3160
505 646
2726 3160
505 1703
1881 3160
505 1191
1498 3160
505 1837
1338 3160
505 4047
2930 3160
436 505
3160 4857
505 4864
2698 3160
505 3036
3160 3645
330 505
1744 3160
190 505
3160 3451
505 558
453 3160
505 1729
1699 3160
505 1788
1069 3160
505 3506
1830 3160
505 695
2502 3160
505 4719
3160 3373
505 4107
1223 3160
505 3552
2974 3160
505 3078
2545 3160
505 965
1194 3160
505 1999
3160 4843
505 3155
3160 3244
505 4635
3160 3777
505 762
3160 4258
505 4309
3160 3753
155 505
610 3160
505 2190
317 3160
505 2814
3160 3889
505 4552
1432 3160
505 2446
2907 3160
505 2830
3160 3601
505 3527
3160 4777
505 2522
3160 3474
505 1171
1762 3160
465 505
1652 3160
505 1770
2450 3160
505 4422
3160 3908
505 3397
3160 4286
505 1408
3160 4173
505 3486
3160 3669
505 2171
173 3160
505 2767
3119 3160
505 4578
228 3160
505 1705
3160 3219
505 4767
12 3160
505 2052
2127 3160
505 1248
3160 4103
273 505
3160 4278
505 633
1117 3160
505 4284
2510 3160
505 2411
3160 3403
505 618
2021 3160
505 3434
3160 4157
472 505
3160 3177
505 1286
1687 3160
505 969
2298 3160
505 4874
2318 3160
505 4675
1614 3160
505 4052
3160 3394
505 3732
3160 4623
505 3724
2509 3160
505 864
1628 3160
505 3714
3160 3906
505 3258
3160 4744
505 4933
433 3160
505 4169
2478 3160
505 1252
3160 3792
505 2678
1978 3160
505 1952
3160 3638
505 4530
3160 3701
505 768
3160 3745
505 2635
3160 3758
299 505
3160 4540
148 505
113 3160
505 1121
3160 4518
505 1095
3160 4292
505 2437
2162 3160
505 2082
3160 4528
505 4666
74 3160
505 3247
1333 3160
505 1260
2388 3160
505 1747
3003 3160
505 2730
2444 3160
505 1814
3160 4898
505 791
831 3160
505 3208
632 3160
505 4121
1395 3160
505 3901
3160 3393
505 2089
2548 3160
505 4209
136 3160
505 3314
1867 3160
505 2621
1557 3160
22 505
1825 3160
505 4146
3160 4007
505 1853
3160 4584
505 607
1993 3160
505 1444
945 3160
505 2013
315 3160
505 2157
493 3160
505 4797
1987 3160
505 3079
724 3160
505 2487
2500 3160
80 505
122 3160
505 3461
2247 3160
505 1004
801 3160
505 2770
3160 4842
505 4662
3160 4048
505 3717
2122 3160
505 3737
3160 4329
505 3690
2301 3160
505 2982
2429 3160
505 1943
3160 4832
505 3722
2224 3160
505 1691
948 3160
505 2823
2909 3160
505 3206
3160 3376
505 2721
216 3160
505 4045
3160 4809
505 2347
61 3160
505 4192
2254 3160
505 4786
97 3160
505 2360
3160 3315
505 4812
3160 3260
505 4283
1284 3160
505 1149
381 3160
505 570
3160 4931
505 4567
2408 3160
505 726
257 3160
505 2424
3160 4381
505 1056
2234 3160
505 4102
3160 3578
505 2410
498 3160
505 1516
1792 3160
505 3115
2832 3160
505 1517
624 3160
118 505
1817 3160
505 1942
2840 3160
505 4954
1689 3160
505 3945
3160 4674
505 4916
678 3160
505 4895
3160 3530
505 4500
1307 3160
505 2582
3160 4595
505 2800
1982 3160
505 1854
3160 4132
505 2440
3160 4236
505 986
3160 3918
505 4585
3160 3872
505 2670
1961 3160
111 505
3160 4989
505 589
3085 3160
505 3271
10 3160
505 3715
3160 3801
505 3291
1796 3160
376 505
660 3160
505 702
716 3160
505 1647
3160 4290
505 1035
1087 3160
505 4131
3160 3324
505 3927
2948 3160
505 3179
2098 3160
505 1232
1039 3160
505 1921
2918 3160
505 3308
3160 4573
505 3612
530 3160
505 1105
1499 3160
505 3240
361 3160
152 505
261 3160
505 4979
3160 4716
505 1611
462 3160
505 988
1341 3160
505 4473
1843 3160
295 505
3160 3391
102 505
1834 3160
505 3157
2703 3160
505 1428
719 3160
505 1308
3160 4421
27 505
138 3160
505 1133
2668 3160
226 505
3160 3721
505 3392
971 3160
505 3462
3160 4820
121 505
3160 3525
505 3270
1211 3160
505 3625
3160 3689
505 2805
970 3160
505 4919
2342 3160
505 515
1345 3160
505 3658
3160 3636
505 2239
3010 3160
505 4376
3160 3874
505 3090
2337 3160
505 2870
1532 3160
505 2474
3160 4056
505 2435
1871 3160
171 505
3160 4688
15 505
1576 3160
505 588
3160 4572
505 4359
1115 3160
505 3117
3160 4705
505 2880
3160 3858
505 1013
3160 3284
505 3325
3160 3664
505 2047
1369 3160
505 1293
3160 4306
505 4557
2020 3160
505 2566
2300 3160
505 2317
3160 3431
505 4883
3160 3421
505 3067
2784 3160
505 4957
3160 3751
505 2759
3160 4398
191 505
3160 4661
505 4431
446 3160
505 3519
3160 4423
505 813
514 3160
505 4098
3064 3160
505 2443
1463 3160
505 3859
2878 3160
505 4606
1670 3160
505 1289
3160 4141
505 1405
3160 3728
505 4273
2353 3160
505 3976
3160 3755
505 3960
1243 3160
505 737
1451 3160
505 1178
3160 3333
505 846
3160 4734
505 2399
3160 3543
505 775
1956 3160
505 2132
3160 3592
44 505
1476 3160
505 3800
1530 3160
505 1546
399 3160
505 1394
3160 4969
505 4433
739 3160
505 1164
3160 3496
505 3004
2080 3160
505 3731
1936 3160
505 3863
3160 4017
505 3893
1662 3160
505 3747
1330 3160
505 665
3160 4597
505 1106
3160 4624
505 1870
2109 3160
505 1904
1051 3160
505 650
3160 3237
505 2737
3087 3160
505 1151
2990 3160
505 2874
3160 3175
505 4138
3160 3209
505 4752
3160 4317
276 505
3160 3713
505 2858
1370 3160
505 1968
1082 3160
505 3938
1651 3160
505 1491
3160 3750
441 505
3160 3934
505 797
2913 3160
375 505
3160 4041
385 505
1910 3160
505 972
2394 3160
505 4817
3160 3720
505 1156
761 3160
505 4890
3160 3875
505 692
3160 4926
505 4763
1187 3160
505 917
2110 3160
505 4057
1246 3160
505 3072
232 3160
505 2835
3160 4348
505 3213
3160 3534
505 3405
3160 4296
505 1981
3111 3160
505 3726
1326 3160
505 4399
3160 4352
505 579
3160 3335
505 2746
1716 3160
505 652
2833 3160
505 4644
1360 3160
505 3915
3160 4023
505 3930
3160 4396
505 4692
1732 3160
505 4225
2306 3160
505 2099
1334 3160
505 1005
3160 3691
505 4178
1759 3160
337 505
2756 3160
505 4769
3055 3160
505 1559
1979 3160
505 3471
3160 4626
505 1373
1809 3160
505 3615
1741 3160
505 4791
1883 3160
505 1715
2986 3160
505 2996
3160 4137
439 505
2422 3160
339 505
1940 3160
505 808
3160 3342
505 1415
3058 3160
505 3555
3160 3804
505 519
2837 3160
505 715
1886 3160
505 2170
2695 3160
505 2604
1668 3160
126 505
2993 3160
505 4356
1636 3160
505 563
2416 3160
505 582
2468 3160
505 1901
2413 3160
505 3293
583 3160
505 2815
3097 3160
505 1351
3160 3681
505 1340
1495 3160
505 1627
2552 3160
411 505
2240 3160
279 505
3160 3367
505 2359
3160 3268
505 4484
3160 4455
505 1827
1279 3160
505 1501
1583 3160
208 505
3130 3160
505 1566
2766 3160
505 3672
1163 3160
505 1448
3160 3379
311 505
2032 3160
505 2284
2202 3160
505 4254
3160 4444
505 4068
1239 3160
505 2601
34 3160
505 4632
3160 3907
505 1884
3160 3606
505 3041
170 3160
505 3811
1745 3160
505 4450
810 3160
505 4170
1487 3160
505 4162
1619 3160
505 2075
992 3160
188 505
2488 3160
505 2631
952 3160
505 4559
3160 4987
505 4026
1693 3160
505 4410
722 3160
505 2294
1906 3160
505 2218
3160 3322
505 2461
718 3160
505 4627
3160 3880
505 1041
2452 3160
505 3825
124 3160
505 2542
3160 3508
505 2273
306 3160
418 505
1024 3160
505 2421
3160 3986
505 2333
2782 3160
505 524
1872 3160
505 1537
3160 3990
505 840
3160 4338
505 1474
3160 3559
505 742
3160 4834
505 4757
1220 3160
505 2902
3160 4004
505 508
668 3160
505 1972
3160 3878
505 3810
2142 3160
505 837
709 3160
505 2669
2228 3160
505 590
1893 3160
355 505
445 3160
505 4943
211 3160
505 2663
1806 3160
505 4094
3160 4350
505 648
3160 3507
505 3484
1129 3160
505 2753
3160 3183
429 505
2739 3160
505 2014
2732 3160
447 505
3160 4033
505 2068
2373 3160
505 1050
930 3160
505 2499
3160 4153
505 4737
3160 3822
505 2316
2966 3160
505 1626
3160 4340
505 1911
1847 3160
505 1773
525 3160
505 3987
3160 3194
505 1443
3160 3495
505 1965
302 3160
505 2230
2419 3160
505 4554
3160 4428
505 3086
3160 3969
505 4288
310 3160
505 634
3160 4346
505 4268
3160 3310
14 505
750 3160
505 2263
2977 3160
505 3110
3160 4664
505 2579
3160 4878
505 3663
3160 4446
505 3294
116 3160
505 4171
2188 3160
505 3442
468 3160
505 3567
788 3160
505 781
3160 3660
505 2864
3160 4110
505 568
1661 3160
505 961
2848 3160
505 1617
3160 4839
505 2465
3160 3834
505 2088
48 3160
505 2211
958 3160
239 505
3160 4237
505 4495
2332 3160
505 729
2725 3160
184 505
