4999
}{{}}}{}}}{}}{{{{{{}}{}}}{{{}}}{}}{{{}}{}}}}{{{{}{}{}{}}}{{}}{}}{}}{}}}}}{{}{{{}}}}{}}{}{{{{}{{}{{}{{}{}{{}}{}}}}{{}}{}}}{}{}{{{}}{{}{}}}{{{{}}}{{{}}}{}{{}{{}}}}}}{{}}{{{}{{{{{{{}}}{{}}{}}}{{{{}{}}{{}}{{{}}{{{{{{{{}}}}{}{}}}{}}}{}}}}{{}{{}{{{}{{}{{}{}}}{{}}{{}{}}}}{{{}}{{{{{{{}}{{}{{{{{{}{}{}}{{{}}}{}}{}}}}}}}{{}{{{}}{{{{}{{{{}}{{{{}{{}{{}}{}{{{}{{}}{}{{}{}{}}}}{}{{}{}}{{{}}{}}{}}{{{}{}{{{{}{{{{}{{}}}}{}{{{}}}}{}}{}}}}{}{{}{}{{}}}{{{}}{}{{}}{}}}{}}{}}{{}{}{}{}}{}}}{}{}}{{{{{{{{}{}{}}{}}}}{}{{{}}}}{}}}}{}{}}}{{{{{}{{{}}{{}{}}}{{{{}{}}{}}}}}{{}{}}{}}}}}}}{}{}{{}}}}}}}}}{}}}}}{}}{}}}}}}{{{}}{}}}{}}{{{}{}}}{{}}{{{}}}}{}{{}{}}}{{}{}{{{{{}{{{{{}}{}}}{{{{{}}}}{}}{}}}{}{{}}}}}{}{{}}{{}}}{{{}}{{{{{}{}}{{}{{{}{{{}{{}{}}}{{}}}{{{{{}}{}{{{{}{{{{}}}}}{{{{}}{{}{}{{}{{{{{{{{{{}{}{{}{}}}}}{}{}}{{{{}{}}{{}}}{{{{}{{}}}{{}}}{{}{}{{{{{{{}{}}}{{{}}}{{}{{}}}}}}{{}}}}{}}{}}}{}{{}{{{{}{}}{{{}}{}{}{{{{{}}{}{{{{{}{}}}{{{}{{{{}{}{}}}}{}{{{{}{{{{{}}}}}{}{}{}}}}{}{}}{}}{{{{{}{}}{{{{{}}}}{{}{}}}}}{}}{{{{{{}{{}{{{{}{}{}{{{{{{}}}}{{{{}}}}{{}}}{}{{}{}{}{}{{}}{{{}{{{{{}{{{{}}}}}{{}{{{{}}}}}}{}}{{}}}}{{{{{}{}}{{{{{{{}}}{{{}}{}}{{}}{{{{{}{}{{}}}{{}}}}}{{}}{{}}{{{{}}}}{}}{}{{}}}}}}{{{{{{{}{{{{}}{}{{}}{}}{{{{{}{{{}}{}}{}}}}{}{{}}{}}}}{}}}{}}{}}{{}}{{{{{{{}{}}}}}}{{{}}}}{}{}{{}{{{}{{}}}{{}{}{{{}{}{{}}}}{}}{}{}{}{{{{}{}{{{{{{}{{{}{{{}}{{}}{{{{{}}{}}{}{{}}}{}}{}}{}}}{}}}{}}{{}{}{{}{{{{{}}{}{{{{}{{{{}{}{{{}}{{{}}}{}{{}{}}{}{}}}{}}}}{{{}{}{}}}}}}{{{}}{{{}{{}}}{{}{}}{}{{}{{{}}}}{}{}}{{}}{}}}}{{{}}}}{}}{{{}}{{{{}}{{{{{}}{{}}{{{{{{{{}{{}{{}}{{{{}}}{}{}}{{{}}{{{}}{{{}}{}}{}{{{{}{}{{{}{{{{{}{}}}{}{{}}}{}}}}{}{{{}}}}}{}{{{{{{{}{}{}}{{{{}{}}}}{{{{{{}{}{}{{}{}}}{{}}{{{}}{}}{}{{{{{}}{{}{{{}}{}}{}{}}{}{{{{}{}}{}}}}}}{{}{{{}}{}}{}}}{}}}}{}}}{}}}{{}{{}}{}}}{}}}}{{{}}}}{}{{}}}}}{}}}}{}}{{{{{}{}}{{}{{}}{}}}}{}}}}{}{}{{{{{}}{}}{}}{}{}}}}}}}}{}}{}{{}}{}{{}}}{}{}{{}{}{{{{}}}}}}}{}}{{}{}}{{}{{}}{}{}}}{}}{{}}{}}{{}{{}{{}}{}{}{}{{{}{}{}}{}{}}{}{}}}}{}}{}}{{{{}}}}{}{}}}{}{{}}}}{{{{}}}{}{{}{}}}{}}}}{{{{}}}{}}}{}{{}}{{}{}}}{{{}}}}}}}{}}{}{}}}}{}}}{{}{{}{}{{{{}}}{}}{}{{}{{}}}{}{}}}{}}{{}}}{}}{{{{{}}}}{{{{}{}}{{}}}}{{{{{{}{}}}}{{{}{{{{}}{{}}{{{}{}{}}{{}{{}{}{{}{{}{{{{}{}}}{{}{}}{{{}{{}{{}{}{}}}}}}{{}{}{{}{{}{}{}{{}{}{}}}}}}{}{{{{}}{}}}}}{}{}{{}}{{}{}{}}}}{{}}}{{}{}{{{{{}}}{{}{}{}}{{}{{}{{{}}}{}}}}{}}{{}}}{{}}}{{}}}}}}{}{{}{{}{}}{}{{{}{}{}}}{{}{}}}}{{{}{}}{}}}{}}{}{{{}{{}{{}{{}{}{{{{}}{{{{{}{{}}}}{}{{{{}}{}}{}}{}}{{{{{}}{}{}{{{{{{{}}}}{{{{{}{}{}}{}{{{{{}{{{}{{}}{}{}}{}}{{{}}}{}}}}{}{}}{}{{{}}}}}{}{}{{}}}{}{{}{}{{{}}{{}{}{}}}}{}{}{{}{{}{}{{}{{{}}}{}{}}{{{{{}{{{{{{{{{{{{{}}{{{}}}}}{{{{}}}}{}}{}}}}}}{}{{{{{{{{{{{}}{{{{{}{}{}{{{{{}{}}}}{{}}{{}{{{{{}}}}}{}{{}{}}{}}{}{}}{{{{}{{{{{{}{{}{}{}{{{{}}{}{{{{}{}{}}{{{{}}}}}{}}{}}}{{}}{{}}}}}{{}{{{{}}}}}}{{}}}}}}}}}}{}{{{}}}{}{{}{}}}{{{}}}}{}{{{}}{{{}}}{{{}}}{}}{}}}{}}}{}}{{{}}}{{}}{{{{}}}}{}{}{}}}{}}}}}{}}}{}{}{}{}}{}{}}{{{{}{{{}}{{{}{{{{}}{{{}{{}{{}}}}{}{}}}}{}}}{{{}}{}}}{{}}}}{}}{}{}}}{{{}{}{}}{{}}}{}{{}{{{{{{{{{}{}}}}{{}{}}{{}}}}{}{{}}}}}}{{}}{}{}{}}}}{}{{}{{{}}}}}}}}{{{{}{{{}}}}}{}{{{}{}}}{{}}}}}{}{}}}{}}}{}}}{{}{{{{}}{}}{{{{}}{{}{}{}}}{}{}{{{{}}{{{}{{{}{}}}}{}}{}{}}{{}{}}{{}}}{}}{{{}{}}{}{{}}{}{}{{{}{{}}}{}{{}}{{{{{{}}}}{}}}}{}}}}}}{}{}}{{{}}{}}{{{}{{{}}{}{}}{{{{}}{{{}{}}{}{{{{{}{{}}{{}{}{{}{}}{{}{{{}}{}}}}{}}}{}}{{{}{{{{{}{}{}{}{}}{}{{}}}{}{}}{{{}}{}}}}}}}{}{}}{{}{{}}{}{}}{}{{{{{}}{{}}{}}}{}{{{}}{}{}}{}}{}{}{}}{{}}{{{{{{}{{{{{{{{{}}{}}}}}{}{}}{}{{{}{}}{}}{{{{{}{{{{{}{{}}{}{}}{{}{}}}{}}}{{}{{}{}}}{}{}}{}{{{{{{{{}}}}{}}{{}{{}}{}}{{{}}{}{}}{}{{{{}{}}{{{{{{}}{}}{{{}{}}}}}{}{{}}}{{}}{{{}}{{{}}{}{{{}{{}}}}}}{}}{}{{{}{{{{{{{{}}{{{}}{{}}}{{{{{}{}}{{}{}{{{{{}}}{{{}{{{{}{{{{{}}{{}}}{}}}{}{{}}}}{}{}{}}{{{}{}}{{}{{}}{{{}}{{{}{}{{}{}{{}}}}}{}{}}{}}}{}}{{{}{}}}}{}{{{}}}{}{}{{{}{{}}}}{}}{}}{{{}{}{}}{}}}}{}{{{}{}}}{{{{}}}}}}{}{{}}{}}}{}}}}}}{{{}}{{}{{{}}{}}{}{}{}}{}}{}{}{{}}}}}}}{{}{{}}{}}{{}}}{{{{{{}{{}}}}}}}}{{{{}}{{{}{{{{}}}}}{{{}}}{}}}}}}}{{}}}{{{{{}{}}{{{}}}{}}}}{}}}}{{{}{}}}{{}{}}}}{}{}{}{{{}{{{}{{{}{{{}{{}{}{{{{{}}}{}{}{}{{{{}{}{{{}{{{}}}}{{{}{}{{}{}}{{{}}{{}}}{{{}}{{}}{}}{}}}}{}{{{{{{}{}{{}}{}}}{}{{}{{{{}}{{}}{{}}{}{{}}{}{}{{{{}}}}}{}{}{}}}{}}}{{{}}{}{{}}{}{{{{{{}}{}}}{{{}}{{{}{{}}{{}{}{}{}}{{}{}}{}{{}}{{}{}{{}{}}}{}}{{}}{{}{{{{}}{{{{{}}{{}}{}{}{{}{}{}}{{}{}{}{{{}}}}}}{}{}}}}{{}}{{}}{{}{{}}{{}}}}}}{}{{{}}{{}}}}}}{}{{{{}{{}{}}{}{}}{{}}{{}{{}{{{}}}}}}}}{}}}{}{}}}{{}{{{}{{{}{{{{{{{}{{}{}{}{}{}}{{{{}}{{{{{}{}{}{}}}}{{}}}{}}{{}}{{{{{{}{{}{{}}{{}{{}{}}}{}{{{}{}}{{{}{}}{}}{{{{{}}}{{}{{}{}}}}}}{}{}{{}{}}{}}}{{}{{}}{}}{}{}{}}}}{}}}{{}{}{{}}}}}{}{{{}{}}{{{}}}{}{{{}}{}}}}{}}}{}{{{}{{{{}{}{{}}}{{}}}}}}}{{}}{{{{{}}}}}{{}{{}}{{{}{{{}}{{}{{}}{{{}}{}}}{}{{{{}}{{{{}{{}}}}{{}{{{{}}{}}}}{}}}}{{{{{}{{}}}{{{}{{}}}{}}{}}}}{}}}}{{{{}}}{}{{{}}}}{{{}}}}}{{}}}}{{}{{}{{}}{{{{}}{{}}{{}}}{}{}}}{{}}}}{}}}{}{{}{{}}{{{{}}}}}}{{{{{}}{}}}{{{}}{}{{{{{}{{{}}{{}{}{}}}{{{}}}}}{{{}}}{}{{}{}}}}}}}}}}}}}{}}{{}{}}}}}{{}{}}{{{{{{}{}{}}{}{{}}}{{{}}}{{}{{}}{{}}}{}{}{}{}{}}{{{}}{{{}}{{{}}{{{}{{{{{{}}}{{{{}}{{{{{}}{}{}}}}}}}{{{}{{}{{}}}}{{}{{}{{{}{}{}{{}}{}{{{{}{}{}}{}{}{}{{{}{}}}}{{{}
1615 2181
2181 2197
1615 4138
1831 2181
1615 3653
2181 4078
1615 1634
2181 4830
1615 1622
2181 3495
1615 2915
1560 2181
1093 1615
783 2181
1615 4722
2181 3527
304 1615
2181 3592
1603 1615
635 2181
1615 2238
1986 2181
1615 2851
1279 2181
1615 3575
1202 2181
1615 3573
2181 3738
1615 4904
2181 2478
1615 1745
1854 2181
106 1615
2181 2756
1615 3209
1160 2181
1286 1615
2181 4367
1615 4443
2181 3161
1615 1682
541 2181
1615 2933
1268 2181
1557 1615
863 2181
1154 1615
110 2181
1508 1615
2165 2181
1615 4148
1134 2181
1615 2713
1141 2181
1145 1615
1893 2181
1248 1615
2181 4735
1491 1615
403 2181
1615 4122
1875 2181
1615 4846
1285 2181
1615 3186
2181 3815
1615 2838
1806 2181
1615 2098
411 2181
1615 2347
747 2181
1615 3177
2181 4936
1599 1615
1746 2181
1615 4925
2181 3941
1615 3351
2181 2455
948 1615
2181 3307
1503 1615
2181 2897
1615 4860
66 2181
89 1615
1348 2181
1615 4600
2181 4096
1232 1615
2181 2775
1615 4867
2181 3234
1095 1615
2181 3960
277 1615
1711 2181
1615 3641
1688 2181
1615 2189
382 2181
1615 3164
2181 2225
1437 1615
2181 2787
870 1615
2181 4459
1615 4782
693 2181
1615 2510
1418 2181
1615 3945
2111 2181
128 1615
699 2181
1615 3713
2181 2492
1615 4752
2181 4828
1234 1615
2181 2290
1615 3439
2181 3054
1615 4876
2153 2181
276 1615
647 2181
426 1615
2181 2676
400 1615
2181 2395
772 1615
2181 2499
528 1615
2181 3153
1615 3755
2181 4644
988 1615
1818 2181
1615 3188
2181 4239
1615 2533
2181 4541
1615 4377
504 2181
1615 3206
2181 4732
1615 3201
2181 2322
1615 3071
2181 4806
1615 4058
1880 2181
1005 1615
197 2181
1615 2983
2181 4296
1615 1856
2181 2805
1615 4731
2181 2575
1615 2698
2181 4672
1615 4518
2181 4850
237 1615
2181 3482
520 1615
2181 4411
1615 4487
2181 3807
845 1615
2181 4358
1615 2089
2181 4294
1615 3354
2181 4666
1615 4750
2181 2731
1615 4957
2181 3590
1615 1654
2031 2181
1615 2402
2181 3984
1615 4368
257 2181
1615 2846
1125 2181
1615 3273
1859 2181
1262 1615
2181 3976
1615 4281
1801 2181
1615 3912
2181 4430
1615 2447
2181 3526
241 1615
2181 2706
1615 4851
2181 3901
1615 2520
2181 4546
1541 1615
951 2181
1615 4386
2181 3245
1615 3719
2181 2186
374 1615
1192 2181
1615 2448
2181 3903
1615 2646
2181 2880
1615 4495
1483 2181
1615 1973
2181 3095
1261 1615
2181 3508
1615 2339
2181 4131
1615 2853
1815 2181
1615 2911
2181 3246
1615 2154
1808 2181
879 1615
2181 4810
435 1615
2181 3774
1615 1723
2181 4886
1615 1961
2181 3564
665 1615
2181 4475
751 1615
2181 4442
1615 3809
2181 4465
109 1615
2047 2181
1445 1615
2006 2181
1443 1615
1838 2181
1378 1615
133 2181
1615 3400
487 2181
1615 4884
2181 3873
1615 4130
2181 2442
897 1615
2181 4463
1615 3283
2181 2704
1615 2623
2181 4211
1601 1615
2181 4995
1615 2266
2181 3440
340 1615
2181 4063
1615 4033
2181 2908
1615 3904
1026 2181
346 1615
2181 4344
234 1615
923 2181
1615 4655
2181 3462
1615 4843
181 2181
1615 4409
1543 2181
763 1615
2181 3336
1615 3936
796 2181
1097 1615
2181 4408
1615 4172
1968 2181
1615 2995
2181 3302
1615 4114
2181 3060
1615 4062
773 2181
1615 3143
2181 3676
1615 1665
2181 3522
1615 4788
1057 2181
742 1615
2181 2854
525 1615
2181 4492
1156 1615
239 2181
1615 2679
2181 2439
1615 2415
2181 3777
1615 2801
352 2181
1615 3498
2181 2975
1615 2582
269 2181
475 1615
978 2181
1615 1795
2181 3958
1615 4684
2181 3803
378 1615
434 2181
1486 1615
1477 2181
1615 2138
260 2181
1615 3117
2181 3078
777 1615
856 2181
1615 2809
142 2181
1615 3441
2181 2384
1462 1615
2181 2769
1615 1636
2181 2700
1615 3481
2181 4180
1615 2255
1002 2181
1615 2580
2181 3990
925 1615
538 2181
170 1615
1528 2181
1615 3778
2181 2268
997 1615
2181 2763
1615 3647
2181 2317
1615 4064
2181 2500
1406 1615
2181 3148
1615 4762
2181 3105
1615 2352
2181 4238
1615 2847
2181 3106
1615 4136
2181 3512
1615 2612
876 2181
1615 3253
1732 2181
1615 3396
554 2181
1615 4067
1925 2181
560 1615
1161 2181
1615 4438
2181 3584
537 1615
914 2181
1615 2767
2181 4758
1615 2221
2181 2879
1615 2858
1126 2181
1615 2691
2181 4927
1615 3056
857 2181
213 1615
88 2181
1615 2550
2181 4526
287 1615
2181 3579
1615 4205
243 2181
1615 3199
1980 2181
1615 3404
2181 4437
1615 4045
2181 3367
1615 2075
1287 2181
957 1615
448 2181
1615 3311
1592 2181
127 1615
527 2181
1615 4677
2181 3863
1399 1615
1975 2181
466 1615
2181 3657
1615 3991
302 2181
274 1615
359 2181
48 1615
1800 2181
1615 1765
2181 2789
1615 2185
2148 2181
1615 4436
2181 4305
1293 1615
2181 3539
1108 1615
2181 2614
1485 1615
1707 2181
1615 3318
2181 4350
1615 2932
102 2181
1615 3334
2181 3055
1615 4954
318 2181
1577 1615
630 2181
1275 1615
620 2181
1615 4702
2181 4471
1615 4022
2181 4362
1615 3255
2181 2333
1615 4372
2179 2181
1615 2674
1058 2181
1615 3017
1470 2181
1615 2949
2181 2237
1615 4807
2181 4480
1615 2184
2181 4420
1615 3943
579 2181
1567 1615
2181 4004
1615 3640
104 2181
384 1615
2181 4716
1615 4703
2181 4192
1615 4824
2181 2335
1151 1615
2181 3435
1615 4429
2181 2522
396 1615
2181 2570
1587 1615
1659 2181
1615 3555
2181 2716
153 1615
2181 4019
1146 1615
2181 2954
1568 1615
2181 2849
1615 2632
462 2181
1615 1970
1873 2181
1615 1965
2181 2661
1615 2124
253 2181
1615 4252
2181 2624
546 1615
2181 3625
1615 2518
2181 4414
1615 2400
2181 3345
756 1615
2181 4832
1056 1615
2181 4626
1615 3980
2181 4674
722 1615
2181 2982
706 1615
2181 3226
941 1615
2181 3200
1181 1615
2181 4749
1615 4020
2181 3627
1615 4998
2181 4712
1615 1672
112 2181
1208 1615
1537 2181
1615 2542
2015 2181
1615 2323
780 2181
1615 2869
144 2181
1615 2714
2181 4009
1615 3018
469 2181
968 1615
107 2181
1615 1839
2163 2181
1582 1615
2181 4964
1615 4522
1889 2181
1615 4985
2078 2181
1615 2804
2181 2514
1454 1615
2181 4444
1615 3210
125 2181
1615 3829
324 2181
1615 2260
1215 2181
1615 3047
111 2181
1615 2903
399 2181
1169 1615
1650 2181
1615 4871
1618 2181
1615 3880
2181 4208
1615 4617
2181 4472
1554 1615
2181 4931
581 1615
705 2181
391 1615
2181 4896
1615 4027
686 2181
1615 3600
2181 2835
1615 2199
1252 2181
1615 3924
2181 2571
1604 1615
2181 2368
1615 4101
2181 4719
1615 2587
2181 3135
1615 3567
2181 3015
1170 1615
2181 3242
1615 3955
137 2181
616 1615
2181 3762
126 1615
256 2181
654 1615
2181 3155
1615 1625
732 2181
248 1615
753 2181
1615 2109
2181 3858
283 1615
530 2181
1615 1655
158 2181
1490 1615
2181 3455
1615 1909
2058 2181
1419 1615
1835 2181
1428 1615
2181 4081
1410 1615
561 2181
1615 3962
2181 3791
1615 4460
2181 2725
1615 3171
2181 3624
707 1615
658 2181
1615 2546
2181 3295
1615 2172
2181 3089
1615 2981
2181 4552
1615 3424
2181 3886
1615 4570
2181 2750
1615 4527
687 2181
1615 2048
670 2181
1615 4332
2181 4618
1615 4117
2181 2336
1615 4369
2181 2265
1615 4485
580 2181
1615 3383
2181 2987
1615 2018
2181 4619
74 1615
1014 2181
1615 3798
2168 2181
1615 4406
2181 4428
632 1615
2181 2755
1615 3327
417 2181
1212 1615
2181 3492
1615 2039
2181 3666
1615 1764
1259 2181
1615 4177
1969 2181
1615 4608
2181 4085
591 1615
928 2181
1615 4757
2181 2253
1512 1615
483 2181
195 1615
2181 3817
1401 1615
1107 2181
1615 2357
2181 4579
409 1615
2181 4641
933 1615
2181 3045
210 1615
2181 2837
827 1615
70 2181
1615 4971
2181 2892
1615 4426
1229 2181
1033 1615
2181 2989
114 1615
2181 3429
1615 4520
414 2181
1117 1615
495 2181
1318 1615
2181 3978
1045 1615
2181 3608
1615 2613
1595 2181
1615 2813
1689 2181
1157 1615
2181 3516
1615 1677
2181 4051
1615 2928
2181 4657
219 1615
499 2181
698 1615
445 2181
415 1615
2181 3211
1615 4779
2181 2523
956 1615
1403 2181
1615 4585
2181 3896
1615 2642
1564 2181
1615 4030
2181 2636
1116 1615
2181 3256
1615 3362
9 2181
1615 2516
2134 2181
1615 4969
1210 2181
1326 1615
2181 2194
1615 4135
427 2181
1615 4375
2181 4490
1615 1858
864 2181
1615 3136
2181 3098
1571 1615
2181 4359
1615 4469
1061 2181
1615 2305
1441 2181
927 1615
2181 3346
547 1615
2181 4151
1605 1615
2181 4984
1615 3328
1147 2181
1529 1615
1787 2181
1615 3314
2181 3748
1615 3603
2181 2409
1615 3824
2181 3290
484 1615
1197 2181
1615 4973
263 2181
1615 2036
2181 4729
1615 2229
745 2181
1191 1615
1091 2181
1615 4317
2181 3063
1615 2493
2181 3544
1615 2498
2181 4829
1615 1740
2181 2993
1615 2377
2181 2696
1615 4899
2181 2768
17 1615
2181 3418
290 1615
1742 2181
1615 2091
2181 2921
1612 1615
2181 3923
1615 4216
439 2181
1615 1868
2106 2181
1429 1615
2181 2711
1272 1615
1133 2181
1615 3875
659 2181
1615 2712
2181 4562
1615 3359
1400 2181
1129 1615
2181 3898
1615 2934
421 2181
1167 1615
2181 3799
1615 1987
834 2181
1615 2125
2181 4273
1615 4412
2181 3265
1615 4321
2181 4363
1615 2881
1892 2181
1325 1615
2181 2840
16 1615
789 2181
1615 2155
2181 4482
1615 2403
1730 2181
1615 1877
330 2181
1615 3360
2181 4953
1615 4727
952 2181
694 1615
1446 2181
999 1615
851 2181
1297 1615
2181 3667
584 1615
1611 2181
1615 3231
597 2181
296 1615
2181 3185
1615 2996
458 2181
1615 4576
855 2181
1615 3656
1530 2181
430 1615
2181 4016
1615 2073
2181 4035
1615 4740
2181 2208
1575 1615
2181 3712
147 1615
2181 3320
1615 3885
2181 3373
1615 2214
2181 3411
508 1615
143 2181
1578 1615
2181 2824
1615 3587
2181 4837
1615 4415
2181 3565
1615 4266
2181 2690
1509 1615
2057 2181
1615 2604
2181 2741
1615 3365
1213 2181
680 1615
1214 2181
1615 4186
460 2181
1615 4494
2181 3569
1615 4341
1420 2181
1615 3476
2181 3292
1615 3051
2181 4047
1265 1615
2181 2728
1615 2508
992 2181
1615 3401
2181 2491
1615 1733
1758 2181
1615 3166
136 2181
456 1615
595 2181
564 1615
1299 2181
1615 2151
2181 3750
1615 2539
2181 2456
1615 4141
2181 4508
1615 4978
2181 4014
1615 4416
2181 2276
1536 1615
2181 3315
1615 3125
1967 2181
1615 3178
2181 2557
1615 2811
1811 2181
1615 3221
2181 2659
1615 3776
2181 3085
1615 4039
801 2181
154 1615
1461 2181
1615 3038
2181 3113
321 1615
2181 2878
969 1615
2181 4133
1615 1684
2181 3390
653 1615
2181 4154
1615 4908
2181 2321
1615 2793
2181 3944
1615 3583
1643 2181
250 1615
2070 2181
1615 4118
2016 2181
1615 3770
2181 2231
1615 3899
2181 3568
1615 3348
1520 2181
640 1615
2117 2181
1615 2200
262 2181
1018 1615
2181 2948
1615 4360
2181 4481
1615 3935
2181 4401
1615 1977
444 2181
890 1615
812 2181
818 1615
2181 2553
1615 2994
2181 3845
1615 4907
652 2181
1615 4560
2181 3818
1615 2997
1243 2181
1088 1615
2181 3916
1615 2327
2181 3160
100 1615
2181 3709
1615 3393
1781 2181
704 1615
2181 2235
1615 2330
2181 4857
1615 3361
666 2181
1615 2852
1693 2181
540 1615
2181 4234
1615 1709
1576 2181
1534 1615
2181 3802
926 1615
2181 3250
1615 3979
2181 2986
1615 3131
2181 4606
596 1615
1288 2181
1615 3889
2181 2264
1615 4478
2181 3839
408 1615
734 2181
959 1615
1621 2181
1615 2658
1610 2181
1164 1615
2181 4306
1615 4854
2181 2304
1615 4044
1708 2181
1615 4159
2181 4139
1615 3790
2181 2746
1615 4697
985 2181
1589 1615
2181 3005
1323 1615
2181 2222
1615 4972
1038 2181
343 1615
2181 3989
1615 4251
2181 4738
1615 3602
2181 3003
1615 4753
810 2181
1615 1855
2181 3740
1615 4092
236 2181
522 1615
222 2181
1448 1615
2181 4699
1615 2177
2181 4286
326 1615
404 2181
1615 3355
2181 3897
1324 1615
2181 3068
1615 3618
1953 2181
1615 4915
1360 2181
45 1615
2181 3795
1260 1615
2059 2181
1615 3444
1782 2181
323 1615
955 2181
1105 1615
523 2181
1615 3414
452 2181
1615 1916
412 2181
1615 2088
2181 3415
1615 2099
2181 3270
958 1615
1812 2181
809 1615
2181 3754
1306 1615
2181 3560
1615 2664
2128 2181
1615 3531
2181 4254
1519 1615
2181 3470
1615 4939
1570 2181
1615 2090
979 2181
1615 3832
1021 2181
1615 2490
2181 4422
1615 2929
2181 4718
1615 4348
2181 3596
1615 3691
1344 2181
1615 2862
1242 2181
1615 1775
2181 2979
1615 1941
2181 4149
1615 2019
2181 4999
97 1615
1316 2181
962 1615
964 2181
1615 3446
1744 2181
1615 4206
64 2181
1615 2424
1459 2181
1615 3793
2181 4845
1615 4592
660 2181
1615 2524
739 2181
1111 1615
692 2181
684 1615
2181 2190
489 1615
2181 2718
1615 4025
2181 4173
1050 1615
2082 2181
1615 3828
2181 4653
1615 3436
163 2181
1165 1615
2181 4616
1615 4007
1011 2181
1615 1794
1817 2181
1615 3938
2181 3782
1615 2157
1488 2181
1615 2162
1719 2181
1615 4237
598 2181
1615 4153
2181 2871
1615 3389
2159 2181
1562 1615
2181 3559
1615 3299
2181 3900
1615 2246
2181 2289
552 1615
1177 2181
1615 3966
2181 3747
1615 4880
2181 3617
593 1615
667 2181
1615 4736
2181 2680
1615 1825
2181 3867
880 1615
1077 2181
1615 3520
2181 4461
1615 4582
185 2181
1615 2868
83 2181
989 1615
420 2181
1615 4322
2181 4553
1615 2595
2181 3797
1615 4182
1106 2181
697 1615
2181 2816
1615 2780
2181 4578
1615 2158
720 2181
1615 2122
2181 3671
1615 2108
2181 4783
132 1615
2181 2329
1615 4754
800 2181
1615 4676
725 2181
1615 4289
1137 2181
322 1615
2181 2467
898 1615
2097 2181
1415 1615
2181 4060
1615 2943
2181 4586
1615 3269
2181 4748
1615 2544
2181 2960
1615 4894
2181 4689
1615 4132
2181 4107
1615 2325
1346 2181
1615 3080
217 2181
1615 3083
2181 3834
1615 4353
2181 4695
738 1615
227 2181
1615 4392
1710 2181
1417 1615
179 2181
1615 2536
947 2181
1615 4056
701 2181
911 1615
2181 3650
1615 2537
1027 2181
865 1615
2181 3326
1615 4629
1411 2181
1615 4342
2181 4268
1615 2466
2181 4980
1615 2547
2181 3500
1615 3091
34 2181
733 1615
505 2181
1615 2383
1150 2181
1615 4991
1414 2181
1615 1778
2181 4331
1615 4002
2181 3422
92 1615
2181 4371
1615 2218
2131 2181
1615 2591
2181 3965
1615 2836
811 2181
1615 2578
2181 4714
1206 1615
2181 4664
1615 2152
2181 2369
1615 1763
2181 3718
1492 1615
2181 4849
1475 1615
2181 4276
1236 1615
2123 2181
1615 3471
1122 2181
1615 3487
1331 2181
212 1615
53 2181
1615 1981
744 2181
565 1615
2181 3669
1515 1615
2076 2181
736 1615
2181 3937
1386 1615
1668 2181
1615 4836
840 2181
1615 3939
2181 3504
244 1615
2181 4000
691 1615
846 2181
1615 3248
1449 2181
1615 1870
2181 2945
1068 1615
1586 2181
1615 2673
815 2181
1396 1615
2181 4404
1615 4001
1284 2181
831 1615
2181 3121
929 1615
2181 4967
1615 3494
2181 4511
1615 2645
582 2181
1615 4248
39 2181
1615 4551
674 2181
242 1615
2181 3764
1615 2066
980 2181
1615 2715
1148 2181
1381 1615
555 2181
385 1615
1724 2181
1615 2552
2181 4127
1615 2275
215 2181
1615 2419
1384 2181
1615 2576
2181 3006
1615 3661
2181 2211
1615 3566
205 2181
1615 3621
2181 3175
1615 2404
2181 4217
1615 4751
2181 3172
1615 3852
2181 3426
1615 3127
1784 2181
728 1615
613 2181
1009 1615
2181 4756
1615 2736
2181 4213
1615 3981
2181 3357
1496 1615
629 2181
1615 1832
2181 4134
1615 2033
746 2181
410 1615
2181 2485
1615 3147
1467 2181
1615 3254
21 2181
1615 2797
2181 3126
1615 4715
338 2181
1615 3216
882 2181
1615 4780
682 2181
472 1615
2181 2959
1615 1646
2181 2991
991 1615
2181 2408
1615 2558
2181 2385
1615 3076
2181 4260
1615 2666
2181 3176
1615 3425
519 2181
1615 1852
2181 4679
645 1615
2181 4686
1615 3951
2181 3835
1615 4382
2181 4146
708 1615
1034 2181
1615 1862
1594 2181
221 1615
451 2181
360 1615
1760 2181
40 1615
2181 2770
1615 1898
2181 2774
1615 3643
2049 2181
1615 4694
2181 4242
1615 3534
869 2181
1615 2196
1073 2181
1615 3597
1199 2181
1615 2100
2181 4869
1139 1615
2181 4410
1615 2311
1905 2181
627 1615
1553 2181
165 1615
1974 2181
1615 2886
2181 4977
1615 4989
309 2181
1615 4288
2181 3760
1615 3927
754 2181
1383 1615
1651 2181
1615 3132
2181 3887
1175 1615
2181 3865
1615 4887
1675 2181
1433 1615
2181 3133
643 1615
2181 4675
1615 1699
2181 4097
320 1615
1903 2181
1615 4667
1389 2181
1615 1680
2181 3576
47 1615
231 2181
1544 1615
2181 2873
1615 4997
485 2181
1615 2918
2181 4384
317 1615
2181 3726
1615 1956
2181 3190
625 1615
2181 4300
313 1615
2002 2181
1507 1615
1267 2181
480 1615
2181 3294
637 1615
1382 2181
1474 1615
33 2181
1615 3679
2181 2226
1615 3783
2181 3368
1615 3344
488 2181
1048 1615
2181 4433
1615 3447
2181 2839
1615 2505
2181 2663
1615 4346
2181 2927
1615 2160
2012 2181
1090 1615
2181 2727
1615 2081
2181 2423
1615 2543
614 2181
1615 3763
2181 3956
1615 2753
2181 3082
518 1615
2181 2332
1615 4021
1532 2181
1615 4525
1942 2181
1615 4502
2181 2795
1615 2334
2181 4723
1615 4763
1845 2181
1615 4789
1127 2181
711 1615
1159 2181
1615 1631
2181 2525
867 1615
2181 2618
1615 2396
2181 4760
1615 3293
405 2181
1103 1615
944 2181
1615 3545
2181 4224
1615 3810
2181 4823
1563 1615
2181 3236
1615 4911
2181 3651
622 1615
2181 4883
238 1615
379 2181
767 1615
2181 3475
1342 1615
2181 2891
1615 3489
2181 3403
1615 4503
2181 2956
1615 2292
2181 3087
1615 2405
2181 2743
1615 4496
2181 2256
498 1615
2181 2974
1615 4427
2181 3282
1178 1615
2181 4539
730 1615
2181 3692
1615 1641
2181 4704
1144 1615
2181 4822
1615 3024
1308 2181
1615 4166
2181 3412
1615 4340
2181 4452
1062 1615
807 2181
1615 2842
2181 3857
793 1615
2181 3543
1615 2132
2181 4447
1404 1615
2181 4421
1615 3969
289 2181
1615 1881
1755 2181
481 1615
2181 4709
1615 2026
2181 3836
1615 3310
2181 2776
1184 1615
2181 3387
1615 4943
149 2181
1615 1766
44 2181
1615 3152
2181 3870
1615 4951
1350 2181
1368 1615
2181 2976
712 1615
429 2181
1615 2631
2181 3372
1615 3499
2181 3423
353 1615
1452 2181
1615 4942
1826 2181
1615 4013
2181 3638
1615 3964
41 2181
1615 2147
794 2181
1615 3930
2181 2825
1304 1615
1606 2181
1615 2665
2181 2952
1615 2446
2181 4110
1615 2375
2181 3238
1615 3915
1867 2181
835 1615
2181 3285
1615 2337
1960 2181
1615 3699
2181 4124
1615 1666
2181 4793
1615 4176
2181 4455
1460 1615
2181 2735
1615 2178
2181 2764
1615 2677
2181 4637
1615 4269
1321 2181
1615 4630
1780 2181
1366 1615
1966 2181
1365 1615
2181 4218
1135 1615
184 2181
1314 1615
2181 4584
1615 3586
1883 2181
186 1615
1926 2181
1615 4029
778 2181
1615 4417
2096 2181
1615 3501
2181 4801
1615 4599
2181 3381
1615 3268
1388 2181
1615 2744
2181 2463
1615 2041
2181 3502
1615 2392
1 2181
1615 4640
2181 3156
1615 1772
2181 2441
1615 2140
2181 3673
1053 1615
2181 4498
337 1615
196 2181
770 1615
536 2181
1615 2074
2181 3214
367 1615
160 2181
646 1615
1939 2181
1615 2170
2181 4270
1489 1615
2181 4434
1391 1615
2181 4032
1609 1615
2181 4656
1615 4711
2181 2326
1615 3386
2181 3090
1615 2619
556 2181
503 1615
1653 2181
990 1615
2181 3215
284 1615
1779 2181
1043 1615
1671 2181
1615 3490
2181 3101
1615 4790
1757 2181
46 1615
2181 4017
1615 4048
492 2181
1615 3213
2181 4673
1615 3652
2181 3717
1615 4825
2181 2429
1329 1615
5 2181
1615 1762
2181 3995
1615 4859
2181 3987
1615 2734
1064 2181
1615 2398
1907 2181
1615 2931
2181 4799
1615 3052
1920 2181
813 1615
2181 2939
1615 4898
1752 2181
1615 4930
2181 2719
1615 1698
2181 3173
1615 3263
2181 2468
1615 3518
2181 3859
1615 1729
1222 2181
1615 4921
1829 2181
168 1615
934 2181
1615 3001
2181 4698
1188 1615
2181 2902
1615 2965
782 2181
431 1615
2181 2627
1615 4075
1731 2181
1476 1615
2181 3274
202 1615
1423 2181
1615 2760
2181 4258
1615 1990
2181 4055
1615 4839
2181 2338
1615 2817
2181 3612
1615 3313
2181 2807
1615 3044
2181 3994
1615 4669
2181 3794
1615 2457
2181 4970
1615 2584
2181 3134
1615 3217
2181 2968
122 1615
2181 2556
1416 1615
1813 2181
1615 2428
1333 2181
1315 1615
1573 2181
1615 2530
2181 4913
37 1615
1850 2181
1615 3831
1527 2181
1615 3072
2181 3784
1615 3384
2181 2450
1615 3170
2142 2181
395 1615
2181 4393
1615 2366
1408 2181
470 1615
500 2181
1615 3466
1220 2181
1615 4661
148 2181
1615 2831
2143 2181
1615 4311
2181 2205
917 1615
2181 4432
1174 1615
2181 4831
1615 4774
2181 4745
1615 3928
2181 2244
805 1615
1205 2181
1615 2653
2181 3623
1615 3509
2181 2808
1615 4089
2181 3461
1615 2887
2119 2181
1615 4547
909 2181
1615 2093
1458 2181
1615 4144
511 2181
1615 4246
1370 2181
1615 3228
2181 2379
1096 1615
2181 3911
1615 4691
2181 2644
533 1615
1638 2181
1615 4236
2181 2967
760 1615
2181 4070
1615 1822
2181 3118
1615 3296
2181 3464
1615 1921
119 2181
1438 1615
1809 2181
1615 4222
2181 4084
390 1615
1225 2181
737 1615
1593 2181
1615 2592
2181 3702
1615 4696
2181 2458
1615 3547
1413 2181
1615 2052
668 2181
1615 3300
1670 2181
1615 3102
822 2181
1615 4121
1101 2181
1237 1615
675 2181
1615 2102
621 2181
1615 4543
2181 4250
204 1615
265 2181
1084 1615
2181 3417
1613 1615
2181 3622
1172 1615
2181 4241
1615 4125
2181 4253
1615 3142
1776 2181
1615 3535
23 2181
1615 2104
1596 2181
517 1615
361 2181
1615 2910
543 2181
1615 3197
1230 2181
1615 4261
1824 2181
1615 3479
2043 2181
1615 3913
1957 2181
776 1615
1171 2181
714 1615
201 2181
1615 4010
230 2181
1615 1914
465 2181
1615 1951
2181 2373
861 1615
786 2181
1615 3377
2181 4992
1615 1861
1320 2181
1357 1615
2115 2181
1295 1615
2181 3168
1615 2476
1964 2181
1615 1929
2181 2527
418 1615
2181 4536
1615 2876
6 2181
1615 4188
1203 2181
1615 2978
2181 2278
1615 3589
2181 4680
1615 2174
2181 2381
871 1615
413 2181
1615 3053
2181 3769
1615 4418
2181 2940
1615 2233
2181 4739
315 1615
2181 3225
883 1615
1585 2181
1615 2616
2181 4370
1615 4336
2181 3019
1615 3230
2181 3066
1380 1615
2181 3511
450 1615
2181 4034
1615 2955
2181 2217
1615 4018
2181 3040
275 1615
949 2181
875 1615
2181 2568
1001 1615
1317 2181
1615 3788
2181 4235
1615 2022
1432 2181
1615 3448
586 2181
1143 1615
1721 2181
1615 4965
2181 2717
1615 2802
180 2181
1313 1615
2181 3696
1615 4163
473 2181
1615 2029
2181 2615
1615 2004
1767 2181
1615 3375
1683 2181
1615 3119
718 2181
1615 3563
590 2181
1615 2180
2181 3033
1615 3684
1998 2181
1362 1615
2181 2287
1615 4312
2181 2263
1615 2583
2181 3953
1615 1626
1022 2181
950 1615
2181 2889
1615 2271
2181 3758
1615 2285
2181 3917
1615 4043
2181 4299
190 1615
2181 3049
1615 2046
2181 2388
1615 1843
60 2181
1615 3478
2181 2517
1615 2559
2181 4649
1615 3103
2181 3806
1615 3232
1397 2181
1615 4882
2181 4817
913 1615
2181 3016
446 1615
1999 2181
332 1615
1153 2181
1615 2919
2181 3371
1518 1615
1263 2181
1615 4232
544 2181
1615 4334
817 2181
1615 4244
2181 3688
1615 4821
2181 3431
795 1615
383 2181
1615 3340
2181 4352
392 1615
2181 4852
1615 3604
2181 4388
1615 4647
2181 3685
1615 3420
1923 2181
1615 3456
2181 3331
1615 4042
2181 3529
1615 3303
2181 3752
1559 1615
2181 3433
1615 1718
2181 4506
477 1615
2181 2420
766 1615
1940 2181
1193 1615
995 2181
1615 3139
2181 4819
1615 2935
2181 4109
1615 4175
849 2181
1615 3043
683 2181
1510 1615
601 2181
1615 3879
2161 2181
1615 4264
2176 2181
1217 1615
679 2181
1549 1615
2107 2181
1615 4945
189 2181
1615 2950
2181 3537
1615 2258
2181 2867
1615 2346
886 2181
1615 3514
2181 2899
1615 3366
1402 2181
1615 4733
2061 2181
1615 4003
1131 2181
1615 4844
264 2181
1615 4772
2181 4165
1385 1615
2181 2506
1615 3145
2181 3550
1615 3963
2181 4046
1615 4315
2181 2449
1615 3736
1639 2181
1615 4226
1444 2181
671 1615
2181 2724
1615 1694
2181 3541
1198 1615
1830 2181
258 1615
2181 2243
1615 2247
2181 4425
1615 4263
1069 2181
397 1615
1110 2181
1615 4229
2181 2692
1615 1994
1250 2181
118 1615
1290 2181
1615 3392
2181 3058
1615 2784
2181 2695
1274 1615
2181 2799
1615 3224
2181 2920
1398 1615
2181 2796
819 1615
1277 2181
36 1615
1895 2181
1257 1615
2181 4115
764 1615
1542 2181
1615 4893
2181 2313
1615 3801
664 2181
1615 2535
2181 3998
1502 1615
2181 3306
145 1615
2181 2209
1615 3825
1897 2181
1615 2411
1715 2181
649 1615
2181 4646
636 1615
344 2181
286 1615
2181 4555
141 1615
2181 2693
27 1615
1945 2181
749 1615
2181 2606
1481 1615
2181 4870
1615 2829
2181 2953
1615 4152
574 2181
1615 4451
2181 3636
437 1615
542 2181
1615 3204
2181 3846
1173 1615
713 2181
1615 3457
1238 2181
1615 1844
2181 2806
1615 3525
2181 4993
1615 4784
569 2181
1615 2742
2181 4933
1615 3410
1946 2181
1615 3561
2181 3792
729 1615
2181 4514
124 1615
2181 4071
381 1615
2181 4901
1615 3325
1074 2181
1615 3992
2069 2181
1615 3081
1574 2181
758 1615
651 2181
966 1615
2181 2850
368 1615
2181 2269
1455 1615
1089 2181
1334 1615
493 2181
1615 4952
1678 2181
965 1615
335 2181
1615 4928
252 2181
266 1615
2181 3697
1615 4743
2181 2548
1615 3974
2181 3322
1615 3181
2181 2832
1615 2306
1753 2181
1615 1790
859 2181
442 1615
2181 4303
1615 4214
1162 2181
331 1615
166 2181
254 1615
2010 2181
1615 2391
2181 3319
750 1615
2181 3893
1123 1615
1761 2181
1615 4700
2181 4682
1615 3524
2181 2785
336 1615
1240 2181
1356 1615
2181 2888
1615 3648
572 2181
1615 1679
1204 2181
1506 1615
2181 3108
1615 2925
2181 3218
1615 2667
341 2181
1615 1841
2181 2314
1615 1988
2181 3301
1499 1615
2181 3536
1615 3664
2181 4809
1615 4424
1080 2181
198 1615
2181 4219
1375 1615
2181 4041
1535 1615
2181 2686
1615 2303
2181 4610
1615 4380
2181 2589
1615 3847
2181 3437
1054 1615
2181 3517
1615 4193
2181 4228
1615 3266
1810 2181
1615 2773
2181 2739
1615 1904
2181 4982
1615 3703
2181 2870
603 1615
2181 2206
1615 4642
1932 2181
1615 2538
1183 2181
406 1615
2181 3822
1615 2654
2094 2181
1615 3057
893 2181
1615 3577
2032 2181
1615 4095
589 2181
1615 2857
2181 2904
1615 2361
2181 4343
1615 3854
2181 4050
1615 4768
1743 2181
1546 1615
1223 2181
1615 2647
2181 4920
1615 4580
419 2181
1615 4419
2181 4283
1615 3523
2181 3438
1615 4717
226 2181
1007 1615
984 2181
1615 2182
2181 2942
1615 3581
42 2181
700 1615
1583 2181
1615 4023
2181 2460
1615 1885
2181 3999
1615 2488
1934 2181
1615 2629
364 2181
1615 4500
2181 2353
1371 1615
2181 4477
1465 1615
2181 4086
349 1615
232 2181
1615 2210
2181 2951
1615 4597
2181 3485
1615 3114
1439 2181
1615 3123
2181 3449
1373 1615
2181 3868
1615 1944
610 2181
1615 2145
1632 2181
1615 4897
1635 2181
792 1615
2181 3341
1615 1617
2181 3203
1615 1887
2181 3680
1615 1661
2181 3046
1615 3247
2181 3288
1615 2513
2181 4497
1094 1615
2083 2181
1086 1615
2181 2834
768 1615
2181 2293
1615 4328
2181 3025
1615 3686
2181 4791
1615 4454
724 2181
1379 1615
1785 2181
1615 4327
2181 2898
1565 1615
2181 2964
1615 2060
2181 4540
347 1615
2181 2528
497 1615
1620 2181
1615 1748
2181 2250
1615 4796
2181 2461
1615 4769
311 2181
1615 4450
2181 3264
1615 2432
594 2181
1615 4519
1219 2181
178 1615
1271 2181
1098 1615
606 2181
1615 2844
1735 2181
1615 2363
2181 4220
787 1615
2181 2790
1615 2651
2156 2181
1615 3556
2181 2893
1615 4916
2181 2296
1615 3558
2181 3805
1615 1902
2181 4620
375 1615
2181 3330
1615 3111
354 2181
1442 1615
2181 2689
1615 3467
2181 4505
1615 4804
2181 2497
1615 3252
2181 2707
1615 2865
874 2181
1615 3721
731 2181
1615 2354
2181 3180
1615 3364
2181 4292
1615 2599
954 2181
1615 4707
1933 2181
401 1615
587 2181
1615 2426
2181 2521
605 1615
2181 3074
1615 3942
2181 2820
1615 2694
2181 2600
1615 3733
2181 4295
1615 3398
2181 2512
1615 4068
2181 3073
1615 4400
1860 2181
1221 1615
1113 2181
1615 2042
2181 2924
1615 2481
2181 2882
1615 1906
2181 4725
600 1615
432 2181
1615 4320
2181 2937
1615 3039
839 2181
1615 2737
2181 4200
1615 2072
843 2181
1615 4594
1642 2181
1615 2242
2181 4746
1615 4888
1879 2181
1615 2464
2008 2181
804 1615
121 2181
199 1615
123 2181
521 1615
278 2181
1523 1615
2181 4333
549 1615
1637 2181
1615 1930
2181 4956
1615 4489
2181 2554
1296 1615
2181 4932
1615 2833
81 2181
1615 4006
2181 2963
1615 1896
2181 3223
1615 3985
2025 2181
1615 1943
2181 3196
1615 3157
2181 3821
765 1615
2181 2697
1615 4609
2181 3115
1075 1615
2181 2421
1615 1771
862 2181
1615 2885
775 2181
710 1615
69 2181
1615 1805
2181 4515
280 1615
2181 3533
1615 3595
2181 4764
1303 1615
2181 3925
1615 3138
1938 2181
1615 1924
2181 4881
75 1615
2181 2397
1615 3614
2181 3284
1615 4178
1701 2181
1615 2349
833 2181
1615 1821
1395 2181
1615 2841
2181 2740
1615 2340
1526 2181
1615 1828
71 2181
1264 1615
2181 4648
355 1615
2181 4026
1615 3682
2181 4290
1615 3030
1046 2181
1140 1615
99 2181
1322 1615
2181 4726
32 1615
2181 3349
1615 4864
2181 4812
1615 2316
1876 2181
1615 1658
2181 3092
1353 1615
513 2181
1615 1890
1866 2181
617 1615
2181 3730
1615 2792
2181 3741
1615 1649
1598 2181
312 1615
2181 4919
977 1615
1992 2181
1615 3308
2181 4391
703 1615
2181 2378
1615 2434
2181 4185
1615 1935
2181 3028
1615 4113
2181 3064
1615 3222
1422 2181
1615 1644
2181 2227
1615 2374
2181 3971
1615 3630
2181 4249
203 1615
2181 4937
1615 3728
1358 2181
1615 2874
4 2181
1374 1615
1393 2181
1615 2103
2181 3914
1615 2294
2181 4891
1615 2980
56 2181
1615 3988
2181 2572
164 1615
2181 2818
1615 4741
376 2181
1522 1615
1931 2181
639 1615
2181 2445
1615 2121
2181 3474
1615 3305
10 2181
139 1615
1584 2181
799 1615
2181 2252
1615 2318
2181 2509
1615 3594
2181 4668
1615 2747
2181 4688
11 1615
2181 3715
28 1615
2181 4794
14 1615
2181 2259
1615 2620
2181 3977
453 1615
608 2181
1615 3610
1936 2181
1615 2930
2181 2454
1615 4613
2181 4099
1615 3947
2173 2181
1615 3593
1616 2181
1615 3463
2181 4054
1615 2966
1954 2181
1615 4024
474 2181
908 1615
2181 4990
1615 1884
1814 2181
821 1615
1336 2181
611 1615
2181 2437
1615 4037
1558 2181
1615 2603
2181 3027
1615 4162
1070 2181
1615 4059
2181 2272
79 1615
903 2181
1615 4660
1152 2181
1615 2295
501 2181
1615 4889
626 2181
1136 1615
1663 2181
1615 1633
2181 3184
1615 4566
892 2181
907 1615
2181 3298
103 1615
2181 3918
824 1615
389 2181
345 1615
2181 4111
1615 4955
67 2181
1615 4323
2181 3856
1239 1615
918 2181
1615 4103
2146 2181
1615 3249
2181 4941
1615 4278
152 2181
1615 2823
2181 4521
1615 2855
2181 3031
1615 4766
578 2181
1615 2938
797 2181
1615 2848
2181 3122
1615 2984
2181 4275
1615 2215
2181 3714
1615 4963
30 2181
1615 4155
2181 2267
1615 4171
2181 3159
1187 1615
2181 4960
295 1615
563 2181
1561 1615
2181 4755
1615 3251
1338 2181
1255 1615
2181 3781
1615 3528
2181 2681
245 1615
2181 4935
1615 2438
2181 3975
1615 3707
2181 3804
1615 3460
2181 2639
1615 3174
2181 4307
1615 3626
1425 2181
1615 3279
2181 3674
1607 1615
884 2181
87 1615
937 2181
791 1615
2181 3465
1615 2923
187 2181
1615 3572
2181 2482
1615 4282
357 2181
1615 3659
2181 4583
1615 3459
1985 2181
1615 2254
2181 4625
1615 2113
2181 3165
1615 3207
2181 2394
1615 3363
1254 2181
1615 4946
2181 2188
173 1615
2181 3909
19 1615
641 2181
689 1615
2068 2181
1615 2777
2181 2877
1615 3827
2181 4708
771 1615
2181 4786
1615 2118
362 2181
1189 1615
2181 2826
1615 4802
2181 2656
1615 3820
2181 3281
1112 1615
553 2181
888 1615
2181 2565
1615 3332
2181 2972
814 1615
433 2181
1615 3278
1100 2181
939 1615
2181 2365
1615 3890
2181 3158
1511 1615
832 2181
825 1615
2181 2872
1615 3670
1328 2181
1615 3408
2181 3711
1615 3997
2181 3700
393 1615
2181 3454
1615 4909
2181 3021
1281 1615
2181 3729
1615 3416
2181 4877
281 1615
976 2181
1615 4203
1863 2181
1615 3491
2181 4335
169 1615
2181 2596
1615 2503
2181 3850
1615 2014
781 2181
1615 3905
2181 3149
1615 4287
1720 2181
1615 1759
306 2181
1615 2905
2166 2181
1615 4423
568 2181
285 1615
2181 2922
1615 3394
1012 2181
1615 2494
1872 2181
1615 1807
2181 4210
65 1615
1340 2181
1615 3844
2181 3855
1615 2581
1727 2181
1615 4191
2181 2800
1615 2412
2181 2730
1615 2607
1908 2181
1615 2766
249 2181
1615 1842
24 2181
235 1615
1882 2181
94 1615
86 2181
1289 1615
2181 2358
1615 4573
2181 3484
1615 4988
2181 4532
1524 1615
2181 3272
1615 2144
2181 4074
1615 1774
2181 3202
191 1615
2181 4091
1615 3000
2023 2181
90 1615
1138 2181
1615 4622
72 2181
1615 1911
2181 4354
1615 4474
2181 3378
1615 3530
2181 3239
1615 4770
2181 3662
1615 3353
2181 3632
717 1615
2167 2181
1128 1615
1673 2181
1615 2640
29 2181
1615 3552
1464 2181
1615 1645
1756 2181
1615 1695
2181 3220
1615 4516
2181 3397
1615 1834
1716 2181
1615 2028
1409 2181
1615 4721
161 2181
1335 1615
2171 2181
1615 3723
2181 4528
891 1615
2181 4575
1615 4462
548 2181
735 1615
936 2181
1615 1864
1619 2181
1451 1615
2181 3757
1615 2007
1351 2181
1615 2462
2181 3838
1615 4853
2181 2359
1615 2971
1514 2181
1615 2566
2011 2181
887 1615
1394 2181
1615 3753
2181 2907
1615 4284
303 2181
837 1615
2181 4189
316 1615
1025 2181
1450 1615
167 2181
101 1615
1186 2181
1615 4598
2181 2608
1615 1768
2181 4116
1615 4479
2181 3130
1615 4304
2181 2998
1615 2198
1440 2181
1615 2307
2181 3323
1615 2579
2181 3727
476 1615
2181 2641
1615 3983
2181 3289
91 1615
1196 2181
1615 2136
2181 3869
1302 1615
2181 2822
1615 2341
298 2181
1615 3069
2181 2331
1615 3050
2181 4559
1615 4775
2181 3734
1049 1615
2181 3385
333 1615
2181 3787
1615 4628
2181 2202
1615 4389
2181 3333
1615 2350
2181 3167
1513 1615
2181 3645
1615 4906
1851 2181
1615 2344
2181 2469
301 1615
585 2181
1615 1949
2181 2213
1615 4633
2181 2301
1615 3473
2181 4724
967 1615
13 2181
1615 2602
1962 2181
297 1615
2181 4036
1615 4865
2051 2181
1615 3208
2181 4813
1615 2762
1431 2181
268 1615
1120 2181
1615 3959
2181 3267
1615 3932
1979 2181
1615 4701
2181 2203
1615 2936
2181 4720
1615 2056
2181 4681
743 1615
2181 4890
457 1615
2181 3022
526 1615
1501 2181
761 1615
2181 4265
1615 3182
305 2181
134 1615
270 2181
1615 2280
1706 2181
1615 1627
623 2181
1484 1615
2095 2181
1390 1615
2181 4357
1227 1615
2181 2302
769 1615
2181 4012
273 1615
1789 2181
808 1615
159 2181
1615 3644
1628 2181
1615 3358
2181 4554
1615 3996
2181 4778
1615 3739
2181 2345
1615 2827
1773 2181
906 1615
1978 2181
1615 2112
2141 2181
1615 3356
1630 2181
1615 2648
2181 4623
1615 3312
57 2181
1615 1792
2181 4057
1615 4834
2181 4431
1615 4958
108 2181
657 1615
1869 2181
1615 4761
618 2181
1615 3280
2181 3929
1615 2417
1032 2181
1615 2710
2030 2181
1615 1714
551 2181
1615 2803
31 2181
1615 3812
2181 3615
1615 3041
1989 2181
829 1615
1751 2181
1615 3574
1468 2181
1023 1615
1412 2181
826 1615
1472 2181
1615 3445
2181 4730
1615 4529
2062 2181
1615 2909
1363 2181
755 1615
905 2181
1615 4706
2181 3698
1615 4361
1915 2181
1615 4639
206 2181
1615 2204
677 2181
1615 4446
2181 4873
1615 4603
2181 4533
1119 1615
2181 2183
631 1615
449 2181
1615 1754
2181 3619
1615 4440
524 2181
1615 3402
2120 2181
1615 3212
2181 3406
1615 4376
2181 4076
1615 4345
2181 2573
1615 4938
2181 4785
1615 3369
2181 2962
1614 1615
1036 2181
1615 3096
2181 4777
1615 2637
372 2181
1615 3920
2181 3391
1615 3874
120 2181
1615 3120
2181 4381
1615 1972
2181 2726
482 1615
545 2181
1615 4966
2181 3678
1615 3405
2181 3768
1615 2772
2181 2220
1615 2532
2181 3751
1615 4302
2181 4160
1615 3011
2181 4028
1615 2788
2181 2501
2 1615
2181 3012
1615 4272
2181 3910
388 1615
2181 4470
105 1615
2181 4542
1615 4098
945 2181
1201 1615
2181 4484
386 1615
2181 3706
1569 1615
2181 2473
1615 3746
577 2181
1615 4827
2181 3035
1615 3329
2181 4164
726 1615
2181 2779
727 1615
2181 4635
1615 1952
1660 2181
1615 2682
583 2181
1310 1615
1052 2181
1615 4561
2181 4808
1615 3443
2181 2567
1615 2621
529 2181
1615 1738
2181 2308
1615 2586
2181 3655
370 1615
130 2181
1615 3193
2181 4038
436 1615
2181 4567
1615 1937
2181 2671
1615 3059
2181 4413
1615 4643
1176 2181
1615 3720
2181 3084
1615 4169
2181 3765
358 1615
895 2181
1615 4663
2181 3982
267 1615
2181 4759
1615 3562
1211 2181
1615 2477
2181 3187
1615 4685
2181 4994
715 1615
2181 3432
1615 4638
2181 2990
1615 3796
1647 2181
1615 3065
2181 3243
1615 3708
2181 3014
1078 1615
946 2181
1615 2241
2181 4795
902 1615
2181 3505
779 1615
1000 2181
1615 2863
1713 2181
1615 3075
2181 3761
461 1615
490 2181
174 1615
2181 2701
1615 2435
1846 2181
1615 4143
2181 2916
1615 3598
2181 3450
1615 1702
570 2181
1615 4198
2181 2643
1615 4902
972 2181
669 1615
2181 2281
1615 3695
2181 4835
1168 1615
2181 2232
1615 4922
2181 2705
1615 4581
2181 4863
1615 4150
2181 4499
1615 2944
1517 2181
1615 4308
971 2181
1615 4488
2181 3607
1615 3169
2181 2348
1615 1874
1083 2181
440 1615
1676 2181
922 1615
2181 4215
1615 4634
1081 2181
1615 4285
85 2181
1615 4309
1538 2181
1615 3428
2071 2181
1615 2114
2181 3004
1430 1615
1312 2181
534 1615
2181 2883
1615 4274
2003 2181
1615 3275
2181 3229
1615 4614
2181 2416
1615 4267
1857 2181
1615 3468
1076 2181
1615 4910
2181 2574
1615 3480
1976 2181
1615 2239
2181 4595
1615 4833
116 2181
1615 1652
2181 2781
642 1615
2181 4811
1615 4230
135 2181
1615 3088
2181 3163
1180 1615
2181 3681
1615 3756
2181 3677
1615 2380
2181 4605
26 1615
1245 2181
1615 3453
2181 3086
1615 3922
1273 2181
50 1615
702 2181
1615 1722
2181 4243
214 1615
2181 4240
1615 2393
2181 4818
1615 4221
51 2181
1615 3442
2181 4658
1615 2364
387 2181
1615 2386
2181 4184
140 1615
2181 3472
1615 2634
2181 2444
1246 1615
1407 2181
1453 1615
1997 2181
1615 1901
2181 4862
1615 4225
2181 3878
1615 4569
2181 2562
1615 2545
2181 3742
1615 4195
2181 4061
1615 3297
2181 2812
1615 3851
2181 3419
1615 4917
2181 3316
1615 2529
2181 4531
1615 4259
2181 3546
1615 1827
2181 3690
1121 1615
881 2181
1006 1615
216 2181
1067 1615
1581 2181
1066 1615
2181 4815
1615 2684
2181 4483
696 1615
218 2181
1615 2430
2181 4140
987 1615
291 2181
443 1615
2181 3506
655 1615
228 2181
1615 2843
1533 2181
1615 2452
2181 3660
1615 4868
2181 4129
1615 3219
1803 2181
1615 3571
757 2181
681 1615
2181 3665
1030 1615
2181 3260
1615 3261
1737 2181
1615 2063
351 2181
1615 2465
1042 2181
1615 1788
2181 2470
1615 2657
550 2181
1615 3663
2181 2291
1615 4247
96 2181
78 1615
2181 3814
1615 1995
1114 2181
1615 2169
573 2181
1615 1819
2181 2819
1615 4959
762 2181
1615 4453
1833 2181
1615 4473
438 2181
288 1615
940 2181
1615 4534
2181 2407
1615 3759
506 2181
54 1615
2181 2475
494 1615
1059 2181
1615 2622
2181 3287
1615 1950
1500 2181
1615 4987
2053 2181
1615 3716
1704 2181
1615 2324
2181 2277
1615 2702
329 2181
1466 1615
2181 2628
18 1615
1551 2181
1615 4557
2181 2270
1339 1615
609 2181
1545 1615
2181 2633
1615 2228
407 2181
356 1615
559 2181
960 1615
1109 2181
1615 2745
2181 4161
575 1615
2181 3109
1615 2137
447 2181
695 1615
251 2181
1615 3235
1521 2181
1615 2957
2181 2590
272 1615
2181 2410
1615 3771
2181 2733
1615 4351
709 2181
1615 4402
1849 2181
1615 3780
371 2181
562 1615
2181 4604
1615 2249
2181 3591
1615 4298
571 2181
1124 1615
1493 2181
1615 3888
2181 4659
1615 4631
1947 2181
1300 1615
1149 2181
98 1615
2017 2181
1615 2685
2181 3374
1615 3882
2181 3195
1615 4324
2181 4713
1615 2389
2181 2794
58 1615
2181 3233
1615 3705
2181 4895
662 1615
2181 2387
1276 1615
2181 3724
1615 3580
1352 2181
1615 1888
2181 2487
1615 2738
1479 2181
514 1615
2181 2436
1615 4961
673 2181
479 1615
2181 2688
1615 1640
2181 2630
1615 4277
2181 3271
1079 1615
901 2181
259 1615
1504 2181
1615 4611
2181 2328
1040 1615
2181 4621
1615 3430
599 2181
823 1615
2181 2286
1615 4316
2181 4814
1615 2489
1249 2181
1615 3192
2181 2609
741 1615
2181 3477
1615 2024
2181 2230
1615 3588
2181 3864
1615 3486
1463 2181
1332 1615
2181 2759
1615 4049
2181 3689
1615 3819
830 2181
1615 2064
2181 3811
1190 1615
1918 2181
1615 4662
1266 2181
1615 1984
2181 2754
1615 2240
2181 3601
1615 4558
1478 2181
1615 2617
2181 4231
1615 1664
2181 2564
1615 2472
2181 4080
1270 1615
2181 2649
1615 3107
1282 2181
175 1615
2181 4601
1615 1959
2020 2181
146 1615
1982 2181
1615 3841
2181 4397
1615 2355
2181 3877
1615 3633
468 2181
1195 1615
2181 4187
1615 3079
1948 2181
1615 3701
2181 4765
1539 1615
2181 2859
1615 2356
2181 3578
1615 4399
1728 2181
510 1615
2181 4929
1615 4079
319 2181
1615 4892
1691 2181
156 1615
1685 2181
1615 2065
2181 4501
986 1615
2181 4787
52 1615
2181 3952
1615 2496
2181 2828
1615 2507
2181 4008
1615 2999
2035 2181
1615 2105
2181 2914
1615 4858
2181 2504
1615 4535
1769 2181
1615 2758
2181 4394
1615 2683
2181 3611
1615 2526
2181 4905
1615 4355
2181 3324
193 1615
2181 3338
1615 2422
2181 2782
1016 1615
2181 2370
1615 2401
1471 2181
1615 4589
194 2181
1615 1725
80 2181
1615 3853
2181 3919
1615 2519
467 2181
1615 4199
2181 3388
1615 2234
2181 2635
1615 4088
716 2181
1566 1615
2181 3967
1615 4464
1013 2181
428 1615
2181 2783
1615 2129
2181 4395
77 1615
1082 2181
1615 3227
2181 2382
1615 3704
961 2181
1615 1927
1667 2181
1552 1615
2181 2299
910 1615
2092 2181
1615 2605
2181 3687
1615 2900
2181 3646
1615 3553
1456 2181
1615 3427
1797 2181
1615 4693
2181 2555
803 1615
1244 2181
84 1615
2181 2283
1615 4183
224 2181
1615 3993
1955 2181
35 1615
129 2181
1615 4457
1372 2181
208 1615
2181 3767
183 1615
2181 3421
1615 3144
2181 2418
1615 3744
1072 2181
1615 2009
1919 2181
1435 1615
509 2181
151 1615
2181 3029
1615 1900
394 2181
1590 1615
860 2181
1615 1669
8 2181
1615 4591
2181 4156
1615 2926
1060 2181
1392 1615
2181 3350
1591 1615
2181 4168
1615 4040
1292 2181
1615 1687
223 2181
1615 3380
2181 3722
1615 3862
2181 2625
68 1615
366 2181
836 1615
2181 4015
1615 3244
2181 4767
1615 4924
2181 2970
1047 1615
2181 3631
327 1615
2181 2845
844 1615
2181 3116
1615 2722
2181 4596
1615 4347
2181 3921
1361 1615
2181 3808
1615 4108
2181 4468
1615 4387
1786 2181
1615 4742
2181 3496
182 1615
2181 3469
1597 1615
2181 2830
1615 2585
2181 3710
690 1615
916 2181
1615 1878
2181 4866
1615 4441
424 2181
1235 1615
1341 2181
1615 4119
2181 4826
1615 3317
2181 3766
1615 4530
748 2181
1615 3950
2181 3286
1615 3658
2181 2708
1615 1657
279 2181
1115 1615
2181 2534
1615 2116
847 2181
176 1615
2181 2610
1615 4671
2181 2577
1615 2223
2181 2896
1615 2913
566 2181
785 1615
310 2181
1615 2376
2181 3189
1615 2300
2181 2495
1615 3515
2181 3570
721 1615
2181 3141
1615 2257
2054 2181
752 1615
1092 2181
1209 1615
1218 2181
1615 4918
2181 4280
1469 1615
1241 2181
1498 1615
1696 2181
774 1615
2181 4157
1615 2791
2084 2181
1615 3413
73 2181
1615 2752
2181 4950
515 1615
2181 2191
1615 4104
1377 2181
3 1615
2181 3151
1615 4771
2181 3258
7 1615
2181 4293
1615 4330
2181 4947
1615 3813
2181 3137
1615 2201
2181 3008
615 1615
904 2181
1345 1615
2181 4773
1319 1615
2181 2988
240 1615
2181 4337
192 1615
25 2181
516 1615
2181 4816
95 1615
2181 2875
1615 2894
633 2181
1615 3488
2181 3933
592 1615
2181 2678
853 1615
1301 2181
1615 4147
502 2181
1615 2427
2181 4256
1615 3926
816 2181
486 1615
2181 4654
1615 4710
2181 4310
1615 2662
220 2181
1615 2175
1963 2181
1615 4627
1505 2181
1615 2569
113 2181
1615 4201
454 2181
1615 3849
117 2181
1615 4207
2181 4329
1615 3191
2037 2181
1615 2601
2181 3032
459 1615
2181 4563
425 1615
2181 2195
1010 1615
2181 2821
1615 3257
1700 2181
1615 3548
2181 4493
1615 1662
1750 2181
1615 4126
661 2181
1615 2262
299 2181
1615 4797
2181 4800
1615 3931
1330 2181
1615 3013
602 2181
953 1615
2181 4456
1615 4491
2181 4326
998 1615
2181 2192
1615 4374
1427 2181
806 1615
2181 2351
1615 3968
233 2181
1615 4923
2181 4744
1615 2699
2181 3823
1615 1793
2181 2479
1194 1615
2181 3262
1615 4504
2044 2181
943 1615
38 2181
1298 1615
2181 4861
1615 2219
788 2181
1615 1674
2181 4979
1615 4407
2181 3376
1615 3637
2181 3629
1497 1615
2181 2480
1247 1615
2181 2749
1615 3606
1712 2181
1615 1836
2181 4291
1615 4650
2181 2371
1615 2650
1579 2181
873 1615
2001 2181
1615 2274
2181 4538
1615 3860
2181 3616
1615 4112
2181 2917
1615 4981
2181 2729
1615 4974
2181 4962
1615 3786
676 2181
1615 1928
2181 2453
1516 1615
2181 2748
1615 4390
2181 3343
1615 2440
2181 3773
1615 3934
973 2181
1055 1615
2085 2181
1615 3775
2181 4683
1615 3949
2181 4279
1615 3352
919 2181
1615 2130
2181 3104
656 1615
2181 2992
247 1615
2181 2224
1615 1747
1216 2181
1615 4523
2181 2901
1615 3240
1550 2181
1615 2443
2181 3154
1615 3609
1886 2181
1615 4102
2181 3100
889 1615
2181 2310
365 1615
2181 3731
1615 4383
2181 3037
1615 3291
377 2181
1615 2765
2181 3892
1602 1615
1132 2181
842 1615
1457 2181
1615 3800
866 2181
612 1615
2181 4874
1615 2261
2181 2549
1615 1656
2181 3451
1556 1615
1823 2181
1615 3321
2181 3124
1231 1615
2040 2181
634 1615
49 2181
1024 1615
1480 2181
1063 1615
2181 2433
1615 3519
1487 2181
1615 2652
300 2181
1615 2890
2181 4082
1615 4737
2181 4093
1615 3842
963 2181
1615 4100
2181 2757
1615 2655
2181 4364
1615 3026
1717 2181
1051 1615
2181 4458
1615 2021
1424 2181
1615 4507
1447 2181
1615 2284
1899 2181
1615 4179
2181 4537
1615 1629
2181 4968
1615 4396
2181 4652
624 1615
1548 2181
1615 2251
2181 2864
1615 2212
61 2181
15 1615
2181 3876
974 1615
2181 4301
1615 3483
2181 3140
1615 3129
2181 4271
878 1615
2181 3409
1615 2067
2181 2319
1615 3532
576 2181
1615 3099
1692 2181
1615 2672
1847 2181
1359 1615
1158 2181
1615 2594
2181 3458
1615 2279
2181 3732
1615 3551
2181 4747
1615 4842
1426 2181
532 1615
422 2181
1615 1681
1020 2181
1615 3866
2181 4986
924 1615
2181 3907
1615 2133
648 2181
115 1615
2149 2181
1615 2390
2181 4847
1615 4805
2181 4975
1028 1615
1283 2181
1615 2969
2181 4196
1387 1615
2181 4005
1615 3973
2181 4838
1615 1623
2181 2282
1615 3179
2181 4692
1615 3970
2181 4632
1615 3070
76 2181
157 1615
2181 4378
1495 1615
2181 4145
1615 4524
588 2181
1615 3497
2181 2860
1615 4069
1102 2181
1615 3654
2181 3902
828 1615
2181 3241
1615 2055
981 2181
1615 1783
1142 2181
1615 2343
2181 3840
1615 4841
2181 4781
1615 3097
2181 3946
1615 2597
2181 4031
1615 2551
2181 4142
1615 1894
2050 2181
638 1615
688 2181
1615 4612
2181 4467
1615 3940
1853 2181
1615 4190
2181 2626
1615 4313
938 2181
604 1615
1572 2181
1615 3549
2181 3205
841 1615
2181 4636
1615 1971
2181 4356
1615 2560
1741 2181
1615 2703
2181 4090
1615 2372
1163 2181
1307 1615
2181 2320
1615 4940
1871 2181
852 1615
150 2181
1615 3861
2181 4314
1615 2895
935 2181
496 1615
2181 2687
209 1615
723 2181
1615 4550
2181 2778
1615 3826
2181 3891
1615 2413
2181 3503
207 1615
1130 2181
1031 1615
1580 2181
894 1615
507 2181
1615 3007
2101 2181
1615 3112
982 2181
1615 3881
2181 4665
1615 4349
2181 2810
1615 4087
970 2181
1615 3725
2181 4590
1615 4476
2181 4366
740 1615
1155 2181
1615 4976
2181 4900
1615 1837
2181 4615
1615 4170
416 2181
896 1615
2181 3276
1615 4052
2181 4202
1615 2127
2181 4227
790 1615
1029 2181
1615 4233
2181 4556
1615 3816
2181 4651
1615 2723
2181 2721
1615 4564
1347 2181
1615 4840
348 2181
1008 1615
2181 4385
1615 2425
2181 2451
1065 1615
2181 2786
1615 2675
2181 3493
1037 1615
294 2181
1615 2751
2181 4926
1311 1615
2181 4065
1309 1615
2181 2668
1434 1615
2181 3150
1615 4398
188 2181
1615 1983
2181 3513
229 1615
2181 3304
1615 2362
2000 2181
1035 1615
2181 3668
1615 3745
162 2181
1615 2367
1703 2181
1615 3605
2181 4449
423 1615
43 2181
931 1615
2181 4137
1615 2077
1494 2181
1615 2540
921 2181
1615 2588
719 2181
1615 4066
2181 4572
1228 1615
1327 2181
1615 2561
2181 3062
1615 3672
2181 3023
1615 2531
759 2181
1039 1615
2181 2245
131 1615
558 2181
1258 1615
380 2181
1615 2985
2181 2193
172 1615
2181 4948
1615 2973
1770 2181
535 1615
512 2181
463 1615
2181 4338
1615 4262
2181 4509
1615 4094
2181 3094
1615 3735
2013 2181
325 1615
628 2181
1615 3649
1777 2181
373 1615
246 2181
1615 2856
171 2181
1305 1615
2181 4687
607 1615
2181 4914
1600 1615
802 2181
1615 2483
1840 2181
1615 2511
2181 4934
1269 1615
2005 2181
1017 1615
1736 2181
1291 1615
2181 3871
1364 1615
1200 2181
1615 4105
2181 4123
1615 2761
1207 2181
1615 3542
2181 4875
1615 3772
155 2181
685 1615
2181 3642
1615 3743
471 2181
1615 3259
2181 3162
1615 3634
2181 4545
1280 1615
2181 4517
1615 2414
1256 2181
1615 2593
2181 3582
1615 1697
1482 2181
1615 1739
2181 4318
1615 2866
2181 4588
1615 3077
1648 2181
983 1615
2181 4197
1349 1615
2181 2471
1615 2474
2181 4204
1615 1705
2181 2273
1615 4602
2181 3339
1615 3883
650 2181
1615 3009
2181 4885
1540 1615
2181 3538
1615 2027
1686 2181
1615 2771
455 2181
1615 1624
2181 2248
22 1615
2181 3020
1615 3599
93 2181
1615 3034
2181 3521
1615 4798
2181 2906
1104 1615
1251 2181
1615 3906
1848 2181
644 1615
1608 2181
1166 1615
2181 3036
1085 1615
2181 4448
1376 1615
2181 3277
138 1615
2181 3452
1615 4548
2181 4587
885 1615
2181 3954
1615 4319
2181 3540
1615 3347
2181 3833
328 1615
2045 2181
1615 3342
2181 2884
1615 1996
1912 2181
1615 4077
2181 2288
334 1615
2181 2720
1615 4690
2181 2207
1615 4568
2181 4792
1615 3620
402 2181
1615 3557
854 2181
1615 1726
2034 2181
996 1615
63 2181
1615 3675
2181 4513
1615 2080
2126 2181
1615 3986
1991 2181
1278 1615
2181 4255
1615 4593
2181 2563
1615 4167
307 2181
398 1615
2181 2669
1615 3510
200 2181
1615 3146
12 2181
678 1615
2181 2598
1615 2236
2181 4073
1615 3042
2181 4486
1525 1615
2181 4174
1615 4678
2181 3884
1615 4734
2181 2312
1615 2670
293 2181
1615 4903
441 2181
1615 1865
2181 2611
1615 4512
282 2181
1615 3972
1690 2181
1615 3434
663 2181
1615 4574
1182 2181
339 1615
1910 2181
1615 4878
1343 2181
1615 4083
314 2181
1224 1615
2181 3830
932 1615
1798 2181
1615 2484
539 2181
1615 3585
2181 3872
1615 2038
2181 4728
1615 2709
2181 2814
975 1615
2181 4607
261 1615
2181 4645
1615 3961
2181 2399
1615 2958
2181 3837
872 1615
2181 4212
1615 2798
363 2181
1615 2315
2164 2181
1615 2861
55 2181
1615 2459
1547 2181
1615 3554
531 2181
177 1615
1004 2181
1615 3010
557 2181
211 1615
2181 3785
1099 1615
2181 2502
1421 1615
82 2181
915 1615
2181 4855
798 1615
567 2181
1615 2486
2181 2732
1615 4996
2181 4820
900 1615
2181 2961
1615 4776
2139 2181
1615 2298
1734 2181
1615 2135
2181 3335
1615 2087
1791 2181
1615 3128
2181 3613
271 1615
2181 2941
1615 2150
2181 4158
1615 3683
20 2181
1615 2406
2181 3237
1044 1615
2181 4949
62 1615
2181 3379
1615 4544
2181 4435
1555 1615
2181 4624
672 1615
942 2181
1615 2515
784 2181
350 1615
2181 3895
1615 3198
2181 4011
1615 3843
1913 2181
1615 3507
2181 4257
1615 4379
838 2181
1615 4549
2181 4510
912 1615
619 2181
1615 3848
877 2181
1615 4325
2181 4120
1615 4577
2181 4803
1615 4848
2181 2815
292 1615
2181 4439
1615 3894
2181 4912
1615 3067
1041 2181
1615 3399
2181 4571
1118 1615
369 2181
1615 4053
2181 4856
1615 4983
1993 2181
1615 2946
2181 4297
858 1615
920 2181
1615 3957
2181 3407
1615 2086
2181 4209
1615 4373
2181 2342
478 1615
2181 3370
1615 3628
491 2181
1615 1816
2181 4705
1615 3382
1354 2181
1615 3635
1804 2181
1615 1799
2181 4944
1615 3061
1019 2181
868 1615
2181 3002
1615 3194
1355 2181
899 1615
2181 2638
1615 3693
2181 2947
1233 1615
1405 2181
1615 4872
820 2181
1615 2541
1337 2181
1615 2187
850 2181
1615 4128
2181 4181
255 1615
308 2181
1615 3694
1226 2181
1615 4670
848 2181
1615 3779
2181 4223
993 1615
2181 2216
1003 1615
1294 2181
225 1615
2181 2977
1615 4365
2181 3639
1615 3110
2181 3048
1615 3948
2181 3309
1253 1615
464 2181
1615 4405
1436 2181
1531 1615
1071 2181
1615 2431
1179 2181
1615 1802
1369 2181
1615 3395
2181 4879
1015 1615
2181 4245
1615 4565
2181 2912
1615 2660
1922 2181
1615 1958
1185 2181
1615 2360
2181 4106
1087 1615
2181 4466
1615 1796
2181 4403
1615 3093
2181 3749
1615 2297
1749 2181
930 1615
2181 3789
1615 2309
2181 4072
1615 3337
1820 2181
1615 3737
2110 2181
59 1615
1473 2181
1615 4339
342 2181
994 1615
2079 2181
1615 3908
2181 4445
1615 3183
1588 2181
1615 1891
2181 4194
1367 1615
1917 2181
