4999
)))(()(((((()))(()))(()((((())))((())()))(()()(()))()()()((()(((()()))(()(())))))())((()()(()))(())((()())()(())())(()(())(())())((((()(()())((((((())))))))())(((((())()())))()()(((((((()))((()))()()()(())()()(()()())())())()()()(())())(())))((())((()))))()(()((()))()))()(()((()()))())))()))(())))))()(()))())(())(())()((()((((()((())()((()()))(()))))())()))())())))()(((()((((((((())))))()())))(((()(())))((()()()))()))((()))((()(((())())())(())())))))(()()))())))))(((((((())()((((((()(((((()()()((())(()()))())))(())(()(()(()(())(()())))))())())))()()(()())((())))))))))((()(((())))()(()()())(())((())()(())()(((((((())()(())())()())()((((())()())()())))())())())()())(()())))()())(()())(())(()())))())()())())))()))))(()())())()(((()()(((()((((())(()))(((()()()))(())(())(()))(())(((((())((()()))())((((()))(())()))()))(((((((()()()())())(((())(()())())())()())(())))(((())((()))))(()()()(((()()))(())()()()))()()()))()())(((())()())))(((((())(((((((()())))(((())())(()))(()((()))))())()()((())))(()()(((((())(()()(())(()(())())())(()))()(())))((()))()))((()))))(((()))()()())(())(()(((((((((())(()()))))())())((((()))(()()))()()(()()()(()))())(())()())))(())(()))((()()((())))(()((((())(()))(()()()))((())))))()()(()))())))()(()()(()()))((()())(())())))(((((())())((()))()())))))((()))(())))(((()(()())((())()()()(((()()))(((()())()((()()())()(((())()()()))))())(()(())()()()(()))()()(()))))()(((()((()((()()))))(()((())()(()))()(()())))()()))()()((((()()((()()()(()(()((())))()()()(()))(((()(())()()(()(((()(())((())()()))(())())()((()()((()))(())())()()(()()(((()()(()(())))))))(((()()))()))()())))))((()))(()()(((((()(()))(()((()(()()()((()())))())(()()(())()((())))()((()())(()()()))))(()()((((((()())))(())((())((()))(((((())))))()((()))((()())(()(())())(()))))()()))()()((((((()())))((()())))(()))())(())(((((()()(()())(()((()()(()()))))()(())((()()()(()))))(((()))()()(())(((()))))))(()()))(())))))))())))))))((((((()))))(()(()(())()))(()()()()))())(((())()(((()))((())())(()()((((()()()))(())())((())()((())))(()())(()(()(()())(()(((())()((())()))())()()()()(())))()))((())()))(()()(()())(()())((()((()()()()(()())())()()(()())()()(((()))())()))(((()((((((((())((()()((()()(((((()((()((()()()())))()(()))(()()())((((()())((())))())))())())(((()((((((()()((()())(()))()()))())))()())))()))(()((()()))(()((())())(()))()(()()(())((()()()(())(())(()))))((()()((()()())((())())(())(()()))())()))))((())(())))))(())()(()()((())())))((((())())())))()(())()(((()()((()(()()))))(()))))))(()((()))(())))(()))(())))()()(((()))))((())))()(((())))((((())))((()(()(())(()))(()())))))(((())))((((((((()()))())))(()))))))())()))(()()))()(()))(())((()))((())(()((())())())((((()(()(())))))())(()))))()()()((((())(()))())(()(())())))()())()(()))((()))())())((((((()()()()))))(())(())(()(())()))(()(()()((((()())(()(()))(())))())))((())(()())())()()(((())()())())(())(((()))()(())(()(()))))))())())()()())))((())(()))))()()((()()))))()))()()))(())(())())))(()((()(()()()((()()((()((((()))()()())()(()())(())(((((())()((()()))))((()()())))))()))))()(()))())()((())()()()((((()))()))())((()()))))()((()(()()()(((())(())())(()))(()(()())()))))()())))((())))()(()()(()()((()(((()))(()())))))))))()(((())())))(((((()(()((((((()((()(((()(()))(((()())(()))()))()))))())((())((()())()())()((())(()()()(((((((((()(()))()()(()))()(()((())(()(()))()()()(()())(())()))())))()()())(()(((((())((()))()))))(()((()))(()(()))(()()())()()()(()))(()()()()))((())(())(())())(()()((()(()(((())()()(((())())(())(((())(((())(((()(()((()())()()()()))((((()(()())((()()))()))()))(()(()()))())())())())())(((()))(((())(()(((()))()((((((((())(()))))))))))((()))(((((((())))()())(((()))(())()(())))()))()()()(())())((((()))()((()()))())))((()(()())())((()))))))((()(((((()))))))()))(())(((()())))))))()(((()(()(((())()))((((((()(()))()))()))()))))))())()(()()())()())())(()))(()()()(()))((()()(()()())))((((()())(((()(((((((())((()())(()()))(((())))((((((())((((()())())(((()))(()(()()(())((()()))())()(()(()()(((()())))((())((())()()()))))((((()()(()((()(()()()))(((())(()))((()(()))))))((((((((()))((()))))((()()))())()))))((())()((())())(()((()((())(())))((()()(())))(()))()()))((()))()))((((())()(()(())(()(((()()())())()((()()(())))))(((((()))(()((((((()()))(()()))(((()()())()))()(()))()((()))(()))(((((())))((())((()())(((()(()()(((()))())())((()(()(((((()((()(())()()))(()))()))()()(((())(()()()()())))()((((())((())()))())()()))((())((()(()(((()((())())()((())(())))(())())))()))((())()()((()((()()(()(()))))())))())))()(()((((())()))()()()())())))()))())((((()()()())(()(())()()())())((()(((())()(())())((((()()()))())())(()((())(())))()())))()(()()))((((()))(())()))))(()((((()))(((())))(())()())())))((())))))(((((((((((((()())((()(())))()()))(()()())(())((())))(()))())))()()()((((()))())())())(()(()())())(())()))()))())(())((()(((()()())())(()()()(())()())(()(((((())))))())()())())()))(()))(()(())(((()))(()))()((()())(())(()()((()((((((((()(()(())))((((())())((()())())(((((())()((((())(()))))()(()((()((((((()())()
1608 2124
1138 2124
860 1608
2124 4587
1608 2479
2124 2310
1608 2340
380 2124
1608 3022
2124 3683
1608 2399
2124 2598
1099 1608
2124 4378
61 1608
2124 4925
1386 1608
2124 2525
1608 2244
2124 4433
1608 2517
1070 2124
1608 3032
1002 2124
1222 1608
1007 2124
1608 4764
1348 2124
1608 3351
931 2124
1019 1608
1508 2124
1200 1608
60 2124
299 1608
1706 2124
1608 3466
2124 4263
1449 1608
1331 2124
1608 4136
2124 2224
1608 4514
1273 2124
1608 2499
261 2124
1608 4370
2124 2494
1608 3841
8 2124
1608 4029
2124 3187
1359 1608
2124 4322
31 1608
2124 2870
932 1608
1756 2124
1608 2663
2124 3883
29 1608
2124 4331
1608 3581
117 2124
1608 4757
230 2124
1347 1608
2124 2711
1608 4472
964 2124
1608 2331
847 2124
1 1608
2124 2276
1608 4997
2124 4567
1608 2946
2124 3507
1608 1948
47 2124
1608 1612
2124 2199
251 1608
2124 2233
1608 3826
1546 2124
1608 3763
635 2124
728 1608
2124 2534
1608 4040
1495 2124
1608 4809
2124 2795
1132 1608
2124 4223
1608 4269
2124 3861
646 1608
2124 2277
1608 1911
1701 2124
1608 2546
2124 2661
1608 3950
1731 2124
1608 4357
274 2124
1608 1695
2124 2794
1608 3062
2124 3788
1608 4097
2124 2801
1608 4924
2124 3211
1502 1608
2124 2642
639 1608
2124 4874
1608 4977
2097 2124
1608 3863
42 2124
1608 4081
1663 2124
1608 4464
2124 2325
1608 4940
1618 2124
1608 4253
2124 4882
1608 4590
2124 3970
1608 1711
1596 2124
1608 3329
2124 3843
1608 3323
2124 2966
1608 3515
347 2124
1608 2078
2124 3773
1608 1961
1068 2124
1250 1608
2124 2859
1608 3739
1110 2124
1608 2789
704 2124
1608 4872
2124 3097
1043 1608
868 2124
1608 2702
652 2124
1608 4348
2124 4380
464 1608
1012 2124
799 1608
2124 3674
1608 4499
2124 3317
1608 3845
2124 2737
1608 3699
1263 2124
1608 3668
2124 3003
1608 3590
2124 3591
1608 3085
2124 3045
1608 2305
22 2124
1608 2174
2124 4731
1608 4634
2124 2370
1608 1674
2124 3602
1608 3134
2124 4132
167 1608
2124 4817
1608 4271
2124 2856
1608 4494
328 2124
1608 4814
1293 2124
1608 2286
2124 4399
1047 1608
2124 4360
1608 3765
356 2124
154 1608
2124 4862
1608 2855
1969 2124
705 1608
2124 2866
1608 2312
2124 3612
913 1608
831 2124
1608 1630
10 2124
938 1608
127 2124
1608 3018
1565 2124
1608 3413
2124 2687
1134 1608
1600 2124
1608 2185
2124 3332
1608 4085
2124 3463
1608 2649
2124 3011
1608 4393
2124 3864
1608 1968
644 2124
1608 4745
1852 2124
1608 2029
2124 4017
1608 3651
930 2124
1608 2658
2124 2333
1608 4986
978 2124
1608 4279
2124 2371
1608 3665
2124 3603
1032 1608
377 2124
960 1608
2124 3255
1608 1990
2124 3296
1608 2226
2124 2803
1608 4710
950 2124
348 1608
754 2124
1608 2414
2124 2759
1608 2023
2037 2124
1076 1608
2124 3951
1608 2886
2124 4760
1608 2122
1820 2124
1598 1608
853 2124
1608 4773
2124 4791
1608 4242
479 2124
848 1608
786 2124
721 1608
789 2124
1608 2537
1927 2124
1149 1608
2053 2124
1608 1944
1611 2124
1595 1608
2124 2756
23 1608
2124 2318
568 1608
2124 2704
1608 2897
2124 3155
1608 1665
2124 3152
1393 1608
2124 3094
1219 1608
2124 4599
77 1608
2124 3006
1608 2578
1410 2124
1484 1608
2124 4747
1608 3384
2124 3546
1608 2488
64 2124
1608 2352
2124 3661
1397 1608
1540 2124
718 1608
1510 2124
1041 1608
2124 4262
1063 1608
1857 2124
1608 2440
2124 4387
1608 4153
2124 3270
1159 1608
2124 2964
837 1608
2124 4194
209 1608
1813 2124
1608 4349
363 2124
1608 2572
952 2124
1608 1777
2124 3626
1608 2324
2124 3082
1608 4519
2124 3200
1608 4065
1188 2124
115 1608
1587 2124
1608 1687
2124 2215
1608 3181
2039 2124
1141 1608
2124 3092
801 1608
2100 2124
1608 4994
2124 3498
1608 2831
2124 3536
32 1608
814 2124
1608 4337
483 2124
83 1608
2124 4326
1608 2912
2124 2484
1608 2564
211 2124
1608 4506
2124 4044
1608 3520
2124 4458
201 1608
1373 2124
1608 2489
2124 2163
1608 3088
1775 2124
1608 3652
1232 2124
1608 3230
256 2124
1608 3177
311 2124
46 1608
1760 2124
1608 2402
796 2124
401 1608
763 2124
1608 3969
712 2124
1231 1608
1246 2124
771 1608
2124 3190
1608 3709
2124 3500
1608 2240
1238 2124
1608 4861
2124 4691
1608 4436
2124 2287
1399 1608
2124 3611
1608 2557
2124 2220
1608 3712
2124 3277
1608 4558
441 2124
1608 3870
1075 2124
1608 3645
2124 4737
622 1608
911 2124
1608 4137
2124 3926
1608 3587
759 2124
924 1608
689 2124
1608 2487
1487 2124
1608 2150
2124 2183
1608 2665
2124 2827
1608 3083
2124 3336
1608 1934
2124 4396
1608 1735
2104 2124
656 1608
723 2124
1123 1608
2124 2933
135 1608
2055 2124
1608 3568
2124 2703
1013 1608
2124 2592
1608 3102
1516 2124
1608 3133
2124 4068
1608 2336
2124 2167
1608 3727
1745 2124
1608 2695
1555 2124
1608 2887
2124 3157
1608 4312
208 2124
354 1608
2124 2748
446 1608
196 2124
755 1608
2124 4957
1608 2300
2124 2502
1608 3175
2124 3368
1608 2683
743 2124
1326 1608
2124 2192
1608 4146
2083 2124
672 1608
1680 2124
1608 2850
907 2124
785 1608
2124 3971
1608 4310
2124 4696
1608 3347
2124 3888
1608 3194
826 2124
1538 1608
2124 4517
1608 1631
2124 3660
1608 2510
2124 3494
387 1608
836 2124
1608 3076
2124 2593
407 1608
554 2124
1608 2522
2124 3672
1608 3441
2124 4062
1608 2118
1093 2124
1608 2727
2124 3241
1608 1885
845 2124
542 1608
1083 2124
1349 1608
2124 4412
1608 2127
2124 4471
345 1608
2124 3023
1608 2105
2124 4221
1608 2686
2124 4515
1228 1608
2124 2809
1608 3879
1209 2124
1608 2568
732 2124
1608 3614
2124 4584
1608 3489
892 2124
1608 4123
2124 2237
1608 4323
2124 4784
1608 2367
1682 2124
1204 1608
2058 2124
1608 2731
2124 4197
985 1608
1837 2124
1479 1608
2124 2563
1608 2396
1929 2124
1608 4835
1511 2124
1608 4777
2124 4185
1229 1608
2124 2773
584 1608
2124 3980
1342 1608
2124 3067
1608 3251
2084 2124
1608 4404
1973 2124
1608 3185
2124 2772
1608 2419
502 2124
1608 2291
2124 4199
1608 2454
1147 2124
205 1608
1669 2124
1608 2000
1993 2124
1608 1638
1832 2124
1608 4894
1616 2124
1608 4678
590 2124
1608 2590
2124 3227
1608 4663
556 2124
1608 2963
522 2124
1608 4477
432 2124
1608 3504
2124 2342
1608 4527
2124 2628
611 1608
795 2124
937 1608
1186 2124
1608 2356
2124 4554
1608 3408
1836 2124
1608 4821
2124 3636
1608 4106
2124 3419
567 1608
1575 2124
701 1608
470 2124
1608 4072
1806 2124
1608 4135
2124 4828
1608 1742
2124 4503
1608 3829
2124 4824
1608 2655
2124 2876
1608 4796
2124 3073
1608 3544
2124 2398
1608 3671
1956 2124
1608 3766
2124 2493
1608 2778
2124 3416
1608 4560
2124 3264
1608 4640
1372 2124
1608 4655
2124 3397
520 1608
1117 2124
1296 1608
2124 4332
1608 3108
576 2124
1608 3565
1534 2124
199 1608
2124 3307
1191 1608
1936 2124
766 1608
717 2124
818 1608
1476 2124
1608 1722
2124 4840
1608 3010
2124 3838
1443 1608
580 2124
1608 3992
2124 2908
1608 3199
739 2124
1608 2435
988 2124
197 1608
2004 2124
1608 4416
2124 2846
1608 2206
2124 4681
1608 3541
2124 2139
1608 2021
2065 2124
1608 3009
2124 3473
1608 3038
617 2124
1608 4455
2124 3961
1357 1608
2124 2263
1608 1955
2124 2879
1608 1803
2124 3719
1608 3156
2124 2134
1601 1608
1306 2124
1608 2252
2124 4865
1608 2786
2124 4434
1608 1861
2124 2269
1608 4649
2124 4675
1608 3562
1462 2124
1608 3728
2124 4306
1608 4949
2124 3497
1608 1957
1340 2124
1121 1608
2124 2551
600 1608
2124 3896
1608 2143
1829 2124
1608 4249
2124 3911
1608 4050
2124 2271
1608 2747
2124 3939
1608 4950
1496 2124
1247 1608
2124 4779
1608 2638
2124 4405
1608 3901
982 2124
1608 2194
455 2124
1608 3035
2124 3733
1608 2302
2124 4311
1416 1608
676 2124
270 1608
729 2124
1608 4173
512 2124
1608 3182
402 2124
863 1608
2124 3523
1608 3247
2124 3754
1608 3415
2124 3538
1608 4829
2124 4992
1608 3610
2124 4048
1608 2411
2124 2585
1608 2844
2124 3036
1608 2633
2124 3240
1608 3752
1244 2124
1608 4579
2124 3886
1608 3411
2124 4735
1608 2982
2124 2392
1608 1834
2079 2124
1608 3437
2124 4857
593 1608
1783 2124
1608 3999
1503 2124
1608 3831
2124 3974
1608 1863
2124 3569
1608 4969
326 2124
1608 1641
2124 2448
1608 2005
2124 3872
1556 1608
1292 2124
1608 4800
2124 3772
1608 2881
2124 3210
1608 2696
2124 3522
1608 4250
1483 2124
1608 2936
2124 2923
1608 4748
1889 2124
1608 3808
491 2124
1518 1608
2124 3606
1608 2355
1560 2124
1608 2925
2124 3592
1608 3308
562 2124
543 1608
2025 2124
1608 3170
2124 4847
1608 4092
2124 4980
767 1608
2124 4501
1066 1608
2124 4093
1608 3956
2124 2465
1608 4488
2124 4466
927 1608
2124 4902
1432 1608
630 2124
1157 1608
2124 2979
1608 2217
1724 2124
1608 2313
2012 2124
1608 1768
2124 3529
632 1608
2124 3222
1608 3477
2124 2835
1608 4142
1201 2124
1608 4031
2124 2421
1608 4738
2111 2124
1608 4646
2124 4776
1608 3527
2124 4339
1608 4746
2124 3470
1608 3868
2124 4938
1256 1608
2124 2260
1608 4366
2124 3941
819 1608
2071 2124
1181 1608
2124 4365
1139 1608
2124 3825
1608 2573
2124 3750
1608 2930
1923 2124
1608 2311
2124 2255
1550 1608
2124 3687
1608 1799
397 2124
1608 3142
2034 2124
1608 2001
2124 4283
1608 3690
2124 2637
797 1608
2124 4566
1608 4001
1027 2124
1608 2128
2124 2977
359 1608
489 2124
1608 4933
941 2124
803 1608
2124 3390
1608 4431
1011 2124
1608 1916
1883 2124
1608 4677
2124 3065
1608 4492
1841 2124
1608 4266
1311 2124
1608 4665
2124 2503
1608 3311
184 2124
1426 1608
2124 4305
1145 1608
765 2124
1608 1854
2124 4915
1344 1608
1926 2124
1608 1634
2124 4296
1608 2830
1530 2124
1608 2492
2124 3846
172 1608
2124 4803
1608 4491
7 2124
1608 4827
2124 4830
1608 3250
2124 3632
1608 3268
1427 2124
1608 4298
1786 2124
684 1608
2124 4261
998 1608
2124 3339
1608 2618
2124 2664
1608 2992
1271 2124
1608 3726
2124 2721
1608 4110
2124 4511
591 1608
2124 3771
1608 3609
1460 2124
76 1608
2124 3381
1608 2157
2124 4267
1000 1608
2124 3081
1379 1608
1853 2124
1608 3573
1473 2124
1155 1608
2124 2939
1049 1608
2124 4700
1608 4605
1767 2124
1608 1728
2124 2413
1608 2375
2124 3235
94 1608
2124 2314
1608 4421
2124 2184
1022 1608
2124 2636
264 1608
2124 4697
1608 2385
606 2124
1608 3252
851 2124
1608 2520
2124 4064
1608 4523
2124 3518
666 1608
2124 4504
1608 2840
2124 4324
1608 3696
1577 2124
1608 1913
850 2124
1608 1840
2124 3283
290 1608
2124 4473
1608 3034
2124 4913
1289 1608
1409 2124
1608 3302
1928 2124
1608 2858
2124 2513
1608 2694
2124 4080
335 1608
1650 2124
1461 1608
2030 2124
698 1608
2124 2388
1608 4537
1323 2124
350 1608
2124 4795
1608 3933
2124 3554
1608 2245
2124 2176
1608 4022
2124 4225
752 1608
2124 2443
671 1608
2124 4456
296 1608
2124 3125
1608 2547
2124 2509
1608 3915
2124 2462
1608 3623
2124 3631
1385 1608
552 2124
708 1608
175 2124
1608 2804
668 2124
1608 2075
2124 2627
667 1608
2124 3216
1608 4301
2124 2757
1608 4887
2124 4680
1333 1608
38 2124
1608 3692
1265 2124
1608 3615
418 2124
1608 3383
2124 4694
1608 2698
2124 3309
1608 3972
592 2124
669 1608
2124 3940
711 1608
2124 2126
1608 4015
1003 2124
1608 4226
2124 2968
1608 2298
1865 2124
1137 1608
2124 4769
596 1608
966 2124
1608 2614
2124 4411
1608 3744
2124 3647
1608 3445
332 2124
1608 2975
1678 2124
362 1608
2124 2691
1579 1608
2124 4600
1608 4755
662 2124
1608 2591
1423 2124
1608 2580
2124 3400
1608 1937
2124 2508
1608 3540
2124 2699
1608 2016
2124 3560
1608 2924
2124 4371
1608 4580
2124 2357
1608 3256
1621 2124
247 1608
2124 3695
1608 3663
2124 4470
1608 3947
2124 4116
959 1608
2124 4461
1608 2545
1262 2124
1078 1608
2124 4045
1608 4156
2124 2680
367 1608
879 2124
351 1608
2124 2222
1608 1656
2124 4232
1608 3373
2124 4102
1608 2938
2124 3014
858 1608
506 2124
176 1608
2124 2466
1608 3749
2124 2337
1608 2059
2124 4998
1608 2941
2124 3387
1608 2693
1531 2124
305 1608
378 2124
1608 2452
2124 3881
1608 3079
250 2124
1608 4518
1358 2124
987 1608
1434 2124
1608 3996
2124 4926
1114 1608
2124 4108
1608 2625
89 2124
235 1608
371 2124
1608 3682
1089 2124
286 1608
1628 2124
1608 4509
2124 4845
460 1608
696 2124
1608 1673
2124 3729
1608 3449
2124 3124
253 1608
2124 4014
1608 3089
1005 2124
1175 1608
2124 2322
1608 2038
2124 4529
613 1608
603 2124
1129 1608
1133 2124
1608 3715
1051 2124
1608 4352
2124 4842
1312 1608
1304 2124
1608 4027
2124 2379
910 1608
867 2124
979 1608
1743 2124
1608 3639
881 2124
384 1608
202 2124
1608 4679
294 2124
538 1608
1422 2124
272 1608
2124 2543
1608 2511
2124 3365
1608 2135
1779 2124
1608 2854
2124 3572
1608 2272
1339 2124
150 1608
2124 3509
1608 4856
1781 2124
1608 4804
1817 2124
514 1608
2124 2165
1371 1608
2124 2469
1608 4082
2124 4701
1608 2931
2124 2647
1608 3977
2124 2921
1608 2077
2124 4143
1608 3798
2124 2847
266 1608
2124 4802
1608 4798
2124 3551
1608 4480
2124 4422
1608 4079
2124 3464
1608 4718
52 2124
1608 3678
2124 3512
1608 3026
2124 4988
703 1608
2124 4437
1542 1608
2124 3697
1608 2221
2124 4968
727 1608
2124 4178
1608 2348
2124 4277
1608 4496
2124 2526
1608 3617
2124 2196
1608 2983
258 2124
1608 2072
2124 3456
781 1608
2124 3163
1608 3330
2124 4574
1608 2775
2124 3110
1608 3433
1723 2124
1608 1910
2124 2270
1390 1608
2124 4284
1608 3537
1098 2124
1384 1608
333 2124
1608 2852
116 2124
1608 3627
2124 2972
1608 3394
21 2124
1608 1933
336 2124
1608 3819
616 2124
1608 4330
1248 2124
1608 2360
2124 2667
1608 2768
2124 4581
1608 4753
2124 3328
1608 1922
2124 4367
1608 3350
2124 3948
1608 3586
24 2124
891 1608
2124 2594
1608 3985
2124 3260
1608 2241
2124 2559
1608 2151
2124 2903
509 1608
2124 3935
1608 3071
2124 4766
1214 1608
2124 3746
1608 3570
2124 4888
1126 1608
2124 2657
1553 1608
1644 2124
1608 4674
2124 2832
1608 3760
2124 3287
195 1608
2124 2710
385 1608
2124 2935
1608 4961
2124 4163
1328 1608
1325 2124
1217 1608
2124 3117
1608 2266
642 2124
1608 4440
2124 3434
1608 1790
582 2124
1608 3818
1942 2124
1608 2515
308 2124
37 1608
2124 2132
1608 4524
2124 3066
108 1608
2092 2124
1481 1608
1303 2124
573 1608
1941 2124
1608 4104
2067 2124
1608 4982
2124 2732
1608 4192
97 2124
1608 4774
794 2124
405 1608
2124 3677
275 1608
1887 2124
1608 2604
1704 2124
1608 2035
2124 2299
1080 1608
1949 2124
1608 2635
1759 2124
1608 2889
2124 4834
1608 3549
2124 3376
1608 4722
874 2124
1608 2893
2124 3792
1608 1721
2124 3755
713 1608
1235 2124
1608 3469
226 2124
1608 4055
2124 4047
454 1608
2124 3584
565 1608
1494 2124
1608 3179
2124 4538
317 1608
1127 2124
682 1608
2124 2986
1608 3246
1964 2124
1608 2875
760 2124
870 1608
1345 2124
1608 3129
827 2124
1608 4644
1624 2124
1608 2410
2124 4978
1608 4684
1398 2124
1608 3406
2124 3207
706 1608
2124 4972
153 1608
2124 4603
776 1608
2124 4417
1608 2428
144 2124
1608 4749
2124 3204
1608 2289
494 2124
1608 3747
2124 4063
1608 2989
2124 4208
1608 2567
2124 3405
1608 1881
2124 3588
1608 3852
224 2124
824 1608
741 2124
389 1608
1198 2124
1608 1984
2124 4667
1608 3925
2124 3737
1367 1608
26 2124
1608 3337
2124 2781
812 1608
894 2124
1608 3244
110 2124
1608 4215
1320 2124
1608 3385
2124 3233
1608 4074
2124 3279
1608 4639
2124 2919
255 1608
2124 3162
1608 4278
45 2124
1608 2951
2124 3029
188 1608
1610 2124
1608 3480
2124 2519
1608 4805
1142 2124
125 1608
897 2124
1364 1608
2124 4058
571 1608
2124 2853
1608 4715
2124 3459
1418 1608
2124 4276
1608 4198
1519 2124
1374 1608
2093 2124
1608 1761
2124 3462
193 1608
2124 3708
1608 1675
2124 3578
480 1608
2124 3694
1608 2390
2124 3666
39 1608
2124 4034
1608 2945
2124 2257
169 1608
2124 2476
1608 3262
360 2124
1608 3767
2124 4622
1608 2969
2124 4238
1576 1608
813 2124
1608 2639
640 2124
631 1608
508 2124
1608 2720
424 2124
629 1608
2124 2569
1608 4376
267 2124
1465 1608
2124 4109
1608 2785
2124 2464
1608 4751
973 2124
141 1608
2124 2238
1608 4783
2124 3130
1608 2044
2124 3208
1074 1608
2124 4578
1608 4460
2124 4659
3 1608
581 2124
1608 4786
2124 2444
1608 2225
2124 3506
1608 4864
1505 2124
1608 3147
1732 2124
1608 3159
182 2124
877 1608
1240 2124
1608 4797
1403 2124
1257 1608
2124 4248
839 1608
2124 2595
1557 1608
2124 2459
1035 1608
1135 2124
1608 3346
2124 4210
1608 4597
2124 3827
1346 1608
2124 4024
1608 2187
2124 4227
1608 4716
2124 3372
1608 3662
2051 2124
1608 4577
2121 2124
1608 4727
2124 4954
1608 4792
1299 2124
1039 1608
928 2124
1608 4645
2124 4112
605 1608
2124 3965
447 1608
2124 3759
1608 2131
2124 3917
1608 3966
2019 2124
1608 2882
2124 3093
1215 1608
498 2124
1284 1608
1633 2124
1608 1982
2124 3768
415 1608
2042 2124
1608 4576
943 2124
1055 1608
2124 2600
1608 2507
620 2124
1608 4408
2124 3903
1336 1608
2124 2358
1276 1608
944 2124
1608 4612
1659 2124
550 1608
2124 3531
459 1608
1567 2124
1608 2954
429 2124
1608 4942
2124 2762
715 1608
2124 3600
1146 1608
2124 4787
725 1608
638 2124
1608 2918
1097 2124
1608 1838
2124 3589
1211 1608
2124 3424
1608 4482
2124 4105
1608 3280
2017 2124
1608 2621
145 2124
1608 4413
736 2124
653 1608
2124 4967
1608 4214
1685 2124
114 1608
2124 2391
1608 3312
2124 3106
1223 1608
2124 4698
1608 2948
2085 2124
1253 1608
414 2124
1608 2906
2124 2984
1608 4428
2124 3168
1274 1608
2124 4807
1608 2155
134 2124
1608 3057
2124 3113
1608 3782
2124 4568
1608 4099
1382 2124
1212 1608
1904 2124
1608 4313
1125 2124
1608 2415
1751 2124
1608 3638
1255 2124
1608 1828
2124 3457
313 1608
2124 2947
1608 3629
2124 2478
815 1608
2124 3751
1608 2890
65 2124
1608 4739
2124 2742
1608 4459
2069 2124
1608 2836
2124 3880
1608 4505
54 2124
1608 4203
946 2124
1202 1608
2124 4831
1608 4391
381 2124
1608 2116
2124 3201
1608 4801
1050 2124
1608 3239
2124 3297
1608 2446
2124 2552
1608 2900
505 2124
507 1608
2124 3295
1608 3769
2124 3096
1608 2323
2124 2335
413 1608
1966 2124
30 1608
2124 4410
1608 2481
2124 3844
1608 4228
2124 2427
1608 2013
2124 2904
1608 2344
2124 2676
1608 4703
2124 2829
1608 4351
2124 4392
254 1608
2124 4444
685 1608
2124 2978
1608 2961
2124 4709
1608 3149
428 2124
1608 2218
2124 4772
268 1608
2124 4823
239 1608
1383 2124
1168 1608
2124 2408
1195 1608
2124 4883
866 1608
2124 4128
1608 3266
953 2124
1381 1608
2124 3103
1608 4441
1824 2124
1608 3511
2124 2523
1297 1608
2124 4274
220 1608
435 2124
1608 3114
2124 3856
1608 1782
2124 3721
1608 2798
2124 4654
1608 2682
1391 2124
1608 3343
2124 2848
1608 2101
1952 2124
1608 2404
2124 3680
1283 1608
2124 3195
1608 2470
340 2124
1291 1608
2124 2256
1608 4118
1031 2124
1573 1608
1389 2124
1608 4528
276 2124
219 1608
1268 2124
1504 1608
1539 2124
764 1608
2124 4875
1404 1608
2123 2124
1608 2862
2124 2475
855 1608
2124 3932
1608 2284
791 2124
1608 2346
1309 2124
1608 2422
370 2124
1608 3421
2124 4127
1608 3154
2124 2424
800 1608
2124 2952
50 1608
1725 2124
655 1608
143 2124
1608 3075
2124 4502
1608 3184
2124 3887
1608 1907
2124 2203
1608 2819
2124 4761
1608 4397
2124 4259
1442 1608
2124 4736
1608 4617
2124 3945
757 1608
2124 4651
1023 1608
342 2124
1608 3253
2124 2715
1169 1608
559 2124
1608 4976
817 2124
1608 4720
830 2124
1608 2339
2124 4532
1608 2351
936 2124
395 1608
1194 2124
1480 1608
2124 2231
1608 2779
904 2124
138 1608
2124 2144
1608 4963
2124 4637
1319 1608
2124 3553
1608 3840
949 2124
1608 2285
2124 3635
1608 3188
1620 2124
1608 2395
2124 4216
1608 3358
2124 3485
663 1608
1705 2124
1608 1947
2124 3404
1608 1651
433 2124
1290 1608
1131 2124
1608 2369
2124 3008
1608 2094
2124 3711
406 1608
1997 2124
1608 2857
2124 4447
1608 4816
2124 4552
1608 1666
2124 3577
1608 2892
2124 2376
288 1608
2124 2189
1608 2813
1102 2124
1608 1967
2124 4563
1608 4338
12 2124
1608 4848
746 2124
1608 2716
2124 2432
334 1608
1392 2124
1608 2060
92 2124
885 1608
259 2124
1608 3510
2124 3451
1608 3254
2124 3780
1608 3231
2124 3325
1608 4073
2124 2993
1544 1608
1844 2124
13 1608
2124 4452
1608 2717
2124 3173
1226 1608
2124 3989
1608 3012
2124 4231
1608 2430
1521 2124
1608 4606
821 2124
1608 4818
955 2124
1608 4147
2018 2124
1608 4450
2124 3345
1608 1713
2124 4115
1608 4539
2124 3121
1608 4435
2124 4520
1608 4838
1444 2124
1608 2643
1965 2124
1608 4229
191 2124
889 1608
2124 2612
1112 1608
2124 4239
872 1608
2047 2124
1608 3221
1898 2124
1608 3178
500 2124
1608 3785
2124 3298
1608 2416
1821 2124
1608 2867
2124 4724
1608 1811
670 2124
174 1608
2007 2124
1469 1608
2124 2281
1608 2669
2124 4799
1608 3806
802 2124
1608 3530
2124 4987
1608 2581
2124 3371
1608 3417
2124 3707
1608 2796
2124 4870
1608 2247
1060 2124
1608 2434
2124 2394
1608 2418
2124 4181
1608 2527
2124 2738
1608 1940
1321 2124
1608 1876
109 2124
1608 2437
2124 3055
1608 4721
43 2124
194 1608
2124 2456
1608 2064
2124 3158
1608 2234
750 2124
1608 2041
2124 2195
1608 4793
2124 2960
1608 4931
1974 2124
1608 3812
1463 2124
1048 1608
2124 3116
1608 2724
2124 4341
1608 3567
626 2124
1608 2447
2124 3784
1608 4103
2045 2124
369 1608
627 2124
585 1608
2124 3220
1491 1608
323 2124
246 1608
2124 4026
1608 3679
2124 3409
283 1608
1507 2124
343 1608
1994 2124
1608 2767
1589 2124
1108 1608
2124 3068
1608 1859
807 2124
84 1608
1341 2124
1608 4453
2124 2915
1608 1668
2124 2136
1608 2927
2124 4707
366 1608
2124 3929
1533 1608
1664 2124
1608 2400
1380 2124
1608 3271
218 2124
1278 1608
2124 3776
269 1608
673 2124
1608 3924
2124 3958
1608 1917
2124 2160
1608 4285
1888 2124
822 1608
1207 2124
583 1608
120 2124
1608 2457
862 2124
468 1608
1477 2124
1608 1657
329 2124
811 1608
2124 3104
1324 1608
2124 3052
992 1608
2124 2412
1608 3559
1856 2124
15 1608
612 2124
574 1608
2124 3979
1608 4851
2124 3556
1608 3039
2124 2956
1608 3849
1077 2124
569 1608
1314 2124
1608 2820
2124 4111
352 1608
2124 4719
1608 2504
2124 3909
1608 1823
2124 4909
1608 2668
2124 4695
1608 3303
2124 3364
1608 4886
2124 3790
427 1608
331 2124
1608 2807
2124 3174
1608 3558
101 2124
1492 1608
412 2124
1608 3681
2124 4304
1014 1608
2124 3258
1608 2223
2124 3633
1608 2932
2124 4302
1608 4344
2124 4084
1608 2087
1411 2124
1103 1608
2124 3691
1608 3354
2124 4989
1608 4246
2124 2343
532 1608
825 2124
324 1608
2124 4919
1608 4744
2124 3324
515 1608
2124 2524
1608 2460
319 2124
1608 1792
2124 4958
1608 4122
2124 4207
1608 1894
390 2124
1608 1739
2124 3492
1608 2619
2124 3990
1608 2971
2124 4962
1608 4154
316 2124
1164 1608
2124 2996
1608 2213
2124 3327
1608 2242
1718 2124
1608 4052
530 2124
1608 2020
2124 4035
1608 4686
2124 2575
540 1608
2124 4364
106 1608
2124 2212
1549 1608
2124 4002
861 1608
2124 2267
1608 4914
846 2124
1608 1975
2124 3486
1608 4588
438 2124
223 1608
2124 4095
1608 1855
2124 3949
1608 3380
484 2124
1608 3501
2124 4059
1608 2601
2124 4145
1608 1747
2124 3388
1608 1877
2124 2802
1608 1919
2124 2602
1608 3236
2124 3369
1608 4340
2124 4294
1608 2216
2124 4602
1608 2648
993 2124
310 1608
2124 2719
1608 4930
1174 2124
1355 1608
96 2124
1608 4866
1020 2124
1608 4270
2124 4981
320 1608
2124 4469
1608 4662
1578 2124
1608 4833
2124 3138
1608 3900
2124 2606
1608 2685
2124 3793
1608 1985
2124 4548
1608 2608
2124 4369
1608 2463
1079 2124
1608 4905
2124 4844
1608 2990
2124 3601
1608 1653
1905 2124
1608 3828
1950 2124
1608 4952
170 2124
1109 1608
2124 3582
93 1608
2124 3693
1608 1831
876 2124
1608 3119
2124 3882
287 1608
2124 3143
1608 4573
430 2124
983 1608
2124 2560
1608 4280
2124 3192
1608 3804
2124 3873
921 1608
2124 4457
1608 4445
2124 2426
488 1608
778 2124
1608 1708
2124 4069
1608 2869
203 2124
1608 3139
2124 4984
1608 2761
2124 3731
1608 3461
888 2124
664 1608
1897 2124
510 1608
2124 4336
1608 2714
2124 3770
1608 3865
2124 2153
364 1608
2124 2787
1608 2056
163 2124
1608 2505
2124 3928
1608 2632
2124 4585
1608 1903
2124 2294
1608 4041
34 2124
1608 1849
2124 3000
1608 3740
2124 2193
1608 4713
2124 3885
1608 1712
665 2124
1428 1608
2124 4788
1608 4734
2124 3482
1608 4293
2124 3319
1608 2883
1640 2124
1608 2675
654 2124
1608 3046
1298 2124
1608 2328
2124 4193
1608 2709
2124 3478
1608 3274
1322 2124
1608 1846
2124 3823
1608 4251
2124 3730
1608 2081
2124 3228
1608 1918
2124 4990
1584 1608
2124 3447
1608 3613
2124 4407
1608 4236
2124 4020
1608 3389
1570 2124
1608 1931
492 2124
1608 4107
934 2124
1608 3937
2124 4572
1608 4530
481 2124
566 1608
2113 2124
1608 3118
91 2124
1608 2713
2124 4906
69 1608
1156 2124
1608 3058
697 2124
1608 2362
2054 2124
1608 3471
1378 2124
1608 4789
2124 4094
1608 1908
139 2124
1608 4790
2124 3499
513 1608
769 2124
1608 2842
458 2124
1608 4131
832 2124
1608 2771
1430 2124
1608 2790
2124 2845
1608 1740
2124 4354
1608 3960
1037 2124
1608 3172
2124 2366
1608 4999
2124 4427
1608 3884
2124 2677
1608 2540
2124 4893
1608 2916
2124 2566
1608 3403
2124 2656
1509 1608
2124 2877
1608 4614
2124 3391
1467 1608
1071 2124
1486 1608
2124 2214
159 1608
2124 3153
1608 4400
2124 2473
1294 1608
2124 4682
1308 1608
2124 2472
1368 1608
2124 2792
1608 3050
1563 2124
1608 4908
2124 4297
1608 4610
2124 4941
1608 4402
2124 4956
1608 4213
1676 2124
1067 1608
2124 4810
1608 2548
2124 4418
1608 3091
2124 2653
1608 3908
2124 4593
1608 4051
744 2124
1608 3669
649 2124
918 1608
2124 3300
1608 1804
2124 4704
1608 3867
2124 2248
1608 4083
2124 4019
1608 4363
1343 2124
1608 2140
2124 4937
1608 4592
476 2124
1608 3299
1350 2124
1608 4898
2124 4424
503 1608
2124 2146
1608 4006
2124 3775
1608 2613
2124 3918
1608 3386
2124 3357
1608 2389
1218 2124
1305 1608
2124 4195
1608 2246
2124 4056
1608 3284
136 2124
1608 4871
1193 2124
1608 1866
2124 3735
1608 2814
1818 2124
1608 3115
2124 3866
1608 4876
844 2124
1440 1608
301 2124
1608 3967
1436 2124
1608 1772
2124 2467
442 1608
2124 2651
1594 1608
1789 2124
843 1608
238 2124
166 1608
2124 4693
1608 4233
758 2124
1608 3574
1873 2124
1608 2449
2124 3054
1395 1608
2124 2409
986 1608
2124 2166
426 1608
2124 2673
1608 4353
2124 2905
772 1608
2124 2659
1213 1608
641 2124
1608 4591
1632 2124
1608 2607
2124 4188
1295 1608
2124 3474
1608 1793
2124 2953
1608 3448
147 2124
1608 1932
2124 4356
1608 3517
2124 2744
1608 4860
1082 2124
98 1608
2124 3910
1148 1608
1237 2124
1608 3762
2124 4038
1608 2815
2124 4946
1608 1996
2124 2646
1270 1608
1524 2124
1608 1778
2124 3822
1608 1629
880 2124
1254 1608
2124 4653
1354 1608
2124 3375
677 1608
2124 3891
68 1608
1044 2124
1608 2561
1878 2124
511 1608
2124 2828
79 1608
2124 3272
1608 1845
1405 2124
1608 2249
473 2124
1608 3810
1796 2124
1608 1802
1360 2124
1088 1608
2124 4000
341 1608
2124 4010
1608 3718
633 2124
902 1608
2124 2197
1608 3986
1719 2124
1608 2327
2124 4859
1608 3037
339 2124
1608 4891
1686 2124
1608 4036
1401 2124
1608 3545
11 2124
1608 2793
1787 2124
1608 2629
1642 2124
1608 3991
2124 3998
1608 3552
1850 2124
1608 2076
2124 2630
1054 1608
2124 2811
1608 3165
773 2124
1608 3490
192 2124
1608 2922
2124 2660
1608 4927
2124 3292
1608 3815
2124 4212
1608 1689
2124 4321
1607 1608
1697 2124
572 1608
609 2124
1608 1884
133 2124
1608 4676
774 2124
1608 2293
2124 2957
1608 3743
2124 3428
1608 1683
2124 2780
295 1608
1670 2124
1608 2480
198 2124
1608 4170
2124 4126
1081 1608
2124 3604
1608 4182
2124 2420
1608 2377
2124 4545
1608 1748
277 2124
1608 3543
2124 4252
1608 1946
2124 4130
1608 2981
2124 3044
386 1608
2124 2888
1608 4780
2124 3875
1608 1762
2124 3278
1315 1608
2124 2944
1608 1869
2124 3150
1608 3962
1989 2124
18 1608
2124 2354
1608 3700
2124 4350
738 1608
2124 3920
1608 1891
1457 2124
1517 1608
2124 4754
1608 3777
2124 2261
756 1608
2124 4620
1608 4765
2124 3862
558 1608
1978 2124
990 1608
577 2124
1608 4342
2124 4043
1608 2750
2124 2991
121 1608
2124 4983
1608 2878
1252 2124
1163 1608
2124 2645
1608 3318
2124 2909
1608 2823
161 2124
1608 2107
1400 2124
1608 3098
2124 2533
465 1608
177 2124
1608 3313
806 2124
1608 1976
2124 4209
1608 3621
2124 4139
1608 3427
1636 2124
1608 1847
1791 2124
1001 1608
647 2124
1608 4451
469 2124
1459 1608
2124 2577
1608 2501
1826 2124
1608 4570
2124 3080
1608 3878
1458 2124
1608 2253
1337 2124
1608 4315
2124 4406
1608 4979
2124 3736
1451 1608
213 2124
1608 1652
1387 2124
1608 2316
1061 2124
1608 2556
1009 2124
1608 4664
2124 2799
1608 2028
1671 2124
1608 2210
2124 2962
1608 3656
148 2124
1608 3641
2124 4008
1608 3051
2124 4327
1608 4687
2124 4183
1608 2268
2124 4245
129 1608
353 2124
1608 3847
2124 2791
1608 2112
2124 4401
1153 1608
215 2124
912 1608
1497 2124
1608 2198
2124 4613
720 1608
557 2124
539 1608
2043 2124
49 1608
2124 4465
1608 4619
965 2124
1608 3723
945 2124
1608 2528
1992 2124
1608 4595
2124 4991
1608 2949
1124 2124
634 1608
2124 4307
1608 2290
2124 3013
122 1608
2124 2207
1608 2235
62 2124
595 1608
1151 2124
57 1608
2124 3481
529 1608
2124 3215
948 1608
1028 2124
1608 3508
2124 2808
1608 4018
2124 4101
1608 4403
2124 3344
1608 4481
16 2124
733 1608
1272 2124
1608 4868
1971 2124
1053 1608
1086 2124
1608 1892
2124 4836
1536 1608
2124 4333
1608 1710
2124 3871
1608 4448
2124 4171
1608 3854
2124 3439
1243 1608
2124 2725
1608 3833
2124 4546
1608 4144
748 2124
1281 1608
2124 4896
1608 2141
5 2124
1608 3496
262 2124
1431 1608
2124 2994
1608 2666
368 2124
1608 2821
2124 3205
1493 1608
2124 2365
1608 2453
2124 2873
70 1608
2124 4623
1275 1608
2124 2894
1498 1608
2124 3164
1608 2739
2124 2433
1591 1608
2124 4689
1608 4624
2124 3713
411 1608
2124 3219
1608 3758
2124 4589
1488 1608
890 2124
51 1608
1658 2124
1608 3834
100 2124
1608 2837
2124 4288
1317 1608
2124 4629
1608 3616
1119 2124
1375 1608
379 2124
1608 3914
2124 3305
657 1608
2124 4317
1608 2622
2124 2758
1608 3495
162 2124
1608 1774
977 2124
1608 2406
1886 2124
933 1608
972 2124
1608 2301
2124 2177
1608 3837
2124 3491
1608 3180
1819 2124
1608 3148
2124 3370
1608 2901
1454 2124
1608 4256
2124 3024
1057 1608
2124 4295
1608 3622
2124 2549
1605 1608
2124 3265
1608 2774
2124 4255
309 1608
2124 2319
1608 4616
2124 2229
833 1608
186 2124
1608 3242
1592 2124
1608 3028
2124 4756
1608 3689
2124 4945
1608 4429
2124 3649
1608 4565
2124 2227
1608 1626
805 2124
1608 4303
2124 2722
436 1608
1572 2124
1608 4487
2124 4495
1608 2753
2124 4415
916 1608
2124 3848
1608 3532
2124 3899
212 1608
1260 2124
222 1608
2124 4951
1608 2275
2124 4916
1608 1958
2124 4373
449 1608
1171 2124
306 1608
2124 4955
1608 2583
2124 3503
1608 4096
2124 2641
1608 4706
958 2124
1608 3580
2124 4361
1608 3521
325 2124
1608 4007
624 2124
1608 2061
859 2124
1608 2617
1568 2124
1608 4202
2124 2784
1608 2417
2124 4625
1535 1608
471 2124
650 1608
2124 2230
1608 2733
2010 2124
1608 4292
2124 4490
1608 2208
531 2124
1608 4901
1143 2124
1608 3209
1369 2124
1608 4141
2124 4820
452 1608
1366 2124
1608 2274
2124 3857
1608 3454
2124 4712
1608 4543
1551 2124
1608 4819
493 2124
1608 3963
1945 2124
1608 1870
2124 3575
461 1608
1429 2124
1585 1608
1499 2124
1608 2624
2124 2620
1608 3964
2124 4936
1227 1608
1979 2124
745 1608
2124 2306
1030 1608
2124 3809
586 1608
237 2124
1608 4863
2124 2542
1608 4900
1703 2124
1608 3653
2124 2458
1608 3786
2124 3593
450 1608
59 2124
1425 1608
2124 2156
690 1608
1470 2124
1608 4879
165 2124
396 1608
408 2124
1608 2486
1471 2124
1608 3557
2124 2496
546 1608
1541 2124
1285 1608
1052 2124
1608 3452
1690 2124
1608 1649
2124 4234
1608 2209
1827 2124
1608 1851
2124 3995
225 1608
2124 2514
1608 3579
2124 4219
358 1608
2124 4728
1608 3064
2124 4098
1313 1608
1087 2124
1608 4825
2124 3453
1561 1608
1991 2124
1608 4462
2124 3957
1608 4439
2124 2380
1608 2282
1882 2124
1608 4090
2124 3789
443 1608
687 2124
1608 3402
2124 3976
1608 2538
788 2124
1608 1867
809 2124
242 1608
2124 4346
1608 2175
537 2124
1608 2378
929 2124
1608 1875
1162 2124
355 1608
1954 2124
1608 1700
1233 2124
1267 1608
2124 4023
1608 4873
2115 2124
900 1608
2124 4012
1608 3429
2124 3444
1608 4943
1702 2124
189 1608
2124 2149
1608 1746
2124 3234
1608 3595
2124 4160
1608 4186
289 2124
1608 4768
2124 4732
1472 1608
535 2124
1523 1608
2124 4241
1608 3688
1734 2124
1608 3858
2124 2766
1608 4705
1015 2124
1608 1737
2124 2671
1608 4206
1515 2124
1433 1608
2124 4918
1608 2729
1021 2124
1608 2610
1038 2124
1608 4673
2124 3877
285 1608
2124 4217
1608 2942
2124 2381
636 1608
249 2124
1608 3555
1842 2124
1608 1643
1647 2124
1266 1608
1800 2124
1608 4308
2124 3993
1608 2490
2124 4549
1608 4368
293 2124
1608 1951
403 2124
1608 3571
1513 2124
1608 2204
1750 2124
1608 4669
2124 4559
1608 1776
490 2124
1608 3705
2124 2372
1608 1780
1318 2124
1065 1608
2124 3396
1608 3196
2124 2843
1205 1608
2124 4149
1571 1608
1024 2124
1608 4124
2124 4912
1608 2232
130 2124
1608 3802
2124 3607
1608 3198
2124 4843
1608 3135
619 2124
1608 1794
1025 2124
714 1608
2124 4717
688 1608
72 2124
1608 2589
737 2124
1608 3322
2124 4672
1608 4290
2124 4815
1608 4204
2124 3348
1608 4379
1466 2124
1608 2334
2124 3301
1608 1998
2124 4282
229 1608
2124 3630
1608 1726
2124 2169
1608 3741
2124 4345
730 1608
524 2124
884 1608
2124 4438
1608 4832
2124 3608
1608 4257
75 2124
1608 4531
1402 2124
1608 3814
2124 2940
1608 1943
2124 2863
55 1608
2124 2129
1608 3132
2124 4607
1608 3816
2033 2124
1608 3599
681 2124
1608 2681
2124 4172
578 1608
2124 2264
41 1608
2124 4211
1608 3982
2124 3968
1608 2082
2124 4359
1608 3366
1010 2124
700 1608
2046 2124
1608 3137
2124 3316
974 1608
2124 2833
1608 3074
923 2124
416 1608
2124 2341
44 1608
2124 2623
1608 2506
2124 4869
1608 3824
2124 2236
975 1608
2124 4884
1606 1608
2124 2917
1608 1692
2124 3122
2 1608
544 2124
1234 1608
917 2124
1608 3047
1161 2124
1608 2644
2124 4485
1453 1608
2124 4535
1608 4892
2124 3282
1608 2050
2124 3859
1158 1608
2124 3686
478 1608
245 2124
1608 4005
749 2124
1580 1608
2124 3359
81 1608
2124 4650
1608 1771
303 2124
1608 4316
2124 2353
1608 4714
2124 4273
232 1608
1045 2124
1608 3248
1784 2124
1608 3479
312 2124
1608 3643
1437 2124
1608 1764
2124 2347
1608 4454
614 2124
453 1608
1332 2124
1608 2530
2124 2755
784 1608
2124 4638
607 1608
742 2124
1608 4167
2124 3290
1608 3342
2124 4903
1608 1693
547 2124
1608 3783
726 2124
1105 1608
1446 2124
1608 3761
2124 4615
1608 4767
2015 2124
1448 1608
372 2124
1608 3640
2124 2259
1528 1608
2124 4778
1608 4553
1995 2124
1608 4890
963 2124
792 1608
2124 3436
1593 1608
1329 2124
1130 1608
2124 4692
1608 1645
221 2124
1608 1815
2124 3676
1608 3276
2124 4180
1608 3362
1016 2124
1608 4129
2124 3634
388 1608
2124 4159
1608 2818
2124 3973
1608 4157
2124 3817
1608 3619
1798 2124
1608 4960
1900 2124
1608 3657
2124 4383
1608 4671
2124 3077
548 1608
2124 2777
260 1608
2124 4388
984 1608
244 2124
1608 3774
146 2124
279 1608
1189 2124
1608 2211
2124 3468
178 1608
2124 4200
233 1608
2124 2697
1388 1608
346 2124
1361 1608
2124 4935
1608 4849
1464 2124
1608 4547
2124 2898
1608 4187
1177 2124
1608 3955
995 2124
939 1608
35 2124
1608 2965
2124 3919
561 1608
699 2124
1608 2181
579 2124
1608 4347
2124 4467
882 1608
67 2124
1029 1608
179 2124
1608 4526
1113 2124
1167 1608
278 2124
1608 2239
2124 2805
1608 3898
2124 3189
1608 3984
2124 4078
95 1608
1062 2124
1608 4385
909 2124
762 1608
1839 2124
1608 2609
190 2124
1608 3355
735 2124
365 1608
1625 2124
1608 2712
1622 2124
1608 3315
1353 2124
1408 1608
2124 4608
905 1608
1822 2124
1445 1608
2124 2142
1608 3349
2124 4762
1608 3002
1590 2124
1529 1608
1639 2124
152 1608
954 2124
1608 3432
327 2124
1608 1970
1221 2124
1608 2483
2124 4420
1608 3374
2124 4176
1608 2849
2124 2436
1608 1769
2124 3399
1608 2834
2124 3921
1608 4880
2124 3320
1608 3353
1277 2124
1608 3458
2124 2599
1608 4218
2124 3392
1608 2280
475 2124
1608 4609
2124 4582
1608 4794
2110 2124
1608 2425
2124 3237
1084 1608
2124 3946
1608 4483
2124 3249
1036 1608
398 2124
1608 4201
2124 2880
1608 3821
2124 3524
1608 1868
1938 2124
1608 3803
2124 2498
516 1608
2124 4839
1608 2159
2124 4758
1608 3131
2124 2251
1608 3764
2124 2191
1608 4474
2124 4759
1307 1608
157 2124
1608 2099
2124 3994
207 1608
1810 2124
302 1608
2124 4011
1365 1608
2124 2800
1608 4852
2124 3005
857 1608
2124 3978
1608 4054
2124 3042
1608 1809
1547 2124
1608 2928
2124 2544
1608 3095
899 2124
1608 2531
2036 2124
66 1608
2124 4113
560 1608
2119 2124
1608 3564
2124 3502
374 1608
102 2124
793 1608
2124 2690
1608 4544
2124 2817
1608 2914
445 2124
1608 1912
1094 2124
265 1608
2074 2124
886 1608
2124 2718
1396 1608
107 2124
1608 3787
1450 2124
1608 3043
206 2124
1608 2788
2124 3049
935 1608
2124 3435
240 1608
1635 2124
1608 3123
1880 2124
1608 4850
2124 4648
599 1608
132 2124
1608 4237
1646 2124
1608 3120
2124 3650
1608 3944
2124 4944
1608 4426
2124 3525
1608 4486
2124 4917
1608 2518
2124 3084
1608 4685
1558 2124
1608 2423
2124 2999
1608 4119
2124 4929
1242 1608
2124 2896
908 1608
2031 2124
1608 4733
798 2124
1608 2397
2124 2679
1241 1608
104 2124
1608 2516
2124 2980
1608 3628
618 2124
1608 1830
2124 2565
1608 3257
2124 2586
1608 3053
2124 2326
1599 1608
2124 2812
1152 1608
1935 2124
1608 2052
2124 2303
893 1608
2124 4897
1608 3476
2124 4959
1608 3107
2124 2743
1608 4611
925 2124
1608 3698
2003 2124
1608 4395
2124 2851
852 1608
895 2124
1608 2839
2124 4335
1608 1752
1972 2124
1608 1727
1474 2124
1608 4390
2124 4358
1608 1843
777 2124
1608 4196
1714 2124
1608 3041
2124 2988
1608 2554
594 2124
1608 3842
2124 4652
53 1608
2124 4658
1608 2133
1118 2124
1608 3836
2124 4534
816 1608
2124 2558
1608 2913
2124 4647
1106 1608
2117 2124
775 1608
598 2124
651 1608
2124 3212
1608 3742
1733 2124
1608 4125
1615 2124
1608 2063
2124 3625
1608 2145
2124 4299
393 1608
841 2124
1608 2450
2124 4384
1608 4771
2124 3267
1608 3161
2124 3352
780 1608
2124 3465
1608 4975
1637 2124
497 1608
875 2124
625 1608
2124 4476
349 1608
1773 2124
1608 3904
1104 2124
1608 3410
896 2124
155 1608
2124 4419
1173 1608
2124 3145
1608 3703
1543 2124
1608 2164
2124 3892
1608 2405
1216 2124
1608 2782
423 2124
1608 2987
2124 3027
994 1608
2124 4726
1608 4286
2124 3224
1327 1608
2124 3176
901 1608
2124 3563
555 1608
2124 3897
1608 4114
434 2124
1608 2500
2124 4162
702 1608
2124 2265
1608 4683
734 2124
1608 1981
2124 4414
1566 1608
2124 3655
337 1608
2124 2587
1608 1825
2124 2976
1548 1608
2124 4633
1608 2386
1424 2124
1608 2995
2124 2205
1608 2040
2124 3983
300 1608
2124 2168
236 1608
2124 4100
1608 3425
2124 4275
1608 4265
956 2124
1608 4628
1420 2124
1608 2605
2124 3874
1608 2937
2124 4922
588 1608
1090 2124
1554 1608
2124 2611
1608 3186
2124 3487
1608 1755
2124 4117
1258 1608
1914 2124
1608 2361
2124 3443
926 1608
2124 4813
1072 1608
2124 4033
1608 2320
2124 2180
1608 2461
747 2124
298 1608
2124 3418
1608 3860
2124 3670
1438 1608
2124 3738
1608 4521
2124 3797
1608 4512
2124 4430
1608 2090
164 2124
1608 2096
2124 4911
1180 1608
2124 3583
1608 3943
1376 2124
1608 4636
2124 4564
1608 4601
2124 3710
1608 1953
284 2124
1608 4551
1552 2124
610 1608
2124 4009
1608 3331
1797 2124
1522 1608
1220 2124
1608 3197
621 2124
1608 4409
563 2124
1608 2482
456 2124
1608 1896
2124 2338
1249 1608
2124 4993
1608 3997
2124 2431
1608 3906
2124 4575
920 1608
1562 2124
394 1608
521 2124
1608 2438
2124 3850
252 1608
2124 2173
1608 3894
486 2124
1608 2179
1356 2124
1417 1608
1627 2124
1608 3031
1406 2124
1608 3393
2124 3890
1608 2688
2124 4220
1608 4049
2124 3167
842 1608
2124 3430
1608 4394
2124 4289
1608 1801
1190 2124
1608 2902
2124 3475
1608 3171
2124 2349
1608 1920
2124 3061
604 1608
2124 4660
1608 1660
2124 4533
1608 1988
2124 3895
1608 3717
2124 3905
20 1608
123 2124
1608 2066
124 2124
216 1608
2124 2172
1527 1608
2124 3922
1608 3072
2124 2171
962 1608
2124 2707
420 1608
2124 2730
1608 3659
2124 3056
1608 2026
410 2124
1608 2741
2124 3505
437 1608
2124 2178
1597 1608
2124 3566
1608 3519
2124 4191
1100 1608
1018 2124
1608 4516
787 2124
1335 1608
2124 4752
1608 2008
2124 2368
1608 3217
210 2124
1196 1608
1766 2124
1608 2154
1715 2124
1608 2684
2124 4923
1603 1608
2124 4240
1608 2091
482 2124
1608 4571
113 2124
1608 2579
2124 3063
1608 1765
383 2124
967 1608
2124 2497
623 1608
2124 4175
1608 2130
2124 4542
1608 1662
63 2124
1608 2329
2124 2315
1608 3420
2124 2553
1608 3151
180 2124
1608 4190
2124 3426
1608 3597
951 2124
1608 2740
2124 4781
1608 4164
2124 4087
1608 3140
2073 2124
1608 4334
1720 2124
1608 3795
996 2124
1608 4557
2124 3218
1046 1608
770 2124
1586 1608
2124 2754
1608 4148
48 2124
88 1608
399 2124
1608 4841
2124 3988
1608 1909
315 2124
906 1608
160 2124
282 1608
2124 2317
1608 4750
142 2124
1608 4446
2124 3923
1608 3382
1537 2124
883 1608
587 2124
1608 3016
392 2124
1608 4244
131 2124
1608 1613
980 2124
922 1608
56 2124
1608 2895
2124 4808
1608 4947
1833 2124
1608 2297
2124 3981
499 1608
2124 4021
1608 1736
474 2124
1608 2662
2124 3407
1608 4230
2124 4536
1608 1906
2124 4325
1501 1608
919 2124
421 1608
1172 2124
1608 2439
2124 3534
1608 4657
1814 2124
1608 2068
2124 4806
1608 3618
2124 3535
1608 3725
2062 2124
1608 3513
2124 3526
1280 1608
1526 2124
1414 1608
2124 3214
1608 3533
1986 2124
1608 4740
2124 2959
661 1608
2124 2407
947 1608
2124 2584
1608 4618
2124 4711
1608 1901
602 2124
1608 2535
87 2124
637 1608
2124 3291
1608 3467
71 2124
1608 2861
2124 3127
128 1608
1008 2124
1608 2296
2124 4775
467 1608
2124 2822
1608 4088
2124 3550
570 1608
2124 2308
1608 2692
2124 2350
1608 4853
2124 4179
1608 2108
2124 3654
1608 3667
2024 2124
1608 4996
2124 4287
1608 3048
2124 2864
1412 1608
181 2124
1608 4973
1872 2124
1608 4184
2124 3191
151 1608
2124 3830
533 1608
1203 2124
999 1608
183 2124
1608 4974
1688 2124
1608 4656
2124 2701
1608 4260
2124 4120
1608 2403
2124 3223
466 1608
1101 2124
1608 3401
82 2124
968 1608
2124 4500
1608 1758
1208 2124
1608 2700
200 2124
1608 3799
1757 2124
1608 1717
2124 3756
1608 3040
2124 3493
1608 2477
2124 4389
1338 1608
2124 3598
1608 4621
2124 4168
1608 2295
2124 4907
214 1608
2124 4702
440 1608
1667 2124
1608 2689
2124 2970
1608 4555
1165 2124
1608 3001
2124 2550
971 1608
2124 3648
1608 4763
517 2124
1608 1977
528 2124
297 1608
2124 3293
1608 2728
1860 2124
1608 4642
1176 2124
1608 4004
2124 4161
1608 1677
2124 2634
1608 1812
1749 2124
1608 3238
2124 4995
1608 3431
2124 2471
1608 2491
2124 2891
1608 4594
2124 2445
99 1608
1500 2124
173 1608
2124 3144
1608 2770
1091 2124
1608 4003
1785 2124
1608 2884
575 2124
1435 1608
4 2124
1608 4449
2124 3136
1608 3539
2124 3716
1608 1902
1287 2124
1182 1608
597 2124
1608 3931
2124 2967
227 1608
2124 4016
307 1608
2124 2974
1608 4855
2124 2162
549 1608
1034 2124
1085 1608
683 2124
1608 4030
2027 2124
914 1608
2124 2243
1608 4205
693 2124
1608 2321
997 2124
1608 2871
2114 2124
1608 3030
808 2124
1179 1608
2124 3781
187 1608
2124 2670
1608 4586
2011 2124
314 1608
1301 2124
1033 1608
496 2124
1608 4386
2124 4254
1608 3916
1574 2124
1608 3070
601 2124
1608 1654
2124 3310
1608 1738
2124 3213
1608 3664
1707 2124
1608 2997
2124 4934
1608 4174
304 2124
1608 4398
1805 2124
1608 4729
2124 3644
1608 3442
981 2124
1421 1608
2124 4028
1514 1608
942 2124
645 1608
137 2124
1608 1879
2124 2283
1608 3087
864 2124
281 1608
1439 2124
1059 1608
2124 3514
344 1608
1925 2124
1282 1608
1939 2124
523 1608
2124 4224
1608 2022
2124 2872
545 1608
2124 3285
1608 4867
2124 4319
1608 1930
2124 4661
1608 3907
231 2124
1608 2736
2124 4812
1608 2002
2124 3460
1441 1608
1279 2124
1608 2057
2124 2451
477 1608
2124 4513
241 1608
1120 2124
1608 1848
2124 4556
451 1608
2124 4133
865 1608
2124 2955
1608 4140
2124 2384
1608 2383
1330 2124
1608 3379
2124 3259
1608 3193
1709 2124
1608 1681
2124 2307
1608 4355
9 2124
1608 2910
1485 2124
1128 1608
501 2124
1608 4152
2124 4498
1608 3378
1609 2124
1532 1608
2124 2764
1608 4688
2124 2201
1608 4468
2106 2124
1608 4489
2124 2920
1608 3126
2124 4423
1608 4247
2124 4948
1608 4741
1042 2124
1608 3745
1648 2124
1608 4281
2124 3684
1608 3807
659 2124
1608 3340
234 2124
1608 2588
322 2124
1608 1691
2124 4057
1608 1770
1069 2124
1608 1716
58 2124
1608 2089
1960 2124
1608 2009
525 2124
1608 3484
243 2124
989 1608
2124 3528
1608 2907
1230 2124
1608 4258
2124 4432
1394 1608
271 2124
871 1608
2124 2574
1608 3020
761 2124
1608 3876
2124 4562
1608 3141
1753 2124
1608 4025
2124 2735
1608 4165
2124 3414
1004 1608
1569 2124
1608 2382
1261 2124
1608 4885
2098 2124
1608 3021
2124 4155
330 1608
2124 4630
1608 1808
2109 2124
710 1608
527 2124
1608 4541
2124 2672
1447 1608
1729 2124
1608 3422
2124 4475
695 1608
2124 3015
1608 3281
2124 2751
1608 2309
2124 3263
318 1608
2124 4632
1608 3206
2124 3585
1608 3112
2124 3820
112 1608
2124 3902
1608 4189
2124 3605
1608 3753
1874 2124
1608 2576
1140 2124
854 1608
2124 2943
1525 1608
2124 2188
1608 2086
2124 3912
1608 4374
2124 4826
495 1608
2124 2539
1608 3675
2124 4666
439 1608
2124 3794
1583 1608
2124 3685
1608 2926
2124 2541
1608 2070
448 2124
1608 4362
1184 2124
1608 4837
915 2124
1608 4910
2124 2364
1608 3748
2103 2124
1107 1608
1588 2124
1115 1608
1924 2124
457 1608
753 2124
1608 4785
273 2124
1608 4939
1983 2124
171 1608
2124 2816
1608 4522
1334 2124
1608 3853
790 2124
976 1608
2124 2304
1026 1608
2124 4846
648 1608
903 2124
1608 4377
2124 3455
1608 2763
280 2124
1608 2868
783 2124
1608 2985
564 2124
1608 3395
1095 2124
1608 3732
2124 4061
1608 2512
2124 3791
1608 2746
2124 3361
1608 3111
2124 2161
1608 1899
1199 2124
1608 4037
321 2124
1475 1608
1154 2124
103 1608
1980 2124
1608 2202
534 2124
1608 2824
2124 4382
1608 2734
1741 2124
553 1608
2124 3855
1608 2555
2124 2596
722 1608
2124 4889
1608 3702
2124 3927
1608 4510
2124 2182
541 1608
1300 2124
1608 2726
1092 2124
1608 4635
2124 3109
1608 1915
375 2124
1608 2468
2124 3166
1608 3033
2124 4641
36 1608
2124 2706
1608 3183
724 2124
1269 1608
2124 4811
1608 2582
2124 4569
660 1608
444 2124
1608 4508
1987 2124
1608 2359
1858 2124
840 1608
2124 3105
1608 3019
2124 4507
1582 1608
17 2124
878 1608
2124 3953
140 1608
74 2124
204 1608
248 2124
1608 4343
1489 2124
1608 2825
2124 2330
1608 2640
2124 2345
1608 2615
2124 2485
1363 1608
2124 4583
419 1608
2124 2332
1608 2014
873 2124
768 1608
2124 2401
1608 4493
2124 2219
126 1608
27 2124
1608 2631
2124 3202
78 1608
1116 2124
1608 2616
2124 2148
1608 4725
2124 4479
1608 3273
709 2124
404 1608
1788 2124
1608 4235
2124 2292
1259 1608
2124 4921
1608 1619
2124 3835
679 1608
2124 4443
1017 1608
2124 2429
849 1608
1623 2124
1608 3100
2124 3101
118 1608
185 2124
1608 3243
2124 3294
1608 3060
1655 2124
1608 4425
828 2124
1608 1807
2088 2124
90 1608
472 2124
40 1608
2095 2124
804 1608
856 2124
1608 2049
409 2124
1608 3304
1520 2124
1482 1608
1187 2124
1608 4782
1251 2124
1608 2998
2124 2442
1058 1608
2124 4381
1239 1608
838 2124
1608 2708
643 2124
1608 2373
382 2124
1608 4091
1679 2124
291 1608
2124 3025
1608 2158
2124 3701
1608 2765
2124 3959
628 1608
2124 4151
940 1608
2124 3637
779 1608
2124 3007
1608 2474
2124 3017
1608 2536
2124 3059
1608 2950
2124 2200
1608 4066
1351 2124
158 1608
2124 4895
810 1608
2124 3778
1144 1608
2124 4070
1608 1959
2124 2570
425 1608
518 2124
1224 1608
2124 4291
1608 3326
2124 3440
19 1608
2124 4076
14 1608
1096 2124
1608 2125
2124 3321
217 1608
2124 3450
1064 1608
2124 3338
1608 1614
1699 2124
1608 3987
2124 3275
970 1608
2124 3576
1608 4770
2048 2124
1608 2120
2124 2387
1608 4086
2124 2562
1608 3869
2124 4166
1608 3547
1225 2124
1608 4177
2124 3169
1608 4970
2124 4268
1608 3398
2124 4540
1608 2885
1170 2124
694 1608
2124 2532
1608 4375
2124 2262
1608 2626
2124 3734
1608 3335
969 2124
898 1608
2124 4899
1608 3360
2124 3851
691 1608
991 2124
1608 3306
373 2124
1608 2769
400 2124
1608 2723
2124 4920
1608 1795
1407 2124
1608 2152
2124 3203
1581 1608
2124 2521
105 1608
2124 4877
1608 3704
1136 2124
1608 4442
33 2124
1506 1608
2124 4272
1608 3620
2124 2186
1122 1608
1835 2124
1608 2749
1871 2124
1608 3229
1310 2124
1608 3942
85 2124
1608 2899
1602 2124
1608 1672
2124 2597
1608 2495
1490 2124
1608 3548
1730 2124
1608 3913
1661 2124
519 1608
2124 4318
1192 1608
2124 3099
1197 1608
2124 4039
536 1608
2124 3720
1608 1754
2124 4060
1608 3596
2124 3377
1608 2258
829 2124
1236 1608
2124 2228
1608 3261
1178 2124
1608 1617
608 2124
1608 4320
2124 3706
1302 1608
2124 3412
551 1608
1862 2124
961 1608
2124 3658
1608 3714
2124 3225
1608 3811
2124 4077
1608 3722
1370 2124
463 1608
1413 2124
719 1608
2124 4169
257 1608
2124 4478
149 1608
2124 4965
1608 1694
1478 2124
1608 1698
2124 3314
1608 4089
2124 4138
1608 4013
686 2124
1608 2288
2124 2273
504 1608
1419 2124
1604 1608
2124 4604
1608 2752
615 2124
835 1608
2124 3423
1608 3288
1316 2124
1608 4264
2124 3624
1608 2363
338 2124
1206 1608
2124 4690
417 1608
1264 2124
1073 1608
2124 4878
1608 4858
2124 3938
1608 2806
86 2124
1608 3356
2124 4708
526 1608
2124 2170
1185 1608
1150 2124
1608 4550
2124 3090
1608 2654
2124 3779
1608 2102
2124 3341
957 1608
2124 4881
1608 2529
1183 2124
1608 4484
168 2124
1608 2080
2124 2190
869 1608
1963 2124
1415 1608
2124 2973
1608 4067
487 2124
1160 1608
2124 2865
1608 4904
2124 4314
1608 3333
1545 2124
1608 4134
674 2124
716 1608
1744 2124
1362 1608
2124 4328
73 1608
2124 4670
292 1608
1056 2124
1006 1608
2124 3930
1608 3800
2124 4964
1608 3146
2124 4631
1608 4598
1763 2124
1608 3286
2124 4743
1608 4309
692 2124
1608 1893
1352 2124
1608 2911
2124 3472
1608 3438
1452 2124
361 1608
2124 4150
1608 2650
2124 2797
156 1608
1288 2124
1608 1962
782 2124
1608 3446
25 2124
740 1608
2124 4985
1608 2006
2124 2674
1608 2810
2124 3004
678 1608
2124 4222
1608 2571
2124 3160
1559 1608
119 2124
1608 2603
1245 2124
1608 2745
2124 4971
1608 2874
2124 2929
1111 1608
2124 4243
1608 2455
2124 2838
1608 3269
2124 4032
1608 3086
2124 3488
1608 4822
28 2124
1608 2278
2124 4497
1608 1921
2124 2783
111 1608
1696 2124
1608 2032
2124 3232
1608 3561
2124 2760
1608 3934
376 2124
80 1608
2124 4928
1608 2826
707 2124
1608 4158
422 2124
1608 1890
2124 2860
1608 2958
2124 4329
1608 4372
2124 3832
1608 4953
2124 3839
1608 1895
2124 3367
1608 2393
2124 4699
1608 2250
2124 4596
1608 3936
2124 2254
1564 1608
2124 4525
1608 3646
228 2124
1608 4932
2124 3889
1608 1816
2124 2652
1608 3952
2124 2374
751 1608
2124 2441
431 1608
834 2124
1377 1608
1999 2124
1608 4075
887 2124
1608 4643
2124 3334
1040 1608
2124 2841
1608 3724
2124 3594
1608 4627
2124 4463
1608 4668
1166 2124
1608 4730
2124 3796
1608 1684
2124 4723
675 1608
1468 2124
1608 3128
2124 4121
820 1608
2124 3542
1608 4046
2124 3289
658 1608
589 2124
357 1608
2124 3805
1608 3975
2124 2705
1608 2934
2124 4300
1608 4561
1512 2124
1608 3673
462 2124
1608 3078
2124 3642
1608 4071
1864 2124
391 1608
2124 3954
1608 3813
2124 4854
1608 3363
2124 3801
1608 2678
2124 4742
1608 3893
485 2124
1608 4626
2124 2776
1608 3226
263 2124
1210 1608
2124 2137
680 1608
1456 2124
1608 4053
1286 2124
731 1608
1455 2124
823 1608
2124 4966
6 1608
2124 3516
1608 4042
2124 3069
1608 2138
2124 3757
1608 3483
2124 2147
1608 2279
2124 3245
