4999
{{}{}}{{{{{{{}{}}{}}{{}{}{{{}{{}}}}}{}}{}{{{{}{}{}}{{}{{}{{}}{}}}}{}}{{}{}{}{{}{}{}{{{{}}{{{{}{{}{}{}{{{{}}}{{{}{}{}{}{}}}{{}{}{{{{{{}}}}{}{}}{}}}{}}{{{{{{}}}}}{}{{}}}{}{{{}}{}}{}{}{}{{{{}{{}}{{}{{{{{}}{{{{{{{}}}{{}}{{}{{}}}}}}}}}}{}{{{}{{}}{}}}{}}}{}{}}{}{}{}}{}{{}}}{{}{{{}}{}}{{}{{{{}}}{}{{}}}{}{}{}{{{{}{{}}{}}{{}}{{}}}}{}}{}}}{}}{{}}}}{}}}}}}{}}}}}}}}{}}}}}{{}}{}{}{{}{{{}}}}{}}{{}}}}{{}}}{{}}{{{{}{}{}{{{}{}}}}{{{{{{{{{}}}}}}{{{{}}{{{}}}{}}}{{{}{}{}}}}{{{}{}}{}{{}}{}}{}}{}{}{}{}}{}}}}{{}{{}}}}}}}}{}}}}{}}}{{{}}{}}}{}{}}{{}{}{{}}{}}}}}}}{}{}{}}{}{{}{{}{}{}}{{{{{{{}{{{{{}{}}}}{}{}{}{{{{{{}{}}}{{}{{}}}}{}}}{{}{}}{{{{}}}{}{{{}{{{}}}{}{}}{{{{}{}{{}{{}}}{{}}{}{{}{}{}}{{{}}}{}}{{}{}}}{}{}}}}{}{{{}{}{}}}{{{{{{}{}{}}{}{{}}}{{}}}}}}{}}{}}}}{}{}{{{}}}{{{}}{{{}}}}}{}{{{}}{}}}}{}}}}}}}{{{}{}}{}}{}}{}}}{{{}{{{}{}{}{{}}{{{}}}{{}}}{{}{}{}}}}}}{{{{}{{{}}}{}{}}{}}{}{}}{}}}{{}{}{{{{{{}}}}}}{{}{}{{}}}{{}}}}{{}{{{{}{{{{}{{{{{}}{{{{{{{}}}}}{}{}{{}}}{}}}{{{}}}}{}{}}{{}{{}}{{}}}}{{{}{{{}}}{}{{}{{{{}}}}{{}}{{}{{{}{}}{{}{{}}}{{}}}}}{{}}{}}{}}}{{{{}{{{}{{{{}{{}}{}}}{}{}}{}{{}{{{}}{{}}{{}{{{{}}{}}{{}{}{}{{{}}}{}}{}}{{}}{{{}}}{}}}{{}}{}}{}{{}{{}{}}{}{{{}{}}}}{}}}}{}}{}{{}}}}}{}}}}}}{}{}}}{}}}{{}{}}{{}{}{}{}}}{{}}{{{}{}}}{{}{}{{}{{}{{{}}}{{{}}{}{}{}}}}{{}}{}{}}{{}{}}{}{}{{{}}}}{}{{}{}}}}{{{{{{{}}{{}{}{{{}}{}{{{{}}}{{{{}}{}}}{}{{}}}}{}{{{{}}}}{}{}}{}}}}}}{}}{}{}{}}}}{}}}{}{{{{{}}}}}}}{{}{{}{{}}{{{}}{{{{{{{{}{{}}}{{{}{{}}}}{{{{}{}{{{}{{{}{{}{{{{}}{{}}}{}}}{{}}{{}{}}{{}{{}{}}{{}{{}}}{{}}}{}{{{}}{{}}}}}}{{}}}}}{{}{}}{}}{}{}}}{}}}}{}}{}{{{}}{}{}{{}{}{{}{{}{{}{{}{{}}}{{}}{{{}}}{{}{}{}}}{{{{{}}{{}{}{{}}}}}{}}}}}{}}}{}}{}{{}}{{{}{{{{}{}}{}{}{{{{}{{{}{{{{}}{}{{{}{}{}}}{}}}}}{}}{{{}{}}}{}{}{{{}{}{{{{{{{{}{}}}}}{{{{}}{{}}}{{}{{}}}}{{{}{{}}}}}{{{{{}}{}{{}{}}{}{}}{}{{}}{}{}{}}{{{{}{{}{}{{{}{{{{{}}}{{{}{}}{{{}}{{{}{{{{{{}}}{}}{}}{}}{}{{{{{}}}{{}}{{}}}{{}{{{{}}}{{{}{}}{}{}}{}{{{{{}{{}}{{{}}{}}}{}{{}{}}}}}{}}{}}}}}}{{}}}{}{}}}}}}{}}}}{{}{}{}}{{{{}{}{}}}{}{{{}}}{}}{{}{}{{}{}}{}}{}{{}{{}}}}}}}}}}}{{}{{}{{}}}{{{}{}}}{{{{{{{{{}{}{{{{}}{{{}}}{{}{{}}{}}{{}{{{}{}}{{{{}}{}}{{{}{{{{{{{{{{}}{}{}}{{}{}}}}}{}{}{{{}{}}{{{{}{}{{}}}}{{{}{{}{{{{{{{{{{{}{}{{{{}{{{}{{}}{}{}}{{{{{}}}{{{}{{{{}}}}}}}{}}{{{}{{}}}{{{{{{{}}{}}}{{}}{{}}}}}}}}}{{}{}{}{{}}{{{{{}{}}{}{}{{}{}{}{{}}{}}}}{}}{{{{}{}}}{{{}}{{{}{}{}{}}{}{{{{{{{{{}{}}}}}{}}{}{{}{{}{{}{{{{{{{}{{}{{{}{}}}{}{{}{{{{}}{}{{}{{}{{{{}}}}{}}}}}{}{}{{{{{}}}{}}}}{{{{}}}{}{{}{{{{{{}{}{{}{{{{}}}}}{{{{}}}{}{}}{{{{}}}}}}{{{{{}}}}}{{}{}}}}}}{}{{}}}}}}{{}}}{}{}{{{{}}{}{}}{}{}{{}{}{}}{}}}{{}}{{}}{{}{{{{}{{}}{{{{{}}{}{{}}}{{}{}}{}{}}{{{}{{{{{}}}}}}{}{{}}{}}}{}}}{}}{{}{}{{{}}{{{{}{}{{{{}}}{{}{{}}}{{{{{{{}{}{{{{}}{}}{{{}}{}{{}}{{{{}}{{}{}{{{}{{}{{{}}{}{{}{}{{}{{}}}}}{{{{}{}{{{}}{{}{}{{}}{}}{{}}}{}{{}}{}{}{}{{{{}{{}}{}{}{}{{{{}}{{{}}}}{}{{{}{}{{{{{{{}{}{{{}}}{{{}}}}}}}{{{}{{}}{{{}}{}}{{}}}}{}{}}{{}{{}{}{{}}}{{}}{{{}{{{}{}}}}{}{{{}{}{{}}{{}}{{}}}{{{}}{}}}{{{}{{{{}}{{}{{}}{}}{}}}{}}{}}{}{{}{{{}{}{{{}}{{{{{{}}{{{{}{{{{{{}{}}}}{{{}}{{{}}}{}{}}{}}}{{{{}{{}{{}}{}{{{{}}{{}{}{{}{{{{{}}{}{}{}}{}{}{{}}{}}{{{{{}{{{{}}}{}{}{}{}{}}}{}}{}}}{{}{{}}}}{{{{}}{{}}}{{}}{}}{{}}}}}{{{}{}{}{{{{}{}{{{}{{{}{{}}{}}{}}{{{}{{{{}}}{{{{{{}}{{}{}{}}}}{{{{}{}}}}{{{{}}{}{{{}{}{{{{}{{{}}}{}}}}}{}}{}}{{}}{}}{}{{{{{}{{}{}}}{}}}}}}}{}}{}{{{}{{}}{}{}{{{}}}{{{}{}{}}{{}}}{}}}}}}}{{}{{}}{}}{{}}}{}}{{}}}{}{}}}}{{{}}}}{}{}}}{{}{}{}{}}{{}}}{{}{{}}{{}{}{}{{{{}}}}}{{}}{}{}}}}}}}}}}{{{{{}}}{}{{}}{}{{{{{}{}{}}{}{}}{}{}}{}}}}}{{{{}}{{}}{{}}}{}{{}}}}}{}}}}{}}}}}}}}}{}{}{}{}}{}}{}}{{{{{{{}{}{}}}{}}{}}{}}}}}}{{{}}}}}}{{}}}{}}}}{{}{}}{{}}}}{}}{}{}}{}}{{}}{}{}{}{}}{}}}{}}}}{{}}{}{{{}}}}{}}{{{{{}{}{{{}{{}{}}{{{{{{{{{{}}}{}{{}}}{{{}{}}{{{{{}{{{}{}{{{{}{{}}{{}{}}}{}}}}}{}{}}}{{{{{{}}{{}}}{}}}{}{}}{{}{{}}{}}{{{{{}}}}}}}}{}}{}{{{}}}{{}{{{}{{{{{}{{}{}}{{{{}}{{}{{{{{{}}{{{{}{{{{{}}}{{{{{}}{{}}}{{{{{{}}}{{{{}}}}}{{{}}}}{}{{{{{{}}}{{{{{}{{}{{}}}}{{}{{}}}{}{}}}}{{}}{{}{{}{{}}{}}}}}{{{}}{{{{{}}{{}{}}{{}{}}}{}}}{}{{}}{}{{}}}}}}}{}}}}{}{}}{}{}{}}{{{{}}}{{}}}}}{}}{{}}}}}{{}{}{}{}}}}}}}}{}{}}}}{{{{}{{}{}{}}{{{{}}}}{}}{{{{}}{{{{{{}}}}{{{}}{{{{{}}}{{}}}}{{{{}{}{{{{{{}}{}{{{{}{}{}}{{}{{{{}{{}}}}}{}}{}}}{}}}}{}}{{{}{}}}}}{{{}}}{{}}{{}{}}{}}{{}{}}{}{}{}{{}}}{}}}{{{}}}}}{}}}}{{}}{{{}}{{{{}}}}{{}}{}}{{}}{{{{}}}}{{{}}}}{}{{{}}}}}}}}{}}}}}}{}{{}{{}{{}{}{}}}}{}}}}}}}{{}{}}{{{}{{{}{}}{{{{{}{{{}}}}{}{{}{}}{{{{{{}{{}}{}{{}{{}{}}{{}{{{}{}{{}{}{}}{{{{}}}{}{{}}}}{{}{{}}}}{{}{}}}{{{}}}}}{{}{}{{}}{}{}}}{}{}}}}{}}}}}{{}}}{{{}{}{{{{}}{}{}}}}}}{{{{}{}}{{}}}}}{{}{}}{}{}}}}}}{{}}{{{{}}{}}{}{}{{{}{{{{{{}{}}}}}{}}{{{{{}}{}{{}{{{}}{}}{}}}}{{{{{{{{}}{{}{{}}}}}{}}}}{}{}}}{}}{}}{}{}}{{{}}{{{{}}{{}}}}}{{{}}{}{{{}}{}}}}{}{}{{}{{{}}{}{{{}{}}{}{{{}}{{}}}{}{{{}{}}}{{{{{}}{}}}{{{}}{}{}{{}}{}}}{}{{{}}}{{}{}}{{}{}}}{{}}}}{}}}}}{{{{{{{{}{{{{{}}{{{}}}}}{}}{{}{}}}{{{{{}}}{{{{{}}{}}{}}{{}{}}{{}{}{{}}}}{{{{{{{{{{}{}{}}{}{}{{{}{}{{}{}{}}{}}}}}{}}{}{}}}}{{{}}{}{{}{{{}}}{{{}{{{{}{}}{}}{{{}}{}}{{{}}{}{{}}{{{}{{{{{}{}}}{}}{{{{{{}{}}{}{}{{}}{{}{{{}{{}{}{{}{{{{{}}}}}}{}{{}{{{}}{{{{{{}{{}{{{{}{}{}}}}}}{}}{}{}}}}}{{{}{{}}{}{}}}}{}{}{{{{}}{{{}{{}{{}}{{{{{}{
1039 4964
1039 2496
3442 4964
1039 3139
1031 4964
1039 1991
2572 4964
1039 2985
4719 4964
1039 1872
2754 4964
1039 1383
1753 4964
1039 1688
3541 4964
1039 1553
4484 4964
805 1039
464 4964
1039 1587
2448 4964
1039 3157
3080 4964
1039 3146
2078 4964
1039 2741
3331 4964
573 1039
3277 4964
1039 1397
2294 4964
1039 3132
4273 4964
1039 2462
1776 4964
163 1039
3666 4964
1039 4296
4294 4964
1039 4277
2076 4964
1039 4904
1745 4964
1039 3651
3563 4964
1039 3516
1658 4964
1039 3782
3498 4964
301 1039
4112 4964
786 1039
3259 4964
1039 2913
1929 4964
1039 2239
3875 4964
492 1039
4267 4964
1039 4728
2482 4964
1039 1385
296 4964
1039 4508
4289 4964
1039 1455
2413 4964
1039 2731
3525 4964
1039 4246
1353 4964
1039 1498
380 4964
1039 1734
1821 4964
385 1039
392 4964
1039 4566
4098 4964
1039 3753
2972 4964
147 1039
2549 4964
758 1039
3439 4964
1039 4361
3530 4964
1039 3800
2302 4964
1039 2618
2581 4964
1039 2399
2944 4964
404 1039
173 4964
1039 4604
4198 4964
1039 2093
2414 4964
1039 3935
1897 4964
482 1039
3502 4964
1039 4158
2360 4964
417 1039
4556 4964
651 1039
779 4964
1039 4125
3683 4964
1039 2065
2058 4964
1039 1803
3537 4964
1039 1210
2492 4964
1039 2861
267 4964
1039 1231
1378 4964
1039 1260
2395 4964
1039 1963
3884 4964
1039 1653
4555 4964
1039 1784
3140 4964
115 1039
3405 4964
1039 4841
2783 4964
1039 3545
4132 4964
1039 1156
3045 4964
1039 1843
3620 4964
1039 4977
3920 4964
1039 2291
4940 4964
1039 3386
2890 4964
232 1039
526 4964
1039 4449
1195 4964
1039 1297
3696 4964
336 1039
4790 4964
1039 2401
3942 4964
1039 4345
3183 4964
1039 3784
3862 4964
1039 4603
1015 4964
1039 2010
4533 4964
1039 3086
3444 4964
1039 3232
116 4964
621 1039
3408 4964
1039 3131
3210 4964
1039 3578
4241 4964
1039 4767
3888 4964
484 1039
1454 4964
629 1039
1742 4964
1039 2312
3704 4964
1039 1321
930 4964
1039 2007
1318 4964
1039 2592
4572 4964
1039 2597
1183 4964
1039 3467
4053 4964
1039 1315
2017 4964
1039 1131
2855 4964
1039 4740
4854 4964
109 1039
1444 4964
1039 1809
2712 4964
1039 2788
934 4964
903 1039
703 4964
1039 3128
1209 4964
1039 1491
1874 4964
1039 2129
767 4964
1039 4034
1883 4964
1039 1928
3446 4964
1039 2272
4263 4964
1039 1425
4456 4964
2 1039
3262 4964
1039 4891
4645 4964
1039 2134
4217 4964
1039 1451
2603 4964
1039 3415
1494 4964
164 1039
765 4964
1039 1303
677 4964
1039 2867
125 4964
1039 1420
733 4964
1039 4086
4517 4964
1039 4107
2194 4964
1039 3240
3551 4964
1039 2567
956 4964
1039 3865
737 4964
1039 3737
4417 4964
1039 3680
1901 4964
1039 3725
3986 4964
1039 2403
1875 4964
1039 1142
2992 4964
1039 3410
1381 4964
1039 1946
2468 4964
1039 3420
4879 4964
449 1039
1138 4964
1039 3255
1858 4964
1039 2910
3472 4964
826 1039
1496 4964
816 1039
1387 4964
1039 4696
1628 4964
1039 3783
4118 4964
1039 2432
3960 4964
235 1039
1700 4964
627 1039
431 4964
1039 2327
1008 4964
1039 1233
4048 4964
1039 3105
3966 4964
1039 3314
60 4964
1039 2066
4783 4964
1039 2242
1107 4964
1039 4212
2643 4964
1039 3129
4469 4964
1039 1262
3820 4964
847 1039
1598 4964
1039 1634
884 4964
1039 1539
959 4964
1039 3866
3886 4964
1039 1118
275 4964
1039 3512
349 4964
206 1039
995 4964
1039 3849
1855 4964
30 1039
850 4964
1039 2607
1182 4964
1039 4369
2176 4964
1039 2077
1708 4964
1039 2286
4400 4964
1039 3316
1017 4964
1039 4812
2829 4964
907 1039
4122 4964
1039 2510
2523 4964
1039 3061
4779 4964
1039 3368
3249 4964
1039 2822
2676 4964
1039 3589
2199 4964
1039 1926
3816 4964
1039 3604
3556 4964
1039 1632
756 4964
1039 1112
4928 4964
549 1039
3892 4964
1039 3774
3840 4964
1039 1974
1405 4964
1039 4619
2209 4964
1039 3922
2150 4964
1039 4591
4312 4964
1039 1535
4140 4964
1039 2406
1732 4964
1039 1499
3652 4964
1039 1738
3518 4964
153 1039
4398 4964
1039 2594
3793 4964
1039 2064
3372 4964
1039 1691
556 4964
799 1039
3553 4964
1039 1207
64 4964
1039 2323
1626 4964
1039 2113
4960 4964
1039 2818
4204 4964
62 1039
933 4964
1039 4126
1012 4964
1039 1649
969 4964
1039 3612
3957 4964
887 1039
3191 4964
1039 4411
2202 4964
1039 2692
3199 4964
1039 4357
2711 4964
98 1039
156 4964
1039 2041
4354 4964
1039 1188
2297 4964
1039 1361
1200 4964
1039 1391
490 4964
1039 2535
2652 4964
1039 2354
4586 4964
1039 2143
54 4964
1039 2167
561 4964
1039 4890
3470 4964
1039 2645
1172 4964
1039 4717
3944 4964
1039 4924
3243 4964
1039 2094
3493 4964
1039 1236
2508 4964
1039 1762
3861 4964
85 1039
1187 4964
940 1039
1849 4964
665 1039
3143 4964
622 1039
4448 4964
1039 1462
1712 4964
1039 1944
4258 4964
1039 1048
4298 4964
1039 3863
3962 4964
1039 4951
2507 4964
1039 2743
4186 4964
1039 4880
4209 4964
1039 4453
1170 4964
1039 4703
4623 4964
1039 1913
1407 4964
1039 1770
3244 4964
26 1039
3940 4964
1039 4172
3534 4964
1039 3772
2473 4964
1039 1684
2882 4964
1039 1810
4776 4964
1039 3333
559 4964
1039 1092
1517 4964
1039 4114
1851 4964
1039 2738
3685 4964
1039 2289
2163 4964
1039 4918
1839 4964
897 1039
2838 4964
1039 3873
550 4964
1001 1039
2465 4964
1039 2161
3219 4964
1039 3637
4479 4964
185 1039
4124 4964
1039 1806
1372 4964
1039 2442
730 4964
1039 1615
572 4964
1039 2697
1750 4964
1039 3973
2584 4964
1039 2796
244 4964
1039 2686
4283 4964
1039 3170
3829 4964
1039 1223
2446 4964
306 1039
3692 4964
140 1039
3611 4964
1039 1215
800 4964
1039 2114
2090 4964
1039 2702
2830 4964
1039 1337
2088 4964
1039 1367
1263 4964
1039 3403
2694 4964
55 1039
1509 4964
1039 3256
2463 4964
1039 2835
4370 4964
1039 2965
4231 4964
1039 3077
4699 4964
1039 3097
386 4964
304 1039
563 4964
1039 3194
1633 4964
1039 4165
952 4964
1039 2736
157 4964
1039 3311
1441 4964
1039 2108
4876 4964
1039 3632
1799 4964
12 1039
2781 4964
1039 4691
2706 4964
1039 2200
3675 4964
1039 4927
4950 4964
1039 1479
4862 4964
459 1039
4371 4964
1039 4239
4701 4964
1039 3158
2682 4964
1039 1505
4155 4964
1039 2137
2062 4964
308 1039
1668 4964
1039 4754
245 4964
1039 4743
2195 4964
1039 3622
1136 4964
1039 3208
1522 4964
1039 3398
3196 4964
1039 3175
2172 4964
1039 2791
653 4964
1039 4147
2816 4964
1039 3705
2300 4964
1039 4389
1830 4964
641 1039
4138 4964
1039 3574
3087 4964
1039 1151
667 4964
723 1039
263 4964
1039 1186
2834 4964
1039 1144
331 4964
1039 1689
4492 4964
819 1039
302 4964
1039 1775
4317 4964
1039 1065
1056 4964
1039 3416
1301 4964
1039 2525
4438 4964
1039 4957
2252 4964
1039 2678
1216 4964
1039 4925
4554 4964
1039 1266
256 4964
649 1039
992 4964
1039 1331
46 4964
1039 4813
3253 4964
1039 1490
731 4964
1039 2334
3394 4964
1039 4287
701 4964
1039 2288
4065 4964
105 1039
4382 4964
1039 3020
2613 4964
577 1039
4043 4964
1039 1551
3152 4964
1039 4772
1106 4964
1039 3524
3847 4964
18 1039
3488 4964
364 1039
3352 4964
1039 3122
63 4964
1039 1956
716 4964
1039 4523
4830 4964
1039 1530
4534 4964
1039 4610
3404 4964
1039 4859
253 4964
576 1039
355 4964
1039 2230
1212 4964
1039 3299
4229 4964
1039 1461
225 4964
1039 2701
1171 4964
1039 2052
223 4964
1039 1456
4068 4964
1039 3814
3040 4964
1039 4541
4897 4964
1039 1077
4964 4973
1039 1175
81 4964
1039 2021
3834 4964
1039 2100
142 4964
1039 2766
4900 4964
1039 2894
4671 4964
208 1039
1687 4964
1039 4673
3220 4964
1039 1657
2912 4964
203 1039
2750 4964
1039 2555
3614 4964
1039 2966
2477 4964
1039 3093
746 4964
1039 4974
3988 4964
1039 1281
1237 4964
1039 4130
4180 4964
1039 4060
4160 4964
644 1039
3430 4964
363 1039
508 4964
1039 2478
1726 4964
1018 1039
4828 4964
1039 3012
4040 4964
1039 3747
3949 4964
1039 1398
2027 4964
1039 3571
4863 4964
199 1039
3345 4964
645 1039
4342 4964
1039 4164
382 4964
1039 4889
2983 4964
1039 4858
3503 4964
1039 3823
1765 4964
1039 1999
840 4964
1039 2734
1154 4964
821 1039
4106 4964
961 1039
2035 4964
558 1039
4372 4964
1039 1181
1515 4964
1039 3190
3263 4964
1039 4965
2236 4964
1039 4932
2892 4964
1039 1557
1763 4964
384 1039
3217 4964
1039 4504
734 4964
396 1039
771 4964
1039 1703
2032 4964
634 1039
2908 4964
1039 4780
4720 4964
1039 4570
2433 4964
1039 4176
4578 4964
853 1039
4207 4964
154 1039
2502 4964
1039 1724
540 4964
1039 4861
1366 4964
1039 2126
938 4964
1039 2556
2531 4964
1039 4096
4023 4964
1039 1620
1558 4964
1039 3703
1034 4964
1039 1296
1392 4964
1039 3678
14 4964
1039 1710
485 4964
1039 2880
4073 4964
1039 2118
4163 4964
1039 3839
3406 4964
1039 2336
4384 4964
1039 2269
2679 4964
1039 4095
1884 4964
1039 3711
4536 4964
309 1039
4700 4964
1039 2656
3645 4964
1039 3171
1459 4964
1039 4480
4252 4964
1039 2259
443 4964
1039 3916
4403 4964
58 1039
4131 4964
1039 4266
241 4964
1039 2634
346 4964
1039 3159
2794 4964
1039 3756
2407 4964
1039 1069
4230 4964
1039 4454
2390 4964
1039 2803
4675 4964
880 1039
1289 4964
1039 2439
1813 4964
1039 2097
3120 4964
1039 2411
3189 4964
1039 1852
3486 4964
1039 2250
3977 4964
1039 2800
2368 4964
1039 4458
3506 4964
1039 2756
1811 4964
1039 2339
1357 4964
1039 4256
427 4964
876 1039
3285 4964
1039 4157
3222 4964
1039 3877
2732 4964
1039 2990
3010 4964
1039 4599
4327 4964
1039 2418
2085 4964
1039 2539
4784 4964
1007 1039
4931 4964
1039 3390
329 4964
1039 4752
249 4964
1039 1561
4739 4964
960 1039
4019 4964
1039 3909
356 4964
1039 2558
1722 4964
1039 4625
539 4964
1039 1907
2869 4964
1039 1082
442 4964
1039 3307
2296 4964
1039 4757
611 4964
1005 1039
2768 4964
1039 2547
1589 4964
1039 2481
1480 4964
1039 3200
953 4964
1039 2033
1475 4964
475 1039
2206 4964
673 1039
798 4964
1039 1434
1759 4964
1039 2619
3638 4964
1039 1427
1882 4964
117 1039
3036 4964
1039 2204
3899 4964
635 1039
1601 4964
1039 3236
145 4964
1039 2295
2573 4964
1039 2809
2079 4964
1039 3618
1446 4964
1039 3510
389 4964
1039 2670
3276 4964
1039 3466
2046 4964
1039 2620
1665 4964
1039 2866
3186 4964
1039 2759
2382 4964
1039 3583
3354 4964
1039 4250
2362 4964
1039 4470
1698 4964
1039 3366
3227 4964
1039 3776
3905 4964
1039 2307
1927 4964
1039 2924
1909 4964
1039 2315
2428 4964
1039 1636
2466 4964
1039 4110
1495 4964
1039 1251
228 4964
807 1039
4626 4964
1039 1238
2254 4964
320 1039
2984 4964
1039 4649
2364 4964
1039 1471
4938 4964
1039 3799
2919 4964
1039 4057
2214 4964
1039 4392
3267 4964
1039 3924
3726 4964
1039 2103
3613 4964
1039 3655
462 4964
1039 2646
2813 4964
418 1039
2412 4964
299 1039
2453 4964
1039 2742
1328 4964
1039 1842
2422 4964
675 1039
3565 4964
1039 2443
1546 4964
1039 1808
1248 4964
1039 4777
498 4964
1039 1370
2604 4964
1039 1798
1424 4964
1039 1452
3607 4964
1039 1572
1373 4964
1039 4939
3568 4964
452 1039
4544 4964
1039 4409
3806 4964
1039 2660
2038 4964
835 1039
1298 4964
1039 4753
3359 4964
1039 3321
1306 4964
1039 4959
2425 4964
1039 2247
2437 4964
1039 2501
403 4964
1039 3241
2460 4964
1039 4883
69 4964
1039 2602
954 4964
570 1039
3182 4964
1039 3842
4356 4964
1039 3018
4704 4964
1039 4872
3836 4964
793 1039
3528 4964
1039 1727
4419 4964
1039 3529
3399 4964
1039 1426
260 4964
1039 2223
2203 4964
1039 3808
3150 4964
1039 2037
3347 4964
1039 3948
1915 4964
1039 2067
1959 4964
374 1039
2181 4964
1039 2409
690 4964
1039 1066
2629 4964
1039 4650
3434 4964
1039 3732
852 4964
666 1039
3083 4964
1039 2430
4652 4964
593 1039
1355 4964
1039 3812
4526 4964
1039 2633
2427 4964
1039 2936
1986 4964
1039 1473
1416 4964
1039 4436
1932 4964
702 1039
2718 4964
1039 4734
2483 4964
1039 1356
2472 4964
1039 1567
2451 4964
1039 1890
2092 4964
1039 4353
1055 4964
778 1039
1224 4964
1039 4725
313 4964
1039 3864
4245 4964
1039 2833
2142 4964
1039 4618
3387 4964
1039 4254
1139 4964
205 1039
791 4964
281 1039
4433 4964
1039 2201
3713 4964
858 1039
2298 4964
1039 3062
3535 4964
1039 2609
1417 4964
1039 3639
500 4964
1039 1873
889 4964
1039 3054
1062 4964
1039 1584
4742 4964
547 1039
2370 4964
1039 2258
68 4964
1039 3340
135 4964
218 1039
1758 4964
1039 2950
3796 4964
1039 2178
165 4964
1039 1206
1600 4964
1039 4323
2798 4964
1039 1413
1164 4964
1039 4457
772 4964
335 1039
3778 4964
273 1039
4736 4964
1039 3031
2447 4964
1039 1483
2939 4964
1039 4183
3552 4964
1039 3343
2819 4964
1039 2237
839 4964
1039 4455
3943 4964
1039 2095
4012 4964
1039 2450
4373 4964
1039 4934
3898 4964
1039 4547
453 4964
1039 2699
739 4964
1039 1743
736 4964
1039 3526
1819 4964
293 1039
3765 4964
270 1039
4964 4981
1039 3137
1269 4964
1039 2907
2802 4964
592 1039
473 4964
1039 4949
101 4964
1039 4153
3930 4964
1039 4722
4789 4964
129 1039
2005 4964
1039 4000
4574 4964
1039 2149
4450 4964
1039 2070
2158 4964
1039 4563
3138 4964
1039 2089
2358 4964
1039 3803
2096 4964
1039 1958
4141 4964
1039 3824
2873 4964
1039 3590
3900 4964
409 1039
4238 4964
1039 3107
2299 4964
1039 4045
613 4964
86 1039
4964 4985
1039 1339
3014 4964
27 1039
1158 4964
1039 4313
4347 4964
1039 4047
1675 4964
1039 3400
1020 4964
1039 3233
3955 4964
1039 4997
3201 4964
1039 2374
2467 4964
1039 3374
394 4964
1039 4055
3641 4964
1039 1764
2537 4964
1039 1080
872 4964
1039 3463
740 4964
1039 2815
1512 4964
43 1039
4020 4964
1039 2350
4606 4964
948 1039
4188 4964
37 1039
2389 4964
1039 3464
4050 4964
1039 2396
2914 4964
1039 2340
354 4964
1039 4474
2859 4964
1039 1114
3317 4964
1039 2551
4881 4964
1039 4407
3650 4964
1039 4746
3853 4964
1039 1395
1351 4964
1039 3293
3003 4964
1039 3114
1780 4964
1039 3350
3770 4964
1039 4511
224 4964
1039 2013
1719 4964
1039 4499
801 4964
1039 2372
2883 4964
1039 4579
4524 4964
1039 2762
2955 4964
1039 1680
2989 4964
1039 4611
806 4964
1039 2664
2305 4964
124 1039
1919 4964
1039 3412
4056 4964
1039 3660
3180 4964
1039 3349
1141 4964
1039 1386
4944 4964
1039 2545
3231 4964
1039 3477
1157 4964
130 1039
3185 4964
1039 3619
1377 4964
402 1039
2087 4964
1039 2493
2112 4964
1039 1911
2219 4964
754 1039
1886 4964
1039 2147
1155 4964
1039 4689
4420 4964
47 1039
512 4964
1039 3594
1503 4964
1039 1486
664 4964
1039 2672
3910 4964
989 1039
3710 4964
1039 1952
3169 4964
1039 2347
4137 4964
1032 1039
981 4964
1039 2155
1347 4964
1039 3870
951 4964
1039 2371
4226 4964
9 1039
183 4964
1039 3382
4195 4964
1039 3992
3013 4964
1039 3383
822 4964
1039 4832
4814 4964
1039 4482
829 4964
698 1039
1326 4964
1039 2837
38 4964
1039 3946
3751 4964
1039 4614
4885 4964
1039 1083
4339 4964
1039 1122
1127 4964
1039 3283
4964 4975
1004 1039
527 4964
1039 4380
350 4964
1039 3438
323 4964
180 1039
1024 4964
1039 3215
726 4964
1039 3388
2649 4964
773 1039
2900 4964
1039 1582
3016 4964
1039 4116
3885 4964
1039 1285
3766 4964
1039 4983
4341 4964
91 1039
1071 4964
1039 4559
1476 4964
239 1039
1152 4964
1039 4168
3142 4964
875 1039
3034 4964
1039 4247
2999 4964
198 1039
352 4964
1039 1537
4761 4964
1039 4829
6 4964
1039 1580
3098 4964
178 1039
3694 4964
1039 2906
541 4964
1039 4685
4445 4964
1039 4461
74 4964
1039 4937
2598 4964
1039 1220
114 4964
1039 4406
1679 4964
1039 4724
2810 4964
1039 4278
1033 4964
1039 4979
3771 4964
1039 4707
1030 4964
1039 2083
2265 4964
1039 4796
1942 4964
1039 4994
1323 4964
1039 4589
838 4964
1039 2091
2927 4964
760 1039
3 4964
1039 2050
4064 4964
1039 4244
3315 4964
1039 3121
513 4964
1039 3187
4495 4964
1039 1741
3779 4964
332 1039
4550 4964
1039 4865
276 4964
660 1039
3702 4964
770 1039
4235 4964
1039 4629
4627 4964
1039 2974
1879 4964
1039 2708
857 4964
1039 4811
764 4964
1039 2726
846 4964
516 1039
4864 4964
1039 4999
1914 4964
1039 1725
1333 4964
325 1039
2845 4964
1039 3377
212 4964
376 1039
1348 4964
92 1039
2151 4964
1039 1257
2849 4964
1039 4203
2807 4964
375 1039
2854 4964
1039 4142
1602 4964
1039 2850
3648 4964
1039 3384
3179 4964
843 1039
4963 4964
1039 2479
3351 4964
1039 2080
4527 4964
738 1039
311 4964
833 1039
1292 4964
1039 1245
2538 4964
1039 3060
688 4964
1039 2144
1699 4964
1039 3818
4585 4964
1039 4715
1253 4964
722 1039
4528 4964
1039 1063
1507 4964
1039 2747
4662 4964
1039 4008
4321 4964
1039 2319
2628 4964
1039 2342
4530 4964
925 1039
1057 4964
831 1039
2365 4964
710 1039
2895 4964
1039 3515
4379 4964
1039 2771
1631 4964
1039 2386
2710 4964
1039 4038
4787 4964
617 1039
4693 4964
1039 4785
2851 4964
1039 1987
455 4964
1039 3065
3422 4964
1039 4622
4109 4964
1039 3848
3917 4964
1039 2789
705 4964
1039 2767
672 4964
1039 2301
2098 4964
96 1039
4804 4964
804 1039
4311 4964
1039 4194
637 4964
1014 1039
2948 4964
1039 1746
3188 4964
712 1039
219 4964
1039 2898
3044 4964
78 1039
3901 4964
1039 3230
211 4964
1039 1971
4768 4964
1039 1749
4149 4964
1039 2568
520 4964
1039 2326
2751 4964
1039 2263
2421 4964
1039 2309
4359 4964
1039 1772
3456 4964
1039 3039
4799 4964
1039 1877
3116 4964
1039 4577
4201 4964
1039 1969
4952 4964
663 1039
362 4964
1039 4269
2256 4964
1039 1311
910 4964
691 1039
1573 4964
1039 4775
4103 4964
926 1039
3832 4964
1039 3815
1954 4964
1039 3843
2560 4964
1039 1867
3261 4964
53 1039
266 4964
1039 1329
3587 4964
1039 1714
886 4964
1039 3035
2138 4964
234 1039
2378 4964
412 1039
2212 4964
699 1039
4733 4964
1039 3271
1325 4964
1039 4984
3501 4964
1039 1695
4964 4969
1039 1078
3313 4964
1039 3883
530 4964
1039 2285
3435 4964
1039 2391
4074 4964
1039 4281
3825 4964
1039 4310
624 4964
1039 3130
4616 4964
1039 4248
3855 4964
1039 2140
2454 4964
674 1039
999 4964
110 1039
3584 4964
1039 4276
3856 4964
1039 4185
1169 4964
1039 2009
1320 4964
1039 2687
2949 4964
1039 1408
3606 4964
1039 4545
2544 4964
1039 2685
2039 4964
1039 1431
2707 4964
557 1039
1173 4964
1039 3026
373 4964
1039 1767
2868 4964
194 1039
2959 4964
1039 2674
3958 4964
1039 3000
619 4964
1039 3754
483 4964
128 1039
3401 4964
529 1039
3047 4964
1039 4682
3717 4964
1039 2540
1235 4964
586 1039
3546 4964
1039 4818
2987 4964
1039 3743
984 4964
1039 3983
451 4964
1039 4580
1579 4964
1039 3117
1977 4964
1039 3984
4748 4964
1039 4634
2357 4964
1039 4995
2119 4964
133 1039
2022 4964
1039 4316
1681 4964
1039 3473
4270 4964
1039 4002
2241 4964
1039 2778
3161 4964
1039 3630
4304 4964
1039 1859
1800 4964
1039 3731
166 4964
1039 3011
900 4964
59 1039
3357 4964
1039 1785
34 4964
1039 2727
1234 4964
1039 3797
1892 4964
1039 2675
1701 4964
15 1039
860 4964
1039 4598
4004 4964
1039 4871
626 4964
1039 3532
4729 4964
1039 1276
980 4964
1039 3329
1673 4964
1039 1286
497 4964
1039 1622
2688 4964
1039 2988
1445 4964
1039 4500
4211 4964
1039 1972
2245 4964
1039 3148
1997 4964
1039 4551
2658 4964
1039 2588
72 4964
1039 3166
3869 4964
1039 2441
3258 4964
1039 4803
2596 4964
419 1039
3436 4964
1039 2888
2243 4964
1039 4903
192 4964
1039 1614
741 4964
1039 1542
3780 4964
1039 1826
1468 4964
1039 1829
4031 4964
444 1039
3662 4964
1039 4532
1153 4964
341 1039
2023 4964
1039 2713
600 4964
1039 4845
4838 4964
1039 1098
3479 4964
1039 3718
895 4964
1039 4958
3458 4964
1039 4210
3878 4964
1039 4502
1488 4964
1039 4668
1564 4964
1039 3450
4362 4964
1039 2870
4665 4964
1039 2655
4181 4964
1039 1868
3375 4964
1039 3904
4676 4964
1039 3777
3362 4964
1039 2804
4366 4964
1039 3592
4513 4964
1039 4219
757 4964
1039 4001
1006 4964
1039 1847
251 4964
820 1039
3428 4964
1039 1801
3667 4964
1039 2997
1917 4964
422 1039
2671 4964
1039 3499
994 4964
679 1039
1022 4964
908 1039
681 4964
1039 2226
3214 4964
1039 2827
3634 4964
1039 1198
4145 4964
1039 3409
4588 4964
1039 1437
3440 4964
919 1039
4624 4964
1039 2397
300 4964
920 1039
4099 4964
1039 1429
4964 4971
1039 1042
724 4964
1039 2973
1616 4964
1039 2509
288 4964
605 1039
4807 4964
1039 2901
1079 4964
1039 4525
4637 4964
1039 2318
532 4964
1039 2030
3154 4964
1039 2127
1145 4964
1039 3469
4174 4964
1039 1287
966 4964
1039 1436
4846 4964
510 1039
118 4964
1039 3019
4079 4964
1039 3591
2758 4964
1039 1866
2786 4964
1039 2461
2957 4964
1039 4464
1570 4964
1039 4338
3972 4964
1039 4076
1648 4964
1039 3471
1193 4964
1039 1310
3644 4964
1039 2970
345 4964
1039 3999
2329 4964
1039 4094
3005 4964
1039 1410
4302 4964
1039 2125
1299 4964
743 1039
4607 4964
1039 3668
2264 4964
1039 4119
4732 4964
1039 1975
3880 4964
73 1039
4351 4964
1039 3879
4115 4964
1039 2846
3235 4964
1039 3982
578 4964
1039 1833
3513 4964
1 1039
3296 4964
1039 3465
1976 4964
1039 2261
1160 4964
1039 4852
3788 4964
727 1039
1949 4964
1039 4044
2632 4964
1039 1856
2488 4964
1039 3775
3075 4964
1039 2190
3539 4964
1039 2002
3057 4964
472 1039
1621 4964
1039 4046
2897 4964
1039 4769
2057 4964
1039 1574
3282 4964
408 1039
144 4964
844 1039
1603 4964
1026 1039
1229 4964
1039 1102
4810 4964
1039 1896
310 4964
848 1039
921 4964
284 1039
1428 4964
700 1039
3786 4964
973 1039
1931 4964
1039 2429
4670 4964
95 1039
1163 4964
505 1039
841 4964
1039 3173
2512 4964
1039 2120
1189 4964
259 1039
4766 4964
1039 4791
3459 4964
1039 2232
4410 4964
113 1039
1840 4964
1039 2518
4941 4964
1039 1403
648 4964
1039 1605
330 4964
1039 2356
4264 4964
1039 1302
1513 4964
1039 2019
1149 4964
759 1039
3332 4964
1039 3833
2376 4964
1039 1888
4169 4964
1039 4902
2722 4964
1039 2452
2902 4964
560 1039
2941 4964
1039 4756
1267 4964
1039 4387
3933 4964
1039 1934
295 4964
1039 4824
580 4964
1039 4967
4672 4964
1039 4236
3996 4964
1039 1097
901 4964
963 1039
4319 4964
357 1039
3635 4964
1039 4848
3254 4964
1039 4015
942 4964
1039 4560
3564 4964
1039 2274
3728 4964
1039 1264
4514 4964
985 1039
2438 4964
1039 1283
4471 4964
787 1039
3160 4964
1039 2229
1903 4964
1039 1737
729 4964
1039 1723
1150 4964
1039 1599
2490 4964
1039 1861
609 4964
1039 3744
2964 4964
1039 3976
1740 4964
1039 2995
1660 4964
1039 3272
393 4964
1039 4540
582 4964
209 1039
121 4964
1039 3269
25 4964
1039 2160
4497 4964
1039 3895
1995 4964
1039 4758
1604 4964
1039 4972
4849 4964
1039 4386
3699 4964
1039 2387
1996 4964
1039 1458
4375 4964
878 1039
3759 4964
1039 3969
2487 4964
1039 1671
3517 4964
1039 4751
4336 4964
562 1039
656 4964
1039 4621
445 4964
1039 4684
2752 4964
1039 2930
3941 4964
1039 2014
158 4964
1039 2117
3566 4964
1039 3074
379 4964
1039 4013
177 4964
1039 1674
2775 4964
1039 1265
3519 4964
1039 3938
4712 4964
1039 2857
2168 4964
1039 4036
4167 4964
440 1039
1795 4964
1039 2031
2173 4964
1039 3468
231 4964
1039 2016
2116 4964
1039 1728
1529 4964
811 1039
3906 4964
371 1039
970 4964
1039 2474
3520 4964
1039 3066
4434 4964
1039 3540
254 4964
1039 4293
195 4964
1039 4473
795 4964
1039 3209
2238 4964
1039 4042
535 4964
1039 1418
2774 4964
1039 3226
3323 4964
1039 3768
3091 4964
1039 2505
4377 4964
1039 2071
4466 4964
1039 1219
2623 4964
1039 4869
1049 4964
1039 4648
1659 4964
631 1039
905 4964
1039 4529
3423 4964
974 1039
2574 4964
1036 1039
4644 4964
1039 4084
2366 4964
1039 3480
2577 4964
1039 3658
3851 4964
620 1039
2566 4964
579 1039
4286 4964
935 1039
3908 4964
1039 2651
2402 4964
1039 4631
1964 4964
242 1039
3807 4964
1039 2891
1524 4964
1039 3483
4349 4964
1039 3053
2812 4964
1029 1039
784 4964
1039 2470
501 4964
1039 3037
1125 4964
1039 2532
4816 4964
1039 4986
1448 4964
610 1039
1912 4964
1039 3570
3163 4964
1039 4039
3041 4964
1039 3367
1729 4964
1039 3521
1902 4964
1039 4059
1402 4964
1039 3457
2001 4964
614 1039
3669 4964
1039 1690
1376 4964
1039 1140
4948 4964
1039 3687
1435 4964
1039 1132
932 4964
1039 1609
936 4964
1039 3595
4850 4964
1039 2040
248 4964
1039 4459
3365 4964
1039 4808
2808 4964
1039 2820
1543 4964
1039 4723
695 4964
646 1039
1244 4964
1039 2290
3144 4964
1039 4058
2932 4964
1039 2814
4418 4964
1039 3582
1457 4964
1039 3009
3872 4964
1039 2865
4189 4964
432 1039
742 4964
1039 2135
4368 4964
1039 2630
2700 4964
1039 4679
2714 4964
1039 4487
160 4964
1039 3657
4781 4964
1039 3579
41 4964
1039 4399
3709 4964
1039 1906
3373 4964
1039 4135
2169 4964
1039 4415
599 4964
1039 1342
1364 4964
1039 3715
467 4964
1039 4422
4335 4964
1039 4035
1120 4964
1039 4408
3695 4964
1039 1652
278 4964
1039 4300
3907 4964
1039 4274
1213 4964
1039 4809
3670 4964
1039 2981
707 4964
1039 1249
4078 4964
1039 2115
3835 4964
1039 3275
1908 4964
1039 2755
882 4964
689 1039
3216 4964
214 1039
987 4964
1039 3177
3303 4964
1039 1834
361 4964
1039 3741
3198 4964
1039 4552
4154 4964
1039 2847
1792 4964
1039 3095
2338 4964
1039 1506
1243 4964
1039 2617
94 4964
1039 2730
1205 4964
1039 2008
2698 4964
1039 3287
3001 4964
1039 3811
2036 4964
1039 1365
797 4964
1039 2494
1334 4964
1039 3147
289 4964
1039 3203
3052 4964
1039 4028
1510 4964
1039 3419
397 4964
1039 4993
2703 4964
1039 3380
1611 4964
1039 4657
3134 4964
1039 4022
854 4964
277 1039
4222 4964
1039 1998
216 4964
1039 2881
405 4964
615 1039
4491 4964
704 1039
4146 4964
1039 1225
407 4964
1039 2006
4173 4964
1039 3071
598 4964
1039 3664
4613 4964
1019 1039
507 4964
1039 3229
1943 4964
863 1039
3527 4964
93 1039
2611 4964
1039 2606
1279 4964
1039 2330
1497 4964
1039 4782
2591 4964
236 1039
4702 4964
574 1039
692 4964
42 1039
3297 4964
1039 3085
4605 4964
1039 1255
3661 4964
1039 4081
2668 4964
1039 2625
2862 4964
1039 3385
3495 4964
1039 4887
1617 4964
1039 2517
2344 4964
1039 3993
1218 4964
1039 1134
334 4964
1039 1783
4097 4964
1039 4584
2104 4964
1039 4424
4200 4964
257 1039
856 4964
1039 3585
2842 4964
87 1039
1035 4964
1039 4823
3599 4964
1039 1768
2003 4964
1039 1047
4090 4964
1039 1718
4658 4964
1039 2400
2131 4964
1039 4427
61 4964
1039 4184
686 4964
533 1039
3559 4964
1039 3223
3484 4964
1039 1592
2515 4964
1039 2367
4656 4964
1039 2757
1095 4964
1039 3672
51 4964
1039 1409
1850 4964
1039 2935
1945 4964
1039 2240
333 4964
1039 3952
327 4964
1039 2640
1752 4964
1039 4063
4227 4964
531 1039
2074 4964
1039 1545
3274 4964
1039 1412
4378 4964
1039 2480
4416 4964
1039 3500
3221 4964
1039 4243
137 4964
1039 3533
1982 4964
768 1039
3429 4964
1039 3022
1973 4964
1039 2244
1023 4964
1039 2986
88 4964
1039 1692
3421 4964
1039 3369
1666 4964
1039 2152
2392 4964
1039 2521
3212 4964
1039 1430
1739 4964
1039 2205
2436 4964
594 1039
3496 4964
1039 2615
3925 4964
749 1039
1863 4964
1039 4962
2578 4964
1039 4898
1832 4964
591 1039
2562 4964
1039 1531
1384 4964
1039 3554
1477 4964
1039 3767
3135 4964
82 1039
3069 4964
1039 2961
2146 4964
252 1039
4061 4964
623 1039
4007 4964
1037 1039
1555 4964
1039 3336
2586 4964
1039 1293
1568 4964
1039 2044
1831 4964
1039 1930
1786 4964
1039 3197
3153 4964
639 1039
4489 4964
1039 3341
3575 4964
1039 4014
4024 4964
967 1039
4093 4964
1039 1168
1613 4964
1039 1528
4494 4964
1039 4582
2170 4964
1039 2222
4601 4964
1039 2183
636 4964
1039 2657
4669 4964
171 1039
1179 4964
1039 1947
4595 4964
1039 2011
19 4964
1039 4490
340 4964
1039 2278
2590 4964
747 1039
2953 4964
1039 1782
3167 4964
1039 4596
3378 4964
250 1039
134 4964
519 1039
4182 4964
1039 3716
1343 4964
381 1039
2942 4964
1039 4178
4170 4964
1039 4429
1910 4964
1039 2384
3947 4964
1039 2951
504 4964
1039 4282
3926 4964
825 1039
4792 4964
1039 3978
4750 4964
1039 1881
2637 4964
1039 4393
3915 4964
1039 2705
718 4964
1039 3995
1664 4964
1039 3165
1844 4964
1039 4608
3682 4964
1039 3536
3155 4964
1039 2982
1891 4964
1039 3033
3544 4964
1039 4639
3514 4964
1039 1214
89 4964
1039 2355
2926 4964
1039 1332
233 4964
1039 4016
2975 4964
496 1039
3673 4964
1039 4148
227 4964
1039 4667
3746 4964
1039 3887
3642 4964
1039 2405
4111 4964
1039 2124
958 4964
1039 1371
4082 4964
1039 3633
3485 4964
1039 2832
169 4964
602 1039
4295 4964
1039 2600
4678 4964
1039 4085
76 4964
1039 1899
2257 4964
1039 1697
616 4964
861 1039
4705 4964
1039 1089
4726 4964
1039 2164
294 4964
929 1039
4077 4964
944 1039
430 4964
1039 4440
4144 4964
1039 2024
1345 4964
720 1039
378 4964
1039 2874
4892 4964
1039 3322
642 4964
1039 3119
3358 4964
1039 2956
4866 4964
1039 4421
4343 4964
1039 4537
120 4964
11 1039
470 4964
1039 3111
2359 4964
1039 3621
3874 4964
1039 3268
3431 4964
1039 3810
3346 4964
1039 2345
2148 4964
13 1039
1484 4964
75 1039
2824 4964
1039 1990
1865 4964
1039 2255
865 4964
1039 1295
2520 4964
197 1039
553 4964
1039 3149
818 4964
1039 3025
4425 4964
1039 4688
1676 4964
1039 4049
643 4964
753 1039
774 4964
1039 3929
2683 4964
877 1039
2943 4964
670 1039
1201 4964
1039 2417
2197 4964
1039 4477
1733 4964
1039 3890
4943 4964
1039 2795
721 4964
1039 1571
1002 4964
1039 3721
4396 4964
1039 3181
3581 4964
1039 3921
1871 4964
7 1039
3324 4964
1039 2614
4439 4964
1039 3859
1755 4964
1039 2526
680 4964
1039 2420
3184 4964
274 1039
2642 4964
1039 1487
1009 4964
1039 3242
35 4964
1039 1394
543 4964
1039 2971
2530 4964
1039 4261
4843 4964
1039 3845
1313 4964
1039 4686
1941 4964
685 1039
2198 4964
1039 1399
3547 4964
1039 2917
4350 4964
1039 4228
1268 4964
1039 4851
1489 4964
303 1039
1059 4964
1039 4451
4910 4964
493 1039
1463 4964
1039 4397
4798 4964
1039 2072
2221 4964
1039 4414
16 4964
184 1039
1713 4964
1039 4847
763 4964
1039 2000
2840 4964
1039 4759
2404 4964
1039 2018
3734 4964
1039 1641
4430 4964
1039 2689
3646 4964
1039 1933
823 4964
1039 1113
441 4964
1013 1039
2500 4964
395 1039
188 4964
1039 4987
4615 4964
1039 1625
4067 4964
1039 1400
606 4964
1039 2101
4945 4964
1039 1514
3392 4964
312 1039
4011 4964
1039 4935
1500 4964
552 1039
2826 4964
1039 3424
3371 4964
1039 4655
4763 4964
1039 4314
3414 4964
1039 2304
982 4964
1039 2915
4070 4964
1039 4706
2843 4964
207 1039
603 4964
1039 1796
3112 4964
1039 3998
1989 4964
316 1039
2546 4964
1039 2187
4576 4964
1039 2550
287 4964
1039 1994
2084 4964
1039 4171
167 4964
1039 1319
3494 4964
1039 1845
2456 4964
1039 1828
521 4964
1039 1369
3789 4964
955 1039
342 4964
1039 1754
1393 4964
1039 2045
383 4964
1039 2267
1518 4964
988 1039
1199 4964
1039 2977
437 4964
1039 3610
4326 4964
1039 4328
2415 4964
745 1039
2654 4964
1039 2853
837 4964
1039 2534
3363 4964
1039 1304
4538 4964
1039 4518
1951 4964
1039 3572
4233 4964
871 1039
3964 4964
1039 4716
48 4964
1039 1802
4913 4964
315 1039
3531 4964
1039 1382
1536 4964
1039 4255
3081 4964
1039 2025
851 4964
1039 2554
3174 4964
28 1039
3079 4964
1039 3094
3266 4964
1039 2519
321 4964
1039 2967
1115 4964
1039 4072
862 4964
1039 2582
4643 4964
448 1039
2760 4964
1039 2476
2504 4964
1039 1508
2186 4964
1039 3656
4026 4964
369 1039
1087 4964
1039 1290
4747 4964
77 1039
3482 4964
1039 2107
902 4964
1039 2952
79 4964
1039 1126
4087 4964
67 1039
3481 4964
1039 4833
2541 4964
918 1039
2960 4964
1039 1282
2497 4964
1039 4642
4481 4964
1039 4636
4162 4964
367 1039
3237 4964
1039 4929
1076 4964
1039 3103
1538 4964
4 1039
3335 4964
1039 1240
489 4964
1039 4826
3569 4964
1039 1073
776 4964
1039 2196
1766 4964
49 1039
4187 4964
1039 3300
3903 4964
24 1039
3339 4964
713 1039
1110 4964
1039 3088
4006 4964
1039 1706
1922 4964
1039 1070
1363 4964
808 1039
4521 4964
1039 3749
3308 4964
348 1039
1501 4964
1039 4590
2744 4964
1039 3636
1469 4964
1039 3615
1702 4964
1039 3730
3497 4964
1039 3562
1346 4964
119 1039
3987 4964
1039 3204
4519 4964
1039 3092
4432 4964
1039 4695
2271 4964
1039 3560
1981 4964
1039 1735
3979 4964
1039 1222
2695 4964
1039 4297
694 4964
1039 1447
4117 4964
1039 2528
4092 4964
1039 3761
946 4964
1039 3291
3897 4964
1039 2748
1104 4964
1039 2753
2458 4964
1039 3597
3192 4964
1039 1670
149 4964
1039 2641
687 4964
1039 1227
1147 4964
285 1039
3894 4964
1039 1672
2171 4964
1039 1379
2864 4964
1039 2310
2665 4964
1039 3491
564 4964
1039 3719
2608 4964
949 1039
1250 4964
1039 4690
1642 4964
1039 1254
4964 4970
1039 3643
2563 4964
1039 2337
1178 4964
1039 1470
4609 4964
1039 4215
3032 4964
1039 4778
4166 4964
1039 1438
2279 4964
31 1039
3110 4964
1039 2056
1247 4964
1039 3963
428 4964
1039 4996
3785 4964
1039 2916
4364 4964
1039 2709
3550 4964
1039 4819
4694 4964
1039 3084
414 4964
1039 4630
476 4964
1039 1878
3207 4964
1039 3689
2377 4964
1039 3923
3577 4964
1039 1108
3937 4964
1039 3809
1324 4964
1039 3334
1341 4964
1039 3659
3931 4964
1039 4503
222 4964
1039 4069
174 4964
1039 1309
1450 4964
161 1039
3073 4964
1039 4919
1449 4964
1039 2856
2793 4964
1039 2764
1895 4964
1039 4899
1985 4964
1039 1562
1889 4964
1039 4476
4052 4964
1039 4271
3290 4964
1039 4485
387 4964
1039 2579
3919 4964
1039 4213
4964 4998
1039 2348
2266 4964
1039 2583
1521 4964
1039 2394
1252 4964
399 1039
3096 4964
924 1039
4888 4964
1039 4654
4309 4964
1039 4308
4825 4964
1039 1074
1307 4964
1039 3623
494 4964
1039 4358
3295 4964
1039 2051
1350 4964
1039 2491
3068 4964
170 1039
1526 4964
450 1039
99 4964
1039 3164
2464 4964
1039 3043
1502 4964
1039 3118
3082 4964
1039 1885
1962 4964
1039 2740
4334 4964
1039 2075
1788 4964
1039 3576
4143 4964
1039 2552
3882 4964
1039 2879
3076 4964
1039 4101
97 4964
1039 1161
1061 4964
1039 4460
608 4964
1039 2408
1180 4964
305 1039
1747 4964
1039 4822
3640 4964
84 1039
3857 4964
1039 2486
4664 4964
1039 1396
607 4964
565 1039
4711 4964
1039 1544
3693 4964
1003 1039
4108 4964
454 1039
1093 4964
1039 3603
307 4964
1039 1051
824 4964
1039 3078
4522 4964
1039 1540
201 4964
1039 4175
338 4964
1039 2887
3462 4964
708 1039
4202 4964
1039 2216
1606 4964
1039 2122
4507 4964
1039 3939
3379 4964
1039 2268
1338 4964
1039 2026
2380 4964
1039 1848
3023 4964
1039 4593
3195 4964
1039 2316
1052 4964
1039 4914
2004 4964
655 1039
4953 4964
1039 1129
1460 4964
1039 2180
947 4964
70 1039
3850 4964
1039 1966
337 4964
1039 1630
66 4964
1039 1678
3967 4964
766 1039
4402 4964
1039 1793
3478 4964
1039 2725
181 4964
1039 4646
3985 4964
1039 3739
899 4964
1039 1135
136 4964
1039 3141
3854 4964
1039 2595
176 4964
1039 4260
1937 4964
1039 4731
4102 4964
1039 2721
271 4964
928 1039
1228 4964
1039 1123
502 4964
1039 4299
780 4964
1039 4802
3821 4964
1039 4755
4405 4964
468 1039
481 4964
1039 1401
4564 4964
1039 1443
4708 4964
8 1039
3126 4964
1039 1043
697 4964
1039 4583
3445 4964
1039 2191
436 4964
683 1039
2805 4964
1039 1717
268 4964
1039 3740
1130 4964
1039 1683
3624 4964
1039 3238
261 4964
647 1039
1748 4964
1039 3629
1308 4964
1039 4946
859 4964
1039 3781
3413 4964
1039 4713
2580 4964
424 1039
4025 4964
1039 4177
4262 4964
913 1039
4150 4964
1039 3677
1594 4964
1039 2542
2681 4964
1039 3162
2233 4964
1039 4857
2503 4964
1039 3205
2485 4964
1039 2684
1916 4964
1039 4505
2210 4964
528 1039
3934 4964
1039 1550
1841 4964
1039 2153
1272 4964
1039 1694
1923 4964
566 1039
1028 4964
1039 3509
4920 4964
906 1039
3844 4964
1039 1246
794 4964
1039 1217
4553 4964
1039 1086
2648 4964
1039 3252
3310 4964
983 1039
3058 4964
1039 2156
23 4964
1039 3722
2048 4964
1039 2189
2799 4964
1039 2885
998 4964
1039 2351
2224 4964
1039 1419
2745 4964
977 1039
2576 4964
1039 1619
4795 4964
652 1039
4562 4964
1039 1520
1591 4964
1039 1618
465 4964
1039 4587
2157 4964
1039 3151
3432 4964
1039 3156
1040 4964
1039 1327
1983 4964
1039 4221
32 4964
1039 1041
3224 4964
1039 4253
4628 4964
1039 4027
1992 4964
873 1039
3030 4964
892 1039
3769 4964
1039 3706
3602 4964
1039 3950
868 4964
1039 2060
1596 4964
1039 3609
3381 4964
1039 4332
885 4964
1039 4558
1406 4964
1039 2715
4225 4964
262 1039
2666 4964
1039 1925
4835 4964
917 1039
2322 4964
1039 2904
3522 4964
1039 4620
3443 4964
1039 1273
3813 4964
1039 4745
3489 4964
1039 3247
1288 4964
1039 3050
2962 4964
1039 3846
542 4964
912 1039
828 4964
537 1039
1340 4964
879 1039
3213 4964
1039 4612
3600 4964
1039 2440
1771 4964
1039 3426
1586 4964
1025 1039
3954 4964
1039 3558
714 4964
1039 1869
1091 4964
269 1039
1980 4964
1039 2691
1527 4964
1039 2280
3056 4964
1039 4721
4677 4964
1039 2836
517 4964
1039 3342
1696 4964
131 1039
4571 4964
1039 4218
202 4964
1039 1162
3265 4964
1039 4498
3745 4964
1000 1039
1663 4964
1039 2761
1835 4964
45 1039
2346 4964
1039 4542
2444 4964
138 1039
4240 4964
1039 4741
3990 4964
1039 1760
1968 4964
1039 4535
2553 4964
1039 3763
347 4964
1039 4305
2739 4964
1039 2469
3505 4964
123 1039
1472 4964
1039 3370
2159 4964
715 1039
589 4964
1039 1090
4083 4964
1039 1050
4964 4988
103 1039
3301 4964
264 1039
1979 4964
80 1039
2054 4964
1039 4486
1862 4964
575 1039
3841 4964
1039 1525
3912 4964
439 1039
1258 4964
1039 4216
2423 4964
1039 3700
1256 4964
400 1039
1519 4964
1039 4976
146 4964
1039 3433
2049 4964
597 1039
4196 4964
1039 1352
2284 4964
1039 1547
429 4964
1039 1322
4908 4964
1039 3504
1239 4964
1039 3742
2976 4964
1038 1039
1880 4964
1039 4923
1278 4964
1039 3090
324 4964
1039 1709
1721 4964
682 1039
50 4964
1039 4546
4597 4964
1039 2769
4687 4964
1039 2811
2896 4964
1039 3124
2790 4964
1039 3893
1440 4964
790 1039
4659 4964
1039 2141
3361 4964
1039 4853
4478 4964
1039 1814
2905 4964
1039 2393
2717 4964
1039 1705
4674 4964
1039 3762
1335 4964
1039 2993
339 4964
1039 1349
976 4964
978 1039
1647 4964
1039 3628
3292 4964
1039 3326
1085 4964
1039 4062
3787 4964
1039 3627
1176 4964
1039 4661
3038 4964
595 1039
4831 4964
1039 2933
2495 4964
1039 2136
1577 4964
1039 4441
3980 4964
1039 1137
3701 4964
1039 2763
2184 4964
890 1039
2806 4964
1039 4134
3891 4964
1039 2369
657 4964
964 1039
1904 4964
213 1039
4089 4964
1039 1854
3218 4964
1039 2696
2145 4964
1039 3625
4964 4991
1039 2979
1317 4964
668 1039
457 4964
1039 2557
4395 4964
1010 1039
678 4964
1039 2792
3453 4964
1039 2663
4496 4964
1039 3454
2335 4964
1039 1960
3125 4964
515 1039
2863 4964
1039 2123
411 4964
297 1039
4199 4964
1039 2937
1575 4964
190 1039
57 4964
1039 1442
4413 4964
1039 3027
2570 4964
1039 4285
4549 4964
478 1039
2352 4964
1039 1936
351 4964
1039 1511
2133 4964
1039 1439
972 4964
1039 4288
762 4964
1039 1704
4075 4964
1039 3831
640 4964
421 1039
4435 4964
1039 4680
945 4964
604 1039
368 4964
1039 3015
2673 4964
1039 4156
1716 4964
1039 2991
1241 4964
1039 1988
3344 4964
1039 3790
141 4964
1039 2777
3965 4964
1039 1421
279 4964
280 1039
1978 4964
1039 4275
891 4964
1039 2823
3449 4964
849 1039
2661 4964
1039 1640
318 4964
1039 3945
2029 4964
1039 2650
1654 4964
1039 4363
1204 4964
1039 4762
1088 4964
1039 1827
1075 4964
1039 4190
732 4964
554 1039
3936 4964
1039 1864
3794 4964
1039 1948
3417 4964
1039 3867
752 4964
1039 3561
291 4964
1039 4442
3063 4964
40 1039
2249 4964
1039 3826
2886 4964
246 1039
4463 4964
1039 3278
4390 4964
1039 1196
4307 4964
1039 3338
725 4964
1039 1825
4964 4968
1039 2193
1585 4964
1039 4032
3178 4964
1039 4840
2434 4964
1039 2599
2174 4964
991 1039
3264 4964
372 1039
4568 4964
1039 4151
548 4964
1039 2728
658 4964
1039 4933
814 4964
1039 1820
538 4964
968 1039
671 4964
1039 4638
650 4964
1039 2844
2308 4964
1039 3733
4942 4964
1039 2831
1374 4964
1039 1177
3487 4964
1039 4009
366 4964
1039 4037
4573 4964
1039 2522
632 4964
1039 4291
36 4964
1039 3202
3991 4964
1039 1300
3089 4964
567 1039
1707 4964
1039 3971
2733 4964
1039 1068
4964 4980
480 1039
1711 4964
1039 2192
3997 4964
1039 2610
4018 4964
1039 1645
3048 4964
1039 3617
1815 4964
1039 2320
4594 4964
1039 2667
413 4964
1039 2379
447 4964
1039 2931
17 4964
996 1039
3064 4964
568 1039
4139 4964
514 1039
112 4964
1039 3616
2277 4964
1039 3817
159 4964
1039 4121
587 4964
654 1039
3461 4964
1039 2047
4360 4964
1039 3827
2457 4964
1039 4868
2099 4964
1039 1516
1552 4964
1039 4462
1100 4964
1039 4548
3548 4964
1039 4697
4730 4964
1039 2188
1242 4964
265 1039
1898 4964
937 1039
2251 4964
813 1039
1677 4964
1039 2876
3508 4964
463 1039
4265 4964
193 1039
1638 4964
1039 1556
625 4964
1039 1271
4388 4964
1039 3460
1900 4964
1039 1159
3389 4964
1039 1588
4280 4964
1039 3674
1336 4964
290 1039
1316 4964
1039 3246
3145 4964
1039 3989
2690 4964
1039 3051
2262 4964
425 1039
1358 4964
1039 3928
3828 4964
1039 2996
2841 4964
1039 2928
3284 4964
1039 4990
1822 4964
168 1039
2704 4964
927 1039
2217 4964
1039 1805
247 4964
1039 4113
4632 4964
1039 3136
4839 4964
1039 4475
3475 4964
1039 2920
3251 4964
633 1039
2877 4964
1039 3994
4749 4964
1039 4259
243 4964
796 1039
3474 4964
1039 4886
3822 4964
1039 4100
676 4964
1039 3760
2388 4964
1039 1146
2564 4964
1039 1781
344 4964
1039 3748
1016 4964
1039 2958
536 4964
22 1039
3902 4964
1039 2328
2109 4964
1039 4834
3306 4964
1039 1478
1072 4964
1039 1305
4765 4964
1039 1191
3304 4964
1039 1876
3447 4964
1039 4882
215 4964
1039 4893
3360 4964
1039 4105
1957 4964
1039 3376
1084 4964
1039 2139
3455 4964
601 1039
4561 4964
1039 1390
4234 4964
1039 2276
4770 4964
1039 2565
2903 4964
1039 1208
3631 4964
1039 1637
1560 4964
1039 1773
2784 4964
709 1039
1965 4964
1039 3330
3328 4964
911 1039
1124 4964
571 1039
1578 4964
1039 2398
3723 4964
1039 4681
1261 4964
1039 3448
4467 4964
1039 3896
2055 4964
1039 1667
1166 4964
1039 2968
83 4964
1039 4021
4206 4964
1039 2287
4539 4964
1039 2353
479 4964
1039 1993
2918 4964
1039 1838
3959 4964
1039 4961
3049 4964
1039 2426
314 4964
1039 2527
2569 4964
1039 3736
3697 4964
1039 4290
2015 4964
1039 1940
2303 4964
390 1039
1533 4964
100 1039
2225 4964
1039 2166
3225 4964
1039 2529
1211 4964
1039 2929
4208 4964
1039 2273
2325 4964
1039 4352
353 4964
1039 3802
719 4964
1039 1096
1117 4964
1039 3804
1836 4964
1039 4446
3738 4964
111 1039
4071 4964
433 1039
4710 4964
71 1039
4800 4964
957 1039
488 4964
1039 2081
4428 4964
1039 3176
4774 4964
1039 2321
4860 4964
1039 1837
4091 4964
1039 4346
3356 4964
1039 1757
4272 4964
1039 2292
106 4964
1039 4344
4602 4964
1039 2498
1044 4964
1039 3279
446 4964
1039 2659
4365 4964
1039 3649
1221 4964
466 1039
2899 4964
423 1039
237 4964
1039 1565
1950 4964
102 1039
162 4964
1039 1554
4120 4964
1039 4320
416 4964
150 1039
3795 4964
588 1039
1860 4964
1039 3211
4874 4964
1039 2373
585 4964
1039 3108
1787 4964
1039 2162
1816 4964
717 1039
3951 4964
1039 2489
3319 4964
1039 4735
1970 4964
1039 4337
1230 4964
283 1039
931 4964
1039 2235
1360 4964
1039 1532
503 4964
1039 3549
1067 4964
1039 3327
1053 4964
391 1039
4447 4964
1039 4394
1669 4964
143 1039
2177 4964
1039 3353
3605 4964
1039 2034
3017 4964
1039 1797
4815 4964
1039 3395
638 4964
1039 1590
5 4964
1039 3286
518 4964
803 1039
4333 4964
1039 1467
4465 4964
1039 3871
4788 4964
1039 2772
612 4964
1039 2218
1190 4964
1039 2616
3325 4964
1039 1485
3665 4964
151 1039
3425 4964
1039 1192
4376 4964
217 1039
1411 4964
1039 2716
3127 4964
1039 4193
4232 4964
990 1039
2343 4964
401 1039
922 4964
1039 4873
4318 4964
1039 1853
3511 4964
1039 4322
1362 4964
1039 1583
317 4964
1039 1380
191 4964
1039 3046
3337 4964
1039 3601
3758 4964
1039 4692
3441 4964
1039 1661
817 4964
1039 4331
4129 4964
1039 2375
1921 4964
1039 1920
1662 4964
1039 2626
4727 4964
1039 1887
107 4964
1039 3752
4786 4964
1039 1203
1432 4964
1039 1284
3302 4964
1039 1751
3735 4964
1039 2653
3418 4964
1039 1938
3109 4964
1039 4051
2234 4964
1039 2817
511 4964
1039 1778
3239 4964
1039 3168
3008 4964
1039 1464
360 4964
1039 2647
1415 4964
1039 3974
2499 4964
495 1039
3270 4964
630 1039
4718 4964
1039 3852
3364 4964
1039 4565
4452 4964
1039 4901
693 4964
1039 4054
2281 4964
10 1039
4617 4964
748 1039
4947 4964
855 1039
2770 4964
1039 1655
2548 4964
842 1039
2211 4964
1039 3792
65 4964
1039 4355
179 4964
255 1039
2073 4964
1039 2852
456 4964
1039 4381
1167 4964
435 1039
3927 4964
1039 4306
1148 4964
1039 3490
3072 4964
1039 3791
802 4964
406 1039
3294 4964
1039 3755
2213 4964
460 1039
2871 4964
1039 2765
4284 4964
1039 2797
1730 4964
1039 3260
1939 4964
1039 1423
4936 4964
1039 2306
1857 4964
1039 4982
388 4964
469 1039
3396 4964
1039 3981
474 4964
1039 4385
2821 4964
1039 2069
792 4964
923 1039
1064 4964
1039 2644
2455 4964
1039 4242
240 4964
1039 3007
965 4964
1039 1756
3868 4964
809 1039
2042 4964
1039 2980
4569 4964
1039 1389
1761 4964
1039 1274
1422 4964
1039 2215
2416 4964
186 1039
3932 4964
1039 4223
4383 4964
1039 1823
4805 4964
1039 1060
751 4964
44 1039
4161 4964
1039 4709
993 4964
1039 2925
3523 4964
728 1039
3805 4964
1039 3004
1894 4964
1039 3248
3757 4964
1039 2513
3881 4964
1039 1185
2231 4964
1039 1646
20 4964
1039 2012
4412 4964
1039 4894
4468 4964
1039 1779
789 4964
1039 3588
1493 4964
90 1039
581 4964
1039 3801
618 4964
1039 2921
1595 4964
769 1039
3626 4964
1039 1354
3348 4964
914 1039
4128 4964
1039 1693
4401 4964
1039 4437
1984 4964
1039 4159
426 4964
1039 2361
4836 4964
1039 3538
471 4964
1039 3911
3402 4964
1039 2934
3676 4964
1039 2484
4033 4964
1039 4567
3055 4964
916 1039
2825 4964
866 1039
3289 4964
1039 4003
3320 4964
1039 1054
499 4964
1039 2227
127 4964
1039 3838
4698 4964
1039 4801
894 4964
1039 4017
2782 4964
986 1039
298 4964
1039 2746
1650 4964
1039 1105
915 4964
420 1039
2435 4964
1039 2063
1953 4964
1039 2449
2536 4964
1039 2875
3245 4964
1039 3172
2605 4964
1039 4917
1818 4964
1039 4771
2561 4964
1039 2677
941 4964
1039 1581
669 4964
1039 1094
896 4964
52 1039
1375 4964
1039 2132
2383 4964
1039 4878
1504 4964
1039 3707
326 4964
1039 3024
4557 4964
1039 3573
2311 4964
904 1039
1731 4964
1039 2946
1121 4964
1039 4905
4797 4964
1039 3393
3273 4964
1039 4493
2086 4964
870 1039
522 4964
1039 1081
1111 4964
1039 2182
2475 4964
1039 4764
3397 4964
1039 2506
1344 4964
1039 3596
1905 4964
1039 1789
4472 4964
1039 2923
3451 4964
1039 4821
2207 4964
1039 1777
458 4964
1039 4926
2737 4964
788 1039
3671 4964
1039 4279
4444 4964
1039 1807
1099 4964
975 1039
2889 4964
1039 2053
3113 4964
1039 4512
3257 4964
1039 3193
2524 4964
1039 2128
836 4964
830 1039
4635 4964
659 1039
2270 4964
1039 3876
867 4964
1039 1639
148 4964
1039 4192
551 4964
1039 1194
2511 4964
1039 3355
3819 4964
1039 2165
2363 4964
1039 3688
4964 4992
1039 2947
3476 4964
1039 4875
1608 4964
1039 1109
3975 4964
1039 3968
4127 4964
1039 1576
1294 4964
1039 1635
4820 4964
1039 4374
596 4964
1039 4509
3708 4964
893 1039
1481 4964
1039 3101
2636 4964
555 1039
3913 4964
1039 2317
258 4964
1039 1548
1414 4964
1039 3059
322 4964
1039 3542
3309 4964
238 1039
3837 4964
1039 2061
122 4964
1039 3123
2998 4964
1039 2410
2729 4964
696 1039
230 4964
979 1039
4744 4964
939 1039
4640 4964
1039 3724
4867 4964
1039 3684
662 4964
1039 2059
4895 4964
1039 4575
2680 4964
1039 2878
943 4964
1039 3914
4404 4964
1039 4443
365 4964
292 1039
4641 4964
1039 2585
3281 4964
1039 1817
1103 4964
1039 1791
785 4964
1039 1566
2749 4964
1039 2020
1482 4964
220 1039
1523 4964
1039 2260
4510 4964
1039 2105
2253 4964
735 1039
4955 4964
1039 2839
2872 4964
1039 4501
4179 4964
1039 1202
2893 4964
1039 2773
1492 4964
1039 1624
812 4964
888 1039
139 4964
1039 2587
2445 4964
1039 1433
2978 4964
1039 2293
3557 4964
1039 2283
2724 4964
1039 4367
544 4964
1039 4978
39 4964
1039 2419
1685 4964
1039 4663
3280 4964
1039 3021
2533 4964
534 1039
4827 4964
1039 3691
3102 4964
1039 3720
33 4964
1039 1644
2028 4964
898 1039
2248 4964
845 1039
1275 4964
1039 4315
2333 4964
1039 2228
486 4964
1039 1045
2969 4964
155 1039
359 4964
1039 1769
1967 4964
1039 2514
3507 4964
1039 4660
881 4964
1039 3312
4581 4964
1039 2848
1314 4964
1039 3228
3698 4964
1039 1686
4426 4964
1039 3427
4133 4964
1039 3100
4916 4964
1039 4104
491 4964
221 1039
1453 4964
1039 2884
4348 4964
1039 2102
210 4964
1039 3099
2332 4964
1039 1870
1119 4964
755 1039
777 4964
1039 4088
1270 4964
1039 3918
1133 4964
1039 4029
874 4964
1039 2828
4249 4964
1039 1846
2110 4964
1039 1612
524 4964
1039 4817
1359 4964
997 1039
4911 4964
1039 3690
29 4964
545 1039
1597 4964
1039 2909
4506 4964
1039 3858
3586 4964
1039 2627
4431 4964
1039 2068
832 4964
1039 2922
1804 4964
1039 1623
1559 4964
1039 2787
4844 4964
1039 2624
4214 4964
1039 2121
2471 4964
1039 2516
962 4964
1039 3318
1549 4964
1039 1330
1388 4964
1039 3250
1277 4964
1039 2693
4224 4964
152 1039
3391 4964
196 1039
4877 4964
1039 1643
3598 4964
1039 3070
4488 4964
1039 1143
4592 4964
1039 2341
4531 4964
200 1039
1656 4964
1039 4030
2275 4964
1039 4806
546 4964
1039 3712
2106 4964
1039 3002
3798 4964
1039 4683
661 4964
1039 3764
2735 4964
1039 1226
2780 4964
1039 2601
1924 4964
1039 1627
4653 4964
1039 4123
509 4964
1039 1291
3653 4964
328 1039
781 4964
1039 4340
4793 4964
1039 4483
4651 4964
1039 3555
750 4964
1039 4989
1720 4964
1039 4301
761 4964
1039 4896
4954 4964
1039 2635
2785 4964
189 1039
971 4964
1039 4268
4005 4964
1039 4855
3729 4964
1039 2945
477 4964
1039 2575
4907 4964
1039 2662
108 4964
126 1039
810 4964
711 1039
2381 4964
1039 2313
4205 4964
1039 2385
1794 4964
1039 4391
1027 4964
1039 3714
1610 4964
1039 3663
1569 4964
1039 3961
4633 4964
1039 3608
1563 4964
1039 3889
4964 4966
1039 1058
3006 4964
1039 2593
4956 4964
569 1039
4292 4964
1039 3773
3686 4964
172 1039
415 4964
1039 3305
4325 4964
1039 2589
377 4964
286 1039
1824 4964
1039 2911
583 4964
21 1039
1629 4964
1039 1955
358 4964
1039 4870
4520 4964
1039 3593
2631 4964
434 1039
782 4964
1039 4930
343 4964
1039 2860
3106 4964
1039 4714
1534 4964
1039 4329
2543 4964
1039 2179
1197 4964
1039 2571
3953 4964
1039 2638
2621 4964
909 1039
1021 4964
1039 1736
3830 4964
1039 2459
370 4964
584 1039
2314 4964
104 1039
1259 4964
56 1039
4080 4964
272 1039
883 4964
1039 3580
4909 4964
1039 2723
4191 4964
1039 2424
1893 4964
1039 2669
1918 4964
525 1039
3234 4964
1039 2719
4423 4964
1039 1593
2082 4964
1011 1039
3288 4964
1039 3860
4324 4964
1039 1961
2720 4964
1039 4136
4516 4964
438 1039
2111 4964
1039 4600
827 4964
1039 3104
2559 4964
1039 1790
869 4964
1039 4237
684 4964
410 1039
2331 4964
1039 3750
706 4964
1039 4837
2185 4964
1039 2220
2801 4964
590 1039
2639 4964
1039 4912
2612 4964
1039 4010
2776 4964
815 1039
3543 4964
1039 3492
2282 4964
1039 4773
4647 4964
1039 2175
744 4964
1039 4922
1101 4964
1039 4760
1128 4964
1039 3681
3679 4964
182 1039
4884 4964
1039 2324
834 4964
523 1039
3029 4964
1039 4794
506 4964
1039 3727
282 4964
1039 1682
3654 4964
1039 4856
864 4964
1039 2154
2954 4964
1039 3567
2208 4964
132 1039
4197 4964
1039 2940
4330 4964
1039 4303
3956 4964
487 1039
3028 4964
1039 2938
628 4964
1039 2431
1607 4964
950 1039
4066 4964
1039 2246
4738 4964
1039 1474
783 4964
1039 1715
2349 4964
461 1039
4041 4964
1039 1368
1280 4964
1039 4737
4251 4964
1039 1404
1165 4964
1039 2994
3647 4964
1039 3298
3115 4964
1039 4842
1774 4964
204 1039
4515 4964
1039 1744
1541 4964
187 1039
1184 4964
1039 3411
1116 4964
1039 3452
1812 4964
1039 2779
1466 4964
1039 4257
398 4964
1039 1046
3042 4964
1039 1465
775 4964
1039 1935
2858 4964
1039 2622
229 4964
1039 1312
3407 4964
1039 4152
4666 4964
1039 3133
4220 4964
1039 3206
1174 4964
1039 1232
3067 4964
1039 2043
4921 4964
1039 2130
4906 4964
319 1039
4543 4964
1039 4915
226 4964
175 1039
2963 4964
1039 1651
3437 4964
1039 3970
