4999
(())(()(()(())(()((((())(())))(()(((())()))))(())()())))((()(((((()))(()((()()()))))))(()()()))((((((()()))()()(()(((())(((()))))))())((((()()())))())()(((()()))))((()()((()())((()(()))()()()(())))))((())()()()))()((()()())())()(()())())()(()))))((()(())((()(()(())())())((())((((())(((())))(((()))(())(()())())()(())))()))()()))(())((()()((((())())())()))())((((())))(()((()(())))(())((()))))(())()(())(())()()(((()(()(((()(((()()(((()(((()))()())((()()((((()))))))))()))())))())()()())())()))))((((())((())((()((()()()(()(())((())())((()(((()())(()(()((((((()(((())()))))((())(()()()(()())()()))))()((()))())))()(()()())())(((())()))))())))))()(((())(((())())(()())()((()()((((()((())((()(())()))()(())(())()(()()(((((((()()())(())(())((((((()((()))()))()))()((((())))(((((()))(((((((()((())()())())))((())(()((()())))))((()((()()((((()))((((()))(())()((((())()((())())(((((()()))))(())())()(()()((()()))((())))()((((()))))()((()))()))()()(()((()((((()(()(()()()(()))(())(()(((()())()()())()()()())()()((())())())(()((((())((((()(())())(())((()())()))))(()()(((()())(()(())())())(((())))(()(()))(()))))))(()()))))()((((()())())))(()(()(())())(()))))((()))((()))()((())))())()()((()(())())))()((())(()(()()((())((())())())))(((((((()(((()(()()()())()((((()()()((()()((((()()))))(((()))()(())(()())))((()))(((())()(((())(())))(()))))(()()))(()))))(())()((()())))(()((()())()((()(((()())()(())(((()(())(())))())((((())))()(()))((()(())((())(()))())()))()()))((()(()()())))))()))())))((()(()())()))())()()()((()()((())))))((()((())(()((((()()()(())(()()((()(((((()((((((())((())))))()())(()(())((())))()))(())((()()))))())()())(((()))()()))(()()(()))(())()((((((()(()((((()(()())))())))(((()()())(()()(()())(((())))()())((()))(()))()())))())))))((()(()())(()()))(()))()())))())((()))())))(())(()())(())()()()(())))(()(()((())((((()))()((((()(())(()))(()())()(((()()(())((((()())))()()()(()(()))(()())(()(()(()(())()))(())))))(()()))()(()))()))((()()))()()())()()((()())))())))(()()()(()())))()(()())()()(((((()(()))())))())(())((())()()(()(()()((((()()))((()((()(()))()))))())())))))())(())()()())))())()()))))())(()))(()(((((()())(()))))()((()))))))()()()()()))))(()((()((()))))())(())())))))()(())((()()()()())((()((()(()((()))((()))))))())()(())()()())()(()))))())))(()((((())()(()()))(()((()))())()()()((())()(((())()(())))()(()))(((((()(()(()())(()((()((())(()()())))(()(()())((())())))))((()((())))))(((((()()))((((()))))()()((((()()((()(()())()())()()(())()))()()())(((((())()()))((()((()(()((())))())(()(())()))()(())(((()()())((((()((()())((())()(())))()(())())())))((((()((())))))(())())()(((())))))())()(((()())))((()((()((((())()())((())()(()(((()())())()(((()))(((()))(())))))))))((()()()))))((()()()(()))))(()))))))))())())(()())((()()()()()))))))()()))))((()())()((()(())))((((()))())()())()((()(()()((()(()()()()())))))())()))(()))())(()(((()())((()))((()(()))()(())()())(()(((())())))(())(())(()))()())((()))())))(())(((())()())(()((((()())()())(((())(())()()(()()))((()(()(())()()))())()))()(()(((()())))(())())()()((((()()()())()(()()((())(()(()))())(()()(()()((()((()())((()))(()()()()())(())()()((((()((()))()()))))((()()((()()((()()))())))(()()(((())))(()))())))())))(()()))()(())())(((()(((())(()))(())(()((()))))))())()(((())(()())))())))()))()))((())(((((())()))(()()()(()()(()((())))())()))(()((())(()))((()()((()((())())()))()))()()))())(((())()())(()(())()(()(()((())(()))))))()((()()())()()((())(((()))((())(()(()(()))))()())((((()()(())(((()()((((((()(()(((((())))()((((()())()())(())()()()))()()((((()((()()(()))(())(((((((((()()))()))))))())()))()()()((()()(()()()())()(((()())(()(()(((((())))))()()))))(()))()))((()())())))(()((())())()()))())())))))))()(((((((()()(())(()(()(())))))()))))()))()(((()))()(())())((())))))()()(()))((()))()())(())()()((((()))()))((((())(()))((()())()(()(()((((())()(()()((()))))()(()()(())(())()()()(())()))())((())))(((())(((((((())))))()()))))()()(()())(((()))()((()()())(()()((())))(()(()(())())()))))()(())))(()))()))((((()(())))((()))))(((()()()))()()(()()(()(()))()()()())))))((()()))()()()(()(((()()()(((())))))())()()))))))()))()(()(()()()))((())))((()())(()))(((())()())))()())()((()()((((()))(((()))((((()(()))))()()()()))))))(()))()))())((((((()(((((()()(())()())(()))))(()(((()))())())(()())(())()()(((()())()())))())(((((((()))()(()))()(())))())))(()())())()))(()((()()(()))(()))((((())()())()(()))()())(((()))(()((()()(()((())))))()))()()))(()())((()))()(((())(()()())()()(()()())(()()(()()(()(((()())(()((()(()))(()())))))((())((((()()((()))))((()(()(((()(())))((()())()()))((())())(())())(())(()(())))()))(()())()(((())(((())((())())))()))())())(())((())))))(((()()(()())(())((())(()(())(()()))()((((()(())(()))))(()(()(())((((()()(()()))((()))))())))((((())((()(()()))(((()()()(())()(())())()(()(()()((()()()))()))((((()()()))((())(((())))(((())))())((())))()()()(())))()()()((()(()())())))(()))(())))())))(()((()))((()())(())(()()))(())()())()()((()())())(((()))())()((()))()()()))))(((((())))()())())((())()(((((()((((
155 1155
155 3534
1155 4310
155 2700
1155 4155
155 160
1155 4950
155 4884
408 1155
155 4591
18 1155
155 2196
1155 2312
155 1918
1155 1513
155 3904
1155 3782
155 4905
1155 1226
155 4111
1155 1952
155 3179
1155 2139
155 4690
1155 3549
155 1948
1155 1537
155 3741
1155 2538
155 2076
1155 2439
155 851
1155 2511
155 384
775 1155
155 1756
1155 3216
155 4743
1155 3918
56 155
1155 4886
155 3633
1155 3466
155 1053
1155 3593
155 3556
1155 4084
155 694
1155 1508
155 700
1155 4514
155 1157
1155 3525
155 2532
579 1155
155 1890
1155 1653
155 3140
1155 1215
155 2528
862 1155
155 3968
1155 3418
155 3213
1006 1155
155 2489
188 1155
155 2205
1155 2033
155 4833
1155 4899
155 1114
1155 2288
155 3026
1155 2418
155 686
947 1155
155 614
1155 1623
155 3914
1155 2566
155 447
1155 4400
155 1170
1155 1761
155 728
1155 4038
140 155
1155 4483
155 1878
1155 4638
155 2741
343 1155
155 4670
1155 1963
155 1793
1155 3438
155 4107
1155 3248
155 2925
1155 2989
155 1323
791 1155
155 4898
525 1155
155 2108
247 1155
155 1953
1155 4618
155 4517
1155 4666
155 4646
1155 3423
155 3295
1155 3643
155 464
1155 3848
155 471
1155 4490
155 1304
102 1155
155 1951
1155 1721
155 1584
1155 2951
155 3273
1155 2216
155 597
1155 1832
155 3669
1155 2669
155 1129
558 1155
155 1151
1155 4222
155 3585
1155 4351
155 268
1155 3277
155 3231
342 1155
155 1071
1155 4139
155 3758
1155 3287
155 1901
1155 3984
155 583
1110 1155
155 3446
1155 2737
155 3153
65 1155
155 4608
372 1155
155 2764
1155 3635
155 2579
1155 3616
155 337
1155 4473
155 4963
1155 2053
155 4636
1155 2827
93 155
1155 1993
155 708
417 1155
155 2980
1155 1719
155 990
446 1155
155 4866
1155 4063
155 2235
1155 4337
155 3010
1155 4702
155 726
1155 4628
155 4971
877 1155
155 487
1155 2574
155 2996
1155 4479
155 3307
1155 4782
155 854
101 1155
155 3325
1155 3227
155 1783
1155 1454
155 2551
1155 4067
155 2056
1155 2457
155 4867
1155 3360
155 4269
1155 4215
155 3565
1155 2736
155 2259
1155 2542
155 1433
1155 4678
155 2745
836 1155
155 329
1155 3517
155 4829
796 1155
155 625
1155 4889
155 1388
1155 4639
155 1949
1155 4312
155 3989
549 1155
155 495
1155 1995
155 3868
766 1155
155 1601
1155 4151
155 3625
1155 1881
155 3764
1155 3660
155 4962
1155 1605
155 2245
1155 4819
130 155
137 1155
155 2641
1155 1387
155 1892
1155 1377
155 3872
615 1155
155 211
1155 4191
155 1524
1155 1173
155 2725
1155 4104
155 4218
714 1155
155 4366
1155 2283
155 2104
1155 2744
155 4882
1155 1233
149 155
1155 2878
155 2468
294 1155
155 3983
1155 1264
155 4455
287 1155
155 1207
1155 4057
155 460
1155 2398
155 1911
1155 2172
155 2376
786 1155
155 1763
1155 2667
155 1319
1155 1237
155 1074
1155 1862
155 3451
1155 2645
155 867
1155 3727
155 4314
1155 4454
155 1919
1155 1558
155 2444
1155 4552
155 1489
1155 3160
155 2197
1155 1465
155 2363
1155 3736
155 475
1155 3318
155 1717
499 1155
155 4538
1155 4738
155 3694
1155 3863
155 1928
1155 3820
155 4142
744 1155
155 4845
26 1155
155 2441
1155 4841
155 4789
1155 4248
155 1140
742 1155
155 3777
1155 3569
155 1123
1155 3927
155 1217
1155 3841
155 3720
1155 4345
155 3950
1155 4045
155 4311
1155 4907
155 1346
1155 2618
155 2584
1155 4725
155 4716
1155 1474
155 4911
1155 4389
155 474
500 1155
155 4622
1155 2705
155 4908
1155 4024
155 1759
702 1155
155 2423
1155 2842
155 1434
1155 2494
155 1251
1155 1961
155 3930
1155 2789
155 1991
1155 3862
155 4116
1155 2440
155 3683
1155 1725
155 4093
100 1155
155 2174
1155 4599
76 155
1155 4391
155 2012
1155 2066
155 3134
1155 1435
155 2308
383 1155
155 2042
1155 4396
155 1955
1155 4767
155 3636
1155 2613
155 1265
1155 3976
155 1876
1155 1893
155 2678
1155 1231
155 1198
1155 2850
155 822
1155 3334
155 4972
953 1155
155 4545
1155 3583
155 1619
1155 4584
155 1636
1155 2708
155 871
1155 3816
155 2037
1155 2004
155 2912
1155 4761
155 3932
1155 4238
155 2240
1155 1927
155 1631
1155 3104
155 1404
866 1155
155 1113
1155 3074
155 3815
1155 2905
155 4406
404 1155
155 1591
1155 2770
155 2914
1155 2693
155 2105
1155 4339
155 3444
1155 2157
155 4589
1155 3311
68 155
1155 4341
155 3368
628 1155
155 4141
1155 4742
155 3479
1122 1155
155 4684
1155 2968
126 155
956 1155
155 606
1155 4865
155 595
727 1155
155 486
1155 4733
155 685
1155 4698
155 1772
1155 3008
155 3491
1155 3537
155 3268
1155 1536
155 258
945 1155
155 736
1155 3591
155 4810
1155 2852
155 194
1155 1335
155 4494
668 1155
155 4403
1155 3666
155 972
1155 1688
155 3571
449 1155
155 4816
961 1155
155 1898
1155 1563
155 3358
665 1155
155 4368
227 1155
155 3081
1155 3538
155 1492
1155 3881
144 155
1155 2328
155 4573
1155 2356
155 1884
1155 2673
155 4612
1155 2748
155 4883
63 1155
155 3624
1155 3271
155 2267
1155 3819
155 4707
1155 1573
155 1220
1155 3204
155 4694
1155 2760
155 161
1155 4069
155 3905
1155 2192
155 745
1155 3328
155 4002
740 1155
155 1641
1155 1865
155 904
1155 2213
155 4105
1155 3813
155 4301
1155 4895
155 3673
949 1155
155 3410
1155 2599
155 4117
1155 3800
155 2214
1155 1992
155 758
1155 3343
155 770
1155 2871
155 1723
1155 4261
155 3802
1155 4757
155 3623
1155 1957
155 1785
299 1155
155 2662
1155 1869
155 4892
1155 1803
155 3703
650 1155
155 984
1155 3149
155 2724
1155 1938
155 3194
1155 3407
155 2690
1155 4369
155 2864
141 1155
155 792
1155 1531
155 3869
221 1155
67 155
1155 4830
155 3005
1155 2315
155 2050
1155 3603
155 2414
1155 3118
155 4461
1155 2544
155 2422
1155 4685
155 4115
1155 3298
155 2470
1155 4660
155 2828
857 1155
155 3742
816 1155
155 2899
274 1155
155 2501
1155 3843
155 651
1155 4293
155 203
730 1155
155 3222
1155 4340
155 2503
711 1155
155 3545
434 1155
155 305
1155 1612
155 3779
1155 1302
155 390
1155 4781
155 3352
1155 2752
155 936
1155 1181
155 4383
1155 1975
155 3398
1155 3163
155 1477
1155 2733
155 4953
1155 1990
155 4001
676 1155
155 2559
1155 1820
155 1997
1155 4168
155 4823
1155 4393
155 1529
1155 4614
155 2360
1155 3529
155 516
1155 1629
155 1615
926 1155
155 2386
1155 3650
155 1684
1155 4126
155 2096
1155 2658
155 1606
1155 3882
155 2702
1155 2909
155 2677
1155 2504
155 3568
1155 1627
155 443
1084 1155
155 1126
263 1155
155 3185
501 1155
155 4620
1016 1155
155 1597
1155 1415
155 802
1155 2788
155 2663
1155 4065
155 2799
1155 3009
155 2065
1155 2950
155 3979
1155 2122
155 2977
1155 2375
155 4558
52 1155
155 3114
1155 2521
155 4444
977 1155
155 967
1155 1514
155 2373
232 1155
155 4388
1155 1463
155 3559
1155 4313
155 4498
1155 4103
155 923
1155 2458
155 3494
260 1155
155 3385
1155 2409
155 2210
1155 2552
155 1112
1155 2057
155 1320
1155 4166
155 4378
1155 1836
155 288
116 1155
155 4613
1155 3752
155 2460
1030 1155
155 4150
1155 3338
155 4118
1155 1422
155 313
1155 4637
155 1624
1155 2616
155 798
1155 1889
155 754
314 1155
155 3681
1155 3619
155 1693
1155 3302
155 1397
1155 4862
155 402
1153 1155
155 392
1155 3822
155 4147
1155 4659
155 3066
645 1155
155 4078
1155 2130
155 973
386 1155
155 4602
1155 3151
39 155
1155 4860
155 2284
1155 2377
155 646
1155 2206
155 1702
1155 1376
155 1941
394 1155
155 4559
1155 4185
155 4577
1155 3754
155 698
1155 4969
155 2793
1155 2608
155 4304
699 1155
155 1470
1155 4425
155 1743
1155 1411
155 588
1155 3336
155 4771
506 1155
155 2671
1155 3598
155 4188
1155 4465
155 4858
122 1155
155 3463
1155 2318
155 4766
1155 3997
155 3838
1138 1155
155 1796
764 1155
155 3714
1155 2101
155 3235
1155 1167
155 2558
1085 1155
155 4960
1155 4440
155 3541
1155 1316
155 3724
1155 4851
155 3367
1155 4640
155 2946
629 1155
155 1713
1155 3350
155 3508
1155 4367
155 2425
1155 3242
155 2794
1155 3986
155 2264
1155 4357
155 4894
1155 3910
155 1326
166 1155
155 1966
438 1155
155 2835
1155 4682
155 4944
1155 3659
155 1848
1155 1428
155 2403
1155 1581
155 4519
1155 3952
155 2753
1155 1801
155 1037
1155 2696
155 3263
994 1155
155 2162
1155 1557
155 3180
1155 1262
14 155
115 1155
155 1994
1155 3988
155 4195
1155 3856
155 2595
50 1155
133 155
1116 1155
155 378
256 1155
155 927
1155 4133
155 3055
1155 2254
155 3312
521 1155
155 3150
1155 3022
155 3867
193 1155
155 2074
1155 3195
155 880
1155 1817
69 155
1155 3210
155 1542
433 1155
155 283
687 1155
155 1747
1155 2913
155 4076
1155 3016
155 1509
1155 2739
155 4140
1155 2299
155 4054
876 1155
155 2858
1155 2416
155 2776
1155 3486
155 1956
1155 4906
155 640
1155 1610
155 2556
670 1155
155 3676
1155 2805
155 3264
1155 4020
155 1971
1155 3387
155 4728
71 1155
155 3321
1155 1695
155 1273
1076 1155
155 3604
1155 2022
155 1100
1155 2344
49 155
1155 2307
155 2701
942 1155
155 607
1155 3329
155 1915
1155 1908
155 4586
1155 4855
155 325
1155 1229
155 4615
1155 3229
155 375
1155 3844
155 4183
1155 2640
155 1910
1155 3374
155 4241
1155 4500
155 4330
1155 4600
155 801
1155 1655
155 4581
1155 1656
155 704
1155 3369
155 1106
1155 3127
155 4945
1155 3363
155 3094
1155 4856
155 4754
1155 4462
155 4632
1155 2656
155 3373
982 1155
155 226
1155 2524
155 1771
1155 3278
155 578
1155 1650
155 933
1155 1427
155 1065
1155 4433
155 2761
1155 1824
155 3836
1155 2202
155 4672
1142 1155
155 4579
1155 1565
155 2840
1155 3987
155 2940
709 1155
155 1190
1155 4094
155 4315
1155 2547
155 757
1155 2436
155 197
1155 4159
155 4901
938 1155
155 2960
1155 1658
155 2345
1155 4523
155 2893
1155 2410
155 1378
1155 2555
155 2083
1155 3474
155 2221
1155 4797
155 1674
1155 3853
155 2545
772 1155
155 2129
1155 4629
155 3558
762 1155
155 3653
1155 4891
155 3070
952 1155
155 358
1155 2043
155 3516
810 1155
155 3637
1155 2417
155 733
1155 3414
155 403
1155 3323
155 2847
1155 2182
155 2703
1155 4355
155 275
718 1155
155 3128
1155 2062
155 2822
483 1155
155 493
1155 2601
155 4634
823 1155
155 2792
1155 3510
155 4371
1155 1548
155 1784
1155 2578
155 4880
1155 1609
155 2142
1155 3958
155 3056
1155 1962
155 482
1155 2868
155 4556
1155 2883
155 3284
849 1155
155 1192
1155 4575
155 2276
1155 2445
155 3247
1155 3970
155 596
1155 3282
155 1331
1155 3776
42 155
1155 2860
155 4283
1155 4718
155 3397
662 1155
155 2478
1155 1384
155 2689
1155 4548
155 981
1155 1749
155 2150
1155 2381
155 3260
1155 4601
155 3992
1155 1900
155 3837
1155 2933
155 1222
370 1155
155 3342
1155 3036
155 4052
1155 3035
155 1205
1155 1762
155 937
1155 3303
155 3759
929 1155
155 1371
909 1155
155 2297
555 1155
155 339
731 1155
155 3733
1155 2712
155 3297
907 1155
155 1482
108 1155
155 1907
1155 1533
155 2250
1155 2372
155 1897
238 1155
155 3130
513 1155
155 1532
1155 4871
155 4164
738 1155
155 3503
1155 3602
155 3452
457 1155
91 155
1155 2676
155 4872
1155 3033
155 1622
1155 1398
155 3404
497 1155
155 4861
1155 2475
155 4401
174 1155
155 2515
1155 2036
155 1895
1155 3395
155 3946
1155 1263
155 1115
1155 2112
155 2146
1155 3763
155 3169
451 1155
155 3304
1155 1490
78 155
1029 1155
155 4769
1155 2292
155 1697
1155 3919
155 1496
1155 4247
155 697
809 1155
155 3566
1155 3715
155 3099
1155 1657
155 1199
1155 4605
155 3587
543 1155
155 3093
1155 1544
155 1131
1155 1493
155 2102
509 1155
155 4186
1155 2405
155 4262
1155 1797
155 4138
1155 3291
155 3726
1155 2993
155 1802
1155 3183
155 479
1155 2041
155 4497
1155 4172
155 755
1155 4540
155 3706
1155 2432
155 2077
716 1155
155 223
1155 2655
155 2483
1155 2598
155 4747
1155 3048
155 3292
1155 4220
155 3678
398 1155
155 489
219 1155
155 2605
79 1155
155 3797
1155 4974
155 2938
269 1155
155 4412
1155 2487
155 4154
1155 2800
155 976
1155 2490
155 2246
1155 4844
155 1734
1155 4699
155 212
1155 3289
155 189
575 1155
155 2592
1155 2978
155 4874
1155 1982
155 4689
959 1155
155 3164
1135 1155
155 2509
1155 4034
155 3471
1155 4943
155 3713
1155 1819
155 4765
1090 1155
155 547
1155 4642
155 4148
1155 1525
155 832
789 1155
155 567
1155 3611
155 328
1155 1805
155 661
1155 2971
155 3507
1155 1420
89 155
626 1155
155 4079
1155 2185
155 3255
1155 3773
155 2988
293 1155
155 846
701 1155
155 3152
1124 1155
155 1385
1155 2498
155 2302
1155 3513
155 1338
1155 4814
155 250
858 1155
155 1169
1155 2582
155 397
2 1155
155 4402
1155 1909
155 2697
1155 3483
155 2716
903 1155
155 3362
37 1155
155 2829
648 1155
155 635
1155 2443
155 544
70 1155
155 3677
1155 2419
155 261
1155 4770
155 3252
1155 2247
155 993
1155 4359
155 591
1155 4744
155 2505
1079 1155
155 2427
1155 4387
155 3154
1155 1236
155 593
1155 4979
155 2253
1155 3767
155 2831
1155 4223
155 3217
1155 2215
155 4978
1155 2222
155 319
1155 3212
155 2923
1155 2141
155 4791
674 1155
155 3492
1155 2720
155 4201
781 1155
155 3876
1155 3707
155 4443
207 1155
155 1875
453 1155
155 2998
656 1155
155 2785
1155 3107
155 2523
1155 2624
155 2332
1155 1241
155 3196
1155 2195
155 3824
600 1155
155 1632
1155 3686
155 2931
784 1155
155 4347
1155 3068
155 4588
1155 2010
155 4066
1056 1155
155 639
426 1155
30 155
259 1155
155 1450
1155 3725
155 1921
338 1155
155 3429
25 1155
155 3648
1155 1837
155 2516
1155 2430
155 3855
1155 3069
155 1305
415 1155
155 2550
1155 3448
155 2567
1155 4467
155 4365
1155 2124
155 4940
522 1155
155 624
1155 4927
24 155
780 1155
155 4169
743 1155
155 4288
478 1155
155 797
1155 1436
155 4542
1155 4748
155 1499
1155 1649
155 1340
1155 2791
155 2295
1155 2371
155 327
1155 3076
155 526
1155 4999
155 2099
1155 4749
155 3262
1155 1213
155 3288
170 1155
155 243
121 1155
155 2239
1155 1583
155 3349
1155 4763
155 3341
1155 1666
86 155
1155 3580
155 503
1155 3148
155 3020
985 1155
155 466
1155 3875
155 527
1155 3834
155 2064
1155 3096
155 2573
151 1155
155 887
1155 3339
155 3512
96 1155
155 1095
1155 1201
155 4308
1155 4758
155 4877
1155 3011
155 3581
1155 4753
155 1259
1155 3411
155 3317
336 1155
155 4712
1155 2026
155 1101
1155 2614
155 2685
1155 1841
155 1981
980 1155
155 2652
135 1155
155 4985
1155 2054
81 155
1155 3456
155 1847
1155 4219
155 948
705 1155
155 1194
1155 2875
155 2429
1155 1193
155 2564
124 1155
155 2513
1155 4380
155 4023
1155 2664
142 155
1155 1500
155 3399
1155 1849
155 3830
1155 4502
155 4258
1155 4821
155 159
61 1155
155 3903
1155 2321
155 941
281 1155
155 2020
842 1155
155 2079
1155 1661
155 3710
8 1155
155 4912
1155 1164
155 4334
1155 4526
155 2646
1155 3002
155 1705
1155 3475
155 1461
1155 3416
155 4246
1155 2241
155 3400
1155 1788
155 4265
1155 3435
155 185
1155 4160
155 1758
1155 3626
155 1779
1155 2127
155 2463
1155 1903
155 1141
1155 4976
155 3810
1155 4175
155 2622
1155 1924
155 3885
1155 2508
155 1353
1155 3778
155 572
1155 4481
155 2734
1155 3047
155 2413
1155 3975
155 658
1155 2949
155 2248
859 1155
155 983
576 1155
155 1926
1155 4119
155 2331
1026 1155
155 2040
99 1155
155 4082
1155 3012
155 3699
1155 3533
155 957
1155 3688
155 1914
1152 1155
155 4957
1059 1155
155 2452
1155 3729
155 1475
679 1155
155 2687
1155 2007
155 1081
1155 4811
155 4760
1155 2257
155 1451
1070 1155
155 4044
1155 4802
155 381
562 1155
155 3184
1155 4949
155 3544
1155 4208
155 3798
1155 3073
155 1014
1039 1155
155 3313
1155 4531
155 419
1155 3470
155 2587
1155 2535
155 2008
1155 3061
155 815
1155 2350
155 968
1155 3829
155 3685
16 1155
155 3253
1155 3552
155 605
1155 3891
155 1078
1155 1970
155 1257
1155 4681
155 3963
148 1155
155 2639
1155 2803
155 3464
1155 4656
155 2319
1155 4434
155 518
1155 1714
155 4242
1155 3833
155 2233
1155 4173
155 4973
782 1155
155 3355
1155 2633
155 1505
217 1155
155 2067
374 1155
155 3029
1155 1706
155 2759
1107 1155
155 4720
1155 3276
155 2885
132 1155
155 2985
1155 3211
155 3193
659 1155
155 3590
456 1155
155 3901
1155 1458
155 467
1155 1322
155 4342
143 1155
155 912
1155 1271
155 2832
1155 4515
155 3651
1155 3936
155 3415
1155 3608
155 2402
1155 1390
155 1031
1155 4062
155 2034
1057 1155
155 3327
1155 4294
155 1585
1155 2228
155 4259
1155 3025
155 3376
1155 3111
155 2856
1155 1976
155 1710
1155 4968
155 3305
1155 3870
155 3735
1155 2554
155 311
663 1155
155 4745
1155 1313
155 2175
181 1155
155 1842
837 1155
155 1823
536 1155
155 1089
1155 4594
155 2348
1155 4897
155 1789
1155 2230
155 1495
1155 4924
155 1790
1155 3279
155 2255
1155 4452
155 3718
1155 2082
155 1224
1155 4429
155 4828
1155 3166
155 2367
1155 4458
155 751
1155 4567
155 4202
1155 1668
155 321
1155 1373
155 3460
1155 3038
155 3871
1155 4329
155 195
1155 2653
155 2943
1155 2577
155 1519
541 1155
155 4170
992 1155
155 566
178 1155
155 3412
1155 2891
155 1799
1120 1155
155 4300
1155 4015
155 4171
1155 1268
155 4724
1155 4123
155 4495
1155 2497
155 1035
1155 1272
155 4842
1155 3783
155 960
1155 1452
155 4661
1155 3454
155 3281
435 1155
155 2191
1155 1483
155 468
1155 4200
155 365
1155 3793
155 157
401 1155
155 986
9 1155
155 4233
528 1155
155 2177
1155 2961
17 155
1155 2170
155 3947
47 1155
155 1616
1155 2982
28 155
1155 1604
155 496
1155 4244
155 988
1155 2495
155 2184
1155 2692
155 1453
1155 1342
155 3110
1155 3811
155 2496
1155 4493
155 2317
1108 1155
155 3923
1155 4543
155 2859
1155 3436
155 1800
1155 2093
155 925
1155 1334
155 4623
1155 1287
155 4570
1155 2782
155 3214
1155 1218
155 1416
1155 1787
155 4322
112 1155
155 4688
1139 1155
155 3789
1155 3589
155 2051
1155 2035
155 2917
1155 2623
155 4414
1155 3197
155 767
1155 4270
155 2994
1155 2964
155 2604
1155 3089
155 1284
1 1155
155 4674
1155 3955
155 3719
32 1155
155 1147
1155 2061
155 991
946 1155
155 803
1155 3042
155 3202
564 1155
155 4068
1155 3504
155 2758
845 1155
155 4888
1155 3426
155 180
1155 2178
155 4510
1155 3013
155 4372
1155 2580
155 351
1155 2929
155 1137
1155 3675
155 2869
1155 3117
155 1189
1155 1690
155 2740
1093 1155
155 1476
1155 2857
155 1999
1155 1896
155 577
1155 1698
155 3791
1155 4705
155 4616
1119 1155
155 4931
1155 2450
155 507
1155 1773
155 4085
1155 2841
155 893
1155 3293
155 3539
1155 2118
155 2322
773 1155
155 2848
1155 1260
155 1034
1155 1431
155 3250
623 1155
155 4959
1155 4948
155 585
1155 1640
155 622
450 1155
155 3105
1155 3095
155 3809
1155 3614
155 2619
1155 1568
155 1480
892 1155
155 3981
1155 3609
155 2454
376 1155
155 2094
592 1155
155 4321
1155 1349
155 3709
1155 4710
155 2519
1155 3605
155 4016
1155 1553
155 2323
1155 4936
155 4014
1155 2333
155 4205
1155 1197
155 4980
1020 1155
155 163
1155 3943
155 4947
1155 1395
155 4904
1155 3561
155 3638
1155 4025
155 1275
1155 4189
155 883
1155 3780
155 3899
1155 2877
155 2691
1155 3908
155 4915
272 1155
155 3348
156 1155
155 3361
1155 3459
155 2435
1155 4919
155 4668
1155 2109
155 4918
1155 4965
155 2207
1155 3086
155 3203
1155 1732
155 3144
1155 2472
155 860
304 1155
155 1607
510 1155
155 3768
1155 1844
155 2116
829 1155
155 4415
1155 4630
155 4203
1155 3532
155 4536
427 1155
155 2591
1155 4621
155 1866
1155 2529
155 4451
1155 1850
155 4181
1155 1348
155 1829
1155 2058
155 4352
1155 3526
155 2161
1155 1635
155 2424
324 1155
155 2387
1155 3406
155 890
1155 2719
155 3640
1155 3852
155 4532
1155 2211
55 155
1155 3021
155 2583
719 1155
155 1288
1155 1530
155 391
1155 1777
155 1369
1155 4849
155 4815
1028 1155
155 4209
1155 4009
155 4344
1155 1358
155 1920
1155 3378
155 2388
279 1155
155 3133
638 1155
155 847
1155 4561
155 2863
895 1155
155 3067
1155 1327
155 368
118 1155
155 1472
1133 1155
155 1046
1155 4113
155 2522
1155 4064
155 2874
1155 1379
109 155
1155 2569
155 4576
1155 3887
155 4932
1155 4395
155 2621
1155 1168
155 2500
1155 2510
155 753
1155 4663
155 2767
1155 1792
155 2132
1155 3371
155 1410
1155 3294
155 4230
1155 4654
155 4436
970 1155
155 826
1132 1155
155 643
1155 3743
155 199
1155 4933
155 732
1155 4036
155 3765
1155 3462
155 1295
1155 2153
155 1939
1155 3201
95 155
1155 1478
155 1425
1155 2217
155 1246
1155 2477
155 3749
879 1155
155 1964
517 1155
155 4198
1155 4442
155 520
1155 1664
155 2911
1155 4734
155 1080
1155 4276
155 1540
1155 2131
120 155
1155 3849
155 2069
1155 2480
155 882
1155 2394
155 206
1155 4505
155 4316
19 1155
155 4192
1155 4876
155 4430
1155 2491
155 3000
683 1155
155 2811
691 1155
155 2227
1155 1978
155 617
1155 4775
155 3884
1155 2743
155 2193
1155 2855
155 4512
1155 1645
155 553
1155 2681
155 4792
1155 1593
150 155
1013 1155
155 3652
1155 3215
155 898
1155 2995
155 3401
1155 2014
155 1468
1155 3795
155 4597
1155 3243
4 155
1155 1692
155 1455
1155 1337
155 1846
545 1155
23 155
1155 1380
155 2294
1155 3147
155 3657
186 1155
155 3711
1155 2038
155 187
1155 2336
155 2368
1155 3480
155 301
22 1155
38 155
1155 2661
155 4143
940 1155
155 667
1155 4675
155 2921
1155 2948
155 1511
1155 4362
155 3393
1155 4432
155 162
1155 3814
155 470
1155 1667
155 4873
1155 2049
155 4551
1155 2600
155 210
1155 3498
155 1582
855 1155
155 2011
66 1155
155 3175
1155 4424
155 4286
340 1155
155 4163
559 1155
155 1630
1155 2816
155 2148
1155 4445
155 1128
179 1155
155 4130
1155 2895
114 155
1155 1209
155 366
1072 1155
155 1979
1155 3548
155 817
1155 3728
155 3132
1155 1535
155 3357
1155 3550
155 1421
1155 4990
155 1075
1155 2742
155 4397
1069 1155
155 2682
901 1155
155 1103
587 1155
155 1810
1155 2790
155 3190
1155 2887
60 155
1155 3769
155 1652
1155 1586
155 1330
1155 1402
155 3087
1155 3478
155 2266
1155 4060
155 4421
1155 1589
155 1728
1155 3939
155 761
1155 1566
155 3965
1155 1182
155 1923
1155 3792
155 4893
1155 1633
155 811
1155 4662
155 2517
202 1155
155 4565
1155 3465
155 4095
1155 3365
155 681
1155 2103
155 1298
1155 4958
155 779
1155 4593
155 1143
1155 3383
155 2897
1155 3941
155 1571
1155 3804
155 3739
1155 2934
155 3770
1155 1307
155 1418
979 1155
155 4050
519 1155
155 840
257 1155
155 4227
1155 2268
155 2686
1155 1626
155 3380
1155 4382
155 4285
1155 4032
155 2817
618 1155
155 1125
1155 1673
155 3238
1155 3821
155 1863
1155 1413
155 1360
1155 4250
155 1249
1155 1857
155 1174
1155 4609
155 472
421 1155
155 1528
1155 2527
155 3490
1155 3484
155 3865
1155 1280
155 2270
1155 4297
155 777
934 1155
155 1409
1155 1700
155 2097
201 1155
155 204
1155 1564
155 535
1155 2353
155 3671
1155 3188
155 2339
1155 2769
155 2355
1155 4282
155 1444
1155 4047
155 4051
1155 4859
155 969
765 1155
155 367
1155 4318
155 2080
1155 3542
155 696
1155 4463
155 4563
649 1155
155 4942
1155 2810
155 3440
1155 2420
155 3171
1155 3168
155 2928
1155 1670
155 1161
1155 1827
155 3994
900 1155
155 2449
1155 4553
155 1473
998 1155
155 389
1155 2935
155 3024
1155 1196
155 1974
1155 2003
155 3934
1155 1321
155 4977
1155 2406
155 808
1155 2987
155 4231
1155 4346
155 3106
1155 2204
155 3388
869 1155
155 2754
1155 1660
155 2189
1155 2341
155 3246
1155 4508
155 4392
1155 1618
155 2391
1155 4232
155 1760
1155 1685
155 939
1155 3053
155 4518
209 1155
155 4058
1155 3684
155 1479
1155 2220
155 2843
1155 3499
155 619
1155 3432
155 2715
1155 2918
155 644
1155 1355
155 1929
1155 3054
155 441
1155 3129
155 2763
1155 3866
155 4317
1155 3628
155 1671
1155 3805
155 1811
1155 1214
155 4805
1155 4216
155 3023
1155 1845
155 2236
1155 3831
147 155
1155 2125
155 4271
1155 4827
155 2119
1155 4296
155 4012
1155 4423
155 1052
315 1155
155 1357
1155 1852
155 1041
717 1155
155 4715
1155 4046
155 2187
1155 3320
155 442
280 1155
155 1549
1155 4279
155 2421
422 1155
155 1960
1155 3467
155 183
1155 3487
155 291
405 1155
155 3500
1155 4909
155 2557
1155 1247
155 1936
1155 4776
155 2389
1155 1672
155 1501
1155 4778
155 271
1155 4028
155 3842
1155 2956
155 2723
1155 4228
155 1873
1155 1748
155 3747
1155 2469
155 2796
1027 1155
155 3771
533 1155
155 4307
1155 3457
155 289
1155 2825
155 1904
565 1155
155 2188
1155 3576
155 532
1155 2900
155 2570
1155 2890
155 2176
284 1155
155 3610
1155 4655
155 4527
1155 2047
155 3103
1155 2137
155 4484
725 1155
155 3953
1155 3102
155 3723
1155 2349
155 3665
1155 3121
155 2910
1155 2357
155 2158
1155 4176
155 2234
1155 3572
155 2226
1155 3702
155 4970
975 1155
155 4524
1155 3586
155 2279
548 1155
155 2258
1155 4528
155 3944
1155 1569
155 1579
1155 4343
155 3266
165 1155
155 1211
1155 2123
155 2485
330 1155
155 4492
1155 4137
155 1163
1155 3828
155 2755
1155 4179
155 633
1155 4533
155 2612
825 1155
155 3290
1155 3269
155 2588
908 1155
155 3192
1155 1375
155 1781
1155 4098
155 4135
1155 3315
155 1972
603 1155
155 2030
1155 2821
155 3878
813 1155
155 4070
1155 1934
155 1191
1155 2775
155 3627
1155 1541
155 906
1155 4800
155 4988
1155 4132
155 264
1155 3141
155 1729
1155 4539
155 4236
833 1155
155 2401
1155 4560
155 4469
1155 1912
155 3748
1155 3308
155 3219
1155 3108
155 2209
1155 2644
152 155
1155 2779
155 3847
485 1155
155 2773
1155 1269
155 1620
1155 4212
155 636
1155 3721
155 2642
1155 3784
155 2979
1155 2301
155 3392
557 1155
155 3966
1155 4204
155 3803
1155 3928
155 2735
1155 3951
155 3037
1155 4903
155 3112
1155 4292
155 2879
919 1155
155 4952
828 1155
155 3511
604 1155
155 4783
1155 2936
155 1613
1155 3477
155 1009
1155 4356
155 4239
1155 1497
155 1880
1155 1828
155 2169
1155 3949
155 4643
723 1155
155 2959
1155 1954
155 2173
1155 2534
155 1469
1155 4260
44 155
1155 4506
155 2771
1155 3155
155 569
326 1155
155 1740
1155 4284
155 3039
1155 4719
155 2300
1155 4989
155 3232
1155 1367
155 2282
1155 1868
155 3654
589 1155
155 2304
266 1155
155 3682
1155 1210
155 1767
1155 1737
155 1765
917 1155
155 3187
459 1155
155 3977
1155 3113
155 1277
15 1155
155 4325
706 1155
155 2138
1155 2881
155 935
1155 2482
155 2107
1155 2098
155 2048
1155 2329
155 2390
1155 3245
155 1733
1155 3453
155 999
1155 3645
155 4416
1155 3929
155 3832
1155 4580
155 3774
1155 1282
155 2824
1032 1155
155 1812
5 1155
155 4487
814 1155
155 3059
712 1155
155 3359
350 1155
155 236
1155 4131
155 710
1155 1778
155 4030
1155 2999
155 3674
1155 2941
155 3199
1155 1296
155 675
1155 4289
155 4256
1155 2431
155 3003
420 1155
155 4000
395 1155
155 4854
1155 4967
155 4835
1155 3493
155 4240
1155 2019
155 4408
1155 1814
155 2876
653 1155
155 2626
1155 3224
155 2365
1155 3142
155 2530
582 1155
155 3417
1155 4447
155 1996
1155 2155
155 4466
252 1155
155 3200
1155 4857
155 2285
746 1155
155 693
1155 2984
155 352
1155 4127
155 3679
1155 1595
155 4287
955 1155
155 944
1155 1301
155 1683
1155 1166
155 3322
387 1155
155 245
1063 1155
155 3449
1155 4786
155 1049
530 1155
155 4348
1155 2590
155 1958
1155 3173
155 4029
1155 4587
155 1443
1155 2634
155 870
966 1155
155 169
1155 3481
155 2462
1155 3506
155 3696
248 1155
155 4504
458 1155
155 573
1155 1317
155 4934
1155 4370
155 4099
1155 4673
155 2324
1155 2280
155 3753
1155 1227
128 155
504 1155
155 4826
1155 2654
155 3267
1155 3058
155 4235
1155 4336
155 1392
1155 2675
155 2683
1155 4790
155 4273
1155 1766
155 3641
1155 2589
155 2647
1155 3902
155 657
1155 4485
155 1570
1155 1208
155 4441
1155 4574
155 4252
1155 1708
155 4043
1155 3799
155 1386
647 1155
155 4793
1040 1155
155 2718
498 1155
155 1786
361 1155
155 1588
1155 3998
155 1234
1155 3788
155 3372
1155 2343
155 1774
655 1155
155 599
1155 1687
155 1592
735 1155
155 2620
1155 1925
155 1018
1155 1567
155 4499
841 1155
155 4785
1155 3065
155 1546
554 1155
155 1008
1155 2531
155 1614
608 1155
155 2160
1155 4780
155 448
1155 1943
155 296
1155 4554
155 2180
1155 1730
155 3396
1155 4546
155 1967
1155 2046
155 1654
1155 2338
155 1882
255 1155
155 861
1155 2089
155 4018
1155 1200
155 3502
1155 3366
155 2991
1155 4595
155 4090
1155 2581
155 1359
1155 1281
155 4354
1155 4513
155 4825
965 1155
155 4426
1155 1238
155 2970
1155 4237
155 1722
1155 2199
155 1877
1155 1855
155 2232
1155 1980
155 2882
1155 3472
155 2826
1155 3531
155 4834
1155 4053
155 2063
1155 1283
155 4652
1155 3535
155 3085
1155 2163
155 4459
1155 4647
155 1853
1155 3209
155 3606
1155 3757
155 4635
1155 3332
155 1291
277 1155
155 4848
1155 4708
155 4291
1155 4529
155 1187
1155 3115
155 3563
1155 2290
155 1741
1155 4472
155 2115
1155 1258
155 1223
1155 1821
155 2594
1155 4323
155 3592
627 1155
155 1130
1155 2525
155 3567
1155 2313
155 3622
632 1155
155 3938
1155 3634
145 155
1155 3890
41 155
1155 4468
155 1678
1155 4896
155 703
1155 1798
155 1086
1155 1826
155 3917
1155 3375
155 3898
1155 4275
155 2903
1155 2256
155 2359
1155 1399
155 2836
1155 3206
155 4768
827 1155
155 1000
1155 3389
155 3790
1155 1526
155 4665
1155 4994
155 3157
1155 1253
155 1442
1155 2382
155 2888
1155 4152
155 1651
1155 2666
155 3434
1155 3014
155 2606
273 1155
155 3620
423 1155
155 3519
1155 3424
155 1596
785 1155
155 3186
362 1155
155 3236
430 1155
155 2277
1155 2762
155 1677
1155 3644
155 793
1155 4625
155 630
1155 1642
155 788
1155 2846
155 3285
1155 3082
155 3839
1155 1720
155 2399
568 1155
155 3956
440 1155
155 561
1155 2945
155 690
1155 1959
155 3877
1155 4938
155 3433
1155 4399
155 239
1155 1543
155 4102
432 1155
155 233
542 1155
155 3125
721 1155
155 184
1155 1554
106 155
62 1155
155 3007
1155 2140
155 4080
853 1155
155 2183
1155 4541
155 3570
1155 3403
155 3577
1155 4839
155 1922
190 1155
155 749
1155 2168
155 4658
1155 2263
155 1344
1155 2303
155 2070
1155 3873
155 3518
1155 2560
155 4803
678 1155
155 2539
1155 4624
155 759
1091 1155
155 2502
864 1155
155 3138
1155 4796
155 1518
1155 3391
155 2757
1155 4450
155 3632
850 1155
155 4863
1155 3080
155 4360
1155 4438
155 218
1155 1256
155 2052
1155 4379
155 3906
1155 2628
155 1932
1155 2045
155 1261
1155 1352
155 839
1155 1341
155 4817
1155 1185
155 1486
1155 1709
155 1004
1155 4557
155 3801
168 1155
155 1183
1155 2028
155 4787
1155 1206
155 1545
1155 4022
155 1891
1155 3028
155 1383
1155 1985
155 1096
1155 3745
155 4836
1155 2005
155 4427
1155 2358
155 1048
1155 3083
155 191
1010 1155
155 4657
1155 2271
155 4488
1155 1816
155 902
1155 3274
155 2165
1155 2849
155 2111
1155 2819
155 550
794 1155
155 4611
1155 4525
155 1947
1155 3078
155 1038
1155 2274
155 4878
1155 4187
155 4520
1155 2337
155 911
1155 3409
155 4033
1155 3439
155 1374
1062 1155
155 3562
1033 1155
155 1347
1155 4645
155 1498
1155 4417
155 307
812 1155
155 3642
1155 4937
155 3018
1155 4178
155 818
1155 4059
105 155
563 1155
27 155
1155 1394
155 2265
1155 3948
155 4603
412 1155
155 4039
1155 2694
155 1576
75 1155
155 2731
1155 1396
155 778
1155 4457
155 4549
1155 2306
155 4338
172 1155
155 4818
1155 2362
155 915
1155 3116
155 3347
1155 1946
155 1286
1155 2958
155 4727
1155 1834
155 2225
1155 4007
155 1179
1155 3265
155 302
1155 3826
155 3131
1155 2044
155 1325
1155 1703
155 3088
1155 3174
155 724
1155 3228
155 4446
1155 1448
155 2610
1155 1521
155 546
1155 1628
155 2660
1155 1983
155 1818
36 1155
155 1602
1155 3420
155 2726
1155 3270
155 3041
1155 4853
155 354
1005 1155
155 1002
1155 4100
155 4687
410 1155
155 3621
1155 4946
155 2110
1155 3006
155 1279
1155 3207
155 1780
804 1155
155 1727
514 1155
155 1843
1155 2426
155 1097
1155 2314
155 407
1155 2393
155 1361
1155 1459
155 2974
1155 4704
155 2721
1044 1155
155 3226
1155 2518
155 3156
1155 3301
155 4752
1155 2465
155 1977
1155 3084
155 1699
1019 1155
155 795
1155 1755
155 3540
1155 3275
155 2262
1155 4820
155 3051
1155 2866
155 3015
1155 3647
155 3306
1082 1155
155 4193
1155 1663
155 3172
1155 4604
155 4777
1155 3286
155 2081
1155 1726
48 155
1155 1894
155 242
1155 3796
155 995
1155 2055
155 2466
1155 3040
155 3437
1155 4358
155 2143
1155 2746
155 1647
1155 1506
155 848
1155 2710
155 1634
1155 1574
155 4562
774 1155
155 454
1155 1382
155 1711
1155 3883
155 2289
1155 2340
155 2325
1017 1155
155 385
1155 1560
155 3859
943 1155
155 4547
1155 4764
155 1054
1155 3969
155 346
1155 4695
155 1735
1155 3240
155 1300
1155 4049
155 1068
1155 1523
155 2902
671 1155
155 4335
1155 4773
155 4555
1155 1879
155 1077
154 1155
155 3982
1155 1356
155 1887
1155 3691
155 3959
763 1155
155 4092
1155 3057
155 228
1155 4568
155 4691
1155 2834
155 2714
1155 2229
155 1406
799 1155
155 1662
437 1155
155 4040
1155 3546
155 3408
1155 1864
155 896
344 1155
155 1248
1155 4267
155 3978
117 1155
155 3017
1155 4739
155 198
856 1155
155 2471
1155 1235
155 863
1155 3364
155 3731
1155 2806
155 3807
1155 3744
155 4736
865 1155
155 1430
1155 1460
155 3046
1155 4224
80 155
1155 3488
155 652
1155 2305
155 2384
21 1155
155 1306
215 1155
155 1212
1155 3468
155 4210
1155 1228
155 2797
1155 2815
155 1424
306 1155
155 4762
1155 2576
155 1067
1155 3672
155 642
1155 3656
155 3077
1155 3137
155 3208
1155 2892
155 480
1155 4926
155 4136
90 1155
155 3597
1155 4027
155 3999
1155 3495
72 155
444 1155
155 3786
1155 3501
155 4916
1155 3601
155 3469
1155 2627
155 3351
1155 1414
155 1691
1155 3528
155 411
1155 1587
155 1969
1155 1888
155 4868
1155 2326
155 3182
1155 2698
155 463
123 1155
155 2898
1155 4263
155 1426
1155 2615
155 4975
1155 3299
155 2942
1155 1221
155 598
688 1155
155 2330
377 1155
155 707
1155 2514
155 964
1155 4521
155 409
1155 3701
155 4910
1155 1423
155 1314
1155 2467
155 1643
1155 4837
155 3101
1155 2023
155 2916
1155 4475
155 611
1022 1155
155 1481
1155 1485
82 155
1155 1309
155 2839
1155 2611
155 3667
382 1155
155 4788
1155 4376
155 634
1155 4703
155 4756
87 1155
155 4607
760 1155
155 4480
874 1155
155 4384
413 1155
155 2369
1155 3663
155 1336
1155 4272
45 155
6 1155
155 1134
1155 1751
155 3973
963 1155
53 155
930 1155
155 2802
1155 3874
155 254
1155 2408
155 2865
1155 1757
155 1285
1155 2171
155 3097
1155 3123
155 2395
920 1155
155 3345
1155 4153
155 3785
1155 1686
155 3857
1155 3730
155 2512
1155 2631
155 3004
1155 1289
155 2092
1155 4221
155 4735
1155 3658
155 2749
1155 2113
155 3861
425 1155
155 4921
1155 3617
155 868
1036 1155
155 4302
341 1155
155 4935
1155 1950
155 3646
1155 3543
155 1739
580 1155
155 246
1155 3261
155 4617
1155 4165
155 4264
1155 4822
155 2231
1155 3921
155 4083
1155 3900
155 3896
1155 4501
155 4920
1155 1178
155 3629
1155 2730
155 4709
1155 2650
155 1940
230 1155
155 997
540 1155
155 4021
1155 1158
155 431
1155 3893
155 1648
1155 3858
155 416
824 1155
155 570
1155 2575
155 4850
1155 2031
155 3596
1155 2278
155 1148
104 1155
155 1854
1155 4507
155 1162
1155 1160
155 2738
1155 2939
155 905
88 1155
155 173
1155 2488
155 461
1155 1807
155 2128
574 1155
155 1299
720 1155
155 1520
31 1155
155 3851
1155 4460
155 1804
1155 2962
155 2602
73 1155
155 1809
1155 4731
155 1775
1155 1502
155 379
1155 3198
155 4373
1155 3509
155 4290
1155 1403
155 1311
192 1155
125 155
491 1155
155 1333
1155 2901
155 1339
1155 3221
155 3331
1155 4806
155 3489
92 1155
155 3158
1155 3119
155 921
388 1155
155 4096
1155 2596
3 155
1155 4470
155 4759
1155 3319
155 3575
1155 4174
155 2459
1155 4120
155 2927
1155 4711
155 2106
1155 4997
155 3300
1155 2009
155 2400
1155 4755
155 4476
153 1155
155 3649
1155 3071
155 1617
1155 4254
155 3233
843 1155
155 1694
418 1155
155 3230
537 1155
155 2603
1155 4887
155 3560
1155 2006
155 4981
1155 3450
155 2747
1155 2275
155 167
1155 4902
155 1419
1155 1944
155 4799
556 1155
155 4013
1155 2507
155 3514
1155 3698
155 4626
1155 3578
155 1822
1155 3496
155 2765
331 1155
155 3995
1061 1155
155 3223
1155 2947
155 2926
1155 4108
155 4251
1155 4750
155 2684
1155 3933
155 4031
1155 2243
155 2732
1155 4966
155 713
776 1155
155 4537
584 1155
155 2016
1155 3888
155 3218
1155 3527
155 1577
1155 3557
155 4516
616 1155
155 3897
1155 1318
155 4320
1155 2674
155 2751
1155 3554
155 3283
1155 4585
155 1225
1155 3756
155 3922
1155 2486
155 3827
1155 4751
155 1599
971 1155
111 155
1155 3143
155 1202
1155 4011
155 4194
1155 2091
155 3751
1155 4420
155 4464
1155 2548
155 2018
1155 1835
155 2665
1155 4072
155 3750
1155 4101
155 3924
1155 2625
155 4184
1155 4326
155 523
1155 1942
155 1795
1155 1998
155 1752
1094 1155
155 3960
110 1155
155 3447
551 1155
155 4726
1155 4982
155 1471
1155 3136
155 406
1155 2526
155 270
1155 2200
155 3458
1155 4234
155 2133
1155 2772
94 155
1155 2354
155 508
1155 2448
155 4125
1155 1441
155 4145
684 1155
155 349
1155 1440
155 4206
1155 3615
155 954
1155 3405
155 3661
1155 2990
155 2309
1155 2364
155 3974
455 1155
155 355
1155 4407
155 581
1155 2476
155 2729
1155 2412
155 333
1155 3340
155 4331
1155 3090
155 2670
1155 1308
155 2784
1155 4305
155 477
1155 2396
155 1968
1155 3937
155 4503
241 1155
155 2156
1155 2635
155 3775
695 1155
155 2649
1066 1155
155 4610
1155 4418
155 2820
1155 3695
155 4327
1155 4199
155 310
1155 3584
155 356
1155 4006
155 3049
1155 3600
155 4885
899 1155
155 669
950 1155
155 3421
1155 4812
155 1350
1155 3165
155 4196
1155 4149
155 4122
806 1155
155 1516
1155 2953
155 1551
1155 3985
155 962
1155 1905
155 3957
1155 2167
155 1984
1155 2706
155 1736
1155 1886
155 396
1155 1552
155 2553
1155 2704
155 2932
1155 3296
83 155
1155 4928
155 2565
1155 1462
155 4349
1155 3145
155 2586
1155 3740
155 878
1155 3441
155 2813
1155 3251
155 2630
1155 1559
155 621
1155 3762
155 2756
1155 2944
155 3413
1155 2768
155 2657
1155 3045
155 4405
1155 3772
155 4566
1155 2473
155 3422
216 1155
155 924
1155 3704
155 1986
1155 2680
155 3579
158 1155
155 2561
251 1155
155 2347
1155 1885
155 3402
1155 1590
155 1815
428 1155
155 2659
1155 4984
155 3766
1155 1504
155 4129
722 1155
155 3940
473 1155
155 4951
1155 4482
155 1945
1155 3521
155 4435
1155 1467
155 2073
300 1155
155 1447
1155 4491
155 2728
1155 4564
155 2261
1155 3697
155 2884
1155 1870
155 4010
1155 2787
155 1165
538 1155
155 3574
64 1155
155 1861
1155 3237
155 2152
1155 1184
155 1401
1155 4074
155 2015
1155 1203
155 3520
1155 3734
155 1806
1155 4229
155 3564
1155 3098
155 4961
1155 2075
155 1682
620 1155
155 4864
1155 3473
155 4804
1155 2777
155 4375
1155 4324
155 3326
1155 1883
155 2029
1155 2198
155 1646
1155 3032
155 3428
1155 4794
155 3482
1155 2194
155 1087
1155 3996
155 2833
1155 4144
13 155
1155 3961
155 2688
787 1155
155 2437
1155 4730
155 2095
1155 4692
155 4779
928 1155
155 3176
1155 2392
155 429
1155 2812
155 2071
1155 1328
10 155
1155 2809
155 484
1155 2407
155 4197
1155 2778
155 4177
1155 2335
155 3613
1155 2798
155 2844
46 1155
155 1913
1155 1488
155 3344
1155 4813
155 1738
1155 2000
155 4162
1155 4592
155 2783
1155 3189
155 1111
1155 1707
155 452
1155 2374
155 3911
1155 2181
155 2159
1155 4964
155 3935
1155 2434
155 4056
918 1155
155 1517
771 1155
155 4419
1155 4598
155 3092
1155 2499
155 4489
1155 1487
155 1457
1155 3860
155 4633
164 1155
155 4439
182 1155
155 1625
1155 3708
155 3971
1155 1245
155 1491
1155 1364
155 931
1007 1155
155 4128
1155 2121
155 1449
916 1155
155 4582
1155 4522
155 531
1155 3091
155 4361
1155 1266
155 1515
1155 1363
155 253
1155 1840
155 4091
1155 3555
155 225
1155 2867
155 308
1023 1155
155 2780
1155 4991
155 2637
1155 1195
155 3043
1155 4679
155 2021
1155 3806
155 666
505 1155
155 2907
1155 1644
155 2481
1155 2281
155 4477
1155 4471
155 4740
1155 2920
155 4077
748 1155
155 1109
1155 4832
155 1637
1155 3823
155 1715
1155 1813
155 3738
747 1155
155 1494
1155 2251
155 1012
1155 3547
155 2672
1155 4606
155 1025
1155 3761
155 4394
1021 1155
155 4319
1155 2397
119 155
872 1155
155 1555
1155 1315
155 2707
1155 4669
155 2922
1155 2638
155 3126
1155 2870
155 1150
1155 1965
155 4456
1155 1680
155 4544
897 1155
155 1088
1155 1556
155 2203
1155 4732
155 1297
205 1155
155 492
1155 3618
155 3879
1155 4713
155 800
1155 1716
155 3427
1155 2273
155 4648
249 1155
155 4037
1155 2219
155 323
1155 4890
155 3594
1155 2296
155 4448
1155 2963
155 4243
1155 1293
155 2298
1155 2385
155 2060
1155 3079
155 4280
1155 3442
155 1104
1155 4303
155 2447
1155 2924
155 2379
1155 3431
155 1244
11 1155
155 2969
139 1155
155 4774
680 1155
155 196
1155 1859
155 3370
1155 4217
155 1365
1155 2976
155 4048
734 1155
155 3850
1155 4019
155 2955
74 1155
155 1042
682 1155
155 3854
1155 3384
29 155
1155 4706
155 819
1155 3430
155 231
1155 1437
155 4061
1155 2862
155 1407
1155 4364
155 176
1155 3668
155 1598
1155 3595
51 155
1155 2492
85 155
1155 3515
155 4683
1155 2059
155 2311
1155 4257
155 3075
1155 2224
155 768
1155 4295
155 3524
1155 4998
155 1989
1155 2520
155 1117
1155 2837
155 3607
1155 4332
155 1332
677 1155
155 838
1155 4017
155 2114
958 1155
155 2201
1155 3582
155 1278
1155 3346
155 3825
1155 4996
155 3505
1155 1429
155 4003
1155 4386
155 852
594 1155
155 2957
1155 4299
155 4852
1155 1745
155 322
1155 2919
155 641
171 1155
155 1216
1155 4167
155 2722
1155 1794
155 1851
1155 3135
155 1930
347 1155
155 1372
1155 2967
155 612
1155 4922
155 4671
292 1155
155 290
1155 4274
155 3722
1155 1561
155 3159
1155 2455
155 884
1155 3244
155 2135
1155 2861
155 1267
1155 1310
155 3712
1155 3689
155 1839
1155 1902
155 2456
1155 2651
155 1024
1003 1155
155 1578
113 1155
155 2571
511 1155
155 3109
1155 4831
103 155
1155 2320
155 1292
1155 4696
131 155
1155 3316
155 4569
1155 2352
155 3177
1155 4917
155 3787
1155 4005
155 2370
1155 3942
155 4309
262 1155
155 750
1155 3052
155 1466
1155 4511
155 1186
1155 1159
155 4925
1155 1550
155 465
1155 1252
155 737
1155 4798
155 2342
1146 1155
155 922
1155 2334
155 1055
1155 1412
155 1638
1155 1274
155 1681
1155 2039
155 3599
1155 4667
155 1343
805 1155
155 1831
1155 4350
155 631
20 1155
155 2479
1155 4158
134 155
373 1155
155 2446
1001 1155
155 2617
1155 3122
155 4680
1155 1858
155 664
1155 3461
155 2147
1155 4677
155 490
1155 1180
155 4353
1155 2540
155 1011
1155 2541
155 539
1155 4249
155 2880
1045 1155
155 4721
1155 4590
155 4846
1155 1906
155 2543
1155 2151
155 4535
1155 1254
155 729
40 1155
155 3124
1155 2438
155 2090
586 1155
155 4190
1155 4914
155 4809
1155 3991
155 2597
98 1155
155 2404
1155 1393
155 4746
1155 4114
155 4180
1155 1366
155 2190
613 1155
155 1051
334 1155
155 3717
1155 2164
155 601
97 1155
155 4410
1155 1527
155 4995
1155 3335
155 4838
200 1155
155 4700
1155 3980
54 155
1155 4374
155 4278
369 1155
155 2100
1155 2433
155 4955
469 1155
155 4110
1155 1270
155 3314
58 1155
155 1770
1155 3687
155 1704
1155 2310
84 155
1155 1696
155 2966
1155 1354
155 2493
1155 1931
155 1276
1155 3167
155 316
1155 3612
155 1105
1155 3425
155 237
1155 3178
155 4075
1155 3990
155 4664
1155 4146
155 3746
1155 2973
155 265
1155 4987
155 1149
1155 4071
155 1345
1155 4431
155 4428
1155 4870
155 2851
1155 1230
155 2126
1155 4808
155 2997
1155 4939
155 888
844 1155
155 4385
1155 1389
155 2766
1155 4807
155 3146
1155 3523
155 2572
1155 4413
155 2252
1155 4572
155 3258
1155 1445
155 2001
1155 4717
155 2260
1155 2908
155 4089
1155 4134
155 1417
1155 4693
155 1438
1155 1255
155 1015
1155 1701
155 2154
1155 3161
155 1987
1155 4913
155 2801
1155 4930
155 2078
1155 2287
155 476
1155 2453
155 371
1043 1155
155 282
1155 1381
155 3895
1155 4676
146 155
1155 2593
155 1324
1155 3324
155 1464
1127 1155
155 1833
1155 2085
155 2894
1155 2537
155 345
1155 3390
155 512
1155 1899
155 3170
1155 2986
155 3063
529 1155
155 609
1155 1768
155 267
873 1155
155 4729
1155 3794
155 4929
1155 1916
155 3162
875 1155
155 2032
1155 4772
155 2711
739 1155
155 1391
1155 1232
155 2607
1155 3220
155 2351
1098 1155
155 4596
1155 4226
155 234
515 1155
155 4824
1155 3205
155 1856
286 1155
155 1439
1155 2889
155 1456
1155 3225
155 2144
1155 4266
155 1611
1155 3915
155 3631
1155 2366
155 3962
1155 1917
155 175
1155 3588
155 2136
1155 3705
155 2464
654 1155
155 4097
1155 3356
155 4225
1155 1860
155 4255
1155 3931
155 436
1155 4644
155 502
1155 1484
155 4840
1118 1155
155 4923
1155 3967
155 2484
885 1155
155 1239
1155 2223
155 4869
1155 2781
155 1060
1155 2853
155 1988
35 1155
155 4182
1155 3476
155 3234
1155 3551
155 3818
987 1155
155 1172
1155 2629
155 1102
488 1155
155 3019
1154 1155
155 208
77 1155
155 4583
1155 1744
155 1724
1155 3693
155 4088
1155 4686
155 932
1155 3817
155 1219
1155 2208
155 2533
1155 1510
155 2804
1155 3781
155 2585
1155 1594
155 881
1155 1243
155 2695
1155 4121
155 4941
1155 2244
155 4701
1155 1639
155 2727
360 1155
155 2896
1155 4992
155 4723
1155 3690
155 3333
1155 4411
129 155
1155 1204
155 1092
1155 4486
155 318
1155 2269
155 3031
1155 2086
155 2937
357 1155
155 399
1155 3354
155 4109
1155 2346
155 3812
1155 2117
155 3443
1155 4245
155 2679
1155 4106
155 2786
1155 2428
155 2992
1155 3913
155 2906
335 1155
155 673
295 1155
155 3181
1155 3846
155 3945
1155 4875
155 3840
1155 2002
155 637
1155 1808
155 4550
285 1155
155 4404
1155 4298
155 393
1155 1250
155 1712
1155 3386
155 3845
1155 4381
155 4641
1155 1539
155 4453
1155 4055
155 2218
741 1155
155 3864
1073 1155
155 4619
1145 1155
155 4041
59 1155
155 4649
1155 1754
155 2286
1155 1432
155 3907
1155 3419
155 4631
1155 1838
155 1867
1155 1370
155 2084
1136 1155
155 4986
1155 1675
155 4578
1155 4277
155 3259
1155 1408
155 4087
1155 1608
155 3027
1064 1155
155 317
552 1155
155 1405
689 1155
155 1935
1155 2818
155 3894
978 1155
155 1575
1155 3249
155 1676
1155 2272
155 590
1155 4795
155 3309
894 1155
155 4026
1155 2795
155 2237
1155 4737
155 4042
303 1155
155 1329
1155 1522
155 1156
1155 4956
155 2636
914 1155
155 2830
1155 3100
155 3044
213 1155
155 1830
138 1155
155 769
1155 3692
155 3062
177 1155
155 4627
1155 1659
155 2873
1155 3485
155 3964
1155 1572
155 3755
989 1155
155 3732
1155 3954
155 2981
1155 2212
155 2972
1155 4214
155 2506
1155 4211
155 1679
136 1155
155 807
1155 1303
155 4363
1155 2536
155 3272
1155 2249
155 4124
1155 1290
155 2845
1155 4509
155 4722
1155 2886
155 359
1155 2149
155 1242
560 1155
155 2025
974 1155
155 1580
1155 1871
155 2546
1155 4213
155 494
1155 3377
155 3239
1155 2854
7 155
1155 3330
43 155
1155 3737
127 155
1155 3050
155 4268
1155 1874
155 2411
1155 3912
155 1750
1155 2648
155 2068
278 1155
155 348
1155 3381
155 3064
1155 3925
155 3379
1155 3880
155 2954
1155 1512
155 2709
12 1155
155 830
1155 3655
155 4847
1155 2643
155 3716
1155 1746
155 2179
1155 4571
155 1718
524 1155
155 1973
1155 2238
155 380
1155 2361
155 2088
1155 1176
155 4156
1155 1621
155 4333
1155 4398
155 4496
951 1155
155 3072
1155 3835
155 610
1155 4086
155 220
1155 4437
155 1144
1155 4081
155 3001
1155 2562
155 222
1155 1294
33 155
1155 4954
155 715
400 1155
155 3630
1155 4881
155 3664
1155 1669
155 4422
1155 2750
155 1603
996 1155
155 1769
1155 4390
155 4653
309 1155
155 4207
57 1155
155 910
1155 2930
155 2838
1155 4530
155 4714
240 1155
155 3670
1155 2291
155 445
1155 4306
155 2242
1155 1534
155 2145
320 1155
155 3382
414 1155
155 2872
1155 3139
155 2965
1155 1507
155 3760
1155 4112
155 2451
1155 2549
155 891
752 1155
155 1562
1155 1776
155 3257
1155 4741
155 2017
1155 3553
155 2774
1155 3808
155 1937
889 1155
155 1503
1155 1547
155 2568
363 1155
155 1400
1155 3455
155 3280
1155 2120
155 2327
1155 4449
155 2699
1155 2823
155 244
756 1155
155 1446
1155 1600
155 1177
1155 3889
155 2717
1155 4073
155 2378
1155 3394
155 3353
1155 1933
155 4035
886 1155
155 1731
783 1155
155 462
692 1155
155 2134
1155 4004
155 2013
1155 2668
155 4253
1155 2915
155 297
1155 4983
155 2383
1155 4534
155 2808
1155 4650
155 3120
1155 4843
155 4328
481 1155
155 214
1155 2027
155 3445
672 1155
155 820
602 1155
155 4281
312 1155
107 155
1155 4651
155 2415
1155 1825
155 1058
34 1155
155 276
1155 3639
155 1312
1083 1155
155 571
439 1155
155 2293
1155 2713
155 424
1155 2166
155 2024
790 1155
155 1742
1155 4157
155 3926
831 1155
155 4900
229 1155
155 4474
1155 2072
155 1171
1155 2474
155 821
835 1155
155 3241
1155 4993
155 3972
1121 1155
155 2186
1155 1782
155 1665
1155 3886
155 1764
1155 4478
155 534
834 1155
155 298
1155 1368
155 4008
1155 2442
155 3909
1099 1155
155 4801
1155 3030
155 1351
1155 2461
155 3254
1155 1240
155 3530
224 1155
155 332
1155 3256
155 3573
1155 2807
155 3993
1050 1155
155 3662
1155 3034
155 4697
1155 4161
155 3700
1155 2904
155 2316
1155 3497
155 660
1155 1188
155 2952
353 1155
155 2087
1155 1872
155 3536
1155 2380
155 4879
1155 3060
155 1689
1047 1155
155 3522
1155 2814
155 3680
1155 1791
155 1753
364 1155
155 1538
1155 2563
155 4377
1155 3892
155 1362
1155 4784
155 4409
1155 2975
155 2609
1155 3920
155 1175
1155 3191
155 3916
235 1155
155 3310
1155 2632
155 3337
1155 2983
155 913
