4999
[]]]]][[]]]]]]][][[[]][]][][]][[[][]][[]][][[[]][[[[]]][][[]]][[[]][][[][][]]][][[[[]][]]][[[][[]]]]][]][][]]]]]]]]][[[[]][[][[]][]][][][[[][][][][[]]]][]]][]][[]][[][[[[[[[[][][[[]][[][][[[]][[][[[][[]][[]]][]][][[[[][[[[][][]][[[[[[[]][]]]]][[][[][]]]]][[]][]][[]]][]][[[[[[][[[][[]][[]]][[[]][][[[[[[[[[[[[][[][][[]]]][[]][[]][]][[][[[[]]][[[[[[[[]]]]]]]]]]]]]]]][[[][[[][[][[]][]]][][]]]][][[[]][[[][[][[[]]]][[[]][]]][][[][][[][[][[[[]][[][]]][][][]]][]]][[][][[[[][][[[][]][[][][[]]][[][]][]]][][][]][]][]]][[]]][][[[[[][[]]]][[[]][[[[[][]]][][[][[][][][]][[][]][[[][][[[]][[][[[]]]][]]][][][][[[][[]]]][[[][]][[[]]]][[[[[[[]]]]]][[][][][][[[[][[]]]][[[[[[[][][[[]][][[[[[]][[]][[[[[]]]][]][][[][[]]][]]][[][][][][]]][[][][[][[][[[][[][]][][]]]]]][[[[]][[[[][[[]]]]][[[][][][][]]][[[]]]][][]]][][]][]][[[[]][[][][][][[[]]]][][][[[][][][][[][[[][[[[]][]]]]]][][[[]][[][[[[[][[[[]][]]][][][[[][[[][][][[]]][]]][[[][[][[[][]]][][][[[][[[][][[][]][]][[[]][][[][[[[][][[][[[[][[[[][[[]][]]]]][[[[]][[[][][]][]]]]][][]]][][[]]][][]]]]][[[][[[[]]][]]]][]][[[][[[]]]][[[]]][][[[][]]][][]][]][[][[[][[]][][][[]][][[[][]][[[]]][[[[[[]][]][[]]][[[][][][]][][][]][]][[[[]][[][][]][[[][]]]][][][][[[][][[[]][[[[[[[]]][]][[[[]][[[]][[][[]][[][[][[[[]][]][]][[]][][]][[][[]]]]]]]]][[]][][[][[[[]]]][][][]]]][[[[]]]]][[[][[]]][][][[]][[[[]]]][[]]][[[][[[[][][[[]][[[[][[[]]][[[][]]][[]][[][]]]][[[[[][][[][[[]][][][[][[][][[[[][]][[]][[[][][[[]]][[][[][[][]]]]][[[[][[[[[]][]]]][[]][]][[]]][[][]]][[]][][[]]]]]]]]]]][[][][]]][][]][]]]][[][[]][[][]][[[[]]]]][[][[][[[[]]]]][[][[]]][[][][[][]]]]]]][]]]][]][[[[[]]]]][[]]][]][]]]]][]][[[[]]]][[[[][[]]]]]][[]][[[[]]]][[[[][[][]]][[[][][[[]][[[][[][][[[]]][[][]]][[][[][]]]]]][]][][[]]][[[[[[[]][]]][]][[][][][[]][[][]][]]][][[[[[]]]]]][[]][[]]][][[[[]]]]]]][[]]]]]]][[]][][][][][[]]]]][]][[][]][][]]][]]]][[[[[[[[]][[[[]][[[]]]]]]][][]]]][]]][[[]][[[]]]][]]]][][]][][]]]]]][]]][]][]][][[]][][[[][[]]]][[[][[]]][][]][[][[][[][[[[[[[]]]]][]][[[[]]]][]]][[][]]][]][][]]][]]][[[][]]]]]][[]]][[][]]][][]]][[][[][[[[]][][[[[[[][[][[[]]]]][][[[]]][[[]][[]]]]]][]][[][][][[[]]]]][[][][[[][[[[]]][][]][]][][[[]][][]][[[][[[[[]][[]]][][[]][][]]][[]][]][]]][[[[[]]][]]]]][[]]]]]][[[[][[]][[[][[[[]][[[[]]][[]]][[]][]]]][]][[[[[[]][[[]][][]]]][]]]][[][]][]][][[[[[][]]]]][]][[][]][]][]]][]]][][[][[][][[][[]]][[]]][[[]][][[]]][[][[[]]]][]][]]][[][]]]][]]]]][]]][[[][]]]][][][[[[[]]]][]][][][]]]][[][[[]]]]]][[][[[[][[][]]][[][[[][][]][[]][[[[[]][[[][]][[][[][]][[][]][[][]][][][[[[[][][[]][]][[]]][][][]]]][[[]]]][[[[[[[]][[[]]][[[]][[[]]]][[[[]]]]][[]][[[][][[]][]][[[[[][][[][][[[][[[[][]]]][]]]][][[][][[[]]]][[]][[]]][[]]]][][[[]]][[][[[[[][]]]]]]]][]][[][]]]]]]]]][]]]]]][[][[]]][]]][[][[[][[[][[[]]][][[]][]]][[[]][][[[[]][][[[][][[][[[]]][[[][[[[][[][[[[]]]]][]][][[[][][][[][[][[[[]]][][][]][[[]][[][][]]][[][][][[[[][[][]]]][[[]][][]]]]][]]]][][]]][][][]]]][]]]]][[][[[[]]]]][[]][[[[][][][[[[[[[]]]]]][]][]][]]][][]][]][]]]][]][][][]][][[[][[][[[[[[[[[[]][][[[][[][[[[[[[][[]][][][[]][[][][[[][[[[[[][[[[[][[][][[[[][[[[][]][]]]][][][[[][[][][]][[[[][[[][]]][[]][[[]][[]][[][[][[]][][[[[[[[[]]][]]][]][]][]]][][[[[[]][[]]]][]][[[[[]][[[[][[[[[][[[][]][][][][]]][[[]]][[[[[[[[[[]][][][]]]]][]]]]]]]][][][]][]][]]][[[]][[]]]][[[[][[[[[[[]]][[[][]]][[]]]][]]]]][]][[[[[]]][[][[[[[[]][]][][[]][][]][]][[[][][[[[[]]][]]][]][[[[][]]]]][[[[[]]][][[]][]][[][][][]][[[[][[[][]][[[]]]]]][[][[][][][[][[[][][][[]]]]][[[[][[]][][][]]][][][]][][][][[[[][][[[]]][][]]]][[][][[[[][[[][[]][]][[]]]][[]][][]]][]][]]][][]][[[[[[][][]][[]]]][]][[]][[]]]][[[][][[]]]]][[[][[[[][[[][]][][]]][]]]][][][][[[][]]][[[[[][[]]][[[][[][][]]]][]][][[][[[][[][[]]]][]]][[[]][][][][[][][[][]][][[[[[[]][[[]]][[[][[[]]][[][][][]]]][][[]]][]][[[]]][][]][[[][][[[[]]][][][[[[]][][[]]][][[[]][]][]][[]][[]][[[][]][][][][]]]][]][[][[]][]][]]]][][][][][[[][]][][[[[[][][]]]][[[[]][[[[]]]][][[[[]]][[][[]]][]]][[[[][[]]][][[[]]]]][[[][]]][[]][[[][][[][]]][]]]]]]]][[]]]]]][][]][]][][[[]]][]][[]]][]][[[[[[]][]][[]][]][[[][[][][[[[][[[[][]][[[][]]]]]]]]]][][][]][[[[]]]][[]][]][[][[[[[]]]]][]]]][][[[]]]][[][[][[[]]][]]]][]][[]][][][]][[][[]]][[[][][[]]][][][]][]]][][]][[][[[[[[[][]]][[][[[]]][[]][[[[]]][[][][[[]][[]][[[[]]]][[[][]]][[[[][[[][[[[][][[[[][[[[[][[]]]]]]][[[[][[[[]][]]]]]]][][[]]][]]]]]]][[]][]]]]][[[]]][[[[]][]]][[]][]]][][]]]][[[[][[[]]]]]]]][[[[[[][[]][[[]]]][]][[][]][]]][[]]]]][[[][[]][[[]][]]][[[]]][[]]]]][[[[[[][][[[]]][[]]][[]][]][[][[[][[[[[[]]][][[][[[[[]]][]]]][[][]]][[]]][][]][]]]]][][[]][[]][][[[[]][[]][[]]]][[][[][]][]]]]][][][[][[]][][[][]][[][][][[][][][[[[][][]]][]]]]][][]][][]]]][[[]][[[[][[]][[[]]][[]]][]][][]][]][[[[[[[[[][[]]][[][]]]]]][[[[][[][][[[][]]]]][[][][[[][[[]][]]]][[[]]][[][]][[][[]][][[[[[][[[[][[[][[][][[[]]][[[[[]]]]][[][[[[[[[[][][]][]][]][[][]][]]][[[[]]][][[]][][[[]]]][[[[][][]]][[[][]]]]][[][][[[[[[[[]]][[[[[][[][[[[]][][][]][[[[]]][]][]]][[]][]][]][]][][[][]][]][][[[][[[[][]][[]]]][][][[]][]][[[]][][]][[][][]]]]]]][[]]][]]][[[][]]]]]][[
427 1940
1336 1940
378 427
1940 2755
427 997
1940 2669
427 1385
1940 3128
427 2854
1940 4804
273 427
1940 4281
427 443
1026 1940
427 4140
1940 4310
427 3635
1940 3613
427 585
1940 2680
427 2568
1940 3766
427 1162
1940 3199
427 3756
869 1940
427 2917
579 1940
427 3059
1583 1940
427 1120
1604 1940
427 3041
1940 2463
427 3224
1940 4719
427 3181
1169 1940
427 4269
454 1940
427 2403
1940 3084
427 3763
1940 2178
427 877
1642 1940
427 4370
1383 1940
427 2484
1940 3982
427 3557
110 1940
427 2341
1940 4787
427 1876
1940 4788
427 4487
888 1940
427 4255
1940 3559
427 3003
228 1940
427 3093
1940 4595
427 539
1940 2869
427 4243
1940 2350
427 3862
1779 1940
427 1425
1940 4326
427 2762
1520 1940
427 4949
1940 4188
427 1631
1875 1940
427 3745
1018 1940
427 961
1940 1955
427 711
1940 2912
427 3174
1611 1940
427 618
837 1940
427 3321
125 1940
427 3056
1940 2663
427 3296
14 1940
42 427
144 1940
427 3030
1940 3023
427 3952
387 1940
427 916
1940 3221
427 4558
1593 1940
427 4429
78 1940
427 3085
1569 1940
427 3560
1940 2740
427 652
261 1940
427 3788
1733 1940
264 427
1045 1940
427 1778
1940 4264
427 3459
208 1940
393 427
1940 3428
427 2555
1940 4680
170 427
1940 3232
427 4560
709 1940
427 627
1940 2435
427 3737
1940 2628
427 2115
1382 1940
427 3020
1940 2787
427 2455
1940 2870
427 1816
1940 2158
427 4342
1835 1940
427 3332
246 1940
427 2439
66 1940
427 1190
1940 3361
427 4454
1940 3554
427 1762
1940 3317
427 3831
1940 2018
427 4736
1519 1940
427 1682
1209 1940
427 1066
1940 2686
427 4617
1940 1961
427 2452
1940 2175
427 3442
1154 1940
427 4076
1940 3900
427 4938
1940 2474
427 2702
455 1940
427 2760
1940 2105
427 3505
1940 2944
427 2286
683 1940
427 2601
1940 3937
427 3153
1940 3220
427 3865
861 1940
427 3106
1594 1940
427 3471
1080 1940
427 2398
1940 2829
427 3676
1007 1940
427 1409
1940 4071
427 3576
1195 1940
427 4948
1213 1940
427 2527
72 1940
427 3097
1940 4109
196 427
1940 4980
427 4211
1940 4974
427 1805
1940 2824
427 4059
255 1940
427 3123
1940 2276
427 3446
1940 3018
427 2859
195 1940
427 2257
1914 1940
84 427
1940 2838
427 4313
1940 3932
427 4436
1940 4129
186 427
1940 4967
427 761
1940 2295
427 1061
1178 1940
39 427
1940 3732
427 1047
1940 2956
427 1904
1940 3949
427 4983
1940 3794
427 4343
1940 4973
427 471
555 1940
427 1240
1014 1940
427 2387
1940 3480
427 2541
1940 4753
427 2632
1940 4559
427 1394
1940 1949
427 1124
1940 4043
427 4231
1940 4611
427 2127
1940 4691
427 3943
1940 3079
427 4196
1083 1940
427 3860
1940 3947
427 4688
1940 2965
427 3066
609 1940
427 658
1543 1940
427 628
1940 2644
427 1990
1069 1940
8 427
1940 4125
427 1576
151 1940
427 2556
1940 3065
427 2540
1940 4596
427 3418
701 1940
427 3042
1174 1940
427 2421
1940 4155
427 1202
1940 4646
427 4722
1940 4554
427 1217
1767 1940
427 2467
392 1940
427 4126
1940 3995
427 3298
1940 2708
427 1340
1940 3241
427 510
568 1940
427 4970
1940 4507
427 1647
846 1940
282 427
1940 2888
425 427
1940 4692
427 978
1697 1940
427 3775
1940 4908
427 2050
1940 4509
427 4268
1940 2570
427 2078
1940 4761
427 4150
1248 1940
427 3813
251 1940
427 3334
1940 4502
427 1700
1940 2577
427 819
1940 3399
427 504
1940 3090
427 2102
1940 2203
427 2664
914 1940
427 3077
860 1940
427 1929
513 1940
427 4495
1926 1940
427 3378
1940 3689
427 2493
1940 2875
427 542
1288 1940
427 1667
1940 2406
427 3366
1940 3829
427 1897
1940 2563
427 2064
912 1940
427 4666
1940 3507
257 427
1940 2031
427 1703
1940 4819
427 4060
1940 4148
427 3819
1940 3547
427 4302
1940 2456
427 2468
1940 3088
427 580
1940 2302
427 3158
1940 4609
147 427
1940 4954
427 4510
1940 4810
427 924
1811 1940
427 3810
506 1940
427 3523
1940 3814
179 427
1940 2530
427 3318
1940 4841
427 2962
1940 3448
427 2180
1940 3832
427 3530
1940 2049
427 4369
1514 1940
427 1453
80 1940
427 3121
1865 1940
427 3701
1932 1940
427 3878
1940 2172
427 1356
1940 2935
427 3691
417 1940
427 2207
1940 4013
427 3946
1895 1940
427 1696
643 1940
427 4621
1940 3634
427 3205
1940 2671
427 2490
456 1940
427 3675
1940 2837
427 2034
1372 1940
427 2032
89 1940
427 1388
1940 3847
427 4687
1088 1940
427 3253
1940 2200
427 553
1253 1940
427 2388
1940 3550
427 4447
1940 3291
427 2501
1940 4114
427 4430
1940 3295
427 3890
332 1940
427 3961
1940 3866
427 4312
24 1940
427 1796
1156 1940
427 2780
1430 1940
427 2323
1940 2520
427 4018
1940 4306
427 3625
1940 4817
427 1429
1940 4321
427 4781
1940 2371
427 3593
807 1940
427 1950
47 1940
427 2575
1940 4619
20 427
1331 1940
244 427
1797 1940
427 1373
884 1940
275 427
1940 2974
427 3985
1020 1940
427 2695
1940 4291
427 1777
1940 3294
427 3773
1940 4352
250 427
1054 1940
427 2849
1940 3820
427 1308
420 1940
427 4033
1940 4473
427 3630
937 1940
427 4499
1940 3319
427 755
1940 4741
427 2297
1730 1940
427 1273
1940 2282
51 427
1940 3369
427 2996
1940 2427
427 4730
1110 1940
427 3125
1940 4377
427 4501
270 1940
427 2927
1940 4649
427 2005
1940 4290
427 2215
1839 1940
427 2566
1940 2043
427 3698
1940 4940
427 1344
90 1940
427 1564
1412 1940
427 4587
1771 1940
427 4202
1940 4489
427 2461
1940 3306
427 1669
1940 2747
117 427
1940 3656
427 1622
1940 2687
427 3473
1940 4445
427 4120
1940 4497
427 3412
1825 1940
397 427
1348 1940
427 1140
1940 4287
427 1345
1602 1940
427 1322
1940 4895
427 4259
115 1940
427 852
1940 3043
427 2140
1050 1940
427 3527
1940 2991
427 4935
1390 1940
427 1194
905 1940
427 4242
1940 2132
427 1850
1940 2483
427 4037
1791 1940
427 4236
1940 4546
427 4765
1837 1940
427 2987
721 1940
427 4752
903 1940
427 4157
1116 1940
427 2352
1940 2223
427 3996
1138 1940
427 754
1940 3643
427 1508
359 1940
427 4086
289 1940
427 3204
1940 4284
427 4240
1940 4387
427 2070
1107 1940
427 2251
294 1940
427 4870
236 1940
427 4623
1940 2881
427 2633
277 1940
427 1192
1586 1940
427 614
1940 4885
427 3016
1940 2675
427 857
74 1940
427 1812
1424 1940
427 4829
1940 4614
427 4542
1275 1940
46 427
1330 1940
427 4690
1940 2858
427 1226
1940 2863
427 1198
1940 4729
427 4522
1332 1940
427 2603
1278 1940
427 4248
1940 2373
427 1481
1306 1940
316 427
1940 4496
427 571
1940 2608
427 1327
1909 1940
427 4827
780 1940
337 427
1708 1940
298 427
1940 4639
427 2612
1940 4671
427 2494
225 1940
427 1175
319 1940
427 3070
1940 2897
58 427
987 1940
427 437
1940 1973
427 3308
1940 3322
427 3787
1940 4917
427 1765
1940 2299
427 1393
1940 4403
427 4857
1940 3226
18 427
1940 4759
427 1636
1646 1940
427 1656
1940 2243
427 3741
1940 3156
427 700
210 1940
427 2424
1940 4136
427 3485
1528 1940
229 427
1940 2390
59 427
1940 2834
427 4705
1940 2068
427 815
650 1940
219 427
1940 2431
427 2434
1940 4632
427 2842
1940 2190
427 4659
447 1940
347 427
1589 1940
427 4134
1048 1940
427 4640
1940 3290
427 830
1940 4354
427 2539
1940 4468
83 427
1940 2290
427 2465
1772 1940
427 3266
1940 3130
305 427
1265 1940
427 1274
1940 4624
427 2559
1940 2380
427 1592
615 1940
427 1238
1940 3316
427 3425
1940 4723
427 640
1940 3150
427 4946
1940 2176
427 1723
734 1940
427 1534
1940 3345
427 1494
1940 2012
427 4055
1940 4971
427 3620
1940 3417
427 4427
1511 1940
427 1579
239 1940
427 3920
1501 1940
427 3299
1940 2143
427 4175
1940 4618
427 1918
1940 4891
427 3398
1940 3975
427 668
1940 4833
427 3807
1670 1940
427 2391
1505 1940
427 3075
1940 4006
427 3891
1940 2774
141 427
1940 3363
427 725
1940 2399
427 3564
1940 3668
427 4169
266 1940
427 3355
785 1940
427 2668
1940 3705
427 4762
1803 1940
427 2609
1940 2296
427 1310
1940 3957
427 1630
717 1940
427 3152
1940 2394
427 434
1940 3040
427 1658
1286 1940
427 2877
1940 3595
427 3035
1231 1940
427 4855
1940 3455
119 427
1940 3380
427 4584
1940 4503
427 4074
1870 1940
427 524
1417 1940
427 3015
1544 1940
427 4413
1940 3603
427 965
340 1940
26 427
1940 2752
427 1968
1467 1940
427 3657
1940 4592
427 1492
1940 4996
427 4749
1828 1940
427 4597
1940 2476
427 4591
870 1940
427 2772
1940 2278
427 729
497 1940
427 2330
1940 2720
427 3210
1940 2620
427 3186
187 1940
427 1023
1940 2894
427 4901
931 1940
427 2902
142 1940
427 1516
1940 2537
427 2303
1208 1940
427 4396
1940 3728
95 427
1940 4964
427 1643
1940 2735
427 625
1852 1940
427 4775
792 1940
427 3440
1940 2955
427 4873
1940 3877
427 2980
1940 3870
68 427
1027 1940
427 4405
764 1940
427 2657
1940 2623
427 4944
1940 3458
427 3044
1307 1940
427 1042
636 1940
427 3477
1940 2375
427 4482
1152 1940
427 868
1940 4425
427 4655
1940 2351
427 4575
1940 4012
427 1729
621 1940
427 4586
413 1940
427 2287
1496 1940
427 1606
1143 1940
427 4657
1615 1940
427 1605
1940 3439
427 3940
546 1940
427 4795
1581 1940
427 3468
959 1940
427 4616
1940 3805
427 669
1940 2782
198 427
1940 2202
49 427
1940 3027
427 840
587 1940
427 2301
1940 3695
427 2784
567 1940
427 1426
1940 3968
427 3981
1940 2716
427 1469
1940 4276
279 427
1940 2248
427 2152
1940 2588
427 4724
1940 3484
427 3087
1940 2856
427 4469
547 1940
231 427
1940 3184
427 481
1114 1940
427 2342
1940 3926
427 2717
1940 4942
427 1476
1940 4010
427 2887
1940 3419
427 629
1940 4950
280 427
1486 1940
427 2923
969 1940
427 1082
1573 1940
427 2926
1502 1940
427 2233
1940 2204
427 1725
1940 4637
427 3744
1940 4153
427 1724
1940 3270
427 496
1341 1940
427 697
1940 3591
427 2010
574 1940
172 427
25 1940
427 3931
1940 3604
427 1557
1940 4925
427 3470
797 1940
427 4288
99 1940
427 4808
1509 1940
427 3282
1940 2521
427 966
1940 2058
427 4867
1940 3876
427 4058
1940 1972
427 2216
1940 2967
427 4121
713 1940
427 3655
972 1940
427 2319
1940 2934
427 2409
1940 4292
427 1625
1928 1940
50 427
1449 1940
427 3445
1940 2048
427 4404
1940 4936
427 1415
1940 4835
427 1541
1245 1940
427 1530
1940 3894
427 1556
1940 4009
427 3260
873 1940
427 1635
1940 3279
371 427
1940 2205
303 427
879 1940
427 3716
1940 2636
427 2225
1940 4341
427 3426
1940 3132
427 2226
1940 2789
427 3384
1940 4565
427 3700
1940 3115
427 2983
1940 4511
427 1786
1758 1940
427 3640
30 1940
427 3540
1940 4562
427 2259
62 1940
427 2852
361 1940
427 4462
1940 2622
427 4135
1940 4062
427 2825
463 1940
427 605
891 1940
427 2145
1940 2933
427 4223
1940 3250
427 3521
1940 2724
427 3293
1940 3228
427 3679
494 1940
427 3508
1940 2489
427 1302
1638 1940
427 4428
776 1940
427 2060
1940 4526
427 2778
885 1940
427 685
1940 2315
427 4697
1173 1940
427 1000
1199 1940
427 2808
288 1940
427 1808
1287 1940
427 1795
1940 4050
174 427
1940 2693
427 4635
1940 4226
427 694
1830 1940
427 2511
1940 3537
427 1855
1471 1940
427 3039
1940 2065
427 2809
1940 2510
427 1002
1940 3045
427 4194
1940 2194
427 2830
1940 3292
427 551
1268 1940
427 4301
1940 4492
427 3208
1664 1940
427 3980
1588 1940
427 773
1940 3525
306 427
1940 4711
427 3329
1940 3843
427 808
131 1940
427 3116
114 1940
427 1859
1940 4945
427 1232
1940 2597
427 1882
140 1940
427 742
252 1940
427 1072
1062 1940
427 1674
1940 2572
427 1378
1940 3650
427 3639
211 1940
427 1263
1940 4180
427 4579
1940 3769
427 2722
1940 4353
292 427
1940 3677
427 2241
1600 1940
427 2109
1940 3503
427 2053
1940 4947
427 4426
1384 1940
427 3501
1940 3469
427 3073
1940 4673
427 4207
1940 2393
427 2412
1940 2677
427 1128
778 1940
427 2499
377 1940
194 427
1940 4878
427 2120
1439 1940
427 4258
1940 4085
427 4128
1940 2730
427 3512
1940 3597
427 3908
818 1940
427 2353
1940 3166
427 3717
1940 4162
427 646
1364 1940
427 4629
1940 2458
427 727
1940 2701
427 2543
1940 4768
427 4112
1940 3246
427 3300
1940 1942
427 2936
1940 4263
427 1744
1940 3804
427 2254
1940 2088
427 1856
1940 3201
209 427
1940 3194
427 3837
1940 3562
427 1220
1858 1940
427 1443
1940 2546
427 583
1940 2129
427 3574
1940 4045
427 1985
1940 4096
137 427
1940 4339
427 1678
1940 1958
427 4856
149 1940
427 3909
1822 1940
427 4382
1940 4147
427 1633
1940 2621
427 1939
1940 2263
427 3941
1940 3193
427 4247
1296 1940
427 3358
1940 4229
427 958
484 1940
427 2369
1219 1940
427 2754
383 1940
427 2347
1940 3646
427 1355
1940 2067
148 427
1906 1940
427 3119
1645 1940
427 1853
1618 1940
427 2661
684 1940
427 714
1324 1940
427 4191
1940 2535
427 4390
957 1940
427 4541
1801 1940
427 1024
1940 4368
427 3583
1940 3633
427 3927
1940 4994
32 427
1940 3568
427 4201
1940 2014
427 3164
1770 1940
427 1838
639 1940
427 4038
1940 4802
427 3617
1940 4484
427 3999
1940 4919
427 4004
1940 2689
427 4184
1698 1940
427 1127
1940 2989
427 1660
862 1940
427 3781
1940 2075
427 2776
1940 2694
427 4798
1940 3286
427 3699
1940 4265
427 2611
1940 2739
427 2288
1562 1940
427 4812
501 1940
427 1869
1940 2093
427 1041
1100 1940
427 950
1940 2565
427 3536
1940 3704
427 716
1940 2961
427 4777
1434 1940
427 1301
1940 4092
427 2986
1940 4285
427 480
1940 4903
427 4875
1940 3800
427 1109
1096 1940
427 4420
943 1940
427 3391
1940 2148
427 4166
1940 3034
427 4631
101 1940
427 1118
1781 1940
427 3001
1940 4239
427 2984
1940 3406
427 842
12 1940
427 1142
1940 2308
427 3068
509 1940
427 1452
1940 4695
427 3979
1363 1940
427 3712
1940 4550
427 686
1940 3108
427 1814
1940 2294
427 3315
1940 4035
427 936
1578 1940
427 2532
1537 1940
427 687
1940 3057
427 514
1715 1940
427 1339
1940 3371
427 4662
55 1940
427 1004
1940 3887
427 2177
1940 4771
427 1536
1940 2968
427 4106
6 1940
427 1454
1940 4905
427 3192
1346 1940
427 3919
1864 1940
345 427
1940 3467
427 4734
1940 2759
427 1934
1940 3280
427 3051
1940 4536
427 2985
1940 3950
427 3139
1033 1940
427 4250
1940 3101
427 493
1940 3117
427 4349
1608 1940
427 1683
1491 1940
427 3727
1940 2470
427 2442
1940 2529
427 1886
1940 4081
427 3936
1714 1940
427 2142
1665 1940
427 981
1940 4811
427 3147
1654 1940
427 1432
1940 2004
427 904
1940 2862
427 2269
1676 1940
427 963
1318 1940
427 1090
295 1940
427 3618
562 1940
427 2767
1757 1940
197 427
1940 2640
427 1433
1940 2673
427 4238
1940 2138
427 1441
1940 4683
427 2009
1940 2284
427 4477
1940 4899
396 427
1940 4700
427 3110
1940 3818
427 766
893 1940
427 1386
1940 3801
427 1979
1940 2650
427 1260
929 1940
427 577
559 1940
427 1693
1940 4911
427 4358
1940 3114
427 2188
1079 1940
427 1679
946 1940
427 3761
1940 3242
427 1366
325 1940
427 4174
1940 2690
427 2806
1940 4880
427 3734
1940 4421
427 2437
1940 3858
427 1613
1940 2144
427 783
1940 4990
427 917
1940 2087
427 3275
1940 2189
427 428
1940 4041
427 2589
1940 4375
427 3170
1940 3104
93 427
1940 4693
427 2928
1940 4934
427 4630
1940 3385
327 427
1761 1940
427 2020
1940 4884
427 4564
1940 3407
427 1701
199 1940
427 2222
1940 3841
427 3594
1940 2255
427 740
1303 1940
427 2638
1258 1940
190 427
1940 3825
427 988
1940 1986
427 2777
1940 2886
427 4533
1940 3531
427 4347
1940 3142
427 3207
1940 4767
427 3848
1940 2085
409 427
1863 1940
217 427
1940 2447
427 2518
1940 3514
427 2737
1940 4498
427 3188
696 1940
168 427
1940 2029
427 1751
1940 2678
427 3400
1940 3095
427 4636
599 1940
427 2151
1940 4296
427 2643
1940 3245
427 1347
1940 3619
189 427
1940 2256
427 847
1940 4689
427 1119
1940 3335
427 2665
1940 4122
427 1015
705 1940
427 1763
1940 4581
427 2083
1873 1940
427 2831
1362 1940
427 4939
1940 3151
427 3714
1478 1940
427 3036
1940 4309
427 4008
329 1940
427 4461
1940 2843
427 4776
1940 4862
427 3261
370 1940
427 760
1940 2732
427 739
1940 4791
427 2449
1940 4466
427 464
1940 3840
427 2217
1538 1940
427 3443
1940 2796
427 2619
529 1940
427 4053
508 1940
427 1176
1272 1940
427 4931
1641 1940
372 427
1940 4898
427 3803
1868 1940
427 1687
1940 3632
427 4460
1035 1940
173 427
1940 3141
92 427
1940 4892
427 648
1506 1940
427 732
1183 1940
427 1239
1940 4299
427 4019
1171 1940
427 2835
1940 3733
427 2703
1940 3809
427 973
1940 2128
427 1688
1522 1940
427 490
1940 4540
427 3381
1039 1940
427 2964
1940 3663
427 1941
98 1940
427 811
1940 3796
346 427
106 1940
427 1689
1165 1940
427 2057
1400 1940
427 4173
1677 1940
427 1021
4 1940
427 4305
1940 3383
423 427
613 1940
427 2705
1940 4333
427 4784
1940 2171
120 427
324 1940
224 427
1940 4235
427 3029
1940 4803
427 4832
54 1940
427 3496
1089 1940
427 1179
1940 4894
427 2715
859 1940
427 662
10 1940
427 3019
828 1940
427 2496
1940 4923
427 3031
655 1940
427 468
1940 2502
427 1177
758 1940
427 1477
1016 1940
427 3851
213 1940
427 4475
1940 4156
105 427
1940 3182
300 427
1681 1940
427 2422
1940 4300
102 427
1456 1940
427 4864
1940 4116
427 4786
1445 1940
427 2173
744 1940
427 2901
1940 2704
427 825
1940 2405
427 2846
1940 2159
38 427
1940 4138
427 1037
1940 4307
427 3011
1940 2514
427 2666
1940 4048
427 4854
1940 3499
427 4318
1553 1940
427 474
1940 2832
427 4866
422 1940
427 4029
1916 1940
427 3342
37 1940
427 2482
241 1940
427 2792
1940 2006
427 2097
1189 1940
427 2683
1857 1940
427 521
1940 2244
427 1396
1940 4467
427 1161
1450 1940
427 1111
918 1940
427 4742
1547 1940
427 3461
1475 1940
427 3165
841 1940
427 2721
163 1940
427 4474
1940 4056
427 3755
1940 2562
427 3895
1940 4047
427 3729
1940 1991
427 2519
951 1940
427 4907
1407 1940
427 2377
673 1940
427 522
1940 3915
427 2771
1940 4937
427 439
1940 3389
427 2509
1940 4402
427 1374
634 1940
52 427
342 1940
427 1489
1940 3905
427 4070
1940 4674
427 2727
1531 1940
427 3364
1940 3454
427 1228
40 1940
287 427
1375 1940
427 4000
1940 2930
408 427
1940 3515
232 427
1940 3845
326 427
536 1940
427 4131
1917 1940
427 2679
790 1940
427 3762
1575 1940
427 4818
1940 3864
427 4763
1585 1940
427 1284
1940 4322
427 4453
1940 2337
427 3681
1672 1940
427 3413
1940 4165
308 427
1940 3694
427 3145
1940 2023
427 3702
517 1940
427 2274
1550 1940
427 4464
1755 1940
427 1401
1940 4638
427 1540
1940 2036
427 2313
1666 1940
427 2631
1193 1940
427 2121
1940 2943
427 2026
1940 2035
427 1861
1940 2366
427 737
1560 1940
427 4743
1940 3647
427 659
723 1940
427 3243
1940 3951
427 4849
1940 4020
427 4858
1940 2587
427 1518
1940 3992
427 2059
1940 2922
427 2662
1940 3782
427 4365
1940 3444
427 844
537 1940
427 4933
1900 1940
427 735
479 1940
427 2475
1940 2574
427 2011
1940 4816
427 594
1940 4149
427 2851
1940 3135
427 3375
1940 4505
427 1927
1940 4574
427 2648
1320 1940
427 3539
1707 1940
65 427
1237 1940
427 1229
1940 2963
427 707
1005 1940
312 427
1940 3331
427 3113
1071 1940
427 4889
1940 2738
427 3504
1123 1940
427 1473
1011 1940
427 4731
1466 1940
427 2306
1940 2599
427 3912
831 1940
427 836
1940 4315
427 3338
1940 3438
427 1328
1912 1940
427 3662
1940 4594
427 1655
708 1940
427 1277
1940 3395
427 4490
1940 3933
427 3644
281 1940
427 2670
489 1940
427 4528
1940 3622
427 461
357 1940
427 3928
1940 4537
427 4218
1423 1940
427 3340
1117 1940
336 427
1940 2937
427 2685
185 1940
375 427
1940 2139
348 427
690 1940
427 4335
1561 1940
427 934
1010 1940
427 3307
1532 1940
427 1354
1940 2874
205 427
1212 1940
427 2169
582 1940
427 900
532 1940
427 4757
129 1940
427 4874
1940 4049
427 4573
1085 1940
427 3873
1737 1940
427 1422
284 1940
427 569
1940 4920
427 3588
1940 4118
427 3249
1451 1940
427 4016
1940 3091
427 2039
1940 4664
427 3764
1940 4455
427 1155
1940 4709
427 515
1940 3272
427 4677
1940 4046
427 2209
1940 3779
427 3614
1058 1940
427 598
1940 2578
427 4780
518 1940
427 1539
1940 2334
28 427
1940 3835
427 678
364 1940
427 2667
1940 4230
427 1206
1940 4308
427 3404
1940 4604
427 3350
1717 1940
427 4577
22 1940
427 3888
1940 4486
427 2999
1940 4205
427 920
1940 4329
427 1784
1940 3786
427 2506
1940 4178
427 2505
1938 1940
427 1457
1940 2659
427 4066
1940 3337
427 1105
1940 4266
427 3382
1940 2551
427 805
1940 3217
427 2864
1137 1940
427 1881
1940 3719
427 2866
1940 4213
427 4103
1940 2630
427 525
1940 3892
427 2567
385 1940
427 4879
1940 3836
427 1413
192 1940
427 637
1940 4530
139 427
1940 3055
427 4224
1940 4418
427 3434
399 1940
400 427
1940 3421
427 2448
1940 3740
427 2504
444 1940
427 3806
1940 3678
427 4727
223 1940
427 2749
1064 1940
427 2954
318 1940
427 3353
1940 4065
427 4918
1515 1940
427 1365
1940 4518
427 2317
1940 3271
427 2978
928 1940
247 427
1940 4861
427 4091
1940 4713
427 689
1940 4877
427 4978
394 1940
427 1350
1940 3953
427 538
1940 2815
343 427
1940 2382
427 1632
1752 1940
427 2095
593 1940
193 427
380 1940
427 473
1940 4280
427 3336
1940 2536
427 3211
1940 3767
427 3929
1940 4890
427 2942
1940 3855
427 3907
1940 2729
427 2460
1940 2958
339 427
1940 2386
427 940
1234 1940
427 2184
1699 1940
427 4848
1940 3608
427 4361
1053 1940
427 491
1639 1940
427 1596
1297 1940
427 2743
1940 3452
427 2370
1940 3972
427 4740
1940 4698
427 3815
351 1940
427 1817
1940 3510
427 3752
1940 3811
427 4327
1940 2040
427 3795
1271 1940
16 427
1768 1940
427 2309
664 1940
427 3099
1940 2201
427 436
242 1940
427 4409
1940 2880
427 3403
921 1940
427 4910
243 1940
427 835
552 1940
427 4701
1940 1951
427 2812
1940 3553
427 2976
1940 3869
427 2275
1940 1976
200 427
1940 3172
427 3612
1940 3925
427 1201
1940 4813
427 2785
710 1940
427 4139
69 1940
427 4241
1008 1940
427 3311
1497 1940
427 787
1013 1940
427 1043
715 1940
427 1380
1940 4642
427 612
1940 2873
427 947
1940 4799
427 1225
1940 3629
427 1732
1940 3465
427 2750
1940 2940
427 4739
1940 2022
427 1437
1940 4102
427 4152
1940 4168
427 3921
1940 3963
427 3852
722 1940
427 902
1940 1969
427 1067
1940 4097
245 427
1940 3529
427 2238
1940 4627
427 1421
1034 1940
427 1028
1940 4388
427 4523
1940 3134
427 926
1877 1940
427 2084
741 1940
427 4991
1940 4633
427 4681
1940 2106
427 1974
1940 2339
427 1574
1940 2247
427 4274
1210 1940
427 469
1940 4976
427 2533
1940 3749
283 427
858 1940
427 1214
1940 2245
427 1113
989 1940
427 4331
1940 3185
427 3683
1940 3096
427 2198
1940 4448
427 2714
1940 2865
427 4328
1940 3715
427 2847
1940 3812
427 3898
607 1940
427 1068
94 1940
427 3149
695 1940
427 3570
1940 4726
427 4728
121 1940
427 4569
1940 4750
427 4472
1894 1940
427 3333
1940 3709
427 1921
543 1940
427 4520
1940 3964
427 2135
1940 3621
427 4414
472 1940
427 4588
1940 4712
427 3875
315 1940
427 2783
1695 1940
427 848
1940 4670
82 427
1940 4519
427 2580
1940 3839
427 3341
1940 3138
427 849
1940 2292
427 2300
1940 4612
256 427
498 1940
427 3551
1381 1940
427 2596
1940 4110
427 777
1940 4090
427 2924
1940 4583
427 1186
1940 3893
427 1619
1833 1940
427 1343
335 1940
427 4965
1940 2338
427 2775
1940 2332
427 4822
1940 4790
427 2822
1940 1997
427 2972
1940 3362
427 3081
1940 2491
427 2335
1940 3460
427 872
1940 3236
427 3133
1780 1940
427 4031
1940 2231
427 466
1940 4641
427 3977
1940 3526
427 1572
1940 2485
427 2560
833 1940
427 1871
1798 1940
427 3561
1940 3401
427 1750
1940 3187
427 3388
1940 2508
427 2264
1940 4069
427 453
1940 2524
427 3493
578 1940
427 451
1940 3254
427 3429
1940 4675
1 427
158 1940
427 975
1940 2007
226 427
1940 4440
427 3685
1940 2191
427 4888
1940 3524
427 2751
1523 1940
427 3736
1940 2229
427 3069
1940 3821
427 1309
1940 2652
427 4814
1940 3327
427 3872
1940 3262
427 1403
1940 3984
427 4366
1862 1940
427 3000
1818 1940
427 1216
1940 3606
427 2748
1940 4613
427 3863
1940 2273
401 427
1940 4142
427 3572
901 1940
427 3708
1940 3360
427 3240
1940 1988
427 4513
1940 2855
427 1342
3 1940
427 4625
1304 1940
427 4025
1940 2635
427 2038
1940 3411
338 427
772 1940
427 2624
1940 2531
427 1461
1940 4005
427 3163
1940 2305
427 4529
1940 3793
427 3889
1940 4089
427 2249
1940 4111
427 3842
608 1940
427 2414
1940 4545
427 4141
1940 2953
427 1211
1940 4137
427 1555
1940 4585
427 3346
1940 4395
427 566
865 1940
427 1006
1940 4607
427 2157
530 1940
427 2044
1940 4151
330 427
1940 3488
427 535
1940 2126
427 2481
1722 1940
427 2939
1940 2122
427 3247
1940 3284
427 4256
1940 4993
427 477
1940 2602
427 3252
1940 4179
427 1521
1940 2261
427 2402
768 1940
427 1510
1940 2995
427 3478
561 1940
427 2186
1940 3251
427 1726
1940 3219
427 4706
1940 2528
427 2763
1940 4304
427 2289
155 1940
427 2013
1940 2788
427 882
134 1940
427 3910
512 1940
427 3267
1498 1940
427 4717
1940 2381
180 427
633 1940
427 817
1940 3897
427 3707
424 1940
427 1843
1940 4535
427 2322
1940 3533
427 1967
1500 1940
427 3038
360 1940
427 3757
1621 1940
427 2910
1940 2770
427 4651
693 1940
427 1233
751 1940
427 4966
1940 2443
427 1892
1940 2428
427 2147
1940 3387
427 1163
1940 2329
368 427
1940 3558
427 4441
1335 1940
427 1911
1940 4115
427 3297
1503 1940
427 1236
1065 1940
427 1126
1940 2218
427 647
1485 1940
427 2416
1940 4332
427 4154
1690 1940
427 2512
1940 2183
427 1221
88 1940
427 2161
1821 1940
427 4871
1841 1940
427 3320
1940 3960
427 3237
1323 1940
87 427
1940 4355
427 1060
1940 4214
427 3310
850 1940
427 3780
1940 2181
427 4538
1399 1940
427 2656
1620 1940
427 938
1940 4082
79 427
1218 1940
427 2080
1831 1940
427 2594
389 1940
427 2340
1940 3791
427 1144
111 1940
427 4710
1626 1940
427 1326
1616 1940
427 2710
1940 2117
427 1408
1940 2692
427 2112
1940 2268
427 626
1940 3555
427 2220
1940 2691
427 4311
1940 2326
427 2581
595 1940
427 2899
1940 4297
427 3899
1940 3582
427 1446
1368 1940
153 427
1940 2988
427 4667
76 1940
427 4679
1940 2604
427 2046
1940 4797
427 1416
17 1940
427 1753
1940 2260
427 4267
1940 3414
427 4471
623 1940
427 611
1940 3549
45 427
152 1940
427 2592
1936 1940
427 2766
1940 3955
427 1996
1940 2242
427 4400
1940 2016
427 2091
1940 2696
427 3198
1659 1940
427 4678
1940 3076
427 1829
1940 3667
427 1170
1940 4515
427 4379
1940 2423
427 4643
1379 1940
427 1810
1255 1940
427 1427
1940 2868
278 427
406 1940
427 702
1940 4039
427 824
1940 3481
427 4758
670 1940
427 2818
1940 2709
427 1036
29 1940
427 4745
1940 4459
427 3637
290 1940
427 3277
933 1940
427 3175
1940 4295
427 899
1940 4491
427 3518
1889 1940
427 1167
1790 1940
427 2586
1940 4598
427 1966
1940 3580
427 3024
381 1940
427 624
1940 2641
427 1507
887 1940
427 3670
1940 2960
427 4656
48 1940
427 3083
492 1940
427 4652
1940 3776
427 976
1940 3853
427 930
1940 2346
427 4512
1940 2420
427 953
1940 2446
427 3479
1249 1940
427 3601
1149 1940
427 3917
645 1940
427 2192
218 1940
427 4684
1940 4794
427 2629
698 1940
427 1880
1940 4531
118 427
499 1940
427 3008
1940 2271
427 4645
1940 4755
427 1151
1086 1940
427 3969
1940 3370
427 985
1940 2810
427 2879
1940 4220
427 720
1940 3238
427 4117
1617 1940
427 1739
1783 1940
427 800
441 1940
427 1668
1940 2645
427 2534
1940 4508
427 3590
1879 1940
427 3725
1940 4590
427 3013
1545 1940
427 3850
1940 3462
427 1262
2 1940
427 3356
1940 4480
427 3997
1940 2376
427 788
1104 1940
427 4524
1468 1940
427 2362
1940 3598
126 427
122 1940
427 540
482 1940
427 1567
1940 2392
427 4254
1940 2676
427 1563
1940 3938
427 1923
1025 1940
427 3674
1940 4282
427 4419
1291 1940
427 781
925 1940
427 1203
1940 2711
427 3778
1940 3410
138 427
1940 4770
427 1954
1893 1940
427 2607
1281 1940
427 2389
782 1940
427 2579
435 1940
427 4608
132 1940
427 1826
1465 1940
427 1847
1940 2027
427 1924
1940 3914
427 4865
1940 4785
427 4876
1940 4262
427 2929
1940 3751
427 3218
1940 4975
427 4926
1940 2030
427 1038
863 1940
427 2478
1940 4330
427 1055
1940 2957
427 2119
1819 1940
427 2826
1940 2378
427 3269
1940 2744
427 4433
592 1940
427 955
1940 1981
427 3962
1940 4336
427 1097
1794 1940
427 4397
1940 3071
427 4107
1940 3314
427 2548
666 1940
427 2471
1316 1940
427 2153
1940 4119
427 1571
728 1940
427 4458
749 1940
427 3052
1940 3408
427 1367
1919 1940
63 427
692 1940
427 1597
1807 1940
427 2072
586 1940
427 4900
1940 2498
427 4860
1940 3884
427 2966
1940 4378
427 4830
1940 2459
427 541
1940 3563
427 3827
1940 3833
323 427
1940 2086
427 1360
1940 4549
427 4661
1134 1940
427 1361
1940 3923
427 4273
1940 4825
427 1205
1800 1940
427 2246
1558 1940
427 2079
1940 3672
427 1351
1940 3609
427 2199
1940 3724
427 1719
1940 3352
427 1552
1940 4984
427 4773
1940 2571
427 2801
1940 4481
427 1411
21 1940
427 2163
1940 2950
427 4654
1940 3826
427 1756
1940 3474
427 2400
991 1940
427 3903
1913 1940
427 1333
1940 2367
427 1944
1940 4325
427 3511
1940 2385
427 3750
1702 1940
427 2576
1479 1940
427 2844
1940 2236
427 3264
1049 1940
427 4023
1940 3653
427 3206
1651 1940
427 1292
353 1940
311 427
1940 4746
427 2798
1940 3623
427 1164
1940 2363
427 2860
1748 1940
427 1704
1754 1940
427 1595
1940 2354
107 427
1276 1940
427 1129
897 1940
427 2951
572 1940
427 2055
1940 4831
427 3177
1940 4650
427 3312
759 1940
427 3214
13 1940
427 1414
1940 4381
427 896
259 1940
334 427
1940 4364
427 1599
1940 3195
427 4916
1940 3430
427 3543
1940 4003
427 4913
1940 3520
427 4851
1734 1940
427 2211
1940 1975
427 4252
362 1940
427 2726
1940 3191
427 2052
1940 4543
427 3171
1940 3379
427 823
128 1940
427 2401
1462 1940
427 1299
459 1940
427 2156
1940 1984
427 2975
1940 2182
427 2600
1940 4882
427 3789
1940 2816
427 3089
1940 3409
427 1283
1940 4383
230 427
1940 2000
427 4886
545 1940
427 2997
1092 1940
427 1357
1874 1940
395 427
1815 1940
427 960
1940 4087
427 688
1940 2314
427 3441
1940 2098
427 4557
1940 2625
427 584
1940 3062
427 500
1568 1940
427 1554
1940 3021
427 2436
1940 1993
427 3495
203 1940
427 2542
1940 4199
212 427
1940 2564
427 4145
1447 1940
427 3098
1940 3111
427 3004
1940 2015
427 2054
967 1940
427 1391
1940 4922
427 1742
1940 2807
427 3268
1940 4032
427 1823
207 1940
427 3064
1329 1940
427 4754
1940 4783
427 3552
1940 3978
427 3880
1940 2344
427 996
1940 3651
427 789
1749 1940
427 4337
1145 1940
309 427
1524 1940
427 1673
363 1940
427 3048
1940 2905
427 4177
1940 4144
7 427
752 1940
427 4778
85 1940
427 2959
1940 3731
427 2595
503 1940
427 2488
1940 3167
427 4170
1903 1940
427 4359
1940 2584
349 427
1940 2947
427 2605
412 1940
427 644
1940 3058
427 3649
1940 4164
427 486
1940 1952
427 3688
1940 4863
427 3785
1940 3278
427 3834
1940 3970
427 4952
589 1940
427 3273
1200 1940
427 1959
770 1940
427 4362
1940 2089
427 4932
1940 3189
427 3605
704 1940
427 4186
1940 3697
427 3830
1940 3330
427 3416
1940 2100
427 2892
1940 4735
427 2232
982 1940
427 2969
1940 2092
427 2327
1940 4972
427 3483
1940 3489
427 1359
750 1940
427 3248
1940 4943
427 3169
1940 3569
427 3718
1940 2298
427 1078
1940 4200
427 4275
1940 4176
427 4715
738 1940
427 4561
1940 4283
427 3846
913 1940
427 3374
1940 2802
427 2357
908 1940
427 1764
812 1940
427 4544
1940 4187
427 630
1940 4951
427 2734
1940 2890
427 558
1883 1940
427 3007
1230 1940
427 4406
1940 4824
427 433
27 1940
427 4398
1404 1940
427 1460
1940 4022
427 3654
1940 4941
427 3861
1940 3126
427 1992
1940 2900
427 1191
1940 3009
427 4101
1940 2895
427 1931
520 1940
427 3118
1180 1940
427 4108
1940 2445
427 2001
1940 2945
427 3879
1940 4279
427 4494
1940 4444
427 2328
1513 1940
427 4896
1940 2311
427 4766
1940 4410
427 2094
1940 3155
427 457
175 1940
427 3589
1108 1940
427 661
1940 3323
427 4957
1584 1940
427 3324
1901 1940
427 1438
1940 4527
427 649
1940 2591
427 1204
97 1940
427 2746
1337 1940
427 2550
1888 1940
427 1848
1940 2893
427 3490
1940 2293
427 1785
1940 4123
427 550
1940 3742
427 994
1940 3105
427 1610
1940 2096
426 427
1940 3758
427 533
1940 3730
427 3652
1940 2349
427 2438
446 1940
427 2515
1940 4260
427 2554
1940 4391
427 3161
1940 4338
216 427
1940 2195
427 1059
162 1940
427 1495
1940 4563
427 1312
1940 3645
427 2814
182 1940
405 427
804 1940
427 1087
1187 1940
427 1244
1139 1940
427 3005
1940 4708
427 871
1133 1940
427 3457
1820 1940
427 3026
671 1940
427 2773
1940 4393
427 2116
1150 1940
167 427
1940 3014
427 1963
1634 1940
427 4960
1940 4219
427 581
1824 1940
427 2904
297 1940
427 747
1866 1940
427 3420
1940 4850
427 944
1709 1940
427 3628
1940 3349
427 4253
1940 4897
427 1319
1662 1940
427 2285
1940 4912
427 3746
1940 2081
427 1849
1940 2165
127 427
1940 2415
427 4204
1940 2235
427 4182
1940 4324
427 3498
1940 4054
427 2206
1376 1940
427 1254
829 1940
307 427
726 1940
427 3022
1940 3200
427 1978
1940 3545
427 3464
262 1940
427 3082
1940 4606
427 1964
1940 2407
427 3706
1836 1940
427 3798
1940 4210
427 1706
1735 1940
427 4998
154 1940
427 1136
1940 3492
427 1235
1799 1940
427 3867
1940 2379
427 2627
1063 1940
427 3881
1940 2267
427 2473
1940 2634
427 3610
1525 1940
427 2219
1559 1940
427 1482
1940 4072
427 1141
1940 2672
427 3544
1802 1940
427 775
191 1940
427 2433
1940 3157
427 2903
1940 3137
427 1533
202 1940
427 1250
799 1940
427 4435
1940 4244
427 4516
998 1940
427 483
1270 1940
427 2990
820 1940
427 3183
1940 2891
427 2383
358 1940
427 475
1940 2804
75 427
1565 1940
427 2136
1940 3487
427 3686
1940 4351
23 427
1940 4576
427 1406
1940 4600
427 945
1487 1940
427 677
1940 4261
427 1197
1940 4500
427 2583
269 1940
427 2221
1940 3006
427 1313
1940 4346
427 3304
1940 4044
427 1256
1940 4228
427 1548
1940 2230
427 3616
1940 3991
427 4699
1940 2166
427 4079
1940 4042
427 4478
1940 2368
427 3086
1940 3313
427 1285
1269 1940
427 923
1940 3611
427 430
1940 3154
427 2451
1788 1940
427 1512
1940 4869
427 4457
1940 2906
427 560
1940 2343
427 3466
1940 2360
427 576
488 1940
427 4928
1940 3063
427 2756
1940 2617
427 2336
1940 3956
427 3396
1012 1940
427 3542
1003 1940
427 3592
1940 3790
427 3102
1614 1940
427 3497
1940 3223
427 4792
478 1940
427 642
816 1940
427 3196
1922 1940
427 810
1940 2213
427 4415
1940 2113
427 1774
410 1940
91 427
352 1940
427 4979
1940 3285
427 4622
1022 1940
427 4737
839 1940
427 590
977 1940
427 878
1940 2003
427 1300
1517 1940
427 3054
1940 3882
427 4171
1159 1940
70 427
1940 2920
169 427
1243 1940
427 602
1940 4316
427 4293
1940 4068
427 3179
1940 2613
427 4955
448 1940
427 2811
526 1940
427 1056
1940 3753
427 2795
1940 2497
427 4653
1940 2123
427 3886
1131 1940
427 651
1032 1940
427 1290
1940 2279
427 2137
1227 1940
427 4021
177 1940
427 3665
1940 4663
427 657
1940 4985
427 1279
1940 3885
427 2396
999 1940
427 3768
990 1940
214 427
1940 1998
427 4124
1940 2938
427 2719
1940 4843
427 2150
632 1940
427 2056
1940 4479
124 427
1940 4992
427 681
398 1940
271 427
253 1940
427 4249
1940 4470
427 1241
1940 4052
427 2331
156 1940
427 2277
1628 1940
427 556
1940 3486
427 915
1940 4198
427 2979
1940 4271
427 3449
1019 1940
427 563
1940 3140
427 3176
565 1940
427 519
927 1940
427 1009
116 1940
427 2280
1940 2651
427 4779
656 1940
427 1529
1940 4872
427 1624
1940 1983
427 4167
1940 3934
33 427
391 1940
427 1115
706 1940
427 4772
384 1940
427 3259
1940 2522
427 3354
1940 3983
427 1076
1499 1940
427 1369
1940 2998
427 1885
1940 2239
427 4172
1073 1940
427 4962
1940 2821
427 2915
1940 4986
427 1168
86 1940
427 2283
1940 2316
427 1953
227 1940
427 1247
1940 3078
373 427
1940 4826
427 2610
1940 2712
427 1943
606 1940
56 427
856 1940
238 427
1940 2214
427 2479
1940 2654
427 3197
1940 4720
427 3631
1940 2170
427 892
11 1940
19 427
1940 3906
427 4385
1940 2908
427 1222
1940 2324
427 4073
1940 2790
427 1648
1940 2155
260 427
1940 3256
427 564
1266 1940
427 4806
1940 2193
427 4868
1940 2076
427 4738
1940 4977
276 427
1940 2104
427 3971
793 1940
427 911
113 1940
427 2372
1940 3556
382 427
341 1940
427 4987
1940 2526
427 4078
603 1940
427 2174
1940 3904
427 2320
1940 4725
427 1459
1940 3959
427 3541
1940 2384
427 1527
1472 1940
427 3394
1940 2408
427 4626
1940 3377
427 3122
798 1940
427 3033
1940 3684
427 3415
1590 1940
427 4389
1940 2616
427 2114
1940 3849
427 2291
1940 4017
427 4237
1940 2538
427 4968
941 1940
427 675
1940 3213
427 4465
1940 2698
427 3723
1940 4113
427 2253
1591 1940
427 2883
1940 4958
427 3939
476 1940
221 427
1160 1940
427 438
1940 3901
427 4580
1711 1940
427 3427
1940 2108
427 2757
1940 4294
427 767
240 1940
427 1158
1884 1940
427 854
1940 4367
427 1962
1940 4416
427 890
1940 3930
427 1960
1940 1946
427 4721
1940 2033
427 2149
1940 3276
427 4815
1940 2364
427 3828
1940 3682
427 2028
1940 2077
427 1106
1940 4438
427 3534
1940 3687
184 427
452 1940
427 875
1940 2090
427 4456
1940 2419
427 523
1940 4902
427 3759
1940 4959
427 2606
1940 4493
427 802
1940 2884
427 4431
36 1940
427 1766
1940 4160
263 427
1298 1940
427 4989
1940 4189
427 3472
511 1940
427 4696
1940 4222
427 3422
1940 2197
427 2614
1940 4644
427 3693
1940 4394
427 4319
150 1940
201 427
1940 3390
427 1728
1166 1940
299 427
1940 2440
427 1470
1940 2684
427 1215
1940 4953
427 1999
1940 3255
427 2781
1940 2051
427 984
1940 3916
427 1052
1940 3432
427 2025
1940 2728
427 4956
1940 3987
427 682
355 1940
427 2723
1940 3838
427 3148
112 1940
427 3049
1640 1940
427 3945
1940 2154
427 1827
771 1940
427 3112
1940 4571
427 4001
328 1940
427 2237
949 1940
64 427
1940 2270
427 4363
1789 1940
367 427
1890 1940
427 954
1940 4969
427 2042
1940 4506
427 1196
1940 3516
427 2799
1940 4714
427 4782
1940 4981
427 4442
440 1940
427 4747
1940 1987
427 4838
948 1940
427 2250
1940 2713
164 427
1940 2333
427 2914
1940 4386
427 995
1940 2111
427 544
1044 1940
427 4195
1940 4809
427 1488
1940 3726
427 3874
1940 2450
427 2585
1147 1940
248 427
1246 1940
233 427
495 1940
427 462
1940 3376
427 1458
1940 3883
427 1671
1940 2793
427 575
1940 3922
427 4051
1940 4483
427 1418
1940 4733
427 718
1940 2853
427 4603
1940 1995
427 4796
1684 1940
427 1526
1940 3344
427 762
1731 1940
427 3696
1809 1940
427 1091
743 1940
427 3799
1940 4704
427 431
1940 3581
427 4547
1940 4534
427 3180
421 1940
427 1694
889 1940
427 4011
1627 1940
427 736
1940 3579
427 3935
1940 2480
427 665
1940 2658
427 4143
146 1940
427 4093
1738 1940
427 573
1940 4034
427 3281
1940 2745
427 979
843 1940
427 4161
1940 3450
427 4014
1940 3506
427 2146
1940 2131
427 3636
1940 3178
427 4163
1940 3359
427 3500
1712 1940
427 1001
1940 4548
427 3998
1940 4084
176 427
1940 4257
350 427
1940 3160
427 774
1940 2462
427 779
1940 4098
427 2425
1686 1940
427 2466
1940 3159
427 1153
1692 1940
427 4756
1185 1940
427 4748
1353 1940
427 4234
1395 1940
427 3703
1940 2266
427 2325
1940 2882
427 1644
549 1940
427 4930
1940 2791
427 3265
1940 2037
427 796
1940 3373
427 1899
1570 1940
427 1661
1940 3797
427 832
1940 3351
427 4821
1940 4628
427 1577
1940 2889
427 4061
1940 4909
427 1747
803 1940
427 485
1940 2107
427 1188
1940 3902
427 3817
1940 3615
427 974
1940 2697
427 1549
801 1940
427 2973
855 1940
427 3626
1940 2768
427 895
1940 4660
427 3713
1940 3911
427 4208
1940 3239
427 757
1442 1940
427 1804
1130 1940
427 4030
1940 4209
427 1844
313 1940
427 3491
1940 2358
427 4015
1940 2312
427 2227
15 1940
427 907
1940 2486
427 1280
1420 1940
427 3037
1940 2800
427 2125
1293 1940
427 3974
1940 2688
178 427
1480 1940
427 1405
1314 1940
427 3808
1940 3575
427 1282
1940 3573
427 3577
1940 3990
427 3896
1905 1940
427 906
1940 4133
427 3661
1705 1940
427 3120
1629 1940
427 1680
1851 1940
427 548
1878 1940
427 4686
1504 1940
427 4839
429 1940
427 880
1940 3566
427 667
1907 1940
427 4764
1940 2234
427 834
516 1940
427 2948
1940 4350
427 3517
460 1940
427 765
356 1940
427 2827
1940 2429
427 2099
1940 3402
427 3368
1940 4439
427 4842
1940 2162
427 883
1940 2454
427 1259
1940 2321
427 4100
181 1940
427 4212
1940 4192
427 970
1940 2819
427 3309
1940 3986
427 3168
1940 2857
427 2047
635 1940
427 617
1940 3721
427 2164
1940 2674
427 4610
1940 4718
427 3393
1940 3447
427 3659
1940 4836
427 4789
1940 2700
427 2981
1940 4298
427 1172
1940 3784
322 427
1940 3924
427 2208
1940 2681
427 4605
1940 2949
388 427
206 1940
427 2561
1940 4357
427 2885
1940 2411
427 935
1940 4075
427 3844
1940 3994
427 3585
1940 2492
427 2063
1940 3748
427 3948
1776 1940
304 427
1940 2359
427 4525
1940 4844
274 427
249 1940
427 1184
1940 3061
427 1887
1940 2517
427 1431
1940 4685
427 939
1935 1940
427 4893
1940 2432
427 3627
1607 1940
427 4227
1940 4399
427 1623
1940 3067
427 4036
822 1940
427 1074
1940 4694
427 4805
1940 4384
427 1349
826 1940
427 4094
1121 1940
427 2252
1940 4647
427 2074
784 1940
427 1657
1940 2941
123 427
1940 1982
427 3397
1940 3600
427 3664
285 1940
427 2653
1940 4417
427 1325
1609 1940
427 1338
795 1940
427 4707
1940 3641
427 1650
1267 1940
427 2185
1940 3244
427 2733
1940 4303
427 1782
1637 1940
427 1948
321 1940
130 427
1940 2649
427 2919
1940 2361
427 898
1775 1940
427 1094
1940 4800
427 3596
1940 4449
302 427
1940 2637
427 4067
1940 2196
427 2525
1940 3519
427 4593
41 1940
427 1132
827 1940
96 427
1940 2646
427 2946
1940 3760
427 1663
1940 2823
188 427
1940 3328
427 3080
77 1940
427 3392
1940 3456
427 4567
748 1940
427 3451
1940 4127
427 1101
1940 2952
73 427
1940 4556
427 4553
1940 3738
165 427
1940 3100
314 427
588 1940
427 3094
1940 2410
427 1294
1940 3666
427 3124
653 1940
427 3053
1224 1940
204 427
1940 2932
427 3993
1940 3436
427 2861
1940 2513
427 1854
1940 4422
427 3431
1940 2845
427 1207
1490 1940
427 610
1295 1940
427 2258
1940 2794
427 4206
1940 3017
427 851
1940 4063
427 1566
1940 3754
427 1587
1940 2066
427 445
1940 4837
301 427
1940 3532
427 1787
1940 4634
427 809
1940 3494
427 2464
1940 3513
427 3453
1940 2069
427 2103
1940 4769
427 2262
680 1940
427 2441
470 1940
427 4615
1793 1940
293 427
1940 2265
427 3988
104 1940
427 1956
654 1940
427 1727
1940 3325
427 4323
1436 1940
427 1957
1940 4732
427 2110
1940 4159
427 3203
354 1940
427 4095
1358 1940
427 527
1867 1940
427 1389
1842 1940
427 1915
1940 4105
427 1989
1940 3648
427 3173
909 1940
427 1398
1580 1940
427 874
1940 3711
427 4278
1940 3092
427 502
1940 4668
427 4233
1940 3535
183 427
43 1940
427 866
1940 4793
427 2544
1940 3602
333 427
1940 3771
427 4669
1392 1940
427 4539
1792 1940
427 3028
1940 3743
427 2647
1940 2017
135 427
1940 4599
427 3857
1940 2699
427 3772
1940 3942
427 604
1940 2210
35 427
746 1940
44 427
1940 2124
427 3107
1940 2500
171 427
1252 1940
427 3624
1940 2397
427 3587
1940 2307
427 638
1102 1940
427 3824
1925 1940
427 3235
1940 2918
427 980
458 1940
427 2101
1031 1940
427 4572
159 1940
427 1075
1410 1940
427 4197
1940 2660
404 427
1223 1940
427 4028
1940 3638
427 2682
1940 1947
427 596
1940 3692
427 1334
1070 1940
234 427
1940 3660
317 427
1720 1940
215 427
67 1940
427 3209
1940 2841
427 4146
1435 1940
369 427
1940 4372
427 814
1940 3348
427 4289
1940 3944
427 1455
1940 3212
427 2706
1940 3966
427 4007
1745 1940
427 4446
1653 1940
427 2805
1940 4997
427 2765
1840 1940
427 1902
1940 4514
427 4348
1940 4251
427 4658
1940 3482
427 4190
1940 2552
427 4834
1940 2019
427 2549
1940 3954
427 745
1940 2134
427 699
1940 2907
427 2921
60 1940
427 4380
1181 1940
427 2365
1182 1940
427 4555
1483 1940
415 427
1940 3131
427 3367
1872 1940
427 3546
254 1940
427 534
103 1940
427 1542
487 1940
143 427
1081 1940
427 3216
1940 3871
427 3233
1908 1940
427 1834
1940 3234
427 1598
1940 2836
427 449
1940 2558
427 1112
1769 1940
427 3202
1940 4601
427 3143
1603 1940
427 3565
1940 4064
427 3326
1940 4852
427 763
1940 2082
427 4532
1546 1940
427 600
1721 1940
379 427
1891 1940
427 3072
1940 4088
427 3339
1940 2516
427 4566
1940 2430
427 1965
791 1940
427 663
1940 4412
427 4883
1940 3671
427 853
1940 2469
427 1387
1940 3301
427 1846
1242 1940
427 4927
1940 4246
427 2045
691 1940
427 922
1940 3735
427 1397
1940 4158
427 2642
265 1940
427 1135
1920 1940
427 4216
1940 2769
427 2840
1940 2707
427 442
1371 1940
427 4286
1940 3463
427 1551
1940 2909
427 2741
1940 1994
407 427
992 1940
427 932
910 1940
427 2655
1940 3856
427 2187
1940 2753
427 2731
753 1940
427 2982
1940 2417
427 3032
1940 3435
427 3274
390 1940
427 1933
1940 2495
427 2348
1940 2876
427 3722
1940 3010
427 2472
1940 4340
427 2569
1940 3288
427 4924
237 1940
427 1832
109 1940
427 3136
597 1940
427 4648
1940 2168
427 3913
1122 1940
427 1760
267 1940
414 427
61 1940
427 1098
1940 3302
427 619
1940 3283
386 427
1940 3127
427 1251
108 1940
427 4080
1940 4356
427 4807
1940 4963
427 1980
136 1940
427 507
1940 3060
427 2507
1940 3777
427 730
1463 1940
427 919
1940 4374
427 1675
1940 4995
427 1040
679 1940
427 983
1940 2418
427 2356
1940 2618
427 968
1940 1970
427 4376
1940 4982
427 3146
1940 2304
427 674
1940 3783
427 4504
1940 2931
427 4185
1940 2310
71 427
1940 2240
427 2639
1940 2557
427 4104
1940 3747
427 2911
1940 3868
145 427
1940 3074
427 2426
505 1940
427 2916
1940 3739
427 3047
1099 1940
419 427
1940 3680
416 427
1940 3710
427 2725
258 1940
427 3025
1493 1940
376 427
365 1940
427 1148
1940 1971
427 3502
806 1940
133 427
1029 1940
427 724
1940 4760
427 2758
310 1940
427 1685
1940 3967
427 4999
1940 2318
427 876
1940 2413
427 2993
1940 2878
427 794
1940 4203
427 3372
1940 3509
427 2833
1940 3816
427 4620
1940 3357
427 2062
993 1940
427 4215
641 1940
427 4344
1940 3222
427 942
1940 2160
427 660
1940 4672
427 570
1264 1940
427 2130
1940 4961
427 4245
1940 4423
427 2228
620 1940
402 427
1940 2374
427 2133
1940 4027
427 4225
1940 3215
427 2118
1940 2867
427 2487
1937 1940
427 1845
1940 2141
427 4345
1940 4774
427 2803
1940 4914
427 1713
1898 1940
160 427
1582 1940
427 4853
956 1940
427 4744
622 1940
427 601
34 1940
427 867
411 1940
81 427
1940 2281
427 4272
1940 2779
427 4589
731 1940
291 427
1710 1940
161 427
1940 3012
427 3859
986 1940
427 3774
1448 1940
427 894
1940 4521
427 4703
1940 4193
427 4676
1940 4845
427 4401
1940 4083
427 1017
366 1940
427 1773
1940 2871
427 4437
1370 1940
427 2872
1940 2764
427 1440
1940 4334
427 4132
1940 4277
427 2820
1940 3918
427 4040
962 1940
427 2848
1940 4443
427 3258
1940 3965
427 1484
1940 2970
427 3002
1940 4552
427 4702
1691 1940
427 4077
1402 1940
427 733
1305 1940
427 4828
1940 4602
427 4921
786 1940
427 672
1652 1940
427 4026
531 1940
427 3989
53 1940
427 1746
1051 1940
427 1930
1940 3578
427 676
1940 2002
427 4881
1419 1940
427 712
952 1940
427 4820
1940 3973
235 427
1046 1940
427 4517
1940 3976
427 3365
9 1940
427 2718
1311 1940
286 427
1940 4451
427 2898
1940 4411
427 3162
1940 4906
427 821
100 1940
427 2593
1940 4183
427 2444
1940 2615
427 3287
1741 1940
427 2839
1940 3303
427 1317
1940 3347
268 427
1940 3673
427 1860
1940 4373
427 3386
1940 1945
427 886
1940 3765
427 2523
1940 3586
427 4360
1940 2272
427 971
374 1940
427 3548
1940 2071
427 1377
1157 1940
427 4270
719 1940
427 4476
1940 2573
427 1125
1940 2590
427 1030
1940 3958
427 2503
1940 4221
31 427
1289 1940
427 1716
1940 4392
296 427
616 1940
427 2598
1940 4099
427 2545
1940 3424
427 3305
1940 4929
344 427
1940 3538
427 4463
1474 1940
427 467
418 1940
427 4915
1940 3822
427 1977
1940 3528
427 864
769 1940
427 3475
1940 3522
427 528
1940 3289
427 4988
1940 4434
427 4801
1940 3231
427 2971
1940 2024
427 4887
166 1940
427 1321
432 1940
427 4488
1910 1940
427 4371
1940 4485
427 4450
1940 3227
427 3770
1940 3437
427 2021
1940 2179
427 1084
1612 1940
272 427
1940 2761
427 1093
1940 2977
427 2786
591 1940
427 3792
1940 2395
427 1057
450 1940
427 3599
1428 1940
427 4859
631 1940
427 838
5 1940
427 2453
1940 2224
427 1649
1940 4846
427 2073
1940 3229
427 4582
1940 2061
427 4317
1940 3720
220 427
1940 3225
427 2404
1940 4407
427 2167
1940 2582
427 2355
1940 2736
427 4751
1940 2008
427 1740
1940 3257
427 3433
1940 2828
427 2041
403 1940
427 4840
465 1940
427 2925
1352 1940
427 4232
1940 3823
427 1718
1940 2850
427 4217
1940 2547
222 427
1940 4570
427 3584
1940 4002
427 2626
1813 1940
427 1444
1940 3050
427 845
1940 3567
427 3642
1940 3607
427 3190
1940 2477
427 756
1261 1940
427 4716
1940 4847
427 1736
1940 3343
427 4904
813 1940
427 964
1940 4568
427 4181
1940 4432
427 3690
1940 3144
427 3802
1315 1940
427 2797
1940 4314
157 427
1940 4408
427 2742
1940 4578
427 4024
1940 4551
427 3103
1940 2913
427 3571
1940 4823
427 1103
1601 1940
427 3129
1257 1940
427 554
1940 4665
427 1146
1806 1940
427 2212
57 1940
427 2813
1940 2817
427 1095
1535 1940
427 2345
1940 2553
427 4320
1940 4130
427 1464
1940 3669
427 703
1077 1940
427 2994
331 1940
427 3046
1940 4424
427 881
320 1940
427 2992
1940 2896
427 2457
1940 4452
427 3854
1940 3476
427 3423
1940 4057
427 3109
1896 1940
427 3405
1743 1940
427 3658
557 1940
427 4682
1759 1940
427 3263
1940 3230
