4999
}{{{{{{{{{}}{{}{}{}{}{}}}}{}{}}{{{{{}}}}{{}{}}}{{{}{}}}{}}{{}}}}{{}{}}{{{{}{{}}}{{}{}{}}}{{{{{{{{{}{{{}}{}}}{{}}}}{}}}}{{}}}}}{}{{{}}}}{{{}{{}}{}{{}{{}{}}}}{}{}{{{{{{}}{}}}}{{{{}{}}{}}{{{}}{}{{{}}}}{{{}}}{}}}}}}}{{{{}}{{}{}{{}{{}{{}{{{{{}{{{{{{{{{}{{}}{{}{{}}{{}{}}{{{{{{}}}}{{{}}{}{{{{}}{{}{{{{}{}{{{{{}}{{}{}}}{}{}}{}}}{}{}}}{}}{{}{}}}{}}}}{{}{{{{}}}{}{}{{}{{{{}{{}}}{{}}}{}{{}}{{{}}}}{}}{{}{{}{}}}{}{}{{{{}{{}}{{{}{{{}{{{{{{{{}}{}{{{{}{{}{}{}}}}}}{{{{}}{{{{{{}}}{}{}{{{}{{{{{}{}}}{{{}}}{{{{{}{{{}{}{}{}{{}}{{{{}}}{{{}}{}{{}{{{{{{}}}}{{}{}}{{}{{{}{{}{}}}{}}}{}}{}{}}{}{{}{}}}{{}}{}}{{}}{{}}{}}}{{{}}}{{{}{{}}}}}{}}}{}{}}}}}{}{}{{}}{{{{{{}{}}{}}{}{}}{}{}{{{}}{{{{{}{}{{{{{{}{}}}{{{{{}{}{}{{{{{{}}{}{}}{{}{}{{{{}}}{}}}{{{}{}{}{}{}{}}{}}{{}}{}{}}{{{{}{}}{}}}}}}}}{}{}}}{{}{{}}}{{}{{{}}}{{{{}}{}}{}}{}{{}}}}}}{{{}}{}}{{{}{{{}{}{}{}}}}{}}{}{{}}{{{}{{}}}{{{{{{}{{}}}{{}}{}{}}{}}}}}{}{{}}}{{{}{}{{}{}{}}}}{{}}}{}{}}{{}}}}}}}{}}}}}{{}}}{}{}{}}{{}{{{}{{{}}{{}{}{}}}}}{{{}{{{{}}}{}}{}}{}}{}}}}{}{{}{{{}}{{{{}}{}{}}}{{}}}}{{}{{}{}}}}{}}}{{}{}{{{}{}}}{{}}{}{{}{}}{{{}}{{}{}{}}}}}}}{{{{{}}}{{{{}{}{}}}{}}{}}}{}}}{}}{{}{}{}{}}{{}{}{}}}}}}{{{{{}{{}}}}}}{}{{}}{{{{}}}}}{}{}{{}}{}{}}{{{{}}{{}}}}}}{}{}{{}{{{{}}}}}{}}}}{}{}{{}}{}{{}}{{}{}}}{{}{}{{{}}{}{{{{{{}}}{{}}}}}{}}}{{}}{{{}}}{{}{}{{}{}}}{}}{}}}{{}}}}}}{{{{}{}}{}{}{}{{}}}}{}}{{}{{}}{}{}{{}}{{{{{{}}{{}{}}{{}{}}}{}{{}}}{{{}{{{}{{{}}{{{}{}}{{{}}}{}{}{{{{}{}}}}{}{}{}{}{{{}{}{}{{{}}{}}{}}}{}}}{{{}}}{}{}}{}{}{{}{{}{}}{{{}{}}}}{{{{{{}}{{}}}{{{}}{{}{{{{}}}{}}{{}{}{{{}{}{{{}}}}}{{{}{}{}{}}}}}}}}}{{}}{{}{}{{}}}{}}}}{{}}}}}{{}}}}{}}}{{{}{}{{{{}{{{}}}}}}{}{}{}{}}}{}{}{{}}{}{{}}}{{{{{{{}}{{}{}}{}}{}{{{{{}{{{}{}}}}{}{}{{{}{}}}{{}}}}{{}}{{}}}}{{{{{}}{}}{}}{{}}}{{{}{}{{{{}{{{}}}{{{}{{{}{}{}{}}{}{}}{{{}{{}{}}}}}}{{}}{{}{{}{}}}{}{}{}}{}{{}}}{}{}{}{}{{{{{{}}{{}{}{}{}{{{{}{}{{}{}}{}{{{{}}{}{{}{{{{}}{{{{{}{}}}}}}}}}}{}{}{}}{{{{{}{{}}{}{}}}{}}}{{{{{{}{}{}}{}}{{{}}}}{{{}}{}{}{}}}}}{{{{{}{{}{{{{}}}{}}}{}{}{{{{{{}{}{}}{}{}{{{}}}}{}}}{}{}{}}}}{}}}}}}}{{{{{{}}}}}{{{{{}}}{{{}}{}{}}}{}{}}}}}}}{}}}{{{}}}{}{{{}{}}}{}}}{}{{}}}}{{{}{{}}}{}{{}{}}{}{}}{{{{}{}{{}{}{{{}{{}{{}}}}}}}{{{}{{}{{}{{{{}{{{}{}{}{}}{{}}}{{}{{}{}{{{{}{{}{{}}{}{{{{}{}{}}{}}{{}}{}{}}{}{{}}{{{{{{}}{}}}}}{}{{{{}{{{{{{{}}}{}}{}}}{}{{}}{{}}{{}}}}{}{}{{{}}}}}}}{}}{}{{}{}}}}{}}}{}{{}}{}{}{{{}{{{{}{{}}}}}}{}}}}}}{{{}{{}{}{}}}}{{{}}{}}}{{{{{{{}}{{{{{{}}{{}}}{}{}{{{{{}{}{}}}}}{}}{}}{}}}}{{}{{{{}}{}}{}{}}}{{}}}{}{}{}}{{}{{{}}}{{{}{}{{}}}}{{}}}{}}{}{{{{}{{{}{{{}}{}{{}{{}{{{}{}}}{}{{}}}{}}}{}{{}}}{}}}}}}}}{}}{}}}{{{}{{{}{}}{{{{}}}{}}}}}}}}{}}}{}{}}}{}}}{}{}}{{}{}}{}}}}{{}{{{{}}{}{{}{{}{}{{}{}{}}}}}{}{}{{{}{}{{{{{{{}}}{{{}{}{}}{{{{{}}}}}}}}}{}}{}{}{{}}}}}}{{}{}}}{{}{}}{}}}{}{{{{{{}}{{}}}{{{{}{{{{{}}}{}}}{{{{{}{{}}{}{}{}}{}{}}{{{{}}}{}}}{{{}{{}{{}{{{}{{{}}}{}}}{}}}}{}{{}{}{{}{}{{}}}}{{{}}{{}{{{{{}}}{{}{}}{{}}}}{}{}{}}}}{{{}}}}{{}}}{{{{}}{}}{}{{{{}{{}{}}{}}}{}}{}}}}}}{{}{{}}}{{{}{}{{{}}}}{{{{{}{}{{}}}}}}{{{{}{{{{{}}{}}{{}{}{}{}}}{}}{{{{}{{{{}}{}{}{}{}}{{{}{}}{{}}{}}}{{}{}{}{}}{}}}}}}{}{}}}}{{}{}{{{{{}}{}{{{{{}{{{{{}}{}}{}{{{}{{{{{}}{}{}{{{}}}}{{}{{}{}{}{{{{{{{}{{}}}}{{{}{{{{}}}{{}}{{{}{}{{{}{}{}}{{{{}}}{}{}}{{}{}{{}}}{}}}{}{}}{{}{{{{{{{{{{{}}}}{}}}}}{}}{{{{{{}{}}{}}}{{{}{}{}}}}{}}{{}}}}}}}{{}{}{}{}{{{{{{{{{}}{{{{}}{{{{}}}{{{{{}}}{{}{{{}}}{}{{{}{{{{}{{}}}{}}{}}{}{{{{{}{}{{{}}}}{{{}{}}}}}}{{}{}{}{}}}}}{{}}{{{}{{}}}}}}{{}{}{}{}}{{{}}{{}{{}}{{}}}{}}{{{{{}{}{}{{}}}{{}}{{}}}}}}}}}{{}}{}{}{}}}{}}{{}}{}}}{{{{}}}{}{}}}{}}{{}}{}}{{{}}}}{}}{}}{}{{}}{}{}}{}}{{}{{}}}{{{}{{}}{{}{{}}}}}}}{{{{}{{{{}{}{{{{{{{}}}{}}{{}}}}}}{}}{}}{}{}{{}{{{{{{}}{{}{{{{{{}{}}{}{}}{{{{{{}{{}}{{{}}}{{{}{}}}{}{}{{}{{}{{{}{}{{{{}}}{}}{{}{}}{}{{}}{}{{}{}{}}{{}}{}}{}}{{{}{}}{}}{{}}}}}{{{{{}{{}{}{}}}}{}}}{}}{{}}{}}{}}}}}{}{{{{}{{{}}{}}}}}{{{}{}}{}}}{{{}}}{}}{}{{{}{{}{{{{}{{}}}}}{}}{}{}{{{}{}}{{{{{}}}}{{{}}}}{}}{{{{}{{}}{}}}{}}}{{}}{}{}{}}{{}{{{}{{{{{{}}}{}{}}}{{}{}}}{}{}{}{}}{}}}}}}}{{{{}{{}{{{}{}}}}}}{}}}}{{}}}}}{}}}{{}{}}}}{}}}}}}{{{{}}{}{{}}{}}{{{{}{{}}}{}{}{}{}{{}}}}}{{{}}}{}}}{}{{{{}}}{}}}}{}{}}{}{{}{{{}{{{{{}}}{}{}{}}}}}{{}}{{}}}}}}{{}{{{{}}}}{{}{{}{{{{{}{}{}}{{}}}}}{}}{}}{{{{{}}{{{{{{{{}}{{}{}}{}{}{{{}{}}}{{{}}{{{}{}}}}}{}{}}{{}{{{}{}{{}}{{{}{}}}{}}}{{}}}}}}{{}}{}}}}{{{{{}{}{}{}}{{{{{}}{{{}{{}{}{}{{}{{{}}{}}{}}}}{{{}{}{}}}{{{}{}}}}}{}}}{}}{{{{{{{}}{{}}{}{}}{}}}}}{{{}{{}{{{}}{{}}{{{}{{{{}{}{}}}}}{}{}{}{}}}{}{}}}{{}}}}{}{{}}{{}{}}{}{}{}{{}{{}{}}{}}{}{{{{}{{}{{}{}{{{}}{}}}}}{{}}{{{{{}{}}{}{}{}}{}}{{{{}{{}{}{}}}{{}}{}{{{{{}}}}{{{}{{}}}{{{}}}}{}}{{}{{}}}}{{{{}{{{}}{{}{{}}{{}}}}{{{{{{}}{{{{{{{{}{}}}{{{}}}{{{}{}{{{{{{{}{{}}{}{}{}{}{}}}{{{}{}{}}{{{{}{{}}{}}}{}{}}{{}}{}}{}{{{}}{{{}}}}{{{{}}}}{{}}{}}}{}}}{}}}{}}{{}{{{}{}{{{}}{{{{}}{}{}{}}{{}}}}}{{{{{}{}{}}}{{{}}{}{}{}{}}}}}}}}}}}{{{{}{{{{{}{}{}}}}{}}{{{{{}{}{{}{}{{{{{{{{{}}}}}}}{{}{}{{}}{{}}}}{}{{}}}{{{{{}}}{}{}}{}{}}}{}}}{}{{}}{{}{}{{{}}}{{}{}{{}}{}{{{}{}}{{}{{}{}}}{{{{{}}}}}}{{}{}{{}{{}{{}}{}{{}{}}}{{}}}}}}{{{{}{}{}}{}}}}{}}}}{{}{{}}{{{{{{{{{}{}{{{{}}{{{}{{}}{}{{{}}}{}{{{}}}}}}{}{}}}{{{}{}{{}}{}{{{{}{{{{{{{}{{{{{}{{{}{}}{{{{{{{}}}{{}}}}{{}}}}}{}}}}{}}}}{}{{}}{
440 2167
440 1100
2167 2481
440 3066
2167 4786
440 1973
2167 3349
440 4108
1610 2167
440 3986
2167 4361
440 2398
2167 2274
153 440
786 2167
440 1842
2167 3453
440 1715
2167 4335
440 4892
2167 4726
440 4236
2167 3644
440 2072
1106 2167
404 440
511 2167
440 3859
2167 3385
17 440
671 2167
440 2098
1632 2167
440 917
800 2167
440 2816
2167 4103
440 1870
2167 3607
440 1342
2162 2167
440 1099
2167 4768
440 2969
838 2167
440 1301
1924 2167
440 4754
2167 3124
440 3606
2167 4250
108 440
763 2167
440 3664
2167 4663
440 3374
2167 4945
440 3785
453 2167
440 970
522 2167
440 4241
2167 4785
83 440
1855 2167
440 875
2064 2167
440 2436
2167 3609
440 4008
2167 2494
440 447
1995 2167
440 3354
1607 2167
440 1278
673 2167
440 4379
490 2167
440 2671
2167 2497
171 440
953 2167
440 2402
2167 3577
440 1873
1703 2167
440 4569
1687 2167
440 1895
2167 3233
440 4422
1131 2167
440 1477
2167 3929
337 440
2112 2167
440 4842
1521 2167
440 905
2167 2562
440 1759
2167 4068
440 2660
787 2167
440 4615
2167 4792
440 1177
2167 4451
440 2023
2167 3200
440 784
2167 4101
440 1135
652 2167
440 1504
2167 2899
305 440
2167 4607
440 3886
2167 3877
440 2873
476 2167
386 440
2167 4517
440 1174
2167 4953
440 1224
2167 2461
440 958
2167 2221
440 1556
2167 4196
440 2092
605 2167
440 1179
2167 2395
440 2613
2167 4418
440 2952
2167 4169
440 3891
2167 4782
203 440
1388 2167
440 4536
2167 4488
440 4399
2167 2931
440 2037
1450 2167
440 4723
1279 2167
440 4072
2167 2227
440 3932
2167 2691
440 4831
414 2167
440 4952
504 2167
440 2101
129 2167
114 440
886 2167
440 4650
256 2167
440 2164
2167 2835
440 4485
2167 3537
440 2844
963 2167
440 2203
911 2167
321 440
1614 2167
440 3170
788 2167
440 1961
2167 3451
440 1378
529 2167
440 1600
719 2167
440 1749
2167 3529
440 2182
2167 3012
440 2587
276 2167
440 4252
2167 4411
440 1264
115 2167
440 2692
2167 3835
172 440
2167 4879
440 2345
2167 4237
440 1313
254 2167
440 3140
186 2167
440 3611
2167 4251
440 4340
1076 2167
440 4542
721 2167
440 796
908 2167
440 2222
1797 2167
440 521
2167 4296
440 3297
2167 3423
440 2741
1661 2167
440 2048
809 2167
111 440
474 2167
440 1132
2167 3424
440 1997
2167 4495
440 3114
1722 2167
440 4910
2167 2649
440 2708
2167 3203
440 2566
2167 4548
440 3851
1458 2167
440 2556
2167 4303
440 1256
2167 3392
196 440
2167 3438
402 440
410 2167
440 559
2167 4628
440 4122
2167 2200
142 440
1817 2167
440 1735
1074 2167
440 2322
1581 2167
440 2170
2036 2167
440 1439
1992 2167
440 1949
408 2167
440 2045
1324 2167
440 2455
2117 2167
440 601
2167 4518
440 2677
2167 3547
440 2877
164 2167
440 3182
881 2167
440 3113
1906 2167
440 1646
2167 3589
440 3213
2167 2679
440 1864
2167 4734
440 4128
2052 2167
440 4212
1253 2167
440 2758
2167 2542
440 845
2167 3310
440 4984
2167 3717
440 4997
2167 2646
440 1205
289 2167
440 3685
2147 2167
440 2245
902 2167
440 4587
2025 2167
440 3501
2 2167
207 440
2167 4180
440 3395
1897 2167
440 3941
2167 4988
440 3648
2167 2603
30 440
2167 3500
440 4549
2167 2813
158 440
2167 3053
384 440
2167 4095
440 1019
1953 2167
440 812
2167 4021
440 3625
293 2167
440 2689
1340 2167
440 2028
2167 4736
440 1622
2167 3634
440 3833
1828 2167
440 2584
152 2167
440 4980
754 2167
440 831
33 2167
440 1079
2167 2762
440 1532
1299 2167
440 2866
2167 3324
103 440
1681 2167
211 440
392 2167
440 1103
2167 4669
440 536
2167 4555
440 4705
906 2167
440 2323
1754 2167
440 1524
1318 2167
440 1966
1048 2167
440 815
2167 3106
440 3707
2167 3815
440 4576
2167 2582
440 4678
2167 3169
440 3325
76 2167
440 3285
2167 3125
440 1265
2167 3074
440 3399
1642 2167
440 3475
2167 3579
440 2633
2167 3254
440 1520
1604 2167
440 4368
801 2167
440 3714
1453 2167
440 3893
2167 3803
440 4134
824 2167
440 1027
2167 4720
329 440
1967 2167
288 440
2167 3019
440 2009
2167 4055
440 505
2167 4115
440 3164
278 2167
440 4214
2167 2228
440 2078
2167 2654
440 3456
2167 3096
440 1039
1704 2167
440 861
302 2167
440 3856
968 2167
440 1840
2167 4926
440 4617
162 2167
440 866
1718 2167
421 440
163 2167
440 1435
852 2167
440 3681
2167 2435
440 4979
506 2167
440 3863
2167 3527
440 2021
2167 2621
440 4230
2167 2840
440 583
2136 2167
440 2628
303 2167
440 1471
2167 3852
440 1397
2167 4079
440 2895
2167 3470
440 1958
843 2167
262 440
2167 2728
440 1511
2167 3492
440 3556
1891 2167
440 1838
2167 4873
440 2396
2167 3257
440 3636
2167 3763
440 4856
2090 2167
440 2675
2167 3032
440 2630
2167 3519
440 2226
2167 4970
440 2007
1029 2167
440 4023
2167 2599
440 1420
2167 4462
218 440
2153 2167
440 1109
239 2167
440 3649
493 2167
440 1006
2167 3403
440 2060
1922 2167
440 4282
2167 4207
440 1574
1118 2167
440 1709
1149 2167
440 2127
2167 3942
440 4466
2167 3514
440 3870
241 2167
440 726
1187 2167
440 2099
2167 2601
440 3185
821 2167
440 1594
32 2167
440 4181
2167 2353
440 2629
2167 3735
440 3248
1004 2167
440 2967
537 2167
440 2529
1812 2167
440 4653
2167 4341
440 3429
2167 2199
440 1348
2167 2860
364 440
166 2167
204 440
2167 3047
85 440
846 2167
440 463
2167 2442
291 440
2167 4403
440 4421
1355 2167
440 577
1428 2167
440 4452
833 2167
440 1153
427 2167
440 4580
1170 2167
440 2008
2167 2443
440 4133
432 2167
440 2801
2167 4797
440 4265
2167 4254
440 456
2167 4054
440 4238
2167 4031
440 2475
1867 2167
440 2358
2167 3905
440 4391
394 2167
440 622
2167 3339
440 2821
2167 4661
440 2058
2167 4190
440 4160
2167 4014
440 1254
2167 4030
440 1970
706 2167
440 837
2167 3593
440 3900
2167 4597
440 4426
2167 3784
440 2940
2167 3357
440 3516
2167 4264
319 440
2167 3919
62 440
863 2167
440 2949
1690 2167
440 617
1767 2167
440 819
2167 3389
440 3725
2113 2167
440 3894
2167 4632
440 4623
1695 2167
440 722
2167 4253
440 2266
2167 3528
440 4449
2167 2278
440 2031
816 2167
440 1351
1451 2167
440 1705
2167 4289
440 4006
926 2167
440 3819
978 2167
440 4017
1105 2167
217 440
2167 4721
440 1426
586 2167
195 440
2167 3817
440 2215
1049 2167
440 3789
2167 3131
440 3163
2167 3736
440 3046
743 2167
440 2867
1020 2167
440 2810
2143 2167
440 3867
2167 2564
440 3282
2167 4923
440 4838
52 2167
440 1676
2167 4240
258 440
2167 4773
440 2029
720 2167
440 2499
772 2167
440 2297
2167 4836
440 1758
2167 4076
440 2664
1072 2167
440 980
2167 2600
440 3157
457 2167
99 440
1374 2167
440 4311
2167 4091
440 1844
6 2167
440 3280
561 2167
440 2484
2167 3229
440 3868
2167 2954
440 4146
1850 2167
440 4356
2167 3201
440 1951
2167 3862
440 2465
2167 3532
440 1685
2167 2730
440 4719
1175 2167
440 3564
1356 2167
440 4019
2167 3241
440 4343
931 2167
440 2755
2167 2528
440 1686
665 2167
440 4478
2167 4966
440 3997
2167 2992
440 1290
2167 3698
440 1303
1787 2167
440 1977
68 2167
354 440
2167 3094
440 4043
2167 3966
135 440
2167 3108
440 2979
2167 4837
356 440
795 2167
440 3830
131 2167
440 2804
1240 2167
440 2246
2167 4279
440 3072
878 2167
440 4508
2167 4106
440 3949
2167 2733
440 2216
2167 3753
148 440
2129 2167
440 2400
2167 3656
440 1917
1030 2167
440 2035
2167 2781
440 3461
2167 4728
440 4990
425 2167
440 874
2167 4382
440 4839
2167 4971
440 3878
2012 2167
440 3678
1871 2167
440 4709
2167 2887
440 2366
2167 3680
440 4590
1246 2167
440 588
2167 2257
440 552
1002 2167
440 1260
2167 4494
440 1291
2167 2638
440 3765
3 2167
440 794
2167 3615
440 718
2167 3417
440 1650
2167 4939
440 4141
654 2167
440 2818
1791 2167
440 1061
1878 2167
440 3284
1884 2167
440 2983
2167 2770
198 440
71 2167
440 3622
820 2167
440 1612
2167 3067
440 503
2167 3724
440 4130
2167 2826
440 1437
161 2167
440 814
1727 2167
440 2269
297 2167
440 2294
1732 2167
440 4564
2167 2415
440 4280
1980 2167
440 3292
967 2167
139 440
2167 3895
440 4210
2167 3293
440 3427
2167 4322
440 3937
2167 3739
440 1285
2167 2330
440 4600
2167 2514
440 4789
2167 4851
440 2635
524 2167
440 807
693 2167
440 3276
2167 3552
440 1962
286 2167
440 697
2167 4511
440 4026
2167 4640
440 584
2167 2744
440 4770
96 2167
440 1067
101 2167
440 1546
2167 4498
440 3437
2156 2167
440 4157
2167 4116
440 2963
2167 2282
440 3850
1571 2167
440 918
2167 2410
440 3546
818 2167
440 1298
2167 3585
440 568
2167 2390
440 4445
853 2167
440 2541
2069 2167
440 730
295 2167
440 907
2167 4110
440 4866
2167 4559
440 4689
1599 2167
440 849
2167 2841
440 4352
1503 2167
440 2495
2167 4821
440 1608
1286 2167
440 4644
2167 4028
440 2551
2167 3525
440 4550
2167 2610
440 3808
2167 2612
440 3041
2167 3377
440 767
2167 4696
440 1627
1434 2167
440 4796
283 2167
341 440
2167 2776
440 4636
1346 2167
440 3123
1364 2167
440 928
2167 2447
440 793
2167 2459
440 4635
2167 4829
440 1207
2167 2264
440 483
2167 4824
440 736
2167 2732
37 440
1499 2167
440 4833
2167 3721
440 4654
237 2167
440 3487
2167 3883
440 1367
1421 2167
440 717
2167 3586
440 1427
2167 4634
440 753
2160 2167
440 1000
2167 2381
440 4353
1317 2167
440 3398
2167 3021
118 440
867 2167
440 4806
2167 3674
440 2725
2167 2359
440 479
1575 2167
440 2211
2167 4402
440 1779
1993 2167
440 1555
2167 3908
440 3515
300 2167
440 4244
2167 4691
440 3747
1657 2167
440 2213
991 2167
440 3465
121 2167
440 3746
2167 3336
440 3388
1433 2167
440 1988
1800 2167
433 440
1308 2167
440 2924
2167 3444
440 932
2167 4703
440 1535
2107 2167
440 3559
2167 4177
440 4506
2167 3132
440 3337
1720 2167
440 1114
1110 2167
440 2412
42 2167
440 1123
1938 2167
440 2198
353 2167
440 2159
2167 4086
440 4375
2167 2843
440 3435
894 2167
440 3953
711 2167
440 1126
2167 4501
440 3872
73 2167
440 1942
2167 2765
440 3880
2167 2647
440 2851
2167 3952
440 4345
1257 2167
104 440
2167 2882
440 2817
233 2167
380 440
2167 4767
440 3518
2006 2167
440 4855
270 2167
440 2989
157 2167
440 580
2167 4487
440 2847
1501 2167
440 1564
2167 4983
440 1444
1496 2167
440 4751
2167 2929
440 1849
1815 2167
440 1315
2167 3977
440 1643
2167 4741
440 4083
2167 4323
440 2753
2167 3210
440 2479
418 2167
440 1821
2167 2617
440 3774
2158 2167
440 1979
1820 2167
440 2253
1263 2167
440 2771
2167 4168
440 4938
1062 2167
440 1628
2167 4778
440 1698
1268 2167
440 2984
2167 2538
440 1529
1991 2167
440 4725
2167 3602
440 3751
2056 2167
440 2374
1802 2167
440 4913
2167 4697
440 2942
250 2167
440 4155
2167 2532
12 440
1414 2167
440 4458
2167 4222
440 1003
2167 4390
311 440
2167 2777
440 1354
1014 2167
440 643
1130 2167
440 677
1912 2167
440 4327
667 2167
440 1413
1940 2167
440 4895
2167 2838
440 4355
1478 2167
440 1819
2167 4949
440 2027
2167 2881
440 699
2167 3604
440 3744
2167 4573
440 1396
2167 3082
440 1125
2167 4948
440 1909
2167 4885
440 2849
1699 2167
440 3342
975 2167
440 2324
2167 3009
440 4408
486 2167
440 702
2167 4248
440 3313
603 2167
440 3471
2167 4473
440 1372
2167 4619
440 4605
2167 3799
440 4359
2167 3695
440 2065
2167 3209
440 987
2167 2999
440 2038
2167 3115
440 549
1833 2167
440 4524
2167 3460
440 4234
2167 3539
440 3220
1629 2167
440 2384
332 2167
440 1625
2167 3561
440 3321
1055 2167
440 1510
243 2167
440 1217
230 2167
440 473
1799 2167
440 4020
2167 2448
440 4387
2167 4716
440 3662
1943 2167
440 4329
2167 2797
440 916
2167 2237
440 1327
669 2167
440 3945
2167 3944
440 1978
2167 4941
440 3103
2167 4551
440 3406
2167 2241
310 440
618 2167
440 2723
2167 4078
440 954
2167 3001
440 1398
2167 4273
440 4097
2167 4308
106 440
691 2167
440 1284
2167 2259
440 2171
986 2167
440 4099
2167 2446
440 745
2167 2214
440 2462
1662 2167
440 4096
2167 4334
440 1449
634 2167
440 3464
2167 4629
440 4978
2167 4752
440 2858
2167 4109
440 2642
2167 2186
440 2260
2167 2846
440 1040
546 2167
440 1222
1483 2167
89 440
485 2167
440 2111
2167 3305
440 4057
694 2167
440 3873
1904 2167
440 4292
2167 4630
440 790
2167 2513
440 2458
2167 3215
440 2178
177 2167
350 440
2167 2943
440 3531
2167 4465
440 3118
2167 2592
440 4098
2167 3811
440 4393
2167 2614
440 3371
105 2167
248 440
1144 2167
440 1069
2167 4205
440 3510
383 2167
440 1851
2167 3295
440 4925
1493 2167
440 1931
2167 3166
440 2301
2167 2669
440 2015
2167 4729
440 3713
2167 4140
440 4624
138 2167
440 3181
2167 3831
440 2017
2167 3407
440 4946
566 2167
440 3405
2118 2167
440 944
2167 2338
440 2097
2167 3176
184 440
2167 3754
440 520
710 2167
440 1896
2167 4271
440 1494
2167 2349
440 900
2167 3594
440 1889
2167 4319
440 3421
1349 2167
440 3892
2167 4052
440 2921
2167 3307
440 2332
2167 4932
440 4991
690 2167
69 440
2167 4263
440 3683
1059 2167
440 4811
2167 4358
440 969
2167 4428
440 1768
1620 2167
440 3499
1304 2167
440 3117
2167 4674
440 865
2167 4246
440 3572
2167 4013
440 1976
2167 4803
440 1210
2084 2167
440 2300
2167 4283
413 440
1746 2167
440 3183
869 2167
440 4959
2167 3902
440 3192
2167 3155
440 602
2167 4891
440 832
2167 4497
440 3950
680 2167
440 3300
933 2167
440 1047
2167 3217
70 440
2167 3538
440 2498
943 2167
440 3840
2167 3002
440 4898
998 2167
440 3380
2167 3197
440 4446
2167 3762
393 440
2167 4172
440 3773
2167 4071
440 779
2167 3288
440 3428
1577 2167
440 3669
2167 3479
206 440
1183 2167
440 1772
2167 2964
440 2661
2167 4152
440 776
2167 3738
440 3991
2167 3756
440 4715
688 2167
440 2891
2167 3731
440 3792
2167 3691
440 3477
1294 2167
440 3846
478 2167
57 440
1418 2167
440 4142
2167 4876
440 2839
1353 2167
440 2450
2167 4150
24 440
2167 3051
440 2690
1783 2167
440 570
245 2167
440 1810
343 2167
440 2768
2167 4544
440 2524
361 2167
440 2662
2167 3768
440 1111
2167 4996
440 3502
2167 3110
440 2220
2167 2422
180 440
1857 2167
440 3144
2167 4875
440 4001
2167 2325
440 1633
2167 4951
440 4050
704 2167
440 3740
2167 3433
440 1630
2167 2680
440 876
2167 3320
53 440
2167 4560
440 929
2167 3088
440 1971
1776 2167
440 1331
2125 2167
440 4841
1375 2167
440 2658
2167 4553
440 2267
941 2167
440 3836
1865 2167
440 2565
1009 2167
440 957
2167 2284
440 2595
1902 2167
440 2779
2167 4022
440 1551
2167 4643
440 535
1635 2167
440 3365
2167 3734
440 2845
2167 3616
440 974
1295 2167
440 4843
261 2167
440 1694
1497 2167
440 4049
2167 3221
440 985
1952 2167
440 4681
471 2167
440 1023
2091 2167
440 2452
2167 3545
440 4902
1467 2167
440 1888
2167 2342
280 440
2167 4170
440 3969
966 2167
440 2313
2167 2759
440 3764
2167 3673
440 1065
2167 3030
440 3173
2167 3503
440 3412
571 2167
440 1005
2167 3542
440 3758
2167 2701
119 440
2167 4527
440 4657
2167 4187
440 648
585 2167
440 625
2167 2578
440 1868
2167 4380
440 1688
2167 2985
440 2607
2167 2206
440 3646
1218 2167
440 724
2167 2735
440 2131
2167 4161
440 2878
2167 2666
440 4129
2167 4087
440 1700
2167 3238
440 2289
2167 4699
440 4423
2167 2337
440 2935
2167 4228
440 2722
1309 2167
440 2651
2167 2283
440 3243
2167 4206
440 4912
95 2167
372 440
452 2167
440 4659
1267 2167
440 4171
1983 2167
440 4760
14 2167
440 4540
147 2167
440 629
1051 2167
440 4675
2167 3402
440 4621
639 2167
440 3251
491 2167
440 514
179 2167
440 2420
2167 2351
440 1462
2167 4950
440 1598
2167 4748
440 2370
2167 3017
440 3476
2121 2167
440 1596
2167 4143
440 4896
2053 2167
379 440
2167 4827
440 1136
2167 4942
440 3732
435 2167
440 1007
2167 4285
440 1352
2167 3193
440 4739
48 2167
440 2907
1945 2167
440 655
2167 4743
440 2229
2167 4769
440 1090
484 2167
440 4671
2167 3396
440 2050
2167 4815
440 4239
598 2167
440 1843
2167 3481
440 1518
2167 2988
440 621
2110 2167
440 759
2167 3332
440 2995
2167 4507
312 440
2167 3796
440 1975
1899 2167
440 2530
2079 2167
122 440
1540 2167
440 449
2167 4762
282 440
1043 2167
440 3038
2167 4038
440 4809
187 2167
440 516
1341 2167
440 4145
649 2167
440 4753
2075 2167
440 4407
765 2167
440 4430
2167 3920
440 2945
247 2167
272 440
1533 2167
440 4203
377 2167
440 982
2167 3652
440 696
2167 4069
440 3044
2167 4468
440 1613
9 2167
440 3107
1282 2167
440 3989
2167 4219
440 3786
1747 2167
440 1648
2167 3234
440 2526
2167 2915
440 1013
1615 2167
440 806
2167 2807
440 2918
2167 2270
440 3330
2167 2463
440 1558
2167 3521
440 1063
2167 3462
440 3472
2167 2913
440 4492
2167 2714
440 3737
2167 2986
440 1058
2167 2467
440 2706
692 2167
440 1845
2167 3711
440 1960
1981 2167
440 2145
2167 3240
440 3879
2167 2837
440 3397
1649 2167
440 2589
2167 3301
440 4337
219 2167
399 440
1034 2167
440 3207
2167 4805
124 440
1343 2167
440 4930
266 2167
440 4090
2167 3018
440 2520
2167 4609
440 3253
1832 2167
440 1969
2167 3927
440 3391
220 2167
440 2930
2167 3328
440 2369
2167 2609
440 3360
475 2167
440 2346
2167 3153
440 775
1386 2167
440 3290
2167 2619
125 440
1237 2167
440 2591
1306 2167
440 2487
1519 2167
440 1093
2066 2167
440 689
2167 4940
440 1658
176 2167
440 2219
2167 3775
440 1181
2167 3575
440 4958
1176 2167
64 440
2167 4670
440 3184
1302 2167
440 4360
2167 3715
440 4537
2167 4291
440 785
2167 3903
440 4972
2167 3495
440 2482
2167 3923
440 3979
175 2167
440 4324
1542 2167
440 4159
246 2167
440 1229
2167 4558
440 936
2167 2994
440 3866
2054 2167
440 1513
1297 2167
440 2640
751 2167
440 3549
2167 3783
430 440
2167 2168
440 1259
734 2167
440 940
2167 2210
440 3252
901 2167
440 2586
2167 4225
440 4618
1684 2167
440 2193
955 2167
440 4504
2167 4364
440 2831
2167 3425
440 2233
2167 3860
352 440
1337 2167
440 3849
2167 3348
398 440
1641 2167
440 1675
1516 2167
440 4547
1856 2167
440 3287
519 2167
389 440
1994 2167
440 1743
2034 2167
440 2611
2167 4469
368 440
2167 3079
440 3316
1321 2167
440 1557
2167 3583
54 440
813 2167
440 756
2167 4589
440 2911
2167 2231
440 4658
2167 4765
440 2473
1120 2167
440 2731
1875 2167
440 802
2167 2681
440 758
502 2167
440 3741
2167 2791
440 4882
1578 2167
440 645
2167 3199
440 1452
2167 3504
440 1639
2167 3070
440 4044
2167 4685
440 4858
778 2167
440 2828
2167 4123
78 440
569 2167
440 3913
169 2167
440 1998
2167 4425
390 440
2167 4733
440 1673
2167 3480
440 913
301 2167
440 2518
2167 2453
287 440
2167 4662
440 3071
2167 3943
440 3172
2167 4943
440 4745
2167 4267
440 3027
1523 2167
440 3056
2167 4813
440 1929
2167 3807
440 3934
2167 4438
440 1252
249 2167
440 4306
965 2167
160 440
2167 4215
440 3847
2167 3828
440 1731
2167 3956
369 440
13 2167
440 642
614 2167
440 1202
2167 2697
440 735
1239 2167
440 1033
2167 4336
440 3145
2167 4035
440 1563
1655 2167
440 4202
647 2167
440 2789
2167 3250
440 1883
2167 3137
440 4309
205 2167
440 1839
2167 2232
440 1167
2167 4854
440 4755
517 2167
440 714
512 2167
440 4673
1094 2167
440 744
2167 3841
440 850
2167 3837
440 1124
2167 4493
440 877
1035 2167
440 750
1786 2167
440 1757
2167 3045
440 2574
947 2167
440 3099
2167 4893
440 2089
415 2167
440 4484
2167 4388
440 4000
2167 3416
440 1211
2167 3971
440 2734
2167 3813
440 3959
2167 3161
221 440
946 2167
440 3962
2167 2588
440 4731
927 2167
440 2154
2167 3152
440 2319
2167 4247
440 4986
2167 4440
323 440
2167 2365
440 4956
1576 2167
197 440
16 2167
440 4777
644 2167
440 925
1764 2167
440 4783
2167 2740
440 1389
271 2167
440 2597
2167 4886
440 2652
2167 4776
440 1138
2033 2167
440 2936
1793 2167
440 3343
462 2167
440 2581
2167 4871
440 3227
2167 3778
440 4326
2167 4461
440 2920
2167 2738
440 2975
1417 2167
440 3608
2128 2167
440 1288
1161 2167
43 440
1226 2167
440 4848
2167 3119
440 1044
2167 2368
440 1872
2167 3249
440 1721
1215 2167
440 2650
2167 4608
440 3710
1778 2167
440 757
2167 2939
440 2019
1416 2167
279 440
2167 4061
440 2829
82 2167
440 956
2167 3562
440 3915
2123 2167
440 2632
2167 2328
440 4318
1395 2167
440 4740
2167 3635
440 3394
1858 2167
440 4642
2103 2167
440 2298
2167 4960
440 2130
658 2167
440 1631
2167 3057
440 2522
267 2167
123 440
344 2167
440 623
2167 3618
440 1796
4 2167
440 915
2167 4711
440 4424
630 2167
440 4906
889 2167
440 2426
2167 3050
440 3987
2167 2990
440 922
2167 4717
440 3965
2167 4307
440 3560
2167 3582
440 4968
1214 2167
440 3219
268 2167
440 857
2167 3795
440 1656
215 2167
440 2434
2167 2742
440 1818
1091 2167
440 4687
2167 2519
440 3304
2167 2288
440 4167
2167 2729
440 4036
1751 2167
440 1269
185 2167
440 4004
2167 2663
440 898
2167 2406
440 3026
2167 3420
440 1723
2167 3034
440 2389
2167 2927
440 2703
2167 2379
440 2070
2150 2167
440 573
1623 2167
440 2615
2167 4901
440 1794
2167 3450
440 2716
2167 3871
440 4911
698 2167
259 440
2167 3366
440 2809
2167 3063
440 4456
1272 2167
440 3820
2167 3329
440 4870
1402 2167
440 1930
996 2167
440 4144
2167 3936
440 3655
2167 3623
440 2364
2167 4664
440 4416
2167 4638
440 3258
2167 3818
440 1498
579 2167
440 4781
1890 2167
440 3375
2149 2167
440 1248
2167 2919
440 3672
2167 4936
440 1097
2167 4545
440 2585
2167 4963
440 4257
1296 2167
440 3520
1560 2167
440 2383
2167 3978
440 3970
1438 2167
440 4522
2167 4374
440 1885
193 2167
440 575
1801 2167
440 952
798 2167
440 3455
407 2167
440 3645
676 2167
440 687
18 2167
440 1874
2167 2456
440 4486
935 2167
440 1459
2167 2180
31 440
2167 4595
440 2848
2167 2347
440 3720
2167 3351
265 440
2167 2814
440 1910
2167 2428
112 440
2167 3769
440 4153
2167 3770
359 440
1150 2167
440 2745
2167 2993
440 4570
49 2167
440 2922
2167 3760
440 3452
1918 2167
440 3275
428 2167
440 4005
2167 2590
440 1463
1143 2167
440 4985
2167 2631
440 1710
1570 2167
440 914
2167 4317
440 3621
2167 4532
440 4299
1392 2167
440 3771
2167 4528
440 834
2167 2874
440 2886
1087 2167
440 594
747 2167
440 1911
1774 2167
440 4927
2167 3911
440 1283
365 2167
440 3699
2167 3306
316 440
2167 2334
440 2275
395 2167
264 440
2167 3484
440 4467
1780 2167
440 2281
664 2167
156 440
1809 2167
440 4192
1362 2167
440 1539
2167 3039
440 1495
2167 2304
440 994
2167 3327
440 4290
2167 2563
440 542
2167 3111
440 1184
2167 2329
440 4166
2167 4502
440 4591
1199 2167
440 4012
972 2167
440 4646
2167 4666
440 4330
2134 2167
440 3869
466 2167
440 4200
1166 2167
440 2958
277 2167
440 830
313 2167
440 3298
2167 4419
440 499
2167 4197
440 2977
2167 3704
440 3315
2167 3003
440 4117
885 2167
440 1491
2167 4859
440 3259
2167 2861
440 4561
792 2167
440 1548
1073 2167
440 3010
2167 3205
440 2108
2167 3279
440 4297
1671 2167
440 595
2167 3350
181 440
1193 2167
440 705
1784 2167
440 3848
2167 4127
440 3440
10 2167
440 1748
2167 2889
440 3619
1185 2167
440 3838
2167 3999
440 1139
2167 3006
440 1066
2167 4439
440 1550
1941 2167
38 440
1876 2167
374 440
2167 4759
440 1292
1404 2167
440 3599
2167 3917
440 1012
371 2167
440 4102
1668 2167
88 440
2167 3191
440 4552
607 2167
440 1461
2167 4051
440 1026
810 2167
440 627
1919 2167
440 1562
1712 2167
440 2138
1505 2167
440 3014
2167 3931
440 3882
844 2167
440 1078
1582 2167
440 526
1469 2167
440 3668
2167 4039
440 613
2167 4173
440 1989
2167 4443
440 3544
2167 3466
440 1464
2167 4567
440 1189
2167 2205
440 3239
2109 2167
440 4221
2167 4398
440 4503
2167 3814
440 3379
2167 3247
440 2105
708 2167
440 2747
2119 2167
440 1151
2167 3693
440 2140
2167 4918
440 3697
2167 4616
440 4276
2167 3974
440 2976
2167 3555
440 4298
2167 4093
63 440
2167 3627
440 4655
2167 3102
440 1052
500 2167
440 4272
2167 4139
440 2536
424 2167
440 4749
2167 3990
440 1853
2167 4377
440 2715
2167 4048
440 840
35 2167
440 4417
2167 3198
440 1454
269 2167
440 2537
2167 3055
440 3709
2167 2926
440 1271
858 2167
440 4138
1440 2167
440 4648
769 2167
440 910
2167 2419
440 2795
1366 2167
440 2189
1473 2167
440 976
2167 2188
440 4981
2167 3224
440 1586
2167 4431
440 4249
2167 4922
440 4405
2167 4024
440 2488
572 2167
440 2535
2167 3204
314 440
299 2167
440 4441
338 2167
440 2320
2167 3005
440 3037
2167 2884
440 668
1880 2167
440 2956
2167 3100
440 4084
2167 4955
440 1824
2167 2971
440 1531
2167 4063
333 440
1923 2167
440 3614
2167 2961
440 3274
2167 4058
326 440
1877 2167
440 3985
709 2167
440 1234
1208 2167
440 3719
2167 3362
440 3590
2167 3442
440 2802
2167 2501
440 1107
2167 2853
440 2901
1486 2167
440 2893
1667 2167
440 4637
2024 2167
440 2425
347 2167
440 612
29 2167
440 4073
2167 4649
440 1475
2167 3232
440 2051
2167 3998
440 4835
2167 3888
440 1741
2167 3855
440 1500
2167 3148
440 4261
2167 2850
440 1344
2167 4080
440 1162
2167 3367
440 2175
2167 2303
440 823
2167 3291
440 2423
1616 2167
440 1583
2167 4227
440 2466
2167 4179
440 3150
1018 2167
440 2067
1230 2167
440 873
2167 2505
440 1554
2167 2598
440 4040
2167 4521
440 4707
2167 2668
440 1325
92 2167
440 2263
2167 4470
440 1830
1487 2167
440 4321
2167 4868
440 3930
1191 2167
440 848
1171 2167
440 2749
86 2167
440 3410
2167 2336
440 501
2167 3948
440 1689
2167 3752
440 4665
2167 4944
440 3798
951 2167
440 2761
401 2167
440 2441
406 2167
440 2543
1509 2167
440 3139
2167 4183
440 1829
2076 2167
440 4124
2167 4163
440 1900
1017 2167
440 2750
2167 2307
440 4479
1753 2167
440 4904
2167 2172
440 1163
1391 2167
440 3742
1336 2167
440 1647
2167 2769
170 440
2167 3095
440 2960
2167 2335
226 440
65 2167
440 2856
2167 3058
440 1881
1624 2167
440 4692
451 2167
440 1773
2167 3358
440 1186
2167 2371
440 3530
2167 4232
440 713
2167 4338
440 4135
2167 3650
440 3122
2167 4690
440 1927
1360 2167
440 1200
945 2167
440 555
2167 3085
440 4376
2165 2167
440 4677
1644 2167
440 4185
370 2167
440 4305
839 2167
440 2892
2167 2485
151 440
2167 4682
440 487
1965 2167
440 1277
2167 2966
440 3109
2167 3748
440 3267
727 2167
440 3498
1241 2167
80 440
91 2167
440 1766
2167 3401
440 3368
2167 2991
345 440
2004 2167
440 3712
2167 4667
440 2430
1221 2167
440 4987
2167 2620
440 4287
1083 2167
440 1935
2133 2167
440 2248
1412 2167
440 4722
2167 4539
440 4727
2167 2224
440 1836
738 2167
440 3445
2167 2932
440 971
2106 2167
440 1281
822 2167
440 3116
589 2167
440 2230
94 2167
440 1178
382 2167
440 1173
2088 2167
440 469
2167 4878
440 1901
2167 4394
440 3432
2167 4647
440 4242
2167 4149
440 4594
1432 2167
440 1383
2167 3914
21 440
2167 4668
440 4816
1595 2167
132 440
2167 3557
440 2704
2167 2403
440 890
2167 2280
440 897
628 2167
440 4042
2167 4505
440 4041
2167 3264
188 440
854 2167
440 2258
2167 2767
440 3641
599 2167
440 4066
1127 2167
440 4931
2167 2699
440 2252
2167 2569
212 440
2167 3563
440 3089
896 2167
440 3146
1626 2167
173 440
2167 3136
440 610
2167 3598
440 2511
2167 4791
440 2247
1075 2167
440 3772
2167 4612
440 1893
2167 2438
440 2727
2167 4346
440 2477
2167 3270
431 440
2167 3861
440 1514
2061 2167
440 3629
419 2167
440 2583
2167 3816
440 1441
213 2167
440 4125
2167 2890
440 448
737 2167
440 2806
748 2167
440 4316
2167 3640
440 2393
1273 2167
440 1312
590 2167
440 3303
360 2167
40 440
2167 2544
440 797
1861 2167
440 4543
684 2167
440 4631
891 2167
440 2273
551 2167
440 3196
2167 2185
440 3141
1879 2167
440 4694
244 2167
440 4860
864 2167
440 803
2167 4954
440 2293
460 2167
440 4300
459 2167
440 1244
2167 3179
440 3749
2167 4414
440 1659
2167 3135
440 650
41 2167
440 1307
1484 2167
440 2492
1133 2167
440 1775
1400 2167
67 440
2167 2596
25 440
1465 2167
440 2737
1456 2167
440 2523
2167 4255
440 2296
2167 3064
440 2763
2167 4788
440 960
1790 2167
440 3091
2167 2923
440 1485
1637 2167
440 3212
2167 2547
440 1987
1080 2167
440 2854
2057 2167
440 1088
2167 2548
440 1436
2167 4082
440 2726
2167 3463
440 2161
110 2167
440 2852
2167 3670
440 1028
2167 2309
440 4598
137 2167
440 2096
1326 2167
440 1216
2167 4259
440 2190
2167 2957
440 2468
2167 3225
440 3926
2167 2503
440 3722
1769 2167
183 440
2167 3105
440 2879
2167 2177
440 4427
2167 4877
229 440
1601 2167
440 3346
2167 3436
440 1045
2167 2256
440 3434
2167 4156
440 545
1954 2167
440 2721
2167 2707
440 2312
150 2167
440 1024
2167 3968
440 4349
2167 4209
440 2073
2167 4977
440 2790
1756 2167
440 534
2167 3961
440 4075
2167 2978
440 2277
1370 2167
440 1585
1424 2167
440 495
2167 2698
440 3509
2167 2720
440 2778
2167 4342
440 1084
2167 4065
440 4009
2167 3272
440 558
2167 2827
440 4085
749 2167
440 4840
682 2167
440 2557
228 2167
440 2938
1381 2167
440 2774
426 2167
440 4406
477 2167
440 2014
593 2167
440 2126
2167 4889
440 2341
2167 2712
440 3147
961 2167
440 1316
2167 3854
440 4808
2167 2869
440 4810
1937 2167
440 4530
1543 2167
440 1956
2167 4864
440 2914
2167 3494
440 2196
2167 2506
440 2973
2167 3467
340 440
2167 3887
440 1587
2157 2167
440 4229
2167 2812
440 1455
1831 2167
440 3331
403 2167
440 3076
1032 2167
440 3226
2167 2478
440 3256
1134 2167
440 3928
2167 2941
440 1869
2167 3084
440 1663
2167 3266
440 2859
2167 2962
440 3175
348 2167
440 3921
2167 2311
440 1561
2167 4413
440 4825
1807 2167
317 440
1445 2167
440 1407
331 2167
440 4178
2167 3686
440 2970
2167 3708
336 440
44 2167
440 2773
2167 3383
440 2998
1859 2167
440 1384
626 2167
440 3570
2167 2179
440 592
1160 2167
440 4563
2167 2685
440 4822
1534 2167
440 4457
2167 4577
440 685
2167 3459
440 4764
2141 2167
440 2192
1653 2167
440 4888
2167 3007
440 1683
2167 3890
440 3206
2167 3787
440 640
2167 3188
440 2894
2167 4519
440 1010
1447 2167
440 3235
2167 4262
440 2700
681 2167
440 1506
657 2167
440 1122
1373 2167
440 2176
2167 4235
440 4245
2167 2684
440 2606
1188 2167
440 1255
2167 2421
440 3061
375 2167
440 883
1347 2167
440 2238
2167 2997
440 3031
1129 2167
412 440
2167 4320
440 4969
2167 2639
440 3804
2167 4499
440 1310
1573 2167
440 3404
1231 2167
440 4371
322 2167
440 3370
2167 2665
440 948
434 2167
440 2568
1713 2167
440 1322
1697 2167
440 4850
1190 2167
335 440
2167 4131
440 4915
240 2167
440 4081
2167 2872
440 4562
2167 4905
440 3692
1410 2167
440 3060
2167 4447
440 3345
2167 3791
351 440
2167 3486
440 1142
856 2167
440 740
56 2167
440 707
2167 2223
87 440
2167 2902
440 4578
2167 3988
440 827
2167 3093
440 581
2167 2239
440 1544
2047 2167
440 2627
2167 3976
440 2527
2167 3864
440 4974
2167 3571
440 4514
1368 2167
440 4998
2030 2167
440 4869
2167 2636
440 450
2167 2696
308 440
731 2167
440 2959
2167 2380
440 1401
1762 2167
440 1330
2167 4348
440 1041
2167 3779
440 3595
2144 2167
440 1022
2167 4365
58 440
2167 2980
210 440
2167 4934
330 440
2167 4482
440 3940
828 2167
296 440
2167 3750
440 1745
1038 2167
440 4354
2167 3569
440 1990
1036 2167
134 440
2167 4897
440 3237
2167 2474
440 2616
1939 2167
440 3617
2167 2783
440 606
93 2167
440 4389
2167 3733
440 2772
695 2167
440 983
2167 4107
440 1213
2167 2674
440 2240
2167 2937
440 829
324 2167
440 1652
182 2167
440 2055
2167 2197
440 1425
2167 2864
440 3723
683 2167
440 4007
405 2167
440 4828
2167 4830
440 1925
2167 4477
440 3512
662 2167
440 4105
2167 4779
440 4790
2167 3536
440 4476
2167 2686
440 899
2167 4410
440 1071
2167 2948
440 2486
307 2167
1 440
725 2167
79 440
2020 2167
440 1567
2167 2604
440 2766
2167 3601
128 440
2167 3781
440 3294
518 2167
440 3951
2167 4064
440 4278
1470 2167
440 4288
1261 2167
15 440
2167 4483
440 3898
1835 2167
440 2418
2167 2550
440 1986
2167 4015
145 440
2167 3653
440 2896
2167 2602
440 3334
2167 4820
440 3967
2167 4698
440 2916
1460 2167
440 1152
225 2167
440 3845
2167 4874
440 4933
2167 2287
440 1944
2167 4702
440 3696
2167 3121
440 4490
1559 2167
440 633
2167 2719
440 2657
2167 3317
440 4191
950 2167
440 3359
2167 3344
440 995
2167 2870
440 4218
1225 2167
440 4392
2167 2279
440 3667
439 2167
440 2135
2167 4339
440 1319
2146 2167
440 4730
2167 4701
440 2225
2167 2376
440 1077
2167 4162
440 893
2167 2242
440 973
1275 2167
440 3584
2167 3447
440 2788
1382 2167
440 870
1042 2167
440 2018
2167 2593
440 675
1332 2167
440 591
1734 2167
440 567
2167 2909
440 1280
2167 3458
440 2361
2167 3982
55 440
2167 4712
232 440
2167 4993
440 2539
309 2167
440 4114
231 2167
440 879
532 2167
440 1429
1102 2167
440 2292
557 2167
440 3077
2167 4148
440 1933
2167 4693
440 2533
1914 2167
440 3676
2167 3558
440 1157
2167 4496
440 3881
2167 4386
440 2965
2167 2653
440 4710
2167 3694
440 1399
2167 2354
440 1117
2167 3706
440 3506
564 2167
440 565
780 2167
440 3896
2167 4151
440 1763
2167 3690
440 4680
2167 4794
440 1682
2167 4763
440 3255
2167 4344
440 2350
1617 2167
440 888
2167 3485
440 1664
2167 3052
440 2521
260 2167
440 1866
1934 2167
440 2688
1488 2167
440 1405
2167 3430
440 811
1921 2167
440 3963
200 2167
440 2005
397 2167
440 3776
2167 2950
440 3975
1915 2167
440 862
2167 2271
440 2163
631 2167
440 2429
2167 3810
440 1197
1785 2167
440 3364
2167 4385
440 3059
2167 2724
440 2003
2071 2167
440 1645
2167 2824
440 1738
2167 3728
440 4216
525 2167
440 3909
2167 4313
440 3097
770 2167
440 2464
2167 4401
440 4512
381 2167
440 2299
2167 3180
440 1180
2167 2480
376 440
2167 2572
440 2308
2167 2460
440 768
2167 2567
440 728
492 2167
440 4975
2167 3340
440 1194
2167 2559
440 3508
2167 2411
440 4787
2167 2377
440 2249
2167 4684
440 1854
1680 2167
440 2236
2167 4025
440 1522
1724 2167
440 3384
2167 3151
440 3805
1206 2167
440 3777
74 2167
440 3638
674 2167
440 4312
2167 4686
440 2546
538 2167
440 4579
2167 2451
440 541
2167 4526
440 1245
437 2167
440 1243
2167 4062
440 2286
2167 3550
440 3489
2167 3128
440 481
444 2167
440 482
20 2167
440 3474
1328 2167
440 1431
285 2167
440 4651
2082 2167
440 4294
2167 4900
440 3767
2167 3022
440 1744
993 2167
440 2405
1985 2167
327 440
2167 4581
440 924
2167 4620
440 2623
2167 2302
440 4396
1565 2167
440 4973
2167 4395
440 2408
2167 3309
440 3431
2167 2440
440 2085
2167 2254
440 2265
2167 4060
440 563
2167 3522
440 1251
638 2167
440 1140
2167 3223
440 4613
1862 2167
440 3700
1060 2167
440 4863
2167 2339
440 3112
2167 2343
440 3826
2167 4295
440 1841
1480 2167
440 1442
2167 2883
440 2555
2167 4964
440 3825
2167 4471
440 2545
2167 4053
440 3312
2167 2820
440 1946
2167 4683
440 4366
2167 4965
440 2571
817 2167
440 3663
2167 3624
440 2310
2167 3075
440 1070
2167 3033
440 3338
1932 2167
440 3314
855 2167
440 4089
2167 3130
440 4126
700 2167
440 3687
2167 3246
440 4274
2094 2167
440 4243
2167 4310
440 678
66 2167
440 1481
2167 3591
440 3048
436 2167
440 904
2167 2667
440 1276
2167 2432
178 440
1108 2167
440 3507
2167 4529
189 440
2167 3613
440 934
2167 3933
440 4204
2167 4962
440 3162
2167 3158
440 3701
59 2167
440 4622
472 2167
440 949
2167 3954
440 4583
2167 2739
440 3426
1591 2167
440 1711
2167 4491
440 4433
2167 4367
440 2166
2167 4541
440 2857
136 2167
440 919
2167 3630
440 1121
723 2167
440 2531
2167 4961
440 3261
2142 2167
440 3766
2167 4509
440 884
127 2167
339 440
1156 2167
440 2234
81 2167
440 979
1148 2167
440 1530
2167 4175
440 2540
2167 4802
440 2751
2137 2167
440 3578
2167 2757
251 440
1390 2167
440 3159
1314 2167
440 1905
2167 2743
440 3174
2167 4121
440 1536
2167 3268
440 841
2167 3134
440 4989
1098 2167
440 1792
2167 4606
440 1220
1242 2167
440 4275
2167 4592
304 440
887 2167
440 4967
942 2167
440 2981
1651 2167
440 3916
2167 2184
440 3757
2167 3289
440 3382
2026 2167
440 3457
2167 3154
440 791
1634 2167
440 1300
2167 3592
440 2694
1204 2167
440 2244
1192 2167
440 903
2167 3277
440 1430
1270 2167
440 3283
2167 3167
440 4147
1238 2167
440 3062
2167 4224
440 3177
2167 2470
440 3513
2087 2167
440 1492
1837 2167
440 3149
2167 3761
440 2693
2167 2803
440 4992
2167 2792
440 446
2167 2382
440 4921
2167 4184
440 4034
513 2167
440 1223
2167 4088
440 2808
294 2167
440 3658
715 2167
440 2525
2167 4404
440 4800
2167 3726
440 1781
2167 2575
440 3576
2167 3727
440 3011
550 2167
440 2483
2167 4774
440 2042
847 2167
385 440
2167 4818
440 4436
2167 2825
440 2832
781 2167
440 4220
2167 3028
440 4732
1393 2167
440 3523
2167 3745
440 3639
2167 2928
440 2987
2167 4737
440 3793
2167 3554
440 632
2167 3381
440 3035
2167 2399
440 3273
2167 4400
440 739
2167 4258
440 2194
2167 4011
440 488
346 2167
440 2250
468 2167
440 653
1116 2167
440 2386
222 2167
440 3581
1848 2167
440 2549
2167 4695
440 1021
620 2167
440 2404
2167 2885
440 3782
2167 4201
440 1154
637 2167
440 3702
2167 3265
440 1096
2167 2618
440 3679
920 2167
440 3628
2167 3054
440 4757
2167 3090
440 2676
1739 2167
440 2080
2167 4565
440 4118
1164 2167
191 440
2167 3211
440 1419
2167 3587
440 2124
2167 3490
440 2062
789 2167
440 4032
912 2167
440 1403
2167 3353
440 921
2167 3302
440 1293
1369 2167
440 616
777 2167
440 1146
2167 4444
440 2496
141 2167
440 2039
2167 2394
440 3386
1589 2167
440 799
670 2167
440 1086
2167 2780
440 2510
1115 2167
440 3660
2167 3127
440 2022
2167 4574
440 1472
1619 2167
440 4384
2167 2321
440 1482
686 2167
440 455
2167 2670
440 1089
2167 4362
440 3419
2167 4688
440 1740
2167 2673
143 440
234 2167
440 2151
2167 3620
440 3013
72 2167
440 712
2167 3935
440 2356
2167 4331
167 440
2167 3363
440 4293
2167 3496
440 2255
1333 2167
440 2152
2167 2752
440 1752
773 2167
440 4862
1517 2167
440 783
2167 3347
440 1385
1209 2167
117 440
2167 2217
440 1415
2167 2355
440 3376
2167 2634
440 4586
746 2167
440 3794
36 2167
47 440
2167 2912
440 882
2167 4074
440 835
2167 3567
440 3889
2167 3478
440 2049
2167 3610
440 2218
2167 2251
440 1805
1928 2167
440 4525
2167 3651
440 2645
2167 2352
440 2059
2167 4883
440 2315
458 2167
440 3422
2167 4894
440 2605
2167 4010
440 4744
635 2167
440 3446
292 2167
440 871
2167 4454
440 3597
2167 3278
440 1092
547 2167
440 1719
553 2167
440 1926
90 2167
440 1579
962 2167
208 440
2167 4223
440 3885
1247 2167
440 1527
2167 3023
440 3029
2167 4351
440 1137
2167 2760
440 1725
1172 2167
440 533
284 2167
440 4861
2167 3262
440 1249
2167 2786
440 3356
2167 2830
440 4302
1823 2167
440 4903
1770 2167
440 2272
988 2167
440 3473
2074 2167
440 3548
2167 4429
440 4887
2167 3637
440 1669
2167 3043
440 4510
1054 2167
440 2261
2167 2558
440 1847
1760 2167
440 1974
1696 2167
440 774
2167 4029
440 2413
363 2167
440 4766
2167 3533
387 440
263 2167
440 3906
1706 2167
440 3101
2167 4817
440 4572
2167 4746
255 440
422 2167
440 3323
2167 4328
440 1001
2167 2507
440 2682
190 2167
440 1761
2167 2784
440 4332
2167 2836
440 4270
2167 2705
440 2212
2167 3008
440 1742
1678 2167
440 3642
2167 3245
440 4633
2167 4450
126 440
2104 2167
440 1590
641 2167
440 2504
2167 4165
440 1512
2167 3822
440 1274
2167 4627
440 2842
2167 4432
440 2793
507 2167
440 1907
2167 3568
440 4708
2167 3378
440 1811
2167 3491
440 2974
597 2167
440 3448
2167 2898
440 3821
2167 2306
440 3190
938 2167
440 4919
2167 3535
61 440
1081 2167
440 3755
1972 2167
440 1266
2167 2509
440 4286
77 2167
440 3411
1082 2167
440 2834
281 2167
440 1198
1408 2167
440 1602
318 2167
440 805
2167 4929
440 2414
2001 2167
440 3083
2167 3689
440 4656
2167 3024
440 766
741 2167
440 760
2167 2427
440 679
2167 4481
45 440
2167 2678
440 4880
2167 4884
440 3790
2167 3318
440 771
235 2167
440 619
872 2167
440 937
2167 4847
440 3574
2167 4002
440 587
2167 3801
440 1545
2167 3677
440 3468
2167 4315
440 2476
2167 3129
440 2855
2167 3780
440 1863
2167 4679
440 3311
2167 3904
440 3612
2167 2357
440 1566
2167 2326
440 1057
2167 3142
440 3098
1618 2167
440 977
7 2167
11 440
328 2167
367 440
192 2167
440 1233
2167 4372
440 3972
2167 4535
440 1050
165 2167
440 1692
1852 2167
238 440
355 2167
440 1886
1882 2167
440 554
604 2167
440 2996
1334 2167
440 1095
2167 2515
440 4500
2167 3981
440 2472
2167 4120
440 2925
2167 4059
440 2641
2167 2868
440 3995
2167 2905
440 2100
2167 2207
440 4213
1679 2167
113 440
1232 2167
440 3092
2167 4333
440 4660
2167 4325
440 1665
2167 3216
440 755
2167 3716
440 3946
1736 2167
440 4713
2167 3839
440 2944
2167 4601
440 2181
2167 4132
440 3682
1056 2167
440 2560
2167 4347
440 764
2167 2863
23 440
2167 2437
440 1860
194 2167
440 508
1169 2167
440 3218
2167 2202
440 4826
2167 3068
440 2378
2167 2174
440 3632
656 2167
440 1525
1814 2167
440 4588
2167 3214
440 1195
2167 4472
440 3812
2167 3659
440 445
1515 2167
440 3286
636 2167
440 609
2167 2553
440 2554
2167 2317
440 465
144 2167
440 2344
2167 3025
440 3543
836 2167
440 2655
1593 2167
440 930
2167 4909
440 3865
2167 2401
440 3832
2167 3078
440 4459
2167 4111
440 3387
2167 3992
440 3352
2167 4935
440 2068
130 2167
440 1311
442 2167
440 3875
2167 4603
440 1236
1936 2167
202 440
174 2167
440 4771
2167 2295
440 4571
2167 3955
209 440
2167 3393
19 440
574 2167
440 1101
2167 3730
440 2471
999 2167
440 1196
1701 2167
440 4533
109 2167
440 2710
1804 2167
440 2982
2167 4475
440 1031
2167 2169
440 4046
2167 2785
440 3958
2167 3824
440 2333
2167 4758
440 2576
98 2167
440 666
1457 2167
39 440
2167 3195
440 959
257 2167
440 560
2167 3526
440 4920
2167 2798
440 1964
1898 2167
440 651
608 2167
440 1549
2167 3400
440 3073
2167 3222
440 2951
2167 4003
440 4193
2167 4489
440 3901
1147 2167
440 3449
1834 2167
440 4480
2167 3488
440 964
672 2167
440 3912
2167 3857
440 659
2167 2702
440 509
497 2167
440 3036
2167 4092
440 3897
2167 4566
440 742
2167 2416
440 1788
2167 2327
440 1957
1717 2167
440 2637
1708 2167
440 3874
1361 2167
440 1920
2167 2417
440 3534
2167 4381
440 3004
201 2167
440 4453
2167 4614
440 1250
416 2167
440 1528
544 2167
440 2491
2167 4301
440 3843
2102 2167
440 1996
2167 4928
440 3126
2167 4756
440 2397
548 2167
440 1666
1892 2167
440 2431
2167 4554
440 4706
2167 2934
440 3308
2167 2897
440 2095
2000 2167
440 624
2167 2946
440 3194
2167 2204
440 1728
2167 3015
440 2235
2167 2316
440 4136
420 2167
440 2002
1609 2167
440 3081
100 2167
440 4277
1750 2167
440 1908
2167 2407
440 4994
892 2167
440 4780
1826 2167
440 3823
2167 3688
440 4557
2032 2167
440 762
2167 3260
440 1730
2167 2748
440 3319
2167 4045
440 895
2167 4899
409 440
2167 4976
440 2392
2167 2191
373 440
1948 2167
440 3964
939 2167
440 1182
2167 3244
440 4217
2167 3551
440 4772
2167 3580
440 1357
2167 4513
440 2910
2167 4672
440 1289
2167 2947
440 4369
2167 2268
440 2648
5 2167
440 4434
362 2167
440 1541
2167 2718
440 3326
2167 3973
440 3925
2167 2695
440 562
2167 4947
440 2754
2167 4890
440 4186
1380 2167
440 2552
2167 4881
440 3187
253 2167
440 3565
2167 4268
440 3960
997 2167
440 1339
2167 2875
440 1203
2167 4844
440 701
1064 2167
440 4538
2167 4908
440 1490
349 2167
440 2796
1409 2167
440 3596
1806 2167
440 2711
2167 2736
440 646
1365 2167
440 3938
1228 2167
46 440
1377 2167
440 3414
2167 3333
440 1350
2167 4784
440 515
1638 2167
440 489
2167 2534
440 1104
1822 2167
440 4819
2167 2318
440 1446
2167 3069
274 440
60 2167
440 2116
2167 4370
440 3418
1963 2167
440 3600
2167 4464
155 440
2167 3263
440 3939
2167 2570
440 3441
1552 2167
440 2424
2167 4867
440 3947
2167 4735
440 4137
2081 2167
440 1947
1672 2167
440 3671
1502 2167
440 2314
2167 4599
440 3743
2167 4602
342 440
2167 4231
440 1755
2167 2573
107 440
2167 4281
440 1808
2167 4027
440 3299
2167 4937
440 4793
2167 4596
440 1605
808 2167
28 440
1015 2167
440 4534
2167 4639
440 2508
2167 2561
440 3605
826 2167
440 3138
2167 3829
320 440
1553 2167
440 4814
2167 4832
440 2823
1640 2167
440 1338
2167 3242
440 4982
2167 3876
440 1011
1406 2167
440 556
2167 4460
440 4750
224 2167
440 761
2167 4924
440 2672
2167 3165
440 2888
1537 2167
440 2865
2167 3080
440 4798
378 2167
440 1846
1714 2167
440 1726
1025 2167
440 3631
2167 2469
440 1803
2167 3524
440 1201
2167 3049
440 3797
880 2167
440 3994
1443 2167
440 1660
2167 2276
440 3800
543 2167
440 1145
989 2167
400 440
2167 3281
440 2800
2167 3983
440 2433
2167 2577
440 2880
2167 2906
440 4018
2167 4158
440 4056
366 2167
440 2626
2167 4154
440 1159
1085 2167
440 3168
2167 2201
440 4857
2167 2580
440 1568
2167 4523
440 1113
2167 3553
440 1387
1569 2167
440 2373
992 2167
440 3269
1984 2167
440 3341
2167 3511
440 2489
214 2167
440 3684
2167 4865
440 3899
480 2167
440 2644
2167 2409
440 3143
2167 2819
440 523
2167 3439
440 732
2167 4195
440 4176
1737 2167
440 2041
981 2167
273 440
2167 4357
440 3588
1507 2167
440 4188
2167 3040
440 2043
2167 2953
440 4314
2167 3922
440 2013
8 2167
440 1227
2167 2656
440 4373
2167 3984
440 3373
357 2167
440 1423
2167 3230
440 1894
2167 3271
440 4516
582 2167
440 4284
1466 2167
440 1016
2167 3409
440 4100
2167 2683
154 440
2167 2833
440 3372
2040 2167
440 1323
663 2167
440 4761
2077 2167
440 2862
2167 4845
440 2362
1262 2167
440 2500
2167 2454
440 3231
2167 4849
440 3675
2167 2457
440 4037
2139 2167
440 1588
1141 2167
440 2622
2167 3980
440 2173
2167 3483
440 1693
859 2167
440 2799
2167 4846
440 3497
2167 4585
440 2782
2167 2764
440 3541
358 2167
440 1359
1219 2167
440 3087
2167 2502
440 2972
27 2167
168 440
242 2167
440 4256
1580 2167
440 4852
315 2167
440 3993
1335 2167
440 1572
120 2167
440 1765
2167 2876
440 4584
2167 3086
440 3020
851 2167
440 2348
2167 2805
440 2132
782 2167
440 4625
1677 2167
440 1371
2167 4626
223 440
236 2167
440 3104
531 2167
440 2363
1959 2167
440 3703
2167 4812
440 3827
2167 3355
440 4067
411 2167
440 3665
2167 2183
440 2449
2063 2167
440 4047
2167 2385
440 825
2167 3705
440 3369
1716 2167
440 2746
1999 2167
440 3647
1008 2167
440 4174
1329 2167
440 539
2167 3000
440 2262
227 2167
440 2517
97 2167
440 3884
2093 2167
440 1305
1816 2167
440 611
2167 4463
438 440
494 2167
440 2083
1128 2167
440 4724
2167 4907
440 868
2167 3858
440 2625
2167 3133
440 467
2167 3643
440 860
2155 2167
440 3729
2167 4226
75 440
2167 4872
440 1053
1733 2167
440 3443
2167 2903
440 3296
2167 4823
440 1798
2167 4304
440 4435
2167 3189
440 3482
2167 3335
440 2375
2167 4199
440 733
391 2167
440 990
2167 4455
440 3361
2167 3654
440 2955
1235 2167
440 1165
149 2167
440 4853
2167 4383
440 2290
1916 2167
325 440
199 2167
440 4917
2167 4442
440 2122
2167 3171
440 4575
2167 4033
440 4611
2167 3806
440 2756
2167 4016
440 1597
2167 3844
440 984
842 2167
440 4582
2167 2787
440 4546
498 2167
440 4104
528 2167
440 3186
1729 2167
440 1345
2167 3493
440 2148
1508 2167
440 2516
2167 4409
440 3842
496 2167
440 3996
1448 2167
440 716
2167 2659
440 1379
2167 4113
440 2643
2167 4420
440 1777
2167 4957
440 3016
146 2167
440 923
1654 2167
440 4799
2167 3156
440 3408
429 2167
440 2367
2115 2167
440 441
1287 2167
440 4520
2167 2933
440 1606
2167 4269
440 3573
2167 2608
116 440
2167 3413
440 2340
1112 2167
440 4704
1046 2167
440 3718
1320 2167
440 4070
2167 3759
440 909
2167 2594
440 2624
1707 2167
440 2811
510 2167
440 596
2114 2167
440 3120
102 2167
440 1476
2167 3469
440 2445
527 2167
440 2815
216 2167
440 2011
461 2167
440 3415
2167 4182
440 4834
2167 3809
440 2490
2167 4437
440 1363
2167 3540
440 2305
1636 2167
440 4378
306 2167
440 1037
2167 3918
26 440
140 2167
440 3505
2167 2904
440 1394
2167 3661
440 4198
2167 4593
440 1411
2167 2209
440 600
661 2167
440 4742
84 2167
440 4747
729 2167
440 464
2086 2167
440 804
50 2167
440 4350
2167 4474
252 440
423 2167
440 2016
2167 2187
133 440
2167 4531
440 1789
1547 2167
440 2713
1982 2167
440 4211
2167 4801
440 3228
2167 2900
440 4610
2167 3065
440 2822
1468 2167
440 2291
470 2167
440 4738
2167 4363
440 4112
2167 4448
440 2360
1702 2167
440 3178
2167 3517
51 440
388 2167
417 440
2167 3666
440 3626
2044 2167
440 3834
1782 2167
396 440
2167 3853
440 1155
1827 2167
440 1621
2167 2794
440 3236
1691 2167
440 443
2167 4164
440 1955
2167 2208
440 752
2167 3042
440 3788
540 2167
440 2908
1825 2167
440 2391
2046 2167
440 2493
1603 2167
440 4556
2167 4700
440 1119
2010 2167
440 1168
1795 2167
440 4676
1489 2167
440 4233
2167 4714
440 1526
2167 4999
440 4775
2167 3910
440 4412
2167 2709
440 4652
454 2167
440 3603
1887 2167
440 4077
578 2167
440 2372
290 2167
440 3802
1479 2167
440 4718
2167 2285
440 1611
530 2167
440 4260
1538 2167
440 3924
1212 2167
440 2120
34 2167
440 1771
1258 2167
440 4415
2167 2687
440 3907
2167 4568
440 4515
1950 2167
440 615
2167 3322
440 2871
2167 4795
440 3390
2167 2331
440 3160
334 2167
440 1968
1158 2167
440 1422
2167 2444
440 2195
2167 4266
440 1813
2167 2917
275 440
1474 2167
440 1068
2167 2968
440 4604
2167 3208
440 1358
2167 3657
440 1376
2167 4119
440 576
2167 3633
440 4194
2167 4995
440 4641
2167 2775
440 1670
159 2167
440 1592
2167 3957
440 4189
2167 2388
440 4094
1913 2167
440 1674
22 2167
440 4914
2167 4645
440 1903
2167 2512
440 4807
2167 2717
440 660
703 2167
440 3566
2167 3454
440 4397
2167 4916
440 2579
2167 2439
440 4208
2167 2243
298 440
2167 3202
440 2387
2167 4804
440 1584
