4999
))())((())()()(((())()())))))()((())))())())(()((())((()(((()((()(())()()((())()())(()()()()((((()(())))(((((((()))((())((()))(((()())(()))))()))((((((()()(()))))())(((())(()))(())()())(()))()(()()(()()))))()()()(((()())(()(((())))()()()()())))((()))))))(()()))(()(((())()(()())(((()())()())))))())())))()(()())))(((((()())((()()((((((()(((((())()()))))()())))(())))))))))))((((((())()))()((())))()())(()))()(()))())(())(()))()()()(()()()((())(()())(((()()))))()))()))()()())((())()((()))(()(()((((((()(())(()()(())((()((((())))))()((()()))))()))(((()()()))((()()()((())))))()()(()()(((((()())))(()))(()())(((((()))))(((()()())(()(())))(((()(())(())())))))())(((((((((()(((())(()))((()((()()))))())()()))))))))()(())))()()))(()))))(()))())()((()(((((()())()()(()(((((()((((()((())))()))((()(((()))()()))((()())((()()(()(()(((()())))())())((()()((()))()())))()((((())(()))())())))())(()()((()(()))((()(())))(((((()))(()())(()))((()())())((((()()())())()((()((((()()()))))(()()()()))()(())())))))(()())))()((()))((()))(()))))((()(()))))))())()())(()(((((((()()(()(()(()()()())))))()()))(()((()))))()()())(())((()()())())()(((())(()((())(())()))((()())((()((((()()))(()())))()(((()()()(()((((()())))())))))(())))))((()))(())((((())(((()()()))()))()))((())))))))))))()((()()((())()((())(()))()()())()))))()())((((())())()(())())((())(())()))())()((()((((()()))(((()(())))()())))(()(()))(()(((((()((())(((()(()))))(()))())))()()(((())())((()))))))()))))))(())))))()))(()()()()(((())()()))())))()())(()()))))((()(()(((()(()())())())()())()))))()()))((())())))(()((((())())))())))))()()))))()()()()(())))()((()(())((())))))))))))()())))(((()))()(()(())))())()(()))(()((()()()())((((()())())())))))))()))((()(()(()())()()()()((())())(()()())((()()((()()()))(())))(((()())))(((()(((()()))()(((()()())))())())(())))(()())))(())()))(((())(()()(()()())((()))))))()((()())(()))(())(())())(()(((())))(()(())((()(()()))())()()))((())(()))(()))((())))())()())((()(()((((()())(()))((()()))()(()))))))))((()()(()(()))((())))))))((()()()())((()((((())()((())))())())))()()()(())))((())))()((()((())()()((((()((())(())()((())()(()()(())())(())()((()))()())((())(())()()(()((()))())())))())(()()()()(())))(())())())((()()()))()(()(()(()))()(())()(((())((()(((())()((()((()((()())())))()((()(()()(((()()))())))(()))()(((()((((())((()))(()()(((((()))(()))()(())()()(((()()))(())))(())))))()))))))(((()))())((())(()(()(((()(())))((()))((()))())(()(()())(()())))))(()()))()((())()(()(((())((())(()))((())))())(())))((())())))())()))))()()))()(((()()((((()()))(((())())()(((()))(()(()())(())(()()(((())()())()))()))(((()(((()(((((()))()((((())(())()((()()((())()(()(())(()(())()())()())()())()())())()()(())((()))((())((((((())(()))()))))()))((()())))))))()((())())(((()(()())))((()))()((()()(()())))))((()()())()))()(()())()(()))())))())()(()())())((()()))())((())(()()(((()(()))(())(())))(()()((()(())((((())(())))((()(()((())(()(()((()((()(()())))((()(()())(())))))())(()()()()(()()()()((()))()())))((())))))))(()))(()()))((())(())())())(())(()()()(())))))((()(()(()(((()())))(((((()()((((()()))((()(((())()((())))()))()()(((((((((((()))(())(()()())(())(())()(()((())()))())((())(()(((((()))()())())())()((()((((()(((()(((()))(())))))())))(((()()))()((((((()())((()())(())))(())()(((((())(((()))))(()(((()(((())(((()())()()))()(())(())()())()()((()))))(()))()())(()())))()(()()(()(()()))((()(())))())())))())((()(((((()))))()))))()))(((()(((()(())))()()())))()()(()(((()))))))()(()())))()())(())(())(()()())((()())((())(())()))(((()))(()))))()))))))())))()(())((((((()))))(()()(((())))((()))((()))()))(())())(((())()((())()((())((())))()))(()))())())))(()))())()))))()((()((())((())))()(((())())(()))(()))(())())((()(((())()())(()())()))())((((()())())()((()(()(()))(()))(((())(())(()(())(()())(())(()))()())())(())((())))((()))))(())(()))(()()()()(()()((()((()()(())())))()))))())(())())))()((()))((()(()(())((())())())(((())())(())())(((()(()(((()(()((((())())(((()((()(()()))(())))())()()())))))))())))()))()))())(((()(()())((()()(())()(((()))()((()())))))(((())())(((()))(()(((()(()()))))((()((())())()))())(()()(((()()))((()()(((()())())((((((()((()())(((()()(())(()()()(((()((()(((()(()()(((((()(((()())()()()(())((())())))(((((())((((()(()())(((())))()()))(((((((((()()()(())(()())((()))((((()()()(()))((()((((((()())(((()))))()((()(()(((()())()(()(()()()()()))))(())(((()()))()()()()()()))))())()()))()()())()))))((((((()()))((()()())((()())((()()((())())(()()()(((()((())(()())()())()((((())()()(())(()())))()()))))()())((()))(((()(((()(((()())()((((()))())((((()())())()(()(()()(())((()))((((()())((())((()((()(())()))(())))))()((((()())(()))((()((()(((()(())())()(()((())))))())))())()))))((())(())(())))(()))())((()())(()))))()()()())))())(()(()))((()(())(()(((()(()()))(())())))(()))))(()))(())()((((((()))((((())()()))())))(()(()()()()(((()(()))((()((((((((((((())((()(())(())(((()()()()((((((())((((())()))))())(())((((())(((())(())((()((()(()))(())(()(())))()(())((())(()))()(())))())())()(()))))))()((())(
643 745
745 1184
643 4697
745 4868
643 4551
745 4891
643 2311
745 2228
643 1994
745 4235
643 1680
745 4819
171 643
745 1734
643 2351
745 1378
643 1465
745 2210
643 4484
745 1801
2 643
745 2328
643 2428
745 3324
643 2051
745 1234
22 643
343 745
643 3156
745 4702
643 4271
745 3268
643 3649
745 1888
643 933
745 1806
643 2061
588 745
643 3031
745 1411
643 4316
745 1068
643 3585
745 2111
643 4977
745 3263
643 1889
745 862
643 705
745 3456
643 2646
745 3177
643 2368
417 745
643 4101
42 745
643 3051
745 4072
643 1917
745 813
643 3238
492 745
643 1239
745 1828
643 1260
181 745
643 4010
227 745
643 1542
745 1390
643 3723
437 745
643 1819
745 2882
643 956
745 751
643 2144
745 4632
643 4231
218 745
643 1788
745 1308
643 4470
745 3596
643 4920
512 745
643 2974
745 2385
643 4629
745 4619
643 1439
745 2718
643 1523
745 1303
643 1900
745 4444
643 2861
745 2124
643 4414
745 2960
643 983
745 2573
643 964
745 2733
244 643
549 745
643 3979
745 2476
643 2670
745 3218
643 3481
745 4334
643 2931
745 4333
643 739
745 4142
643 4692
745 1370
643 4301
745 1109
643 1304
745 1975
643 3328
745 4054
643 3050
745 3937
643 4966
745 1157
643 717
745 2335
643 3890
745 4810
643 3499
745 3957
643 2066
745 1006
133 643
745 2353
643 1342
745 1880
539 643
673 745
643 1858
745 1434
643 2639
745 4348
643 2499
745 2128
643 885
745 2648
643 2200
745 2037
643 1178
745 1707
643 2766
745 4252
41 643
745 4401
643 1203
745 2674
643 3686
745 2035
643 4593
745 3393
643 1682
430 745
643 2607
745 1515
643 4543
745 2536
643 1300
577 745
643 4255
328 745
643 3582
745 2628
230 643
745 3647
643 4704
745 3012
643 1907
745 3109
643 4552
75 745
643 2243
745 3187
220 643
745 2529
643 1978
39 745
643 3166
745 2315
643 3547
745 2268
643 3339
745 4770
253 643
674 745
643 2660
745 3720
643 3185
745 1430
643 3778
745 4455
643 2739
745 1833
643 1460
745 4705
643 2402
586 745
643 4351
678 745
536 643
745 2421
643 3865
745 2801
643 3846
745 3773
643 2409
99 745
643 3633
745 4592
643 4223
745 1561
633 643
745 3358
643 3669
628 745
643 4772
745 3394
643 3467
745 2778
643 4560
745 2840
643 2959
745 4007
643 1737
745 2427
643 2864
745 1800
643 802
745 3431
643 4430
745 2120
643 2287
745 2843
643 1649
263 745
643 3202
745 4821
643 2806
745 3036
643 2509
745 3519
643 2726
745 2397
643 4021
745 4143
370 643
535 745
329 643
745 1051
643 4952
745 4553
643 4711
232 745
643 3988
745 1435
643 895
745 2618
643 2349
745 4939
643 1071
745 4570
643 2731
745 4693
643 3574
745 2336
643 4150
745 1054
643 2437
745 3789
643 3479
745 1167
643 2776
745 778
525 643
745 3870
643 4660
745 3002
643 3114
745 2431
643 3814
745 3759
572 643
745 4684
643 2738
745 1128
594 643
745 1742
643 1034
745 4861
643 4213
745 1588
530 643
745 2956
643 2884
745 1729
468 643
745 4114
643 3717
745 4606
643 3037
745 3260
643 2789
745 3158
29 643
745 3369
643 1296
745 3575
643 2399
745 4636
643 1095
745 3039
643 1227
745 4354
643 2585
745 861
643 3476
745 4342
643 1717
745 4357
643 4960
745 3766
643 3288
745 3920
643 1611
745 2023
643 1080
745 2314
643 4205
745 4202
643 3257
745 1738
643 2662
745 2898
643 3985
745 1388
643 3488
745 2086
643 1821
745 858
643 3976
745 3543
643 1023
745 3684
643 3402
745 1225
643 2032
745 1104
643 1932
745 4266
643 3840
745 4799
9 643
745 3644
643 1262
745 2666
643 3082
745 3162
643 1690
745 4732
643 2760
745 1727
643 4824
745 4321
643 3785
745 789
643 814
745 4537
643 1534
745 3755
643 3325
745 1189
643 2788
745 3760
643 1257
745 3469
643 2807
745 4475
643 2145
146 745
643 4812
745 2946
643 3955
481 745
643 3600
745 4842
643 2623
745 3190
446 643
745 3652
643 4085
745 2167
643 2116
558 745
643 3787
745 2207
643 1728
745 4832
643 2481
745 4528
643 4383
745 4750
643 3830
733 745
643 3971
745 3822
643 3964
745 3812
643 2018
745 4015
643 4755
745 1049
643 4346
6 745
634 643
745 3000
643 1258
745 3154
643 3626
745 3351
643 2262
745 1398
643 4447
745 1403
643 1921
745 3901
643 3307
745 4434
643 3363
745 4000
643 2654
490 745
643 3329
745 3480
643 2141
745 4070
643 969
745 4388
643 3389
745 2604
431 643
745 4057
643 4893
745 2793
643 3224
745 1836
643 2634
745 3078
643 4894
745 2546
643 4712
745 4880
643 2223
745 4625
643 1346
612 745
643 4928
745 3850
643 1247
187 745
643 2263
745 886
643 3155
745 3845
249 643
745 2920
643 1792
745 3996
643 4436
95 745
643 4637
745 2454
643 1700
745 4322
643 4976
745 4257
456 643
745 2547
643 3147
745 4454
643 2147
745 4585
643 2921
745 4804
643 3663
521 745
643 3761
745 2294
643 4512
745 3947
643 1449
668 745
643 2194
109 745
643 4204
745 2870
643 1314
745 4678
643 807
745 2433
643 4485
380 745
260 643
745 4798
643 1552
745 1316
643 2288
745 3718
643 2005
473 745
643 762
745 3842
540 643
745 1086
643 946
418 745
643 3591
745 3262
643 3319
106 745
643 1022
745 3991
643 3453
745 4212
170 643
745 1896
643 3237
745 3777
482 643
745 2088
643 2202
745 3656
643 2838
745 2929
643 4419
745 4489
643 704
745 4607
643 4370
745 1785
643 4621
745 2993
643 4699
745 4664
643 2672
745 4382
643 2888
745 4945
643 4747
745 3657
556 643
745 2661
643 1621
745 2042
643 722
745 1229
643 1923
421 745
643 2664
392 745
643 3612
745 1183
643 4385
745 2535
643 2998
745 3934
643 1114
745 1744
643 2003
745 4578
643 3990
745 4564
643 4972
745 1976
643 2334
745 1459
643 4148
745 4128
643 2059
745 3868
643 3426
201 745
643 3977
745 4858
643 3511
156 745
643 3094
745 3884
643 3654
476 745
643 2165
745 1873
643 2617
745 1602
643 3639
745 4620
643 1847
745 800
155 643
169 745
643 3984
745 4833
35 643
745 1330
349 643
163 745
643 1781
745 4910
643 2110
745 4177
643 1739
745 2682
643 4041
745 2460
643 2700
745 2386
643 3338
745 4020
643 4234
591 745
12 643
745 4594
643 865
745 1028
643 2039
745 3401
643 3068
745 2252
643 2985
745 3429
643 2164
745 1557
509 643
745 3110
643 4084
566 745
643 4682
745 4788
205 643
745 3085
643 2046
745 4851
643 1166
317 745
223 643
745 4164
643 1550
745 2962
643 2455
745 3630
643 2327
745 3252
643 1016
531 745
643 3176
745 4883
643 4432
745 2717
643 2468
745 3635
14 643
637 745
643 1765
745 2626
643 3815
745 1491
643 1745
745 4818
643 2130
745 1331
643 2479
745 2913
420 643
745 2254
103 643
745 2019
153 643
745 2519
643 2686
745 2562
643 4573
745 951
344 643
745 756
643 3637
745 3987
643 2448
236 745
643 1536
745 1271
643 838
745 2892
448 643
745 1040
643 3468
745 4825
643 3573
127 745
643 4778
745 4006
643 4988
701 745
643 692
399 745
643 3017
745 1545
643 1743
745 1152
643 2342
745 1279
643 4347
745 1890
643 990
745 3232
643 1574
745 2678
643 3731
745 1318
643 4481
745 2103
643 4762
745 1451
643 4980
745 3395
248 643
440 745
643 4127
745 4849
643 3567
745 4184
643 2627
745 3674
643 2643
745 3331
643 1078
745 4261
643 4139
745 3730
643 4488
745 1026
643 4375
745 3942
643 4115
745 3889
643 1075
745 4216
643 1110
745 4132
643 4659
745 4967
643 2174
745 3142
643 4462
745 4411
208 643
745 4929
643 3725
745 2510
643 2802
745 2592
185 643
745 4787
643 4350
745 1787
643 3274
745 1131
283 643
172 745
643 2706
745 3705
643 3264
745 4978
643 1251
745 2493
643 4608
745 1011
643 3028
745 3978
643 2291
340 745
643 4530
745 4026
643 1582
745 4959
643 3196
745 1731
643 4003
222 745
643 1918
745 3188
643 3384
745 798
643 3729
745 4958
643 1206
745 4012
212 643
745 4151
643 1938
342 745
643 1613
745 4466
643 1407
745 2848
643 2041
745 4154
643 4549
745 907
643 3913
533 745
643 2581
745 2574
643 3525
745 929
393 643
745 1415
643 2282
687 745
643 967
745 1951
636 643
745 4248
643 3425
745 4890
643 1076
745 4708
643 2681
745 2189
643 1798
745 1633
643 3703
745 1939
643 4866
745 1961
643 1380
745 3881
322 643
745 3800
643 4118
745 4124
293 643
632 745
71 643
745 2226
643 3088
745 1012
643 2991
745 3486
643 1138
745 3323
643 1169
745 2770
643 2371
745 3233
643 3748
745 1735
643 1099
745 4895
643 1575
745 4189
643 715
745 1474
643 1015
745 1593
443 643
745 2171
643 3896
745 3751
643 4073
745 4172
278 643
745 996
643 2834
618 745
643 1294
666 745
643 1120
321 745
643 2649
745 1353
643 659
745 2816
643 4855
745 892
643 4808
745 4367
643 3272
745 2689
643 4765
745 1283
643 3404
745 4546
643 3869
745 2062
643 1979
611 745
643 4794
745 761
643 4389
483 745
643 4226
745 3542
643 3716
745 1464
643 2723
745 917
643 1479
745 3279
643 3634
745 3106
643 4936
657 745
643 2969
745 1834
643 1615
745 1719
643 1241
745 3355
643 1691
745 2528
643 694
745 893
643 1193
409 745
347 643
745 1952
643 1530
478 745
643 3168
128 745
643 4555
745 1424
643 1652
745 4688
355 643
745 4516
643 4343
745 4421
202 643
745 1640
643 3882
745 4179
643 3249
745 3313
358 643
745 2146
643 2435
745 2601
643 926
745 1681
643 2534
745 3599
643 3577
745 4847
643 2939
745 4049
643 2487
745 2761
643 2894
745 4109
643 695
745 3899
643 2980
745 3436
643 852
623 745
643 1297
745 4218
643 2105
154 745
643 992
745 4136
643 2240
745 1838
643 3784
745 2132
643 980
745 2663
643 1437
745 2855
617 643
745 1653
643 2749
745 3239
643 2193
745 1065
643 3873
745 890
643 3593
745 1470
643 2420
745 1771
643 4584
745 4246
643 3352
745 2462
643 2669
745 4288
555 643
378 745
622 643
745 1057
643 4068
745 3532
643 1196
339 745
643 834
745 3930
643 1688
745 916
643 3423
745 3687
643 1522
745 4047
643 2379
745 763
643 3658
745 773
598 643
621 745
643 3014
745 3941
643 4993
745 1544
643 1671
745 4243
643 1221
745 4103
301 643
745 3473
643 3221
745 3253
643 2488
410 745
398 643
745 3790
643 3374
745 3055
643 3397
216 745
643 1589
91 745
643 3448
745 4159
643 3333
121 745
643 1340
745 2527
643 2984
745 4059
643 2439
745 1276
643 2098
30 745
479 643
745 1081
643 1594
48 745
364 643
745 1966
219 643
745 2302
643 1934
745 1842
259 643
660 745
643 4971
745 4429
643 1335
745 1841
643 1208
745 4916
643 1140
745 3230
69 643
215 745
643 4188
247 745
337 643
745 4616
643 4196
745 2076
643 3953
745 4198
643 1058
745 1399
643 3271
745 1769
179 643
214 745
643 1531
745 4199
643 2160
745 1590
643 1942
745 4207
643 2119
745 1122
405 643
745 2875
643 4802
745 963
643 1501
745 3606
643 2709
745 3335
643 2570
711 745
643 2941
225 745
643 874
745 4865
643 4773
745 1584
643 2853
745 2197
643 1043
745 3096
643 2494
745 1630
643 1764
745 2304
86 643
745 4076
643 3562
745 2267
643 1628
745 3670
643 4987
508 745
643 2744
745 2866
643 706
745 2296
643 1171
745 1767
269 643
745 4790
643 4676
745 3116
643 4141
745 2108
643 4902
745 2064
643 2772
745 1334
643 3405
745 1946
643 1502
745 902
643 2830
745 3492
643 1413
745 2815
643 1293
112 745
643 1406
745 4739
643 879
745 2926
643 3139
34 745
643 1811
745 4230
643 4113
564 745
643 4036
524 745
643 4406
745 833
643 1374
745 2936
643 2083
23 745
643 3293
745 3320
643 2251
397 745
365 643
745 3650
643 2784
745 2900
480 643
745 4556
643 4696
745 4431
643 3866
745 836
643 1852
745 4082
643 1417
745 3128
643 2338
745 768
643 2355
745 1375
643 1134
745 4806
643 1207
745 3883
643 1073
745 4911
643 1483
745 2259
475 643
575 745
643 3741
745 2208
643 1832
97 745
643 2928
745 2743
643 4973
745 954
643 1002
745 4644
643 3834
745 2036
643 2710
49 745
643 2616
745 845
643 970
745 3817
643 786
745 1494
345 643
745 3418
643 935
610 745
643 4477
745 4970
643 4589
745 1740
643 3346
245 745
310 643
745 3665
643 3496
745 3586
643 4588
745 1230
643 4440
745 1351
643 3178
745 2526
643 4979
745 4892
643 1182
745 4599
643 1893
745 4061
643 727
745 1642
643 2922
745 3820
643 4723
130 745
643 4673
94 745
643 1499
745 3667
643 849
534 745
643 2583
745 787
643 4063
745 3622
643 3471
745 2798
643 3406
640 745
643 2378
745 3678
643 4974
745 955
643 1903
745 4983
643 1721
745 1310
643 3304
296 745
643 1922
325 745
643 4050
745 1013
643 2404
745 1925
643 4786
356 745
643 2053
745 4922
643 1617
745 1278
643 1871
745 4147
527 643
319 745
643 1298
745 2343
395 643
745 4180
182 643
745 1768
643 1385
745 4168
643 975
745 4105
643 2829
745 1292
643 4225
745 4567
228 643
745 3841
643 3091
745 1639
643 2954
745 3924
643 3546
745 919
643 936
745 2537
643 3254
745 4295
643 1010
333 745
643 4645
745 3024
643 2716
745 4461
643 4345
255 745
643 4100
745 3392
643 1679
745 3464
643 1405
433 745
643 4574
745 3711
643 2034
745 2377
643 1804
745 2835
643 1666
745 3914
643 1646
745 3045
643 3853
745 1953
643 2350
745 3199
643 1328
745 1555
643 2849
745 1063
643 4183
620 745
643 1802
745 3016
643 2498
177 745
643 2986
745 2153
643 1421
745 2615
643 2890
745 960
643 2773
745 750
643 2817
745 767
643 1909
745 2451
643 4134
745 794
643 4186
745 3898
643 859
745 2457
643 3398
745 2013
643 3510
745 4215
486 643
745 2139
643 855
745 1914
643 4820
745 3388
1 643
390 745
643 1492
745 1160
643 3316
745 4121
643 1685
745 2679
643 1835
745 1284
643 799
745 4962
643 3559
745 1667
643 3799
745 2277
643 1453
745 3034
643 2889
745 2538
643 2472
745 805
643 1506
745 2591
643 2797
745 1916
643 2403
745 2471
643 831
745 4480
643 4339
455 745
643 679
745 3613
643 4956
745 941
643 3060
745 4304
401 643
745 2063
643 1692
745 3878
643 4863
745 1358
643 3710
745 4315
643 2691
745 3602
643 2140
745 4079
643 4671
745 3651
643 1696
745 4274
643 2785
745 4040
20 643
745 2837
643 1991
745 1720
643 2558
745 3107
643 4720
745 1855
643 3566
745 4507
643 3788
745 1060
643 3159
745 1659
643 4378
745 2554
643 2692
745 3258
643 3201
745 4268
643 2751
638 745
571 643
745 3550
643 3360
745 2374
643 1867
745 3174
643 1566
745 3945
643 4298
745 3697
643 1638
745 4730
643 3093
745 4405
643 4439
745 1559
415 643
745 3512
643 4492
745 3414
643 1485
745 2456
643 2391
745 4160
643 2318
745 3564
643 905
16 745
643 1170
745 1673
643 1972
669 745
643 4752
745 3236
643 3460
745 901
643 924
745 4587
643 2260
745 888
643 877
745 1773
643 3349
375 745
643 3782
84 745
643 914
745 2878
643 3951
745 3278
643 1985
745 3608
643 4913
745 3588
643 4306
745 3104
643 4396
745 4981
643 4031
745 1130
251 643
745 2841
643 4809
745 2073
643 3770
745 2084
643 1199
240 745
643 3628
579 745
613 643
745 1569
643 3862
745 4313
643 1906
745 4885
643 3531
714 745
643 2905
745 3367
643 4391
745 2632
643 1999
287 745
643 1268
745 3267
643 734
168 745
643 685
745 4679
643 3714
745 4280
643 4364
745 4631
98 643
745 1521
643 1141
745 3446
643 2008
745 4558
643 1261
745 1815
643 1964
265 745
408 643
745 3824
643 4663
745 1524
382 643
745 1037
643 842
745 1295
488 643
745 2846
643 4601
745 2947
394 643
745 1625
643 3409
403 745
643 4080
567 745
250 643
745 976
643 3764
745 4860
643 1636
745 3666
643 703
510 745
88 643
745 2896
643 1763
745 2408
643 1762
745 3887
532 643
745 2910
643 1537
745 4921
643 2416
745 4881
643 1579
745 1404
643 3420
745 4122
28 643
745 1473
643 2382
745 4761
643 1655
469 745
643 1255
745 4241
643 3821
745 897
643 2507
745 1736
643 1816
745 2579
68 643
688 745
643 2458
745 3229
643 3449
745 3186
643 2365
745 4521
643 3097
604 745
643 1981
732 745
643 2031
745 1489
643 1438
745 2688
292 643
745 4829
643 2265
745 4536
643 1372
745 843
174 643
745 1136
643 4700
745 4502
643 1912
745 3603
643 3514
745 2630
643 2720
745 2308
436 643
745 3736
643 4014
745 3949
134 643
745 3601
643 2727
745 3375
643 3517
745 4782
643 2971
745 766
643 1191
745 1895
643 4279
745 4097
643 3961
745 909
643 4706
745 2393
643 3775
745 3015
643 3273
122 745
643 1008
745 3692
643 2999
671 745
643 1462
745 1992
643 651
745 1045
197 643
499 745
643 3982
745 3390
643 3597
745 1672
643 2169
745 2548
643 702
745 4523
643 925
518 745
303 643
745 4272
643 2078
745 1048
643 3615
745 3544
643 4362
745 4571
643 2021
745 4017
643 1849
745 1393
643 3301
745 777
643 2436
745 1693
643 1173
745 3087
643 4078
745 2346
137 643
745 3111
643 4069
745 4915
643 4032
745 2400
643 3838
745 3120
643 1287
191 745
458 643
745 2624
643 2112
745 4126
643 3251
745 2155
643 2325
745 4533
643 3552
745 3165
643 3581
745 4823
643 4098
745 4721
590 643
745 3485
643 4398
745 4518
643 4200
745 4110
643 2500
745 1072
643 1820
745 3247
114 643
745 4428
643 2387
745 4733
643 4083
745 1231
643 4990
745 883
419 643
745 2322
643 2163
745 3119
643 1198
745 2893
643 1862
745 1452
643 4497
262 745
643 1962
745 2050
643 1320
388 745
643 3450
745 4548
264 643
745 4742
643 4563
745 1188
643 1487
745 1809
643 4501
745 2238
643 1886
745 4263
423 643
522 745
565 643
745 1851
643 707
745 3498
643 1664
745 3422
643 3810
289 745
643 3452
745 2233
643 2919
745 4745
643 1074
331 745
643 1291
745 3027
643 3172
745 2249
643 1217
745 4905
643 2357
745 2221
203 643
745 3067
643 3963
407 745
643 1551
745 1344
643 3334
745 3421
643 1732
745 1540
643 2215
745 4579
643 2206
149 745
643 1423
745 4639
626 643
686 745
643 3905
745 1288
643 3906
745 2390
643 3921
745 4943
162 643
745 1062
643 3939
85 745
643 1162
745 3655
643 2975
745 3171
643 1547
745 1478
643 1548
745 912
643 755
238 745
643 3989
745 4427
643 3167
745 4925
643 3803
745 3083
643 1498
745 4827
643 2705
745 3587
643 3439
361 745
643 1565
309 745
643 1581
647 745
643 3314
745 3922
643 3030
745 3569
195 643
745 2800
442 643
745 1637
643 2489
745 1360
643 3483
745 889
302 643
745 984
643 2388
745 3724
449 643
745 4884
643 4758
745 1894
643 993
745 2879
643 1805
745 2466
643 2725
745 965
643 4986
745 2091
643 3112
745 2299
643 999
453 745
643 3993
745 4162
643 1686
745 4435
643 3709
745 1610
643 1163
745 2245
643 2432
76 745
643 1959
745 4275
643 2606
745 1511
643 2191
745 1518
51 643
745 3551
429 643
745 3527
126 643
745 828
643 4410
148 745
643 1126
745 4459
643 1245
745 1005
643 1161
745 3281
643 2532
96 745
643 3451
745 948
160 643
745 4325
643 3516
745 4494
643 1500
745 1029
643 2181
745 3482
643 3433
745 4317
643 2513
745 2638
643 2514
745 3801
643 1125
745 4095
643 1977
745 1750
83 643
745 4951
643 2844
745 2090
643 2104
585 745
643 3245
745 2333
643 4329
745 1774
643 2758
745 3440
643 1168
745 4181
643 4327
745 3009
643 1657
665 745
643 1118
745 1782
643 2973
745 2134
643 1436
745 1783
643 1323
745 4221
643 4190
745 2640
643 4395
428 745
643 4649
745 770
643 1496
745 4137
73 643
745 3145
569 643
745 1948
643 1541
745 3888
643 2484
745 3690
643 1000
745 3441
643 4505
107 745
643 878
745 4328
643 4662
745 1505
643 2610
745 2746
643 2650
745 3618
643 3980
745 4888
643 2446
316 745
643 3206
745 4953
643 900
745 2676
643 3623
745 2496
643 3851
745 1882
643 1748
745 1901
90 643
745 4165
643 1137
745 2512
643 3554
745 4595
180 643
745 1463
643 1299
745 1674
643 689
745 2779
643 4465
745 1698
140 643
745 3535
643 1392
497 745
643 656
745 3744
643 1361
745 3387
643 1596
745 3808
643 2383
745 4534
643 2750
745 2641
4 643
745 2734
643 1520
745 2319
643 2380
745 3164
290 643
745 747
643 2665
745 4531
643 4767
745 2577
643 3968
745 3234
643 1599
745 2965
643 1311
745 1007
643 2286
745 3589
643 1471
745 2401
643 1989
745 2057
643 4307
745 2275
643 3308
745 974
643 1570
150 745
294 643
745 4340
643 2038
745 3276
643 2255
135 745
643 1844
745 4816
643 4807
745 4769
643 2235
745 2516
643 809
745 1226
643 741
745 4561
643 4529
745 4652
643 4759
745 4591
643 2415
745 3708
312 643
745 4483
643 3021
745 1663
643 4025
450 745
643 3653
745 2461
643 4795
745 2683
643 3960
193 745
643 3549
284 745
643 3270
422 745
643 1958
745 1280
643 4034
537 745
643 2714
745 945
367 643
745 4299
643 3743
625 745
643 2729
745 2227
643 4178
745 2860
643 2997
89 745
643 3052
745 3340
643 652
745 2414
542 643
745 3565
643 3805
271 745
643 2094
500 745
643 4605
745 783
643 2642
745 1710
643 3671
745 3058
643 3357
745 4210
643 1562
18 745
643 1216
745 1468
643 973
745 1401
643 2497
745 3900
643 4609
745 1632
643 3023
274 745
643 1733
745 2847
643 2675
745 2418
643 718
745 3700
270 643
745 3762
643 4408
745 1818
643 4341
60 745
643 1067
745 2162
643 3130
745 2874
643 3742
745 1053
643 1336
745 971
643 2373
745 3041
643 1302
199 745
643 4286
745 1085
643 710
745 2477
643 2908
745 1059
643 1616
745 1651
643 2775
108 745
643 4941
471 745
643 2285
745 2242
643 4467
745 3152
643 1454
745 3721
643 1845
81 745
643 1752
745 1484
643 3013
745 4871
643 2020
745 3534
643 4013
62 745
643 1153
745 2881
643 4554
745 4908
643 4500
745 2015
643 4065
745 1143
643 2372
745 3557
643 2316
745 1096
643 3113
745 2492
643 3265
745 3625
643 4239
745 2482
643 819
745 3646
643 4557
745 2523
643 4695
745 3505
351 643
745 3783
643 2809
745 1718
643 1364
745 2698
643 3681
745 3497
643 4714
745 4237
643 981
745 4380
643 708
745 1996
643 3616
745 2358
643 1281
745 1516
643 3209
745 1197
643 1786
745 4999
643 4735
745 2828
643 1414
745 1797
643 2369
745 3105
643 1030
745 3570
643 1778
745 4071
643 3502
745 3280
643 1215
745 1905
643 2704
745 3487
643 3992
745 4687
643 962
745 2699
643 2780
745 2783
643 1790
745 2891
643 1933
745 4349
643 2331
745 2276
643 1202
745 1658
643 1863
276 745
643 3861
646 745
643 2269
745 4756
643 3811
111 745
643 3981
745 1661
643 1634
745 3192
643 3385
338 745
643 2736
745 841
424 643
745 2955
643 1442
745 1823
643 1233
11 745
643 4495
745 1866
643 4344
745 3696
643 3537
79 745
459 643
745 3361
529 643
745 3180
643 4169
745 1669
643 759
745 3595
643 3774
745 1910
643 2495
560 745
643 3545
745 2886
643 728
745 2906
643 2747
745 3153
643 3522
745 4882
643 1069
745 2703
643 2089
745 2127
643 3144
745 2612
643 3424
745 2637
643 3321
745 927
291 643
45 745
643 1259
745 985
643 3852
745 3200
643 2831
745 4173
643 4835
745 3378
643 3191
745 4596
643 3828
745 1843
643 3909
745 4030
643 2122
745 3193
643 3300
745 1179
643 4532
745 3291
643 4731
745 2175
541 643
745 4433
231 643
745 3904
285 643
745 3931
487 643
745 3494
643 3867
745 4074
643 3203
503 745
643 4326
559 745
643 827
745 4791
643 1033
745 3322
643 2429
444 745
643 1517
745 4515
643 1056
267 745
643 1027
745 1176
643 2058
745 3932
643 930
745 4402
457 643
683 745
643 4270
246 745
643 1911
745 1046
466 643
745 2396
643 3500
745 4331
643 2542
745 3318
643 3515
745 4864
643 1457
745 1758
643 724
580 745
643 4157
745 793
643 1509
136 745
643 3712
745 4292
643 3215
745 3594
643 1585
745 972
643 2010
745 3477
643 4710
745 3493
643 2811
745 2398
643 2575
745 2697
200 643
745 3412
643 4932
745 3370
643 4867
745 4469
643 3400
496 745
643 3611
672 745
643 3735
745 3508
643 947
745 4626
643 2771
745 1192
643 3847
745 1705
643 3003
745 1383
643 3643
745 4901
643 4392
745 1150
643 709
745 3683
119 643
745 4176
36 643
745 2289
643 1683
745 1532
643 2065
745 3217
643 4989
745 1212
643 2724
745 4934
643 4998
441 745
643 1004
745 2284
396 643
745 3470
643 2442
745 2635
641 643
745 4289
643 4997
745 2232
52 643
745 1586
643 4581
745 2977
643 2292
745 2406
404 643
745 4209
643 3973
745 2805
243 643
745 899
643 4259
745 3694
643 2923
745 4369
643 1645
745 1869
115 643
745 3478
643 1149
745 4975
305 643
745 1090
643 4569
745 1831
643 3844
745 4598
643 3958
745 4828
643 4206
745 3205
643 1315
745 2619
416 643
745 3638
643 1902
745 2557
643 986
745 2199
643 3935
745 4130
643 870
745 4749
643 1813
745 2737
643 4262
745 1699
643 3148
745 3059
643 797
745 3786
643 1928
745 3160
643 1846
745 2597
643 4285
745 3631
643 1980
745 2375
643 4874
662 745
643 3362
745 2978
643 4734
745 853
643 2942
745 1697
643 2157
381 745
643 2182
745 3386
643 2981
745 1222
643 1603
745 3917
643 3277
745 2113
643 2782
745 3833
31 643
132 745
643 1998
745 4297
643 1408
745 1379
643 2247
745 1995
643 3754
745 2407
643 4358
745 4053
643 1618
87 745
643 4612
745 1363
643 4023
745 4930
643 2852
745 826
643 1725
745 2745
616 643
745 2996
643 1305
745 2707
643 989
745 4764
643 3780
745 1433
643 2093
745 2224
24 643
745 4174
643 1775
745 3793
643 3660
745 3927
643 3929
745 4545
643 4300
745 3256
643 4610
745 2220
643 1482
745 2324
643 4373
745 1957
643 3568
745 2625
643 1019
745 3019
643 2313
745 3115
643 2876
663 745
643 3858
745 2765
643 1036
8 745
56 643
268 745
643 1583
745 3818
104 643
745 1678
643 4332
17 745
643 4476
745 1784
643 2364
745 774
643 716
273 745
643 2016
745 3046
574 643
256 745
643 2172
745 1776
643 3118
725 745
643 1620
451 745
643 1793
745 4590
643 4269
745 2138
643 2004
745 4140
643 2426
745 4011
643 4565
745 804
643 1185
745 3182
643 3372
745 3892
643 979
745 1394
372 643
745 1359
643 1577
745 3776
643 1753
745 4738
635 643
745 2958
643 1061
745 4580
643 1810
745 3871
643 1112
745 4839
643 1950
745 2000
643 1626
745 4656
573 643
745 1993
643 3753
59 745
643 1796
745 2713
643 1687
745 1712
643 1812
745 1702
643 4277
745 3722
643 1897
745 1265
643 1467
745 3303
643 2982
745 3827
643 4310
745 4969
643 2787
745 4933
643 4387
745 1560
643 1091
745 1861
643 3216
745 1343
643 4045
3 745
643 644
67 745
643 3954
495 745
643 4923
745 3359
643 3326
745 2196
643 3287
745 764
643 785
152 745
643 3910
745 4638
643 3437
745 4856
643 1369
745 3241
643 3248
336 745
643 1416
745 2656
643 1456
745 1155
643 3970
745 3836
643 1872
745 4994
643 3354
745 1205
643 3126
745 1665
131 643
745 4844
643 3475
745 1746
643 1477
745 4526
643 4051
745 2813
643 4376
745 2531
38 643
552 745
643 3442
745 2344
643 2081
745 4879
643 2912
745 4228
643 3181
745 1891
643 1441
745 940
643 3974
501 745
26 643
745 2609
643 4503
745 4931
643 3223
745 4005
643 4822
745 2904
643 2060
740 745
643 906
745 998
643 4195
745 1920
643 3572
745 2970
643 4707
745 4318
643 4568
745 2321
643 2543
745 1025
643 4081
745 4056
643 3746
745 3734
643 3072
745 1400
643 4258
118 745
643 3677
582 745
643 1237
745 4741
643 2178
745 2395
643 1706
745 4852
643 3213
234 745
643 4831
721 745
643 2241
745 4544
561 643
745 1986
643 3133
619 745
643 4201
743 745
557 643
745 2450
643 4457
745 4075
643 3123
745 818
643 2506
745 4535
643 1274
330 745
124 643
745 2413
643 2957
745 2214
643 4686
745 3967
643 2204
745 2159
643 1200
745 2447
643 648
631 745
643 2258
745 1395
643 1317
745 937
643 2568
745 3065
643 4907
745 2297
643 3807
745 2903
583 643
745 2925
643 4102
745 2930
643 3798
745 2142
139 643
745 2389
643 3458
745 1865
643 3490
745 1538
643 3415
745 2836
643 2231
745 908
643 2360
745 4338
605 643
745 1578
643 658
745 3563
92 643
745 3995
643 4796
745 1899
643 1535
745 3383
643 2007
745 2071
643 876
282 745
643 675
745 1272
643 3071
745 4064
643 2968
745 4296
643 3548
597 745
643 1445
745 4291
643 1730
745 1757
643 3463
745 2237
643 1082
607 745
643 1366
745 1164
643 1703
745 749
643 2067
745 2943
643 4950
629 745
643 4675
745 1554
643 1355
745 846
643 1365
745 4514
400 643
745 3047
643 4666
745 2915
643 1210
745 4363
643 3903
745 3831
643 3435
745 1327
643 801
384 745
643 848
745 4701
643 832
745 3794
643 4463
745 748
643 1525
745 4135
643 1397
745 4320
643 3235
745 2491
643 896
745 2964
643 1106
745 4496
643 2814
745 791
643 3688
745 2754
643 3998
745 3541
40 643
745 3246
643 2219
745 4647
643 3682
745 2951
643 991
745 1879
643 1567
745 4194
643 1352
745 3733
643 1447
745 3583
643 4648
745 3122
643 4035
306 745
643 4203
745 4737
643 4691
226 745
643 4192
745 3813
643 4674
745 2821
643 1429
335 745
643 4233
745 2759
643 1014
745 4870
643 4681
745 3137
643 3672
186 745
643 4236
745 3908
643 4716
745 2518
242 643
93 745
592 643
745 3131
295 643
745 995
261 643
314 745
643 4493
745 1250
643 1282
745 4582
145 643
745 3877
643 2490
745 4146
643 3472
745 3925
643 1940
745 2143
643 1377
745 840
643 2135
745 3740
643 1133
207 745
643 1884
745 4208
643 4384
745 2671
643 2621
129 745
643 2115
602 745
643 3011
745 2694
643 2728
745 2690
643 2883
745 4650
643 2659
745 4792
643 913
745 1384
643 1571
745 4219
643 1622
745 4019
643 3848
745 1301
643 1749
664 745
643 3704
726 745
643 3661
173 745
643 871
745 2595
643 3089
745 2521
643 3520
745 3763
275 643
745 2602
643 1209
745 2305
643 4965
745 2696
643 3796
745 4869
643 1077
13 745
643 3503
745 2256
643 3528
745 2880
643 1694
745 1165
352 643
280 745
643 4119
745 4107
643 4161
745 3198
643 977
745 2087
643 844
745 4800
643 2629
745 4815
158 643
745 3026
643 1201
178 745
643 1238
745 4449
643 2551
745 1219
643 1490
745 1422
643 1115
745 3513
188 643
745 758
643 4725
745 4217
204 643
445 745
125 643
745 4550
643 3146
745 4092
643 1148
157 745
643 4813
745 1643
643 1539
745 3872
643 1864
745 1158
643 3584
745 4683
545 643
745 4267
643 3627
376 745
643 968
745 2077
643 700
745 3916
643 4284
745 1794
643 2047
745 2234
643 1243
745 943
643 2944
745 4889
643 3636
745 2859
643 4872
745 1504
528 643
745 3489
643 873
745 3962
643 4961
745 3306
643 3668
745 3417
643 4116
745 4403
643 3345
745 4482
643 3959
745 4273
643 1543
745 3829
643 1597
745 2154
643 3081
745 1824
581 643
745 4211
643 2452
745 2911
643 1947
498 745
578 643
745 1003
643 2158
745 2541
643 3621
745 2572
643 4368
318 745
323 643
745 3769
643 850
517 745
643 723
745 4287
643 2983
745 3289
643 3816
745 3275
643 4394
745 3080
643 2337
745 2470
519 643
745 2121
643 2156
745 2027
387 643
745 1376
643 2976
745 4622
210 643
745 4464
643 1982
447 745
643 1021
745 1387
643 1715
745 2341
643 1927
745 4640
643 3819
745 2301
643 3986
745 4926
643 2049
745 3183
643 1337
745 3284
643 1289
745 776
643 3033
745 4399
643 2711
745 3353
643 4437
745 2150
643 2261
745 4249
643 655
745 806
643 754
745 1156
643 3747
745 2345
643 4044
745 2832
643 1591
745 3795
643 1791
745 959
643 2858
745 3204
643 1926
745 4412
643 1228
745 2732
643 2812
745 3856
643 3208
745 3507
643 2048
745 2317
643 4409
745 3454
643 4805
745 2211
643 4220
745 3691
643 3428
432 745
462 643
745 2022
643 2411
745 3772
643 4744
745 2569
643 4106
745 3149
643 736
745 911
643 3685
745 4486
643 1754
745 2376
643 2217
745 4256
165 643
7 745
643 2129
745 3064
643 2757
745 1307
643 4425
745 3022
643 2774
745 1190
643 1885
745 2721
643 3509
745 957
643 3282
745 3933
643 4066
745 2170
643 2209
745 3915
643 1469
745 4037
643 3134
745 3438
643 3707
745 2440
553 643
745 1420
643 4145
745 4062
643 4771
745 2303
643 4685
745 2148
643 2503
402 745
643 894
745 851
643 4780
745 2280
643 4859
745 4715
595 643
745 3102
643 4366
745 3157
643 3518
745 1919
643 1641
745 4753
643 2464
745 825
643 3364
745 2270
643 1803
745 4138
643 4506
745 1877
643 3765
123 745
643 4265
745 4873
643 4722
745 1186
643 1689
745 988
643 4055
745 3607
643 3857
745 1341
643 830
745 4222
643 4374
745 2381
383 643
745 3837
643 2417
745 3880
643 2948
745 1988
643 4312
745 3923
599 643
745 1967
643 2839
745 1319
643 1668
745 1326
643 3641
745 982
297 643
745 1325
643 4511
745 4777
643 2293
745 875
643 1084
63 745
643 857
745 2033
643 2588
745 2137
643 2867
745 4525
643 3875
745 4293
643 3533
32 745
643 2356
745 2953
161 643
15 745
643 4948
745 923
643 3347
46 745
643 3084
745 4709
643 4166
745 4404
643 3129
745 2988
643 1253
745 4471
643 4727
745 4191
373 643
745 1338
643 4886
745 2907
643 1777
745 2309
643 1722
346 745
643 1117
745 3161
643 3302
745 4441
643 3693
745 4276
643 4757
745 4193
643 1446
745 2250
643 3312
513 745
643 2505
745 2465
643 1129
745 1973
643 1943
745 4311
643 1242
745 1244
643 2502
745 2329
643 2887
507 745
643 2937
745 4294
643 3912
745 4801
643 4628
745 3413
643 2198
745 4197
643 752
745 2795
643 1038
745 4904
643 1830
667 745
368 643
745 2026
643 3659
745 1549
643 1270
745 1172
27 643
745 3767
643 2274
745 1309
643 3399
745 3580
643 1252
745 4352
643 4935
70 745
511 643
745 2740
643 3771
745 1306
413 643
682 745
643 1321
745 2553
643 2576
745 2762
643 3632
745 2126
643 3170
745 1931
643 4713
745 3695
643 4964
745 3305
643 2176
745 4848
643 3018
117 745
643 3713
745 2366
643 2123
745 2264
350 643
642 745
643 2560
745 2647
643 3327
745 1631
643 4308
745 1876
464 643
745 4167
643 2933
745 1357
643 887
745 2117
643 3699
745 1987
643 2434
745 1214
593 643
745 1756
643 4251
745 1427
643 4008
745 2668
643 2715
266 745
643 2370
745 2359
643 1312
745 811
643 2133
745 2101
159 643
745 3952
643 1709
745 1368
643 3455
745 3100
643 2190
745 2767
643 2945
745 2741
643 4811
742 745
643 2183
745 958
643 1837
745 3057
643 2555
745 808
643 2100
461 745
643 918
745 4504
643 1799
50 745
643 2511
745 3299
374 643
745 4519
643 1614
745 2030
643 3806
745 4938
643 4575
745 2949
643 1660
745 2651
470 643
745 3132
643 3070
745 2613
643 2995
745 2095
643 3403
745 4330
313 643
745 3727
643 4949
745 4577
643 1285
745 1135
434 643
745 4559
515 643
745 4630
643 3944
745 864
643 3368
745 788
643 1367
745 1558
190 643
745 2525
643 1488
745 3826
643 1514
439 745
643 4108
745 2763
643 4214
745 4729
643 3726
745 3579
643 1826
745 4785
643 2283
745 3077
138 643
332 745
643 2589
745 4111
643 1093
745 1965
643 3804
745 2730
643 4426
745 3141
643 3150
745 3553
643 2473
745 3501
233 643
745 3220
643 3855
745 760
643 4624
719 745
643 4991
745 3617
643 4677
745 4400
643 2803
745 3243
643 3396
745 2467
643 2340
745 4717
300 643
745 4726
406 643
745 4446
643 3043
745 880
643 2565
684 745
438 643
745 4513
474 643
745 3411
643 4763
745 3035
643 4718
745 4957
643 1354
745 2544
643 3578
745 1807
643 3227
745 4927
643 2152
745 2239
643 4668
745 898
643 4281
745 2271
643 4335
745 4413
643 4689
745 4043
643 3926
745 3444
643 1997
745 4576
643 3298
745 1177
643 4456
745 815
643 3680
745 2310
643 4397
64 745
643 3382
745 4420
643 2857
745 2425
630 643
745 4086
643 2478
745 4572
643 3175
745 4302
643 1747
745 2868
643 1461
745 3350
643 1711
745 3108
643 1035
745 3863
643 3629
745 1070
643 782
183 745
514 643
745 3092
643 2474
745 4857
643 915
745 3286
643 1974
745 1676
643 3076
745 1510
627 643
745 4853
643 1629
745 4002
643 1587
745 1055
643 4903
745 2151
43 643
745 1766
643 3768
745 4089
643 1448
324 745
47 643
745 1546
643 3609
745 3073
239 643
745 4039
643 1092
745 4314
643 2438
745 2781
467 643
745 2501
643 3886
745 2248
643 3645
745 1389
643 1493
745 2075
643 949
745 3038
44 643
745 2567
643 4238
745 4450
643 3025
745 4655
643 952
745 2895
643 1450
745 1908
643 3207
745 1119
643 1194
745 3737
643 4498
745 4227
643 2405
745 1266
643 1606
745 3098
643 3250
745 4703
643 4661
745 3195
643 1556
516 745
643 1087
745 1123
643 3576
745 772
643 4022
745 4163
643 3040
745 3056
643 2131
745 4837
526 643
745 847
65 643
745 3042
643 4372
745 2845
643 2362
110 745
643 735
745 2790
643 3560
745 3049
643 1382
745 3895
643 3530
745 2748
643 2212
745 2278
643 3210
745 4422
643 2901
745 1269
141 643
745 2586
643 3843
745 2028
643 4087
745 4096
643 693
477 745
643 1970
745 931
643 2009
745 1881
643 4131
33 745
643 1044
745 1052
643 1275
745 2443
643 3225
100 745
643 2125
426 745
643 3410
745 4524
643 712
745 2693
643 4360
745 4303
624 643
548 745
643 4947
745 3673
643 2216
745 1898
643 4736
745 4282
643 2961
745 2229
643 2539
745 3124
643 3007
745 3006
643 4743
745 3366
643 3936
745 4090
643 2222
745 3539
643 966
745 4438
643 2877
745 2106
643 1381
745 3706
643 3211
745 3662
643 3125
341 745
643 1371
745 3702
643 4337
745 2792
643 1396
745 3127
643 2006
745 771
643 4613
116 745
113 643
745 1181
643 3757
348 745
101 643
713 745
643 854
745 3184
643 1220
745 2052
643 3048
745 1410
643 3371
745 2001
643 2708
745 3337
491 643
745 2909
643 1983
745 3956
643 3891
745 2218
643 1839
745 3222
78 643
745 1741
643 2580
745 3310
643 4185
745 2918
643 1146
745 1944
643 3491
745 3297
643 932
745 1704
643 4944
745 3965
19 643
745 2563
643 1770
493 745
643 3823
745 2109
643 1526
745 3474
643 2769
304 745
643 2578
745 3860
643 2940
745 872
643 2188
745 4487
643 1892
745 4541
643 3675
745 765
643 2869
745 1853
643 3377
745 4719
643 779
745 4996
643 4029
745 2872
643 2764
745 4472
643 1419
745 4875
643 3938
745 4099
643 3342
166 745
643 738
745 3294
311 643
745 4680
643 3797
745 3231
643 3897
745 2266
643 2166
315 745
308 643
745 4305
643 3462
745 2917
643 1159
745 2885
502 643
745 2392
643 4775
601 745
643 822
745 2323
643 1878
699 745
643 4740
745 4838
643 994
745 1507
643 2799
745 824
643 4416
745 4617
643 1656
745 1042
643 1624
745 4028
643 1619
745 3911
643 781
608 745
643 2652
737 745
366 643
391 745
643 2445
745 4123
643 2079
745 1829
643 1142
745 3365
643 4232
745 2566
5 643
745 2056
643 2902
745 4353
643 2608
745 2186
643 1856
745 1475
272 643
745 4547
643 3610
745 3309
643 4604
745 4417
359 643
362 745
643 2827
745 3086
643 3432
745 3101
643 4499
745 1145
643 3173
745 2598
192 643
745 3020
643 1677
745 4748
643 1286
745 4125
643 2873
745 1144
546 643
745 4995
643 3296
745 2777
37 643
745 4793
643 1064
745 961
643 4836
745 3943
643 3311
745 1601
643 2419
745 4841
643 4803
745 1236
643 1083
745 2024
643 2300
745 1662
643 2863
745 4877
643 2677
198 745
10 643
745 4946
643 2070
745 1949
643 3099
745 1187
206 643
745 3044
184 643
745 1232
643 3495
745 1955
643 1032
745 4112
643 2187
745 3443
643 3620
745 1240
643 2463
745 4909
643 3894
745 4153
643 3317
745 1472
643 4319
745 1512
643 4093
745 2631
425 643
745 4149
643 4840
745 4586
643 2924
452 745
643 1041
745 4245
643 3879
745 1107
563 643
745 3839
643 4290
745 2012
643 1211
224 745
235 643
435 745
643 3526
745 3407
643 3624
745 2195
643 803
745 3341
643 1850
745 3163
643 3376
745 2080
643 2897
745 1701
643 2804
745 2002
643 942
745 4474
643 1455
745 2441
643 3689
745 4250
643 4667
745 4355
643 2524
745 1969
643 795
745 2596
643 4253
66 745
454 643
745 3419
643 4783
745 2593
643 1627
745 2851
643 4817
745 4048
643 4423
745 1024
643 3918
745 4641
643 2833
745 2865
176 643
745 928
643 2599
745 753
643 816
745 3592
643 1235
745 4797
643 680
745 1273
643 4540
690 745
643 4654
745 2818
643 2118
745 2590
643 4264
745 1604
643 1105
745 3283
277 643
745 1204
643 3676
745 2702
643 2636
745 953
643 4171
562 745
102 643
745 3749
643 1848
57 745
643 3619
745 746
643 1324
745 1108
643 1713
745 4424
643 3255
745 1175
643 2735
745 1508
357 643
194 745
643 2712
745 3061
643 4896
745 820
643 4309
745 3859
643 1428
745 3189
643 2367
745 2072
643 1256
745 3919
643 654
745 1529
643 1486
745 3664
643 1670
745 2179
643 1246
543 745
643 4642
745 4566
643 4887
745 1789
643 837
745 3079
643 3214
745 1723
643 1956
745 2320
643 904
745 2486
643 2225
745 2520
643 2394
745 934
77 643
745 3315
643 3029
745 3348
643 1432
745 4760
643 2862
745 922
643 997
745 2658
643 4899
745 1386
643 1808
745 3259
643 3344
745 4278
643 3332
745 4244
643 4814
745 3781
286 643
745 2653
327 643
745 4657
643 3529
745 1113
643 3465
745 2099
643 2272
745 2422
643 4091
196 745
643 2025
745 1684
643 881
745 4789
643 2068
21 745
643 2363
745 1103
643 2312
745 2549
643 1373
745 2180
643 3791
745 1345
643 2533
745 1930
643 829
745 2871
643 1094
745 3212
643 1760
484 745
643 2530
745 2114
643 2938
745 4448
643 4611
745 1654
643 3117
279 745
643 2990
58 745
643 2330
105 745
463 643
745 823
643 4651
745 4120
643 2680
550 745
643 4919
745 4018
643 2483
745 1675
643 3642
745 1954
643 2107
745 1348
643 2842
745 2412
643 720
745 2485
643 3854
414 745
643 3008
745 1050
643 1195
745 2085
643 4381
745 2029
643 2307
745 4509
643 4379
745 4336
643 1937
745 1151
643 1644
745 3197
144 643
745 2935
643 4522
745 2017
643 2279
745 2556
643 757
745 3266
643 4897
745 4027
643 769
745 1017
371 643
745 4635
643 3295
745 3745
643 1875
745 3940
237 643
745 4643
643 2584
745 1224
643 2796
589 745
576 643
745 2253
643 1418
745 4024
643 1724
489 745
643 2469
745 2185
643 2657
745 2213
643 3972
745 1098
643 681
745 3832
643 784
745 3969
643 4597
55 745
643 2620
745 2173
643 1840
745 2201
643 4452
745 3802
643 2074
745 3946
494 643
639 745
643 4418
745 1592
643 2517
745 2384
614 643
745 2348
643 1519
745 1132
643 4510
650 745
643 2257
745 3756
643 4479
745 3835
643 2594
745 3999
254 643
745 939
643 3381
745 4754
643 3825
745 4283
643 2950
745 1443
643 1444
745 1495
643 4539
745 1854
643 3864
745 4224
643 3975
745 1347
643 2687
745 938
643 1650
745 3459
643 2361
745 4155
643 780
745 4323
643 4985
745 2246
643 882
53 745
643 4460
745 2424
643 2552
745 2475
551 643
523 745
643 1180
745 1759
643 3701
745 4850
643 4658
745 1924
643 3561
745 3994
643 691
299 745
643 2040
745 2102
643 3004
745 2011
643 921
74 745
643 3380
745 884
25 643
745 2614
643 790
745 4229
643 1553
745 4917
643 3849
745 4618
643 645
745 1267
643 796
745 4094
643 3062
568 745
643 3523
745 1608
643 1795
745 2177
643 1356
745 1088
643 3758
745 4129
643 4001
745 2719
643 1528
745 4260
217 643
72 745
643 3604
745 4520
643 3461
745 3005
643 4898
745 1466
643 1412
745 1609
643 2347
326 745
643 2545
745 1121
643 1913
745 3074
189 643
745 4156
643 2934
745 821
411 643
745 1290
643 3121
745 1079
643 1755
677 745
643 2963
54 745
643 4240
745 1929
643 1971
745 4104
643 4834
745 2054
643 2992
745 3715
643 3792
745 1860
643 653
465 745
643 2655
745 4984
643 4728
745 1425
643 856
307 745
643 4491
745 4473
643 2822
745 1313
643 3605
745 2352
643 3373
745 3997
643 2453
745 4247
80 643
745 860
643 2808
745 4242
643 3614
745 1249
643 2168
745 4117
643 3902
745 4954
643 4854
745 2082
643 2633
745 1915
61 643
745 4451
385 643
745 2972
643 2055
745 1857
257 643
745 817
643 4768
745 3750
643 2756
745 2449
229 643
745 3226
643 4077
745 4508
643 869
745 1605
643 2508
745 4442
643 1904
745 1716
643 3151
745 2755
360 643
745 2273
643 2161
745 1426
389 643
745 4377
643 1568
745 1111
643 2522
745 2979
643 2354
745 1936
643 4542
745 2582
643 4033
745 2611
643 3010
745 4912
643 1001
379 745
643 4646
745 2192
643 4527
745 3063
643 3728
745 2092
643 2987
745 1213
643 2791
745 1350
412 643
745 2045
643 1779
745 4453
643 4627
745 3194
643 2203
745 3752
643 2444
745 3506
643 3484
745 1223
643 2326
745 2753
643 1580
745 3739
643 4600
147 745
643 1009
745 4407
643 1563
745 2600
643 2952
745 1116
643 4862
354 745
369 643
745 4458
643 3053
745 4361
643 3447
745 4365
643 1963
745 4371
643 4826
745 3140
506 643
745 1263
643 4443
745 4158
643 3598
745 2966
544 643
745 4846
643 1264
745 3269
120 643
745 812
643 1333
745 4170
643 2794
745 2244
643 2281
745 1139
643 2149
745 4845
643 3590
745 1751
643 4924
745 3427
643 2685
745 4393
643 4784
745 4942
643 4356
745 1772
643 670
213 745
643 2480
745 2290
643 4060
745 4602
643 4914
745 3555
643 3090
745 3679
643 4670
745 1147
643 731
745 4182
643 4937
745 2096
643 1254
745 1726
538 643
745 863
643 1047
745 4776
643 1332
745 1870
288 643
745 4058
643 3779
745 1480
643 4517
142 745
643 2701
745 4746
643 1695
745 4672
643 1409
151 745
643 4603
745 1391
570 643
745 1825
643 4152
745 2850
643 4324
377 745
643 3698
745 1598
643 1277
745 2810
643 697
745 3169
643 2540
745 1513
643 2916
745 4046
143 643
745 3075
615 643
745 2826
643 1883
745 2899
643 2587
745 4669
320 643
745 3809
643 866
745 3571
643 4876
745 4843
643 2673
745 2298
241 643
745 3538
363 643
745 3138
643 2044
745 2205
643 2043
696 745
643 3032
745 4653
643 3379
745 1941
643 4490
745 1887
643 1020
745 1822
643 3521
745 1066
643 1607
745 1527
643 920
745 1714
643 2410
745 1960
643 1635
745 4478
643 2097
745 1174
643 3430
745 1127
643 3408
209 745
643 2184
745 2645
643 4615
745 4390
643 1647
745 2684
643 1102
745 4963
643 891
745 3219
643 3640
745 3950
643 2561
745 1018
643 1533
745 2605
643 1402
745 2695
643 729
745 1814
643 4042
745 3343
643 1039
745 2069
643 4052
745 4187
643 3095
745 1248
643 4906
745 3103
643 4623
745 4634
643 810
211 745
643 3179
745 2994
643 3738
745 2824
643 3504
745 2236
643 4968
745 3069
643 4878
745 2430
164 643
745 839
643 4766
745 2989
643 2752
745 1945
643 3524
745 1124
643 1458
745 4830
643 2230
745 4614
643 2423
745 2825
643 3242
745 3330
643 2564
745 2339
643 3874
745 868
353 643
745 1154
643 4690
745 3457
643 1817
745 4415
643 4779
745 1218
606 643
745 3556
643 1859
745 2459
643 2967
744 745
643 2667
745 4781
643 1827
584 745
643 3885
745 3240
643 1612
609 745
175 643
745 4009
643 4774
745 978
643 3434
745 3066
643 1935
745 3391
643 4900
745 3928
643 1476
745 2603
643 4144
745 3356
643 4633
661 745
643 3336
258 745
643 1481
745 1576
643 1968
745 3001
472 643
745 3466
643 4665
745 3290
643 950
745 2571
643 4359
745 3876
643 2820
745 2927
603 643
745 3228
600 643
745 1761
643 2722
745 3558
643 1440
745 1503
643 1868
745 1100
82 643
520 745
643 1572
485 745
643 1573
221 745
643 2014
745 2914
427 643
745 3292
643 1101
745 3135
643 1097
745 4386
643 4583
745 2856
643 2550
745 3416
298 643
745 3907
643 2295
745 1322
643 4538
504 745
643 3893
745 4698
386 643
745 2644
643 676
281 745
643 4016
745 4918
643 4724
745 4175
643 1031
745 2742
643 2306
745 2786
643 1874
745 1349
643 4955
745 3540
643 987
745 2768
643 903
745 4038
643 4468
745 1600
643 2823
745 3983
643 1431
745 4694
643 2332
745 2504
643 944
745 3732
643 4067
745 2622
643 3136
745 1089
643 2136
745 1362
643 4004
745 3719
643 3143
745 2559
643 4133
745 1780
643 2819
745 1990
505 643
334 745
643 1329
745 910
460 643
554 745
643 4940
596 745
643 3244
745 4992
643 1708
745 4562
643 4445
587 745
643 775
745 1623
643 3966
745 792
643 2854
745 3285
643 2515
745 3648
643 1595
745 1648
643 4088
745 867
252 643
745 4751
643 649
745 1564
643 4982
745 3054
643 730
745 4254
643 1984
547 745
643 3948
745 1497
643 835
745 2932
643 1339
745 3261
643 698
167 745
643 3536
745 3445
