4999
][[[[[[][][][[][[]][]]][]][[[[][[[[[[[[]]][][]][]]][[]]][[[]][][[[]][][][[][[][[]]]]]][[][[]]][]]]]][][[]][][[]]][[[][[][[][]][][[[]]][]]]]]][[[[][][]]][]][[[]][[][][[[][[]][]][]]][]][]]]][][[[][[][]]]]]][[[]]]][[]][]][]]][[]][[][]][[]]][][[]][][[][[]][]][]]]][[[[][[[[]]][]]][]]]]]]][[][]][[[][]]][]][][[]][[][[][][]][][[[]][]][][]]]][]]][[[[[[[][[]][[][[][][]]][][[[[[[[]]]]][][]][]]][][][][[[]][[[]]][]]][]]]][][]][][][[[][][][]][[][[]]][][][]][][][][]]]][][[[[][[]]][[]][][]][]][[][][[[[]]]][[[[]][]][[[[[[][[][[]]]][]]][[[[[[][[[[]]]][]][[]][[[[]][][]]][]]]]][]][]]]][][[[[[]][[[[][[]][[][]][]]][[[]]]][]]]]][][[]]]]][][[[[][]]]][][[][[[[]][[[][[]][]][]][]]][][]]][]][[[]][]][]][[[[][[][][][][][[[[]]][]]]]][][[]]][][[][]]]][[][][][][[[][[[]][[[[[][]][][[][][]][[][]]][[[]][]][[[]]][[][[[[]][][]]]][[][][]]]][[]][][[]]]]][[][]]][[[]]][[[]][][[[[][[][]][[]]]][][[]][[]][]]]]]][[]]]]][[[][[[[[][[[[]][]]][[[[]][[[[]][[[]]]][]]][][]]][][]][][][]]]][[[]]]][[[]]]]]]][][]][[[][[][]][[]][][][[][[][]]]][]][][]]][[[][[]][[[][][][[]]]][[][[]]][][][]][][[]][]][[[[][[[[[[[][]]]]]]]][]]]]]]][[[]][[[[[]][[]][][][[][[[][]]]]][]]][][]][][[]][][][]]]][[[[][][[]]][[][][[[]]][][]][[][[][][][][]][]]]][[[[][]]]]]][][]]]]][]]][][[[[]][][]]][[]]]][]]][[]][[]][[][[[[]]]][[[][[[[]]]][]][]]][][[]]]]][[]]][]][]]][[[[[][[[][]][][[][[][]]][[[[[]][[][]][][[]]][[][][[]][[[[[[][[][]]]]][][][[]]][][]]]]]]][[][[[]]][[]][]][[[][[][][]][][[]]]][[[[[]]]]][]]]][[]]][][]][[][[[][[[[][[[][[[]][[[[[][[]]]]][[[[[][[]][[]][[[]][]]][[[]]]][]]]][[]]]][[]][][[[]]]][[]][][][]]][[[][[][][[[[[[]]]]][]][][][[][][][][]][[[]]][]][[]][[]][[[]][[][[][]][[[[[]]]][[[]]]]][[[[[[[]]][[]]][]]][][[]][]][[[]]]][]]]][][[]]][[]][][][[][]][]][][][]][][[[]]]]][[[]][[[[[][[[[]][]]][][[[]]]]]][[][][[]]]][]]]][[][][[[[][[[]][][[]][[[]][[][]][[][[]]]]]]][]][[[[[]][]]][][][[[][[[[][]]]]][[[]]]]][[[[]][[]]][]][[][[[]]]]]]][[][][]][]]]][]]][[[]][[][]]]]][][]]][[][]]]][[[][[]]]][]]]][[]][[]][[]]][[[[]][[][][[[]]]]][[[][[]]][]][]]][[][]][][[[[[[]][][][[[[][[]][]][[]][]]][[][[][[][][[[[]]]]][][[[][[[][[[]][]][][[[[[][][][[]]][][[[][][]]]][]]][[[[]]][]]][[]]]]][[[[][][[][[[]]]]][[][]][][[[[]]]][[[][][][]][[[[[[][[[[]][][][][[[[]]]]]][[[][[]][][]]]][][[][][]][]][[]]]]][]]]][]][[[[[[[][]]]][]][][[][[[[[]][[]]][]]][[]]]]]]]][]][][][[[[]]]][[[][]]]][[][[[[[][][]]][]][]]]]]]][[[][[[[][][]][]][[]]]][]]]][[[[[[[[[[[]][]][[[[[[]][][[]][[[[][][][[]][[[][[][[][][]]][[[]][[][][[[[[][[][][[[][[][]]]][[[][]][[][][[][]][[]][]][[][][]][[]][[]]]][][][[[][[[]]][[[][[]][]][[]]][[][][[[[]][[]][][][]]][[]][[]]][][][[]]][][]]][]][[[[[[][[]][][]][]][][[[[][[[][][[][[[][][][][[][]][[][[]][][]][]][]]]][][[[[][][][[[][][[][][[[[][[]]]][]][]]][[]]]]][]][]][[][[[[[]][[][][[][[[[[[][[[[[[[[][[[]][[][][[[][]][[[]]][[[][[][[]]]][][[][[[][][[][[[]][][]][[[[[[[][]]]][]][]]][][[]][]]][]]][]][[]]][]][[[]]]][]][[[[]]]][]]]][][][][][][]]]][]][]]][][]][][][[]]]][][[[[[[]]]]]]]][][[[][]]][]][[[]][][[[]][][][[]][[][]][][[][]]][][]][[[[[[[[]]]]]][][[][[[][[[]]][[[[[[[]][[][]]][][[]][][[]]][][][[[[[[[][][[][]][][]][][]][[[]]]][][[[[[[][[[[][[[]]]]]]][]][]][[][[]]][][[[[[][[[][[]][[]][[]][[[]][[[][][]]][]][]]][][][[]][[[[][[]]]][[[[]][[[[]]][]]][[[[[]]][[]]][[]][[[][]][[[[[][][][]]][[][[[[][][[][]]][][][[][[][[[]][[[[][[]][][[[[[[]][[][[[][][[[]][]][[][]]]]][[][]]][[[[]]][[[]]][[][[[[][[[[]]]][[[[[[[]]][]][]][[]][[[[][[]]]][[[]][][]]]]][[[][[[][][][]][[[[[[[][[[[]]]][]]][][[]]]][]]]][[[[[]]][]]][]][]]][[][]]]][]][]]][]]][[[]]][][][][][[[][]]][[][[[][]]][]]][]][[][][][[]][[][[][[]][[]]]][]][[][][[[][][[][[[][][][]][[]][[[][[[]]][[[][][]]]][[][]][]][]][[][]]]][[[][[[[][[[][[[]][][[[][[][]][[]][[[]][]]][[[[]]]]]]][]][]][[][[[][]]][[[[][]]][[[[[[][[[]]]]][][[][[]][[[]]]][[]]]]]][]][[[][[[[[][[[[[][[]][[][[[[][[[]][[[[][[][[[]][[]][][]][][][][]][[]]][]][][[[[]]]]][[[][[]]][]]][][[]][][[]][[[[[]]]][]][]][][][[][]]][]][]]][[][][[][[][[]]]][][[[[[][]]][]]]]]]]]][[[]]][[][][]][][][[[[[]][][[[]]][][[[][]][[[[[][][][[][][[]]]][][]][]]]][][]][][][[[[[]][[]]]]][[[[[][][[]][[[[][][]][]]][[][]][][]][[]]]]][]]][][]][[]]]]]]]][][][[]][[[]][[]][][[[[[[[[]][[][[[[[][[]][[[[[]][]][][[]][]]]][[[]]]]][][][][[[[[[[[[[[][]][]][[[[][[][[[[[[[[[[[]][][]][][][]][[][]][[[]]][[]][[][[][[[[]][]]][[][][][[[[[]][[]][]][]][[]]][][[[][[][][]][][][]][[[][]][]]][[]][[[[[]]]]]][[[]]]]]]][]]][[[][[][]]]]]][]]]]][][][[[[][[[]]]]][]][]][]]][[[]][][[[][]][][][[[[][][[][]]]]][[][]]]][[[[[[]]]]][]]]][[][][[][][]][[[[[[]][[][[][[[[]][[[[[[]][[[[[[]][[[[][][[[[[]]][]][]]]]][[[[[[[[][]][[[[[[[][[[][[][]]]][][]]][[][]][[][]]]]]]]][[[[[[][]][[[[]]][]][[]][][[[][[[[][[][[][[][[][[][[]][[][][][][][[][[][[]][]]][][[]][[][[]]]][]][]][[][[]]][][[]][[][]][]][[[[][[][]][]]]]][]]]][[]][[[[[]]][]]][][]][[[][[[[[][][[][[[[[[[[][[]][[]][[[]]][][]][][]][][][[]]][]]][]][[[]]][[]]]]]]][]][[[[][[]]]][]][]][][][][[][[]]]]][]][]]][]]]][[][][][]]][[]]]][]][[]][[]][[]][][[[][[[[[][][][[][]]]]][[]]]][[[[[]][][[[[[]]][]][[[[][][][[]][][[[[[]]]]][]]][[][[[][][]]][][[[[[[]]][[[]][][[[][]]]][[[[][][][
1680 3643
1630 1680
503 3643
1461 1680
470 3643
1680 4819
940 3643
1680 2352
3643 4040
1680 2539
993 3643
1680 2232
3643 4636
1680 2658
3237 3643
1680 2723
294 3643
7 1680
222 3643
1680 4912
1160 3643
1347 1680
1496 3643
1680 1991
2948 3643
1680 3188
3643 4398
1680 4025
15 3643
1680 4483
3643 4026
1679 1680
3643 3981
874 1680
786 3643
1680 1717
60 3643
1680 4708
334 3643
847 1680
1310 3643
1680 2269
2264 3643
1680 3343
3643 3693
1680 3606
3643 4852
1680 3726
3642 3643
1680 2595
1516 3643
1680 2931
1784 3643
1680 4093
1010 3643
1680 2683
3643 4323
1680 3474
950 3643
1680 1969
677 3643
1416 1680
173 3643
1680 2032
819 3643
1680 2500
137 3643
135 1680
3643 4651
1680 2289
1858 3643
1418 1680
905 3643
398 1680
3643 4525
223 1680
2472 3643
1680 3959
511 3643
1680 3955
3643 4518
1474 1680
1822 3643
76 1680
2291 3643
735 1680
1346 3643
1680 2456
1488 3643
1680 4501
258 3643
249 1680
1343 3643
1642 1680
3643 4294
1680 4222
3643 4436
1292 1680
990 3643
1493 1680
3643 4249
1680 2250
1186 3643
1135 1680
3643 4319
1680 4993
3415 3643
1680 4735
3643 3828
1680 4706
3643 4971
1680 2168
2669 3643
1680 3412
3643 4925
1680 4134
3643 4482
1680 4914
2746 3643
1680 2661
440 3643
1680 2709
3643 3666
510 1680
1296 3643
1680 2294
599 3643
129 1680
2509 3643
1680 4048
3643 4699
1680 3849
3643 4780
312 1680
3404 3643
1680 2410
3643 4321
1680 4557
2800 3643
978 1680
1936 3643
1680 1981
1291 3643
331 1680
3643 4500
1680 2987
3433 3643
737 1680
878 3643
1680 2926
1217 3643
1463 1680
3643 4339
1680 2890
133 3643
927 1680
126 3643
1680 4838
3360 3643
1680 2309
3643 4619
53 1680
324 3643
1680 4581
2339 3643
1680 4066
1826 3643
1446 1680
2634 3643
1680 3285
1501 3643
1120 1680
1565 3643
1680 3352
3371 3643
1680 3180
3643 3971
127 1680
2024 3643
1680 2932
1436 3643
1680 1742
3574 3643
1680 2545
3643 4856
1334 1680
3115 3643
1680 3093
3643 4044
1680 4957
2411 3643
1680 4759
208 3643
346 1680
676 3643
1680 3536
3643 4747
181 1680
3643 4544
1680 4777
3253 3643
1680 4717
949 3643
1349 1680
2871 3643
1680 4090
3643 3773
1680 4144
2469 3643
915 1680
1455 3643
1680 1814
556 3643
1680 2748
1006 3643
1680 2390
3643 4945
1680 4449
3643 4314
1680 2045
3643 4769
263 1680
3643 4199
1680 2967
3643 4801
1680 4904
1372 3643
768 1680
1573 3643
1680 4950
2061 3643
1680 4476
2566 3643
1680 4221
1055 3643
1680 2240
2908 3643
1680 3262
3643 3696
1680 2623
3201 3643
1197 1680
1733 3643
1680 3409
3643 4871
77 1680
2386 3643
1680 1915
2801 3643
1680 3605
3643 3804
1680 4143
1381 3643
1680 3657
3643 4055
1680 3787
1155 3643
400 1680
2784 3643
1680 3170
1269 3643
247 1680
3643 4418
1281 1680
1031 3643
1680 4921
3643 4101
1680 2376
2621 3643
616 1680
111 3643
1680 3998
1102 3643
685 1680
3311 3643
1680 4876
1984 3643
1680 4431
1781 3643
33 1680
1886 3643
687 1680
3491 3643
1369 1680
2826 3643
864 1680
3643 3694
1680 2847
781 3643
1680 2550
656 3643
145 1680
3643 4149
1680 3779
2016 3643
675 1680
3643 4387
1680 4228
2733 3643
1680 4633
3001 3643
757 1680
1368 3643
1680 3888
3473 3643
1680 2518
1282 3643
114 1680
495 3643
1680 4790
1414 3643
1641 1680
2196 3643
1680 3581
3342 3643
1680 3192
3643 4154
1680 3489
3643 4219
1680 3750
2135 3643
805 1680
2776 3643
1680 4212
163 3643
1680 4740
879 3643
1680 4162
2249 3643
1680 4104
2488 3643
1680 4246
3633 3643
1680 3924
721 3643
1680 2377
3643 3716
1680 1734
1130 3643
1680 2719
3525 3643
1680 3871
3370 3643
38 1680
3643 4964
1680 2029
738 3643
1680 3264
2455 3643
1680 4685
1202 3643
509 1680
3643 4121
1680 1856
1575 3643
1680 4374
478 3643
1680 4509
2874 3643
342 1680
988 3643
1680 2885
3638 3643
1680 1719
3643 4193
1466 1680
3327 3643
1092 1680
3643 4568
1302 1680
1285 3643
820 1680
2200 3643
71 1680
3135 3643
1680 2565
1143 3643
1180 1680
574 3643
1041 1680
3643 3784
1680 3061
401 3643
1680 4011
2355 3643
1680 2296
854 3643
1680 2430
3629 3643
1680 2254
3212 3643
1680 4639
1898 3643
799 1680
303 3643
1680 2790
1109 3643
1680 3685
3643 4748
499 1680
1870 3643
1680 4369
567 3643
951 1680
1648 3643
1680 3426
728 3643
1680 3500
2976 3643
1680 3225
94 3643
1680 2429
2756 3643
1680 3931
3643 3855
1680 2533
2110 3643
1680 3109
1883 3643
1680 3368
2178 3643
1425 1680
3643 4524
1184 1680
2473 3643
1680 3712
1779 3643
1680 3826
3078 3643
1680 3783
2954 3643
1680 3921
3119 3643
760 1680
1228 3643
1096 1680
3643 3901
1680 3486
3643 4683
836 1680
2013 3643
1680 2721
3643 4773
1680 4798
3519 3643
1680 1786
2557 3643
20 1680
823 3643
1680 2169
3643 4102
638 1680
2597 3643
1680 2122
2106 3643
228 1680
3326 3643
1680 3181
3191 3643
1680 3271
1699 3643
1680 3764
948 3643
1680 4718
89 3643
1680 4312
3643 3691
1680 4756
3557 3643
230 1680
2869 3643
1680 2572
3643 3725
1680 4940
3643 3995
198 1680
876 3643
1680 2725
2763 3643
142 1680
869 3643
1680 3238
3643 4813
1680 2407
381 3643
1629 1680
3142 3643
1680 2993
3643 4072
827 1680
3643 3710
1680 3179
3643 4958
1680 3654
3469 3643
1680 3807
3643 4831
989 1680
1720 3643
1680 3347
3125 3643
1680 2477
3643 4808
1680 4694
3643 4806
1680 2453
1188 3643
171 1680
1085 3643
1680 3196
3643 4016
1355 1680
3643 4200
1680 3277
2440 3643
1680 2913
1273 3643
1680 2388
1384 3643
1680 4231
1841 3643
889 1680
3096 3643
1680 4812
2203 3643
1680 2394
2074 3643
1680 4354
3643 3851
1680 4165
1014 3643
1680 4550
803 3643
741 1680
160 3643
1680 4254
1727 3643
1680 4202
3643 3841
1680 3706
3643 4766
1680 4142
365 3643
1680 2696
2325 3643
1680 3441
3643 4802
1680 3297
3643 4916
1680 2944
3643 3813
1002 1680
1979 3643
1680 4713
182 3643
1216 1680
439 3643
953 1680
1656 3643
1680 3003
872 3643
1680 2858
3643 4861
1680 3820
1547 3643
1356 1680
2973 3643
641 1680
3640 3643
1680 2038
653 3643
1021 1680
3643 4108
1680 2528
2114 3643
749 1680
3643 3785
597 1680
796 3643
1524 1680
3576 3643
1680 2999
3643 4225
507 1680
3293 3643
1680 4614
2991 3643
1680 3278
3643 3953
1680 2238
2815 3643
1680 4097
3643 4478
1680 4627
3643 3915
115 1680
3643 4765
1680 4386
3281 3643
52 1680
2414 3643
253 1680
2657 3643
1680 3527
3643 4251
1680 3153
600 3643
1680 3015
3499 3643
1680 3882
2729 3643
1680 2707
2960 3643
1680 3042
2819 3643
1680 3630
3643 4151
1680 3948
2857 3643
1680 4404
2239 3643
1680 1760
2041 3643
1680 1957
1517 3643
888 1680
3643 3951
807 1680
3195 3643
107 1680
1097 3643
1172 1680
3643 4654
1054 1680
1796 3643
1680 3620
3643 3877
1680 2483
3643 4800
1680 3244
1158 3643
1680 3070
1117 3643
1680 2139
442 3643
744 1680
3643 4897
1680 2136
2015 3643
1680 1729
271 3643
1680 3392
1442 3643
859 1680
2560 3643
1680 3269
704 3643
1680 4366
3643 3963
1680 2229
3216 3643
1680 3864
3643 4265
1680 3615
3643 4597
1680 3493
3643 4122
1680 4115
2974 3643
1680 2396
3643 4412
1680 2952
1571 3643
1556 1680
3643 4522
1680 2194
2285 3643
1680 4153
282 3643
1680 2056
2586 3643
130 1680
709 3643
191 1680
3643 4844
1680 4616
1262 3643
1680 3074
105 3643
1187 1680
270 3643
1680 3332
3643 3926
1680 3786
3643 4857
1680 4468
3643 4512
408 1680
3643 4803
1680 2588
3008 3643
910 1680
934 3643
1550 1680
2692 3643
1680 2347
522 3643
1680 1684
1793 3643
1680 4367
3643 4305
1680 4723
220 3643
1680 2842
3529 3643
1680 3760
3643 4237
1680 2994
2704 3643
30 1680
1761 3643
1680 2003
200 3643
1680 4589
1706 3643
1680 4266
185 3643
1680 4051
2814 3643
348 1680
539 3643
1680 3157
621 3643
1680 3945
2317 3643
1680 4348
3626 3643
131 1680
2918 3643
1680 2727
3643 4943
1176 1680
3632 3643
1680 4850
183 3643
1680 3600
1044 3643
29 1680
3643 3857
1680 4617
2807 3643
1680 3275
2243 3643
1680 2142
3643 4210
1680 2556
2547 3643
1680 4665
3643 4681
1680 2988
3643 3844
1680 3729
810 3643
1680 2758
3643 4822
161 1680
3429 3643
1680 3791
2633 3643
1680 2479
1546 3643
170 1680
3643 4324
1680 4506
1170 3643
1680 2295
3643 3990
1680 1994
55 3643
1680 2701
3643 4621
1680 3698
581 3643
391 1680
3643 4003
1680 1956
1564 3643
311 1680
3643 4709
1680 4833
822 3643
66 1680
479 3643
1680 4534
3643 4947
1525 1680
3643 4279
1680 2837
3643 4220
1680 4363
1955 3643
1680 2468
947 3643
1605 1680
903 3643
1680 3745
595 3643
95 1680
2356 3643
1680 4313
2834 3643
1680 3230
3270 3643
1680 1927
629 3643
594 1680
1774 3643
1680 4606
3643 3836
1680 2082
384 3643
1680 3263
3451 3643
1337 1680
3643 4092
1646 1680
3643 4079
5 1680
2861 3643
1680 3507
3643 3973
1680 4905
1912 3643
1680 1938
3111 3643
1680 3827
3643 3811
1680 4081
1703 3643
1680 2617
3534 3643
1680 4796
276 3643
1680 2462
3643 4987
1680 3533
494 3643
1680 3874
99 3643
308 1680
2089 3643
1680 4491
2521 3643
684 1680
2603 3643
450 1680
2147 3643
1680 2261
1960 3643
1562 1680
912 3643
534 1680
3643 4551
109 1680
2570 3643
1680 2599
1743 3643
1680 2882
3643 3655
1680 1725
1721 3643
1680 1962
22 3643
1680 1985
3643 4129
1680 3245
3643 4809
1680 4239
2188 3643
1680 3236
3337 3643
1680 4424
1593 3643
1680 4879
3173 3643
1680 4365
1805 3643
1680 3869
1445 3643
1680 3110
3643 4643
1680 4136
3608 3643
1680 4377
2213 3643
1680 1946
297 3643
302 1680
2465 3643
834 1680
3316 3643
1264 1680
1992 3643
1680 4910
325 3643
1680 4712
3643 3978
1157 1680
1429 3643
1680 2218
3643 4986
1680 2574
373 3643
602 1680
3643 4710
1680 3363
2520 3643
13 1680
1854 3643
1664 1680
1118 3643
521 1680
3643 4607
994 1680
1123 3643
1680 2747
2805 3643
1680 3542
1481 3643
1680 2645
2020 3643
1680 4140
3072 3643
505 1680
2221 3643
1680 4590
1667 3643
1680 3099
3643 4262
1680 4691
3321 3643
1680 4340
1127 3643
1680 2635
307 3643
1680 3356
2050 3643
1680 3103
1871 3643
1680 4444
3643 4255
34 1680
68 3643
1680 4416
2631 3643
1680 2703
624 3643
1680 4736
2273 3643
1680 3798
3488 3643
1680 4733
2878 3643
1680 3545
3643 4248
345 1680
695 3643
1680 2980
3643 4753
1680 1800
3643 4448
1680 3221
2035 3643
1680 2714
1257 3643
1680 1959
1283 3643
336 1680
3643 3709
378 1680
964 3643
285 1680
846 3643
1680 4743
1293 3643
1680 3241
1668 3643
1680 4721
456 3643
353 1680
3643 4582
1680 3883
1437 3643
648 1680
3643 3976
1680 3164
3643 4778
1530 1680
2223 3643
415 1680
409 3643
1680 4937
3643 3713
1680 4197
662 3643
1680 2021
1862 3643
1680 3295
3643 4672
1680 3622
2614 3643
1680 2284
3643 4396
1051 1680
3643 4588
36 1680
1073 3643
1680 2665
210 3643
1680 3610
2403 3643
1680 3565
2019 3643
1680 4584
2463 3643
1680 3461
1608 3643
1680 1691
2505 3643
1680 1798
979 3643
1680 4159
3643 4640
250 1680
202 3643
1680 4170
2865 3643
1680 2697
2855 3643
1680 3920
201 3643
1680 3832
590 3643
462 1680
3523 3643
256 1680
3643 4117
1175 1680
2850 3643
591 1680
3643 4285
216 1680
2540 3643
192 1680
3643 3656
1507 1680
729 3643
1680 3022
1837 3643
1680 2754
2710 3643
1680 4877
3643 4408
1680 2189
919 3643
1680 3218
3643 4038
1680 3156
3643 4828
1680 3522
873 3643
1680 2523
242 3643
1680 4761
3643 4240
1263 1680
3509 3643
1680 3556
3643 4919
1680 1942
298 3643
1680 1828
742 3643
1680 3544
3643 4933
1680 3999
1567 3643
533 1680
1753 3643
445 1680
41 3643
1444 1680
2891 3643
1680 4065
3161 3643
1680 4402
669 3643
1680 4744
2894 3643
1680 4866
2102 3643
6 1680
2616 3643
764 1680
3643 3994
1680 2996
1876 3643
1680 2810
1443 3643
1680 4653
1821 3643
1680 2792
120 3643
1680 3246
2242 3643
118 1680
1116 3643
1680 4454
631 3643
1680 4882
913 3643
486 1680
2829 3643
1680 4434
19 3643
1680 2732
3396 3643
1680 1750
1756 3643
1680 4000
3643 3861
1221 1680
1948 3643
1680 1782
3643 4805
1680 2437
1860 3643
1680 2983
2423 3643
1680 4926
3643 4783
1680 3121
537 3643
1680 2966
2856 3643
1680 2724
1536 3643
1680 2955
2629 3643
1680 4931
1618 3643
1680 4610
688 3643
815 1680
2499 3643
1680 2845
1168 3643
1680 2836
3643 3843
1680 4782
825 3643
1680 4437
3307 3643
1452 1680
3481 3643
1680 4290
453 3643
1563 1680
1580 3643
1680 4001
3643 4005
1680 2925
3385 3643
233 1680
339 3643
916 1680
1313 3643
1680 2173
561 3643
1680 2795
518 3643
1628 1680
1930 3643
1680 4042
2779 3643
1249 1680
1223 3643
1680 2358
151 3643
1680 4186
1400 3643
1680 3768
771 3643
1680 4967
3643 4598
1680 4217
2802 3643
1551 1680
1209 3643
1680 2502
3643 4045
783 1680
2979 3643
1680 1952
3566 3643
1392 1680
1225 3643
17 1680
3643 3707
921 1680
2246 3643
1680 1963
2268 3643
678 1680
3619 3643
1680 4946
3208 3643
1680 3123
2434 3643
512 1680
67 3643
371 1680
3016 3643
1680 2970
1289 3643
1680 4341
3643 4068
1680 4817
1177 3643
463 1680
3643 4563
804 1680
3643 4942
1680 2964
3141 3643
1680 2981
1376 3643
1680 2392
1008 3643
1680 3213
2519 3643
1680 4620
875 3643
1678 1680
2750 3643
1680 2933
3643 3670
1680 2749
661 3643
1680 2028
1510 3643
1680 3286
290 3643
1680 4895
327 3643
1680 4810
403 3643
1680 1773
816 3643
1034 1680
3643 4553
1131 1680
2838 3643
1680 3751
3577 3643
1132 1680
218 3643
1680 3727
3643 4332
1661 1680
3643 4178
1680 3734
504 3643
1680 3258
176 3643
1680 4732
194 3643
1680 4299
82 3643
1680 2793
3643 4737
1680 4411
3149 3643
1680 3127
2299 3643
527 1680
3643 3679
1680 4901
3643 4326
1680 3405
3055 3643
1680 2343
3643 3840
1680 1801
1802 3643
87 1680
1032 3643
784 1680
1982 3643
1680 2775
3643 4485
1680 4094
2344 3643
1680 3688
3643 4388
1680 3512
3643 3876
1680 4511
3643 4216
1680 3302
3643 4183
1680 1702
714 3643
1680 3535
3081 3643
1680 3301
1840 3643
162 1680
3643 4357
1680 4007
3643 3860
1007 1680
3357 3643
1680 2164
2555 3643
1680 2497
3643 4635
1680 1937
3401 3643
1680 3988
1090 3643
1680 3209
2372 3643
1680 3223
3643 4637
1680 2753
1330 3643
1680 3537
3243 3643
1680 4727
778 3643
1680 2671
1767 3643
1163 1680
1906 3643
1680 2832
3643 4034
1487 1680
3296 3643
1680 1971
350 3643
911 1680
209 3643
1472 1680
863 3643
1680 3389
3643 4605
1680 4359
468 3643
1680 4474
3373 3643
1680 2307
123 3643
1680 3472
3235 3643
1680 1896
2176 3643
1680 3197
3643 3677
1680 1775
3643 4725
1680 3434
2172 3643
535 1680
2930 3643
1680 1687
3643 4980
1680 4189
3643 4194
1680 3886
955 3643
1680 4799
2171 3643
1274 1680
83 3643
1680 4849
3643 4390
1388 1680
3643 4906
1680 2389
907 3643
472 1680
3643 4355
1350 1680
1859 3643
1680 3885
3643 4909
1680 4103
1712 3643
1195 1680
2395 3643
791 1680
3643 4375
1680 4110
272 3643
1680 4655
3289 3643
1680 3560
2825 3643
1680 2204
3598 3643
1680 2816
2927 3643
1231 1680
3628 3643
1513 1680
3643 3881
1680 3618
1701 3643
1680 4384
1415 3643
1680 4716
3354 3643
205 1680
649 3643
852 1680
3643 3822
1680 2100
956 3643
1306 1680
3306 3643
448 1680
558 3643
1680 2965
1431 3643
1680 3732
2101 3643
1261 1680
2571 3643
1680 4673
2478 3643
1680 4903
1905 3643
1680 3521
897 3643
1680 4250
3190 3643
1680 4205
3643 4486
1680 4462
1591 3643
1680 3386
680 3643
1680 4472
2425 3643
1680 4289
3137 3643
341 1680
3643 3912
1680 2461
2436 3643
548 1680
3643 4181
1680 2248
2841 3643
1680 3018
2705 3643
1680 4209
3088 3643
1428 1680
3643 4875
1680 4670
232 3643
750 1680
3160 3643
752 1680
1351 3643
1680 3422
2640 3643
565 1680
622 3643
1424 1680
2543 3643
1680 4896
1535 3643
1680 3697
18 3643
1314 1680
3643 4204
1680 4630
3572 3643
1680 1788
753 3643
156 1680
3643 4039
422 1680
2091 3643
526 1680
3643 4758
124 1680
431 3643
1676 1680
2208 3643
1623 1680
1612 3643
1680 3916
379 3643
995 1680
3150 3643
1680 1819
432 3643
1680 1894
2737 3643
1680 3400
3643 3853
502 1680
3643 3669
1680 3132
2582 3643
1680 4337
1022 3643
1680 2679
1040 3643
1680 1766
2562 3643
1680 4523
2896 3643
166 1680
2649 3643
1680 1704
2851 3643
1680 4807
658 3643
1680 2546
3643 4346
1680 1683
1438 3643
1680 1970
3643 4834
1062 1680
3312 3643
1680 4012
3643 3848
1680 3586
3341 3643
1680 4126
3643 4456
1680 1791
382 3643
1622 1680
2939 3643
1114 1680
963 3643
1680 3944
2592 3643
168 1680
1887 3643
1680 2501
229 3643
1252 1680
1987 3643
1680 4975
2680 3643
1680 4419
2767 3643
1680 3592
2002 3643
1680 2604
2302 3643
1680 3747
2267 3643
1597 1680
102 3643
1485 1680
3257 3643
119 1680
3643 4188
1680 4125
2942 3643
1680 2304
3643 3956
1680 3548
2872 3643
1680 2989
1659 3643
1680 4902
1001 3643
553 1680
97 3643
1680 2127
1154 3643
1680 1777
1441 3643
1680 4069
3643 3899
1680 2073
421 3643
1680 3719
1759 3643
1680 3382
985 3643
1680 3555
2326 3643
1011 1680
802 3643
1680 3856
3079 3643
1665 1680
3643 4293
1680 3665
1420 3643
1240 1680
3643 4784
882 1680
3643 4345
1680 3839
2112 3643
1499 1680
3643 4519
1680 3985
3383 3643
1680 3980
211 3643
238 1680
3186 3643
707 1680
278 3643
1680 2559
891 3643
1680 1815
3416 3643
1680 1867
2677 3643
1680 2260
2274 3643
295 1680
1830 3643
1363 1680
3643 4570
177 1680
1084 3643
4 1680
337 3643
1680 4358
2216 3643
1680 3036
2385 3643
1680 4161
2578 3643
1680 2162
3643 3771
1680 4575
3643 3801
1680 4333
3458 3643
1680 1809
2863 3643
1680 4342
710 3643
1680 4145
1928 3643
983 1680
3643 4260
1680 4495
812 3643
1680 3228
1708 3643
1498 1680
217 3643
1680 4776
1662 3643
579 1680
2628 3643
1680 2288
3643 4920
1680 4867
3013 3643
291 1680
203 3643
1614 1680
523 3643
1680 2141
1270 3643
1680 4504
569 3643
1680 2163
1820 3643
1680 2563
1757 3643
1680 2441
1366 3643
1066 1680
3643 3989
1680 4880
3643 3914
1427 1680
1113 3643
1680 2782
2823 3643
1545 1680
1104 3643
1680 1765
3594 3643
1048 1680
3643 4301
1680 2108
3439 3643
1680 2270
967 3643
628 1680
2922 3643
1161 1680
2054 3643
1680 3139
618 3643
1680 1890
3643 4019
626 1680
93 3643
1680 2813
3643 4373
1680 4845
3067 3643
1680 3423
3298 3643
1680 4400
1086 3643
1680 3028
3643 4423
1680 4421
3643 3721
506 1680
112 3643
1680 1857
2708 3643
1088 1680
545 3643
1680 3049
943 3643
1680 4955
3643 4632
584 1680
2552 3643
1680 3089
3349 3643
959 1680
2316 3643
1680 3689
1916 3643
1680 3872
3516 3643
1471 1680
2369 3643
1680 2656
2610 3643
1680 3442
2561 3643
1680 4583
1338 3643
858 1680
712 3643
1680 3391
926 3643
1680 4360
3076 3643
1680 3168
3643 4380
1680 4804
1367 3643
543 1680
3643 4762
1680 4015
1808 3643
101 1680
3643 4742
1680 2740
2419 3643
1680 4489
1682 3643
1680 3361
2154 3643
1680 2630
1911 3643
1680 3288
538 3643
788 1680
1053 3643
1680 2755
3643 3817
110 1680
1670 3643
1680 4963
633 3643
1680 1780
3471 3643
1312 1680
1763 3643
1397 1680
885 3643
1409 1680
3643 3867
11 1680
2581 3643
1318 1680
3643 4050
1680 4132
2859 3643
1680 3309
54 3643
1680 3333
3643 4825
853 1680
3643 4652
1680 3614
3643 4657
32 1680
435 3643
1680 3515
609 3643
1680 4192
2651 3643
1680 4829
843 3643
1494 1680
2398 3643
369 1680
3124 3643
1680 4990
785 3643
1680 2373
880 3643
1680 2068
3643 4962
1680 3317
1944 3643
1680 1694
3436 3643
1454 1680
3524 3643
1680 3595
3643 4705
1680 2265
2043 3643
1680 4702
1939 3643
1680 2366
3643 4327
1680 4587
554 3643
491 1680
3643 4185
1680 4379
1304 3643
782 1680
607 3643
1680 4913
226 3643
1680 3268
1523 3643
1680 3781
1847 3643
1680 3136
1529 3643
1680 2667
1624 3643
1680 3987
2319 3643
1489 1680
620 3643
1680 4383
719 3643
1680 3992
317 3643
1680 4516
1394 3643
1680 2579
2046 3643
1325 1680
1183 3643
1680 2887
1435 3643
266 1680
1165 3643
1680 4928
1965 3643
1680 4450
2691 3643
1680 2660
2653 3643
1680 3335
3643 4111
1680 2486
3643 4835
1680 4513
3643 4881
1680 3845
1277 3643
1680 3254
254 3643
489 1680
2493 3643
1680 4662
140 3643
1621 1680
3643 4625
158 1680
3643 4163
496 1680
999 3643
1594 1680
2085 3643
1680 2451
3643 3651
305 1680
831 3643
1680 4100
3643 4435
1680 3375
25 3643
1680 2298
3219 3643
1680 2868
806 3643
262 1680
663 3643
1680 2643
2642 3643
1680 3009
604 3643
1680 3449
199 3643
370 1680
3643 4956
1639 1680
3643 4628
1680 3411
3177 3643
1680 3114
3643 3823
1680 2150
3643 3649
1033 1680
3643 4770
1680 1941
3274 3643
367 1680
3643 3917
1680 3939
2799 3643
1680 2359
3643 4677
1680 2318
1348 3643
1680 4452
50 3643
1680 2715
2124 3643
1067 1680
856 3643
65 1680
1690 3643
1680 3769
3643 3737
1680 3935
3643 4368
1680 2209
1423 3643
1680 4505
449 3643
1152 1680
2184 3643
1680 3613
1080 3643
1107 1680
3643 4846
1680 2123
536 3643
59 1680
1 3643
1680 4208
1375 3643
244 1680
3597 3643
1680 3106
1663 3643
212 1680
2619 3643
174 1680
2354 3643
1680 4224
1189 3643
1680 4521
2745 3643
1561 1680
1069 3643
1680 4174
766 3643
213 1680
966 3643
1680 3929
3643 4704
1680 4726
3643 3865
1680 3066
3359 3643
670 1680
1319 3643
1680 3122
832 3643
1680 3927
3144 3643
849 1680
2972 3643
1680 4839
3643 4347
1680 2303
2348 3643
224 1680
3643 4120
1680 2511
2675 3643
1680 2287
3643 4425
1680 2706
3643 3943
1680 3251
1448 3643
147 1680
3292 3643
1680 4173
3199 3643
689 1680
3643 3778
1259 1680
2687 3643
1680 3930
3643 4414
555 1680
1907 3643
1680 4645
3643 4258
1680 4075
3643 4574
1680 2541
1475 3643
1680 2438
3231 3643
1680 3644
3280 3643
1680 2211
3643 4241
1680 2153
3247 3643
1162 1680
3643 3699
793 1680
3643 4420
1680 3518
2040 3643
1680 1844
1626 3643
149 1680
3643 4008
1465 1680
833 3643
1680 2117
1412 3643
1680 2214
2990 3643
80 1680
3643 3940
1680 2668
1968 3643
1680 2067
3492 3643
1680 3967
3643 4131
366 1680
3643 4664
1680 2794
2195 3643
14 1680
3328 3643
1554 1680
3058 3643
1680 3026
2315 3643
1680 4232
562 3643
1680 4196
3344 3643
1680 2109
3643 3949
1680 4335
2452 3643
1680 4381
260 3643
1680 2361
3643 4767
1680 2824
3040 3643
1680 4841
3010 3643
206 1680
918 3643
1680 2256
2140 3643
1680 4679
2458 3643
1680 2417
2713 3643
1680 3859
31 3643
1680 3824
3643 4779
1220 1680
1931 3643
730 1680
3643 4678
1680 4552
3140 3643
461 1680
3643 4310
1680 4982
1520 3643
1680 2626
1237 3643
1680 3508
1980 3643
143 1680
1534 3643
1680 2577
2689 3643
1680 3814
3643 3795
1680 1900
3643 4243
1680 3627
3616 3643
73 1680
1633 3643
1680 4177
3006 3643
1680 4190
1705 3643
1137 1680
2000 3643
1680 3794
3643 4328
321 1680
3643 3782
1680 3742
3643 4118
1680 3682
2817 3643
1266 1680
884 3643
1320 1680
40 3643
794 1680
2313 3643
1680 2143
374 3643
1680 1996
3643 4352
1680 3205
2622 3643
1680 2251
128 3643
490 1680
2081 3643
1680 4010
1003 3643
1680 3024
2159 3643
1680 4719
2297 3643
1680 1832
3643 3731
1680 4715
3643 4471
1680 2378
1650 3643
1680 2569
315 3643
1680 4924
1586 3643
1680 4242
3643 4330
1680 4656
3643 4439
35 1680
2909 3643
1680 1878
3643 4464
1404 1680
2481 3643
549 1680
2174 3643
1070 1680
3643 4406
1271 1680
3007 3643
1680 2245
1803 3643
1680 2400
438 3643
1680 3470
957 3643
614 1680
235 3643
1585 1680
1645 3643
899 1680
3643 4394
1419 1680
2789 3643
1680 2605
1268 3643
1680 4392
3643 4130
1680 4213
3643 3873
1680 2383
2293 3643
1680 4999
2786 3643
1680 4979
78 3643
550 1680
3300 3643
1401 1680
2919 3643
1015 1680
1480 3643
69 1680
2943 3643
1680 2387
98 3643
1680 3340
3643 4684
1124 1680
2212 3643
1680 3053
2503 3643
1680 3165
1379 3643
1680 1993
274 3643
1680 2712
1316 3643
1288 1680
1977 3643
1434 1680
3643 3837
1680 2726
1417 3643
1680 2404
606 3643
164 1680
3450 3643
1680 3308
2641 3643
1680 2940
2391 3643
1680 3217
2788 3643
1680 2901
3643 4407
1680 2083
2584 3643
424 1680
2244 3643
1680 3462
2625 3643
1680 2175
3299 3643
1680 2773
1395 3643
1680 2820
3051 3643
319 1680
1810 3643
1680 1908
3643 4868
1680 1731
3291 3643
1680 4566
3643 4623
739 1680
447 3643
762 1680
1491 3643
775 1680
1897 3643
1680 2716
726 3643
1680 2017
1845 3643
1405 1680
3643 4410
1680 2971
301 3643
1508 1680
257 3643
1462 1680
3643 4853
1680 4336
51 3643
1680 4981
3276 3643
1680 2193
2222 3643
1057 1680
1323 3643
1680 1922
3643 3668
1301 1680
3643 3790
1680 2921
612 3643
387 1680
221 3643
1680 3743
1533 3643
821 1680
546 3643
1680 2365
2920 3643
1680 3090
2077 3643
1680 3986
427 3643
1541 1680
501 3643
1680 2632
3377 3643
1680 2036
2783 3643
1560 1680
3643 4609
1680 3397
3643 4062
1680 2722
3643 4353
1680 3380
1370 3643
1680 4795
2877 3643
1327 1680
1552 3643
1680 3797
310 3643
513 1680
3643 4543
1680 4096
3214 3643
1680 1718
2470 3643
1680 2057
986 3643
1680 3777
3643 4682
1680 4528
3562 3643
1324 1680
2564 3643
1680 4646
2009 3643
1680 2598
1737 3643
1680 2492
2513 3643
1680 4577
1643 3643
264 1680
2271 3643
901 1680
3643 4409
870 1680
42 3643
1680 4271
3643 3835
1680 2498
1286 3643
1680 2608
455 3643
623 1680
1222 3643
1680 3805
150 3643
1680 1868
2958 3643
1680 4596
2186 3643
1440 1680
1029 3643
1173 1680
2928 3643
1680 4106
2079 3643
1680 2118
3643 4789
1680 2978
3643 4900
702 1680
1582 3643
1093 1680
2350 3643
692 1680
2804 3643
1680 2700
3551 3643
1680 2170
3643 4680
1680 2008
2342 3643
1680 4179
3643 4295
1206 1680
402 3643
1680 1950
300 3643
1531 1680
851 3643
1680 4473
2131 3643
1680 2450
961 3643
1013 1680
2413 3643
1087 1680
976 3643
1680 3818
1122 3643
1680 2367
376 3643
1680 1709
1540 3643
1680 4214
1631 3643
1680 4318
2587 3643
1680 2401
2092 3643
1245 1680
169 3643
1680 3663
3043 3643
1680 2435
3643 4175
329 1680
1078 3643
789 1680
132 3643
1309 1680
2975 3643
1680 2945
2606 3643
1680 4046
3643 4689
1680 4283
2590 3643
184 1680
2420 3643
1680 2362
1072 3643
1236 1680
2852 3643
1315 1680
1148 3643
1680 4492
236 3643
1680 4578
3643 3815
575 1680
3480 3643
1680 4969
3215 3643
1251 1680
924 3643
1680 3374
801 3643
1680 2449
1673 3643
1680 4510
3643 4774
1680 2929
3643 4029
703 1680
777 3643
1680 3320
3194 3643
1680 4889
451 3643
1680 4085
231 3643
1680 2615
718 3643
1680 2898
3643 4675
1680 4922
3372 3643
1680 3034
3643 4750
1110 1680
3095 3643
1680 3541
2762 3643
1680 2014
3591 3643
991 1680
3643 4948
267 1680
2536 3643
654 1680
2490 3643
1680 2655
1235 3643
1680 3031
3020 3643
1680 4923
386 3643
1680 4273
1133 3643
1680 4052
747 3643
1680 2088
1115 3643
1680 4147
3643 3793
1680 2049
3643 3919
1680 3909
2659 3643
1680 2397
1736 3643
1680 4731
3643 4041
1680 2333
117 3643
1680 3272
134 3643
1680 1885
1214 3643
835 1680
2152 3643
1680 4315
2226 3643
1680 2613
1233 3643
1680 2381
446 3643
452 1680
392 3643
587 1680
3643 4788
1680 2116
3643 4031
1680 3322
265 3643
1598 1680
1504 3643
973 1680
3643 4579
1680 4502
2070 3643
1680 2537
632 3643
1680 3193
2132 3643
360 1680
3643 3891
1680 2961
3643 4344
1149 1680
1500 3643
1680 1924
2839 3643
1005 1680
61 3643
1680 3206
3643 3897
1680 3355
3643 4540
1680 4695
3643 4362
1680 2984
3435 3643
1680 2097
3643 3819
1680 3539
100 3643
1680 4887
1714 3643
700 1680
3643 3789
1680 3918
136 3643
1680 2098
1505 3643
1680 4446
3431 3643
1680 4099
2695 3643
1680 3261
982 3643
1680 3850
1185 3643
1241 1680
320 3643
1607 1680
3643 4515
1680 1869
699 3643
1680 1995
3538 3643
733 1680
3367 3643
246 1680
1077 3643
1680 2099
3643 4864
1680 3444
1872 3643
1484 1680
755 3643
1680 3746
255 3643
1680 4211
1892 3643
1680 2007
146 3643
1458 1680
2907 3643
1680 4965
1061 3643
1680 2076
3643 3906
483 1680
3643 4666
1680 2889
1198 3643
1680 2591
1698 3643
37 1680
3418 3643
1680 3701
954 3643
1680 3325
1495 3643
1358 1680
2320 3643
1680 4150
996 3643
1680 2676
1377 3643
900 1680
3643 4755
1280 1680
458 3643
1680 2086
3438 3643
1680 3673
1866 3643
1226 1680
3643 4663
1680 3083
923 3643
975 1680
2674 3643
1680 3331
1587 3643
1145 1680
2962 3643
1680 3755
3224 3643
1680 1776
1713 3643
690 1680
2105 3643
1680 4642
2884 3643
1680 3635
175 3643
1680 1945
3543 3643
1497 1680
2187 3643
1680 2866
3643 4364
895 1680
12 3643
1486 1680
3643 4840
1680 2997
736 3643
1680 1842
1785 3643
1450 1680
46 3643
1680 3810
3643 3900
1680 3002
287 3643
1680 3880
3477 3643
1680 4158
225 3643
725 1680
2030 3643
845 1680
2903 3643
1344 1680
3643 4021
1680 3517
3420 3643
1045 1680
306 3643
1680 4613
3166 3643
1576 1680
3643 4022
1680 3227
1677 3643
681 1680
1966 3643
1680 4288
3453 3643
3 1680
2881 3643
355 1680
1600 3643
1680 1998
3643 4469
1680 4071
1246 3643
1680 3875
3643 4760
1354 1680
2311 3643
1680 3913
3643 3720
1680 3376
388 3643
1680 4939
2446 3643
1680 3571
3643 3714
1680 4533
2843 3643
1680 2517
2542 3643
1680 2781
3643 4741
1680 2233
3643 3708
1378 1680
2460 3643
1680 4004
1879 3643
1680 4814
482 3643
1680 2482
2220 3643
1680 2432
3643 3802
1680 2125
932 3643
1680 3242
407 3643
1680 4141
2202 3643
1680 4164
3082 3643
433 1680
3643 4701
1260 1680
3643 4180
890 1680
2637 3643
1680 2335
1848 3643
1680 3148
2531 3643
1218 1680
1205 3643
1680 4556
3000 3643
1680 1961
2811 3643
1680 2442
838 3643
1666 1680
3643 4191
1680 4571
2382 3643
1680 1792
2241 3643
1680 3032
2215 3643
269 1680
2685 3643
1680 2426
2113 3643
660 1680
2380 3643
1680 4966
419 3643
1680 2066
1359 3643
1680 1768
790 3643
1680 4084
605 3643
1680 2155
3432 3643
1680 3950
1098 3643
167 1680
1279 3643
418 1680
3643 4244
1572 1680
829 3643
1680 3012
2323 3643
1680 2666
179 3643
1680 2236
531 3643
1680 2234
296 3643
1680 3774
3643 3879
1680 1825
3240 3643
1680 4338
2454 3643
1680 1902
3484 3643
1059 1680
639 3643
1610 1680
3643 4693
1680 3163
2515 3643
1680 3903
935 3643
1680 2652
813 3643
1680 2494
492 3643
1680 3736
3643 4944
922 1680
1745 3643
818 1680
2678 3643
867 1680
3643 4382
1680 4461
1083 3643
1680 2334
3643 4661
1680 4781
596 3643
1095 1680
2698 3643
720 1680
1846 3643
1680 2914
1121 3643
1680 4119
865 3643
322 1680
3643 4077
770 1680
1153 3643
1680 2627
3643 4234
1680 4157
655 3643
1680 2439
1362 3643
627 1680
3643 4054
1680 3735
3643 4463
1680 2026
10 3643
1680 4002
2148 3643
1680 2093
1141 3643
1380 1680
3643 4508
1406 1680
3643 4018
1680 2506
3643 4128
939 1680
589 3643
1357 1680
3643 3754
1680 4086
1247 3643
344 1680
3643 4860
942 1680
1469 3643
58 1680
3643 3647
45 1680
572 3643
1680 3279
328 3643
1680 3505
2485 3643
1671 1680
332 3643
1680 2422
2664 3643
1680 3362
2639 3643
1680 4592
204 3643
1680 4954
1919 3643
441 1680
2409 3643
1147 1680
1142 3643
1680 2742
351 3643
694 1680
3612 3643
754 1680
563 3643
1680 3564
3643 4302
1680 3676
1947 3643
1680 4711
857 3643
1680 3965
1509 3643
1680 4507
2012 3643
1680 4863
652 3643
1680 2607
3643 4720
1680 4453
1918 3643
1680 4078
3455 3643
1361 1680
1595 3643
1680 3273
2230 3643
1108 1680
2292 3643
1601 1680
3643 4281
1657 1680
3084 3643
997 1680
476 3643
1680 3151
3643 4851
1680 2812
2415 3643
286 1680
3643 3753
1680 3752
3025 3643
1680 3265
3587 3643
1326 1680
108 3643
850 1680
1056 3643
1680 2806
2044 3643
1680 4138
2982 3643
1680 4287
2879 3643
1680 3573
148 3643
1680 4460
3643 4892
1680 3487
3643 3910
1680 3044
886 3643
1680 1771
3643 3961
1611 1680
3643 4349
1680 3379
3643 3788
946 1680
3643 4961
573 1680
3259 3643
1680 4264
1179 3643
1680 2620
3643 3767
1680 4763
1778 3643
1680 3073
3643 4350
1680 4674
3643 4531
1680 3485
1570 3643
1680 2791
3414 3643
723 1680
3643 4428
1459 1680
1811 3643
1680 4911
1625 3643
908 1680
1751 3643
1680 3162
3643 4399
1680 1895
2158 3643
1680 4426
3643 4308
1680 4403
3643 4088
1680 3260
3643 4888
1680 3315
2937 3643
1680 2880
1949 3643
1680 4017
3643 4641
1680 2738
2023 3643
1680 4698
347 3643
1680 1787
1990 3643
349 1680
3643 3690
1477 1680
197 3643
1680 4376
3046 3643
1680 3395
1696 3643
1470 1680
3643 4836
1680 3687
2888 3643
651 1680
1972 3643
1680 4201
21 3643
1680 4331
3643 4073
74 1680
3087 3643
1167 1680
2247 3643
1248 1680
335 3643
1680 3037
1686 3643
480 1680
2526 3643
1577 1680
2301 3643
894 1680
3402 3643
1680 2530
3643 4056
1680 4113
3159 3643
547 1680
3554 3643
698 1680
1769 3643
1680 4030
23 3643
1638 1680
1521 3643
1680 2181
732 3643
1680 3054
3266 3643
630 1680
3528 3643
1680 4547
3643 3898
1680 3128
2103 3643
1619 1680
3387 3643
1680 2650
3643 4941
716 1680
3643 4109
227 1680
1075 3643
383 1680
2072 3643
1680 1851
3643 3675
1680 2876
780 3643
1680 4886
693 3643
1680 4611
1232 3643
1680 2731
1336 3643
1553 1680
239 3643
1680 1974
3643 3658
1680 2785
3643 4112
393 1680
248 3643
1680 3941
3643 4517
399 1680
460 3643
1680 2624
1838 3643
1680 4458
3643 4033
1620 1680
3643 4089
1680 2602
1515 3643
1680 4035
3643 4757
1680 1853
682 3643
893 1680
3643 4218
1569 1680
3643 4520
1680 4282
3108 3643
1680 2941
3643 4133
1680 1836
1200 3643
841 1680
1746 3643
1680 1707
3643 3958
1182 1680
444 3643
467 1680
3643 3895
701 1680
406 3643
1680 2862
800 3643
1680 1986
3643 4060
1680 1923
3643 4309
1680 4764
1790 3643
1680 2314
593 3643
1680 3711
3174 3643
1680 3908
414 3643
1680 4432
1181 3643
1680 4261
837 3643
1680 3497
3643 4787
1680 3763
611 3643
525 1680
3290 3643
121 1680
746 3643
1647 1680
2739 3643
1680 2182
3643 4098
1680 4316
1555 3643
1094 1680
3643 3893
1680 4470
2349 3643
1680 4465
1101 3643
1151 1680
2774 3643
1680 2312
772 3643
1680 3946
3643 4797
592 1680
3232 3643
1680 1722
1544 3643
1680 3947
3643 4385
1680 4395
998 3643
1680 3552
2078 3643
1680 2711
86 3643
2 1680
665 3643
1680 2576
3643 3808
1680 3350
3287 3643
1680 1829
1940 3643
1680 2034
3643 4883
1680 2151
1000 3643
1680 3475
2734 3643
1680 2510
1190 3643
1680 3982
3643 4187
1680 3097
1052 3643
1680 3319
3085 3643
1680 2529
3643 4047
1680 2496
3643 3678
958 1680
214 3643
1680 4184
2130 3643
1680 3583
2280 3643
1680 1899
3643 4567
1680 3821
2305 3643
1680 2507
3643 4263
1680 3984
2765 3643
1680 2508
667 3643
1680 3393
3406 3643
288 1680
3643 4238
1680 2487
487 3643
79 1680
1106 3643
1680 4730
1255 3643
1680 1926
3094 3643
1192 1680
2327 3643
1680 4253
3176 3643
896 1680
3603 3643
1680 3239
2956 3643
1680 2693
1042 3643
1490 1680
3643 4155
1680 4445
1352 3643
1680 3960
3643 3928
1680 3027
1933 3643
751 1680
2219 3643
1680 2253
3643 4274
316 1680
1171 3643
1411 1680
3643 3846
1680 4466
3305 3643
1680 3092
3643 4215
1156 1680
3643 4529
1680 4082
3421 3643
1506 1680
3643 4815
1680 2018
2934 3643
1680 2594
1592 3643
1680 4768
1762 3643
828 1680
708 3643
1680 3607
3643 4824
1680 2157
1744 3643
1680 4024
333 3643
1680 2338
281 3643
1680 4530
930 3643
1680 4156
3584 3643
1680 4872
1807 3643
1680 4930
363 3643
1680 2006
2119 3643
1680 4749
3643 4306
1680 2911
152 3643
544 1680
3643 4064
193 1680
3440 3643
583 1680
2225 3643
196 1680
2042 3643
1680 4168
1196 3643
909 1680
1675 3643
1680 3667
2033 3643
1680 2846
761 3643
1680 2416
3413 3643
1680 4953
3643 4687
1680 2583
3643 3775
1680 3661
385 3643
1680 4430
2022 3643
1680 3059
679 3643
637 1680
3443 3643
1680 2375
3643 3692
1019 1680
3129 3643
1680 2780
3479 3643
1139 1680
3643 4560
1658 1680
1584 3643
443 1680
2867 3643
1680 2611
3513 3643
1393 1680
3643 3890
1680 4573
1275 3643
1680 3346
3167 3643
1680 2771
3643 3889
1299 1680
1215 3643
1680 4378
3339 3643
1680 4417
357 3643
1680 2363
1492 3643
559 1680
2833 3643
1100 1680
1211 3643
1579 1680
2156 3643
1680 4739
3643 3800
585 1680
3060 3643
1680 3601
2612 3643
1680 4235
2893 3643
426 1680
493 3643
103 1680
2672 3643
1680 4908
972 3643
529 1680
1929 3643
1680 2075
2808 3643
1680 3621
3643 4322
1680 1794
3643 4479
1680 2010
727 3643
1680 3863
1385 3643
356 1680
2910 3643
1680 1752
3465 3643
1680 3852
1967 3643
1680 4580
3568 3643
1373 1680
3643 4891
1518 1680
481 3643
1680 3252
3643 4497
1680 4006
773 3643
1680 2471
3226 3643
1680 1880
3120 3643
1680 2873
3567 3643
1224 1680
2935 3643
1538 1680
2379 3643
1680 3511
1256 3643
1680 3705
711 3643
1193 1680
3172 3643
1680 1831
3643 3766
1680 4297
3643 4647
1680 1834
1891 3643
731 1680
3643 4203
1680 3748
3643 4499
1680 4874
3643 4929
1680 4608
2228 3643
1680 3117
2883 3643
1680 4843
1824 3643
1680 2364
3643 4455
1680 4087
2328 3643
1680 2915
3643 4854
1680 2255
2489 3643
1680 1850
313 3643
1680 3220
2393 3643
1680 4272
3643 4949
1068 1680
2946 3643
1453 1680
2821 3643
1574 1680
3643 4160
57 1680
405 3643
430 1680
1234 3643
1680 2549
1716 3643
1680 3681
2992 3643
1680 4659
3643 4989
1680 2959
3623 3643
625 1680
717 3643
1602 1680
2957 3643
1680 3145
3641 3643
1680 4443
2495 3643
855 1680
2266 3643
1680 2717
1342 3643
1680 3366
3233 3643
1680 3806
2281 3643
1680 3130
3599 3643
1680 1827
3643 4123
977 1680
3643 3686
1680 4095
3643 3702
1680 4826
3643 4591
1680 3466
47 3643
1680 4311
3448 3643
1680 2902
936 3643
1680 4884
215 3643
1332 1680
3643 4057
1680 3575
3643 4618
1680 2527
106 3643
1680 3724
2673 3643
1680 2336
2963 3643
1680 3957
159 3643
1680 3765
1526 3643
1126 1680
3643 3996
1680 3868
1321 3643
1680 2609
3643 4152
1680 3169
3358 3643
1680 3334
2818 3643
1680 1740
3504 3643
1680 2306
887 3643
1680 3884
2107 3643
1680 3390
3643 3662
1680 2199
125 3643
1016 1680
3643 3858
1680 2126
811 3643
1680 4724
3348 3643
881 1680
2259 3643
914 1680
3643 4972
1680 2593
3408 3643
1680 3030
3643 4564
1680 4545
1599 3643
1680 3733
3410 3643
1680 3937
3643 3652
1680 2735
1596 3643
1680 4124
1082 3643
1680 4275
3643 4427
608 1680
1396 3643
1680 3198
2480 3643
931 1680
3464 3643
1680 3255
3496 3643
776 1680
318 3643
464 1680
2516 3643
1023 1680
1166 3643
1680 2428
3643 3780
617 1680
2185 3643
759 1680
1482 3643
1680 2071
3643 4837
1680 4206
1954 3643
1680 1823
3643 3829
1680 3456
3643 3934
1680 3182
862 3643
1680 3424
3643 3964
1680 2638
3643 4932
1680 2900
3643 3744
27 1680
3643 4629
1680 4992
2951 3643
1680 4259
2544 3643
866 1680
3643 4028
1680 2321
1739 3643
1159 1680
3643 4320
88 1680
1276 3643
1680 4873
3202 3643
1680 1730
3643 4707
1680 2699
1018 3643
437 1680
3463 3643
1680 4599
3643 4135
1680 2025
763 3643
1680 4997
8 3643
1680 4107
180 3643
1680 3531
1542 3643
1680 4230
3643 4848
1680 2663
1748 3643
767 1680
928 3643
1680 2853
3643 4650
1680 1797
1081 3643
1680 2728
2399 3643
1360 1680
3643 4276
1680 2084
362 3643
1680 2525
3643 4014
1680 4422
2906 3643
1680 4459
338 3643
1194 1680
1758 3643
1680 4503
3532 3643
1060 1680
3048 3643
352 1680
3643 3749
1680 4372
85 3643
1680 2346
3643 4176
1680 3304
3643 4137
1680 3730
3133 3643
1680 2690
3643 4535
1680 3183
3643 3854
540 1680
3643 3762
1502 1680
965 3643
1680 4475
2290 3643
1680 2384
2809 3643
1680 2718
188 3643
1680 2998
2277 3643
1680 3118
3643 4603
1680 3923
3506 3643
1680 2330
1873 3643
1680 3324
3643 4277
304 1680
1174 3643
1680 2647
2720 3643
1680 3830
683 3643
498 1680
2258 3643
1636 1680
3643 3803
1680 4593
3184 3643
116 1680
1329 3643
1680 2235
412 3643
1680 4091
1735 3643
713 1680
598 3643
1680 3200
2830 3643
28 1680
1294 3643
1680 3695
411 3643
1680 4401
514 3643
1680 3991
2854 3643
1680 4013
2849 3643
1680 4558
3643 3825
1680 2474
2686 3643
1680 4983
1191 3643
1680 4995
566 3643
1680 4405
2227 3643
1680 4751
3643 3653
1680 3866
1341 3643
1456 1680
906 3643
696 1680
3637 3643
904 1680
3643 4821
774 1680
1818 3643
477 1680
1407 3643
1680 3809
3403 3643
1680 3468
2059 3643
1680 4307
3038 3643
1680 3674
2904 3643
1027 1680
2137 3643
640 1680
2875 3643
90 1680
3490 3643
1680 3086
3104 3643
1680 3482
3643 3648
1680 4793
1795 3643
1680 3757
187 3643
1111 1680
141 3643
1588 1680
1039 3643
1680 3550
1229 3643
1680 4457
1430 3643
1680 2197
3381 3643
484 1680
2064 3643
1680 2418
1514 3643
722 1680
2844 3643
1680 4549
3643 3983
1680 3723
2406 3643
1680 1861
557 3643
1169 1680
3643 4413
1680 2938
1210 3643
1680 3902
2096 3643
797 1680
3454 3643
1680 3911
1875 3643
1680 1852
3014 3643
1680 2848
3643 4059
952 1680
2201 3643
809 1680
1136 3643
1680 3530
724 3643
1589 1680
2111 3643
1680 4862
1464 3643
970 1680
3419 3643
1680 4494
3643 4998
1105 1680
3540 3643
1680 2039
877 3643
1244 1680
3021 3643
1680 2279
3643 3905
1680 1692
3643 4915
475 1680
3643 4771
1374 1680
3035 3643
1680 3624
3643 3972
1680 2766
3131 3643
1680 4576
469 3643
1680 4546
2538 3643
1680 3105
1715 3643
1680 1689
3643 4538
1680 4146
3643 4267
428 1680
3498 3643
1457 1680
3643 3650
413 1680
113 3643
647 1680
1138 3643
1680 3977
3494 3643
1680 3756
410 3643
1680 2534
2332 3643
1680 3063
2192 3643
1680 4298
1227 3643
1680 3171
1290 3643
1680 1711
570 3643
1680 3047
3643 4397
1680 2803
2548 3643
1680 4976
1989 3643
1680 1932
1644 3643
1680 1951
3643 4067
372 1680
2324 3643
1043 1680
981 3643
968 1680
691 3643
1680 2134
2601 3643
1680 4027
1386 3643
1680 4063
1213 3643
1146 1680
416 3643
1680 4498
1904 3643
1680 2985
2183 3643
420 1680
2210 3643
1680 4393
1364 3643
1680 4080
969 3643
944 1680
586 3643
1680 4256
2448 3643
292 1680
2275 3643
1680 2895
3549 3643
1253 1680
3643 3966
1680 4116
1976 3643
39 1680
2694 3643
1680 4451
2351 3643
1680 3589
3643 4832
1680 3503
3643 4415
1345 1680
3338 3643
343 1680
1632 3643
1680 4970
1732 3643
340 1680
3643 4890
1680 3068
524 3643
1680 2558
3495 3643
1079 1680
1522 3643
1303 1680
3457 3643
293 1680
2567 3643
1680 3476
2129 3643
1680 3563
2535 3643
91 1680
3267 3643
1680 1988
465 3643
1680 3425
2589 3643
1680 2224
1888 3643
404 1680
3643 3936
1680 2104
3643 3740
674 1680
3643 4284
1680 2177
2764 3643
1680 3799
390 3643
1680 3052
3643 3717
1680 4286
2476 3643
1680 3892
3643 4361
1680 1723
396 3643
1680 2001
425 3643
1680 4870
824 3643
1680 3834
3643 3907
933 1680
3041 3643
635 1680
1654 3643
48 1680
2977 3643
1680 3660
1958 3643
1680 2051
941 3643
1265 1680
1934 3643
1680 3580
284 3643
1680 4859
3364 3643
1050 1680
3643 4541
1680 4649
1410 3643
1680 3645
3643 4688
1028 1680
49 3643
1063 1680
1035 3643
1640 1680
2283 3643
1680 3394
2004 3643
1680 1772
1925 3643
1680 4985
1635 3643
1680 3353
3146 3643
268 1680
1399 3643
1680 2917
3643 3997
1680 2828
1383 3643
1680 4595
551 3643
1680 3700
1239 3643
1680 2217
3407 3643
299 1680
808 3643
144 1680
81 3643
1680 4167
1617 3643
1680 1749
3643 3715
840 1680
3643 4442
1680 3602
1478 3643
1680 3154
2145 3643
1680 4236
1548 3643
1680 3234
3643 4371
1680 2180
1893 3643
1680 3011
1512 3643
1680 4493
3428 3643
1680 1813
3116 3643
1680 2646
1983 3643
1371 1680
3080 3643
43 1680
3643 4370
1680 4938
644 3643
917 1680
3643 4722
1353 1680
3643 3894
1680 2899
1451 3643
1680 2777
2553 3643
1680 3954
3248 3643
1680 4858
3045 3643
1680 4278
3579 3643
1413 1680
1128 3643
1680 2860
1047 3643
1680 2596
56 3643
62 1680
1322 3643
1680 4226
3643 3979
1680 3739
3313 3643
1680 4696
3098 3643
24 1680
2986 3643
1680 2787
3643 4198
848 1680
1387 3643
1680 2408
1298 3643
1680 4514
2905 3643
1680 2744
1695 3643
646 1680
3467 3643
1287 1680
3643 4291
471 1680
1335 3643
1680 4169
3643 4292
1680 4936
3643 3870
1680 4268
252 3643
1020 1680
3643 4996
1680 2969
3643 4037
1680 2167
330 3643
241 1680
2831 3643
1129 1680
1284 3643
1680 3310
1076 3643
1680 3029
1863 3643
1680 2457
798 3643
1680 2005
3582 3643
974 1680
2353 3643
1680 2340
2087 3643
1680 1914
1539 3643
779 1680
3643 4554
980 1680
3643 4477
1680 4555
3643 4049
1680 4441
1806 3643
1680 3611
3643 4487
1680 2796
3447 3643
1680 4855
1091 3643
1590 1680
3643 4304
1680 4438
1203 3643
892 1680
3210 3643
1680 2063
3643 4977
1680 3378
2886 3643
1680 4634
3590 3643
1680 4631
96 3643
1680 4171
3553 3643
1680 2412
1685 3643
1680 3175
2058 3643
1680 2037
3643 4280
358 1680
1125 3643
1680 3330
1432 3643
1680 2702
1201 3643
454 1680
3643 4601
1680 4820
795 3643
1616 1680
1402 3643
1680 4775
2751 3643
1680 3646
1568 3643
1680 1755
3112 3643
1680 1710
758 3643
1680 3113
3643 4207
1680 2179
938 3643
508 1680
3643 4303
1680 4991
3643 3969
1230 1680
634 3643
1680 3143
1150 3643
666 1680
3643 4869
1680 3625
860 3643
715 1680
1382 3643
1426 1680
1242 3643
1680 4951
3643 3993
1680 4690
2341 3643
1680 4604
3643 4488
1680 3501
552 3643
1680 2357
3138 3643
1680 3831
2263 3643
582 1680
1674 3643
1680 2554
3643 4927
1680 3314
361 3643
1680 3639
1527 3643
1680 2424
3643 4791
1680 2405
1566 3643
1680 1877
375 3643
1680 3303
3643 3974
1680 3478
72 3643
1680 4974
3283 3643
1680 2670
1243 3643
1613 1680
1889 3643
1680 2575
517 3643
1680 2237
3578 3643
1680 1754
3643 4818
1680 2282
2231 3643
1680 2741
397 3643
1680 2421
3643 3933
1099 1680
3643 4537
1680 3970
474 3643
960 1680
1839 3643
1680 3101
2484 3643
1680 2467
2276 3643
1680 2115
3643 4622
1680 4245
1250 3643
577 1680
2524 3643
1606 1680
1764 3643
1637 1680
1921 3643
1680 4325
3643 4994
1328 1680
1258 3643
1680 2772
705 3643
515 1680
672 3643
1680 3100
542 3643
261 1680
3643 4752
1543 1680
3643 4594
568 1680
3643 3703
673 1680
243 3643
1680 2580
3643 4053
1680 2120
844 3643
122 1680
3178 3643
1680 3250
3643 3968
1089 1680
3643 4960
792 1680
1693 3643
1680 3351
1049 3643
657 1680
2532 3643
1680 1865
3643 3759
1680 2778
2431 3643
1680 1724
645 3643
1680 2286
2466 3643
1680 4074
3643 4317
987 1680
1901 3643
1204 1680
245 3643
740 1680
3643 4233
1473 1680
3643 4391
64 1680
1390 3643
1680 3102
929 3643
195 1680
1199 3643
1651 1680
429 3643
1680 3222
75 3643
323 1680
1468 3643
1680 4754
1681 3643
1680 3546
3643 3925
1680 2048
868 3643
814 1680
3643 4842
1680 3975
1071 3643
1680 4105
1652 3643
1680 3187
1975 3643
1295 1680
962 3643
1680 2360
1038 3643
1680 2768
2752 3643
1278 1680
457 3643
1680 2069
3185 3643
1483 1680
3643 4638
1680 4440
3643 4114
219 1680
1422 3643
1680 2522
1874 3643
1680 4569
3643 4746
1680 3904
1207 3643
1680 2055
3643 3862
1680 2924
3643 4786
1307 1680
3526 3643
1680 3437
1943 3643
1103 1680
2090 3643
1583 1680
1615 3643
1680 3684
1557 3643
16 1680
3056 3643
1680 3147
756 3643
1680 3294
3643 3838
1680 1953
3643 4532
1680 4433
3091 3643
1680 2191
2759 3643
1680 2160
2368 3643
528 1680
839 3643
1680 4626
3033 3643
1680 2514
1884 3643
1680 2402
3643 3887
1559 1680
3643 4127
1064 1680
3643 3896
1680 1738
3284 3643
1680 3065
3643 4227
1680 3075
3643 4827
1467 1680
3585 3643
1680 1812
1603 3643
1680 2600
3643 3812
1680 2618
3643 4484
1680 2052
3643 4792
898 1680
1365 3643
1581 1680
63 3643
1680 4562
1074 3643
576 1680
2636 3643
104 1680
3643 3741
1680 2329
734 3643
1178 1680
1799 3643
1680 4252
2916 3643
1680 4083
3189 3643
1680 1770
3643 4356
1680 4676
2138 3643
1680 2144
2371 3643
459 1680
3643 4823
1680 1973
613 3643
1398 1680
1026 3643
992 1680
2770 3643
1680 2053
769 3643
1680 4148
1479 3643
394 1680
2504 3643
1680 3938
3643 4692
1680 3203
3643 4785
1680 2475
3643 4561
1389 1680
1119 3643
1680 3922
2681 3643
1680 4600
3329 3643
1680 3336
3643 4865
497 1680
2094 3643
748 1680
3643 4269
1680 3249
1460 3643
240 1680
3057 3643
1680 3107
1140 3643
1680 3017
186 3643
1680 2031
178 3643
1680 4602
3643 4076
1680 2464
1009 3643
1680 2207
279 3643
1680 2433
500 3643
207 1680
826 3643
1317 1680
84 3643
1680 3664
283 3643
1655 1680
3643 4893
309 1680
2491 3643
277 1680
155 3643
1680 4020
3643 4247
1532 1680
251 3643
1680 4878
1164 3643
1549 1680
3369 3643
423 1680
571 3643
745 1680
3256 3643
189 1680
706 3643
1680 3561
3643 4907
1680 3071
417 3643
1680 3952
3643 4899
1680 2585
2027 3643
1680 2190
2892 3643
1680 1816
1964 3643
1212 1680
1804 3643
984 1680
2443 3643
434 1680
3643 4329
1680 2936
172 3643
488 1680
519 3643
1680 2065
3643 4988
1680 1997
1433 3643
1537 1680
2252 3643
1065 1680
2912 3643
1680 4429
2337 3643
1680 4229
971 3643
1680 1700
3596 3643
1558 1680
2146 3643
1680 1783
3643 4917
1680 3064
3365 3643
920 1680
3446 3643
1219 1680
1046 3643
1680 3604
2345 3643
1025 1680
3643 4734
1680 2133
3643 4830
1408 1680
2062 3643
1680 3796
1267 3643
1680 2060
3643 4343
1680 3318
668 3643
1680 4968
1421 3643
1680 1864
2300 3643
1680 2648
26 3643
650 1680
636 3643
1680 4668
2662 3643
1680 4496
3345 3643
1680 2080
1627 3643
1680 4182
1604 3643
1680 2331
3643 4898
1680 3738
2688 3643
1680 3758
280 3643
1112 1680
1653 3643
1144 1680
3643 3942
1680 3323
2840 3643
1331 1680
3643 4615
1680 4565
1999 3643
1680 2897
615 3643
1680 3483
3643 4447
603 1680
1308 3643
1680 2947
2322 3643
1680 4586
3134 3643
1680 3683
3558 3643
643 1680
3643 3659
1680 4624
2272 3643
1680 4728
1789 3643
1680 2370
1669 3643
1680 3398
2644 3643
1680 3761
1578 3643
532 1680
1272 3643
1680 3634
485 3643
937 1680
275 3643
1680 4669
2095 3643
1680 4697
3643 3776
1680 2165
671 3643
1680 1697
3459 3643
1680 4816
3427 3643
871 1680
2205 3643
1680 2864
1909 3643
234 1680
610 3643
1680 2427
1649 3643
1680 3833
190 3643
1680 3204
139 3643
1680 1833
3643 3878
1680 3722
1503 3643
1680 3728
3643 4714
664 1680
3510 3643
1680 4548
1835 3643
1680 4061
3643 4935
1680 2374
2743 3643
1449 1680
1935 3643
1680 3399
541 3643
1680 2047
3643 4667
1680 3636
259 3643
1254 1680
1333 3643
1519 1680
3643 4539
1680 2968
3643 3792
1680 4729
1311 3643
1680 3126
377 3643
1680 3460
3643 4296
1680 2835
945 3643
1680 3680
1688 3643
1680 3207
3229 3643
1680 4648
3643 3770
1476 1680
883 3643
1680 1843
1660 3643
1680 2573
787 3643
1439 1680
359 3643
1680 2011
1913 3643
1680 4257
3643 3932
1680 4032
925 3643
1680 2827
2870 3643
1680 3005
3388 3643
1680 3704
3643 4973
686 1680
3643 4952
1680 3570
3520 3643
1680 2149
659 3643
1680 3452
3643 4847
1680 3847
165 3643
1680 3282
1920 3643
1528 1680
3643 4542
1058 1680
580 3643
1680 4166
1609 3643
1680 4660
2512 3643
1680 2953
2447 3643
1680 4195
1030 3643
1680 3430
3643 4334
466 1680
1004 3643
1680 4934
1881 3643
1680 3772
3643 4043
1680 4036
2128 3643
1680 4572
3643 3962
1680 3569
2923 3643
1680 1882
3588 3643
1680 2769
3643 4686
153 1680
1511 3643
1680 3672
697 3643
314 1680
3643 4894
1680 2736
3643 3718
1680 3671
765 3643
642 1680
1817 3643
530 1680
3050 3643
1680 3152
1634 3643
1680 3593
1849 3643
1680 3842
92 3643
1300 1680
2797 3643
1680 2257
3643 4023
9 1680
902 3643
1340 1680
3077 3643
1680 3559
2445 3643
1680 3384
560 3643
1680 4745
2121 3643
1680 4536
3643 4058
1680 2206
1447 3643
273 1680
1747 3643
842 1680
3643 4658
1680 4070
3643 4644
1680 4172
138 3643
1680 4772
3617 3643
1680 2310
3155 3643
1680 1910
1297 3643
436 1680
3643 4389
1680 2950
70 3643
1680 4490
564 3643
1680 4139
3643 4481
1680 3417
2278 3643
1680 2798
817 3643
830 1680
3019 3643
1680 2730
619 3643
1037 1680
3643 4612
1339 1680
2551 3643
601 1680
3023 3643
395 1680
861 3643
1680 2161
3643 4559
1680 3514
3643 4738
1680 4794
154 3643
1305 1680
2682 3643
743 1680
1903 3643
1680 3069
1208 3643
364 1680
3643 4526
1680 1726
44 3643
1680 4918
1403 3643
1680 2995
3547 3643
1036 1680
2198 3643
1680 4527
1855 3643
1680 3609
3643 4703
1680 1917
473 3643
1680 3211
3643 4811
1680 4671
2568 3643
578 1680
3643 4585
1680 1728
2262 3643
1680 2760
3004 3643
588 1680
520 3643
1680 2459
3643 4984
1391 1680
3643 4270
1680 4467
3643 4700
1680 3062
3643 4885
1680 1978
354 3643
1680 3039
3643 3816
1680 2444
3643 4223
1680 2308
3445 3643
1680 2757
1134 3643
1680 3631
237 3643
326 1680
3158 3643
157 1680
2166 3643
368 1680
3643 4978
1012 1680
1024 3643
1680 4959
1672 3643
1680 4351
3643 4009
1680 4480
2822 3643
1680 2654
1017 3643
1680 2761
289 3643
1680 2684
3502 3643
389 1680
2949 3643
1680 1741
3643 4300
516 1680
1238 3643
380 1680
