4999
}}{{{{{}{}}{}}}}}{}}}{{}}{}}{{{}{}{{{{}{{{{}}{{}}{{{}{{}}}{}{{{}{{}}}{}{}}}}{{}{}}}{{}}{}{{}{{{}{}{{}{}}{}}{}}}}}{}}{}{}{{{{}}{}}}}{}}{}{}{}}{}{}}{{}}}}{{}{{}}}}{}}{}{{{{{}{}{{{}{{{}}{}{}}{}}{{}{{}}{{}{{}{}{}}{{}}{}}{{}}}{{{}}}}{}}}{}}{}{{}}{{{{{{}{{{{}{}}{}{{{}}{}}{{}{}}{{}}}}}{{{{{}{}{}{{}}}}}}{{{}{{}}{}}{}}}{}}{}}{{{}}{}}}}}}{{}}}}}}}}}{}{{{{{{}}{}{{}{}{}}}}}}}}}}{{{{{}}}{{}{{}{}}}{{{{{{}}}{{{}}}}{}{}{{}}{{}{{{}{{{{}{{}{{}}}}}{{{}{{{}{{{{{}{{{}}}}}{{}}{}{}}}}}{}{}}{}}}{{}{{{{{}}{{}{{{}{{{{}}{}}}}{}{{{{{{{}{}}{}{{}}{}}}{}}}}{{}{}{}{{{{{{}{{{}{}{{}{{{}}{}{{}{}{}}}}{{}}{{}{{{{}{}}{{}{}}}{{{}}{}{}{{}{}{}{{{{{}{{}{{{{}}}{{{{{}{}{}}{}}}{}}}}}}}}}}}}{{}{{}}}{}}}}}{}}}{}{}{}}{{}{}}{}}}}{}}}}{}{}}{}}}}{}}{}}{}{{}}}{{{}}{{{}{}}{{{}{}}{}{{{{}{{}{{}{{{{}}}}}{{}{{{{{}{{}}{{{{{}}{}{}{{{}{{{}}{{{}{}{}{}}{{}{}{}}}{{}{}{{}}{{}}{{{{{}{{}{{}{{{}}{}}{}}{}{}{{{{{}{}{}}{{}{{{}}}{}{}}{{}{{{{}}{{{{}}{}{}{{{{{}}{{{}}}}}{}}{}{{{}}{}}}}{{}}{}}}{}}}{{{}{{}}{{}}}{{}}{{{}}}{{}}}}}{{{}{}{{{}{}}{{}}}{}{{{{}{{{}{{}}}}}{}}}{{{}{{}}{{{{}{{}{}}{}}{}{}{}{{}{}}}}{{{}{}{{{}{}{}{}}{{}}}{}{}}{{{{}{}}}}}}{{}}{{}}{}}}{}{{{}}{}}}}}}}{{{{{{}{{}{}{{}{}{{{}}{}}}{{{}}{}}{}{{{{{{{{{}}{{}}{}}{{}}}{}{{}{}}{}}}}{}{{{}}}{}{}{}}{}{{}{}{{}{{{{}}}{{}}{{{{}{}}{}{}}}}}}}}{}{}{{}}}{{}{}}}}}}}{{}{{{{{{}}{}{{}}{{{{}}{{}}{}{}}}}}}{{}}}}{{{}}}}{{{}}}{}{}{{}}}{{}}{{{{}}}}{}}}{{}{{}{{}{}{{{}{}{}{{{}{}}{{}{}{}}{{{{{{{{{}}{{}{}{}}}}{{{}}}}{{}}}}{{{{{{}}{}}}{}{}}}{}{{{{}}}}{}{{{{{{}}}{}{}{}{{}{{}{}{{}{}{}{}{}}}}}{{}}{{}{{}{}}}{}{}{{{{}{}{{}{}}{{{}{{{}{{{{}}{{{}{}}{}}}{}{{}}{{}{{}{{{{{{{{{{}{}}{}}{}}}{{}{{{}}}}{{{{}{}{{{}{{}}}{{{}}}}}}}}}{}{}{}}}{}{{{}{}{{{}{{}}}}}{{{{}{}{}}}}{{{{{{}{{}{{{}{}}}}{}}{}{}{}}}{{{{{}{}{}{{}{{}}}}}}{}}{{{{}}}{}{{{{{}{{}}{{{}{}{}}}{{{}{}{{{}{}{}{}{}{}{{}{{{{{{{}}}{{}{}{}{}}}}}{{}}}{{}}}{}}}}{}}}}{{{}{}}{{}{{{}{}{{}}}}}}{}{{}{}}}}}{{{}{{{}{{}}}{}{}{{}}}{}}}}}{{}{}}}}{}{{{{}{}}}{{}}}}{}{{}}}{}}{}}}{}}{}{}}{}}{}}}{}{{}{{}}}{}}{}{{}}{}{{}}{{{{}}}}{{{}}}{{{}}}{}}{{}}}{}}}{{}}{}{{{{{{{}}}{}{}{{}}}{}}}}{{}}{{}}{{{{}{}}{}{{{}}{}{}{{}{}}}}{}{{}{}{}}}}}{}{{}}}{{{{{}{{}}}{{}}}}}{}}}}}{{}{{{{{}{}{{{}{{{}}{}{{{{}}{{}{{}}}}{{}}}{}{{{}}{}}}}{}{}}{{}{{{{{{{{}}}{{{}{}{{}{{}}{{{{{}{}{{}}{{{}{}{}}{}}}{{{{}}}}}}}{}{}{{}}{}{{}}}{}{}{}}{}}}}}}{{}}{{}}{}}}{{}{}{{{{}{{{}{}}}}}}{}}}}}{}}}{}{}{}}{}}{}{{}{{{{{{}{}{}}}}}}}}}}{{{}}}{{}}}{{}}}{}{{}}{}{{{{{}{}{{{}{}}{}{{}}{}{{{}}{}{{{}{}{{}}{{{}{{}}{{}}{{}{{}{{}}{{{}{{}{}}{{}}}}{}}}}}}}}{{{{{}}{{}{}}}}{{{{}}}{}}{{{}}{}{}{}{}{}}}}{{{}}}{{}}}{}}{}{{}}{{}}{{}}{{}}{}}}}}}{}}}{{}}{{}}{}}}{{{}{{{{}}{}}{}}{{{{{}{}}}}{}{{}{}{}{{}{}{}{}{}}}}{{{{}{}}{}}}{}{{{{}{{{}}}{{{}}{{}{}}{}}{{}}{}}{{{}}{}}}{}{}}{}{}}}}}{{}{{{}}{{}}}{{{{}{}}}{}}}{{}{}{{}}}{{}}{{{}}}}{{{{{}}{}{{{}{{{}{}}{{{}}}{{}{}{}}{}}}}}{{{{{}{}}}{{}{{}{{{}{{}{{}{{{{{}{}}}{}}}{}}}}}{{{}}{{}{}}{}{{}{{}}{}}{{{{{}{}{{{{}{}{{{}{{{{{{{}{}{{{{{}}}}}{}{{{}{}}}{{}}}}}{}{}{{{{}{}}}{}{}}}}}{{{{{}}}{}{}}{{}}}{{{{}}}}{}{{{}}}{{{{{{}{{{{{{}}}{}{}{}{}}}{}}}}}{{{{}{}}{{{}}}{{}{}{}}{{{{}}}{{{{{}{}{}{{{}{{{}{}{{}}{{}{{{{}{}}}}}}}{}}}}}}{{{{{{{{{}}}}}{}{{}}}{}{}}}{}}}{}{}}{}{}}{{{{{}}{{{}{{}{{}{}{{}}}}{}{{{}{}}{}}{}{{{}}{}}{{}}{{{{}}}}{{{}{{}{{{}{}{}}{{{}{}}{{}{}{{{}{{{}{{{{{}{}}}}{{{}{}{{{}{{}{}}}{}{}{{{}}}{{}{}{{}}{}{{}{}{{{{}{}{}}{}}}{{}}}}{}{{}{}}}}}}}{}}}{}{{{}}{{}}}}}{{{{{{{}{{{{{{}}}}}}{}}{}}}}{{{}{}{}}{{}}}}{{{}{{{{}}{}{{{}{}}{{}{{{}}{{{}}{}{{}{{}}{}}{{{{}}}}{}}{}{}{{{}}{{{{{}}{{{}{}{{{}{}{}{{{}{}{{}{}}{}{{}}}}{}}}{{{}}}}{{}{}}}{}}}{{}}{{}{}{}}}}{}{}}{}{{}}}}{}{}{}{{}{{}{{{}{}{{}}{}}{}}}}}{}}{}}}}}}{{}{{{}}}}{{{{{{{}{}}}}{{}}}{}{}}{{{{}{}}{{{}{{{}{{}{}}{{}{}{{}{{}{}{}}}{{{{}}{}}{}}}{{}{{}{}}{}}{{{}}}{}{}{{{{{}}{}{{}{}{{}}}}{{}}}}{{}{{{}}{}{{}{{}{{}}}{{{{}{{}{}{{}}{}{{{}{{{{{}}{{}}}{{{{{}{{{{}{}{{{}{}}}}{{{{{{}}{{{{}}{{}{}}{{{}{{{}}{{}}{{}{}}}}{}}{{}{{}{{{}}}{{{{}}}{}{}}{{{}{}{{{}}{{{}}}}}{{{{}{}}{}}}{{}}}}}{}{{}}}}{{}}}{}}}}{}}{}}{{{}}{}{{}}{}{}}}}}{{{{}}{}{}}{{{{}{{}{{}{}}{}{{{{}{}{{}{}}}{}}}}}}{}}{}}{{}{}{{}}{{{}}{}}{{{{}{{{}{{{{{}}}{{}}{{{}}}}}}{}{{{}}}{}{}}}}{{}{}{}}}}{{{{}{}{}{}}{}}}}}{{}{}}}{{{{{{{{}{}}{}}}{}}}{{{}}{}}{{{{{{{{{{{}{{}}}{}{}{{}}}}}{{{}{{{}}}{{{{}}}{}}}{{}}{{{}}{}}}}}}{}}}}{{{}{{}}{{{{}{{}}}{{}}}}{}}}}{}}}{{{{}{{{{{}{}{{}{{}{{}}{}}}}{}}{{{}}}}{{{}{{{}}}}{{{}{{{}{{}}{}{{{{}}}{}}{}}{}}{}{}{{}}{{{{{{}{{{{}}{}}{{}}}{}}{{}{{{{}}{{{}}}}{{}{}}{}{{{{}}}{}}}}}}{}}}{}}{}{{}{{}{}}{}{}}{}}}}{{}{{{}}}}}}}}{}{}{}{{{{}}{}{}}{}}}}}{{{}{{}{{}{}}}}}{{}}}{}}}}{}}{{}{{}{}}}}}}{{{{}{{{{{{{}{}}{}}{}{}{}{{}}{}{}{}{}}}}}}{}{}}}{}{{{}}}{{{{}{{}{{}{{}}}{}}{{}{}}}{{}}}{{{{{{{{{{{}{{}}{{{}}}{{}{{}{}{{{{{{{}}}}}{}{{}}}}}{{{}}{}}{}{}}{}{{{}}{}}}{}}}{}{}{}{{}}{{{{}{{{}{}{}}}}{}{{}}}}{}{}}}}{}{}{}}{{{}{{}}}}}{}}{}}}{{}}{{{}}}{{}}}{{{}{{}}}}}}}}{}{{{}{}}{}}}{}}}}}}{{{{}}{}}}{{}}}}{}{}{}{}{}}{}}}}{{}}{}{{{{{{}}}}{}{{{}}}{}}{{}}}}}{}{}}}{}}}}{}{}{{{}{}}{{{}}{{{{{{}}}}{{}{}}{}{{}{{}}}}}}}{}{}{{{}}{{{{}{{{{}{}{}}}{}{}}}{}}{{}{}}}{}{{{{}}{{}{{{{{{}}{{{}}{{{}{{{}}{{{{}{}{}{}{}{}{{}}{}{{}}}{{}{{}}{{}{{}{{{}{{}}{{}}{{{}}}}{}{}{}{}}}{{{}{}{{}}{{{}}{{{{}}}}{{{{}}{{}{{{}{{}{{{{}{}{}}{{}{{}}}}{}{}}}}}}{}{}}{}{{{
308 553
308 1271
553 3350
308 2607
553 1554
264 308
553 4437
308 3325
553 4376
308 1784
525 553
308 2657
553 1097
308 1123
553 3508
308 2282
553 2351
308 3790
275 553
308 4377
553 4448
261 308
553 2022
308 4660
553 3224
308 2357
553 3767
308 1033
553 555
308 3098
553 1064
308 4164
553 2990
308 2637
553 1273
308 832
553 4733
38 308
553 1101
308 4412
553 2371
308 2904
553 4113
308 3472
553 1848
308 2510
553 1854
308 987
553 1335
308 627
553 936
308 4024
553 2776
308 2590
553 572
55 308
553 2602
308 1411
553 4203
308 3932
553 1687
308 2313
553 4227
308 3899
230 553
308 2438
553 3961
308 4866
553 1199
308 1906
553 3918
308 3704
553 1231
308 4439
133 553
94 308
263 553
308 1867
553 3776
308 4786
553 4404
308 2928
553 1091
308 551
553 1286
308 4939
553 848
308 3451
266 553
308 2736
553 3022
308 1276
553 2886
308 2235
553 1306
308 2245
295 553
308 4129
553 3848
308 3637
553 1486
308 1921
553 2250
308 3482
553 716
308 2101
553 1949
308 3072
553 3144
242 308
553 4423
308 542
160 553
308 3475
553 3402
308 564
553 4081
308 1916
553 2782
308 4441
553 2113
308 1601
553 723
88 308
553 4749
308 1549
553 4890
41 308
553 903
308 865
553 3718
308 4494
553 796
308 2301
553 1000
308 3785
553 4000
308 673
453 553
308 3009
553 1385
308 1315
553 4504
308 3045
553 1146
308 776
553 3605
308 3778
553 4188
308 4781
553 3787
308 1585
553 603
308 2288
553 2261
308 2777
553 1274
308 4550
125 553
308 2772
553 4392
308 2502
553 4574
308 2146
553 3308
308 3616
553 2460
308 345
553 3757
308 4321
553 3901
308 3300
553 3467
308 4342
553 3849
308 3306
553 4966
308 2413
553 4518
308 2906
553 1819
308 1205
120 553
308 631
194 553
308 324
458 553
308 3368
553 1134
308 4698
553 3473
308 2891
553 3964
308 1697
553 1226
308 3493
553 974
308 2913
553 1836
308 797
553 4537
308 4436
553 560
308 3443
553 1233
308 2544
206 553
308 3303
553 2854
308 4340
553 2707
308 3850
553 1667
308 2874
553 3553
308 782
553 3343
199 308
553 4904
308 4964
553 1898
308 4685
276 553
308 4676
553 3924
308 4487
553 2559
308 1357
553 1856
273 308
553 4362
308 2660
523 553
308 3143
553 4151
308 2136
553 4139
308 4302
98 553
308 2677
553 3803
308 4792
553 666
308 4481
553 3730
308 4175
553 1926
308 3537
32 553
308 1841
553 3037
308 1342
553 2627
308 2745
92 553
308 495
553 3696
308 1865
553 984
153 308
553 1489
308 3232
553 1192
308 4021
553 1204
308 2942
553 4461
308 491
553 4167
308 2141
553 3184
308 2675
360 553
308 4837
553 4451
308 3344
553 4409
308 2650
553 3878
308 1038
553 4632
308 3121
553 1217
308 568
553 3377
308 4947
553 4219
308 917
553 1878
308 2806
553 3201
308 1505
553 664
308 875
553 4446
308 883
553 2495
308 1759
553 3565
308 320
553 1050
175 308
553 3987
308 4460
553 2296
308 2224
553 598
308 505
553 1682
308 2950
553 2508
308 4751
553 4649
308 2213
553 1467
308 881
553 1693
308 4419
318 553
308 3571
553 3449
308 3737
553 2998
308 2654
553 1293
308 4981
553 2564
308 1520
553 1597
308 3319
126 553
308 4983
553 711
308 3116
553 3791
308 4586
553 3382
308 893
553 3860
308 1318
553 4330
308 2328
553 1223
270 308
553 4828
308 3591
553 1792
308 556
553 1600
308 2834
553 4654
308 4852
553 1413
308 3333
553 4968
308 449
553 783
308 822
553 1755
308 3234
553 1246
308 3556
553 3613
308 4818
553 4044
308 4906
327 553
308 4298
553 1586
308 1730
553 3800
308 1710
553 2694
308 905
553 4272
308 2031
553 2888
308 2788
553 1214
308 1069
553 4284
308 3091
553 3499
308 4555
553 2798
308 2476
553 4511
308 3289
383 553
308 3055
553 2916
308 4876
411 553
308 1723
553 2504
308 3332
553 3939
308 2394
553 1677
308 621
553 4570
308 2483
553 3795
308 3069
553 1048
308 4965
336 553
308 4364
553 1443
308 1490
553 4514
308 4896
553 4003
308 1248
553 3521
308 4949
553 2435
308 2270
8 553
308 2159
553 4916
308 3871
553 3394
308 3669
553 2005
308 4930
21 553
308 3053
553 4663
308 1175
553 654
308 2769
553 1268
308 3858
553 2173
308 1909
553 1893
308 3011
553 2306
308 4874
553 3197
308 3151
221 553
246 308
553 4928
308 742
553 808
308 2937
553 1402
308 1049
553 4805
308 484
553 2901
308 2011
553 1809
308 4128
362 553
308 1052
553 4513
308 381
219 553
308 4975
553 1820
308 3712
553 1435
308 1567
553 697
308 3410
553 3818
308 4674
553 1314
308 2967
553 3863
308 4165
553 1623
308 4925
553 2244
308 1793
553 1071
308 2695
553 4289
308 4427
553 3881
308 4092
553 4561
308 1922
172 553
308 4076
432 553
308 4624
461 553
308 982
553 2979
308 2829
553 1888
308 1372
553 4413
308 4098
553 2749
308 399
367 553
308 1344
467 553
308 1062
553 592
308 3191
553 1143
308 2284
553 3533
308 3052
553 4240
308 2369
553 1068
308 3497
553 2883
308 1055
553 2712
308 3615
553 3174
308 3856
553 2839
308 513
553 3648
308 3638
553 3597
308 3253
553 4150
308 1129
553 1903
308 2397
553 4575
308 4117
553 2259
308 1383
553 1859
308 3970
553 3262
308 1119
553 1869
308 3942
553 687
308 1928
553 4657
308 1426
553 2857
308 4870
553 3575
308 1172
553 844
308 1757
553 2074
308 3641
553 4074
308 849
553 758
308 3078
553 1132
308 3158
553 4287
308 2381
553 1569
308 2118
553 3773
308 2562
553 2999
308 4449
553 3978
308 2842
553 3643
308 2685
553 744
308 3276
553 4082
308 2389
553 2339
308 4335
553 4120
308 397
553 1875
229 308
553 4346
308 3626
553 3086
308 4868
553 4719
308 1691
553 2364
308 3636
553 3775
308 2800
106 553
156 308
553 1304
308 588
553 3426
308 2563
553 3802
308 790
553 4196
308 1210
553 1312
308 3396
553 4597
308 1084
553 3595
308 1829
553 1422
308 1457
553 2026
308 3694
553 1753
308 4058
287 553
308 1191
553 653
308 4924
553 1953
308 3445
553 3164
308 487
553 3236
308 2581
553 1962
308 4163
553 2496
308 888
553 925
308 4955
553 1522
308 3131
553 2271
308 1747
553 2181
308 3734
553 3211
308 1695
553 2229
308 3248
553 1620
308 372
553 2210
308 1203
553 4512
308 677
553 1950
308 3137
553 2570
5 308
311 553
308 1147
405 553
308 3315
553 2943
308 2243
553 4268
308 3576
553 3666
308 948
553 3564
308 3922
553 2521
308 3943
553 3479
308 4046
553 4853
308 4380
553 908
308 595
553 3115
308 1872
553 2626
308 3919
553 4084
308 4012
553 4066
308 4833
553 2860
308 1072
553 1105
308 935
553 2298
308 1884
111 553
308 2903
553 886
308 3314
553 3117
308 3770
553 4265
308 3331
553 3976
308 740
503 553
308 939
553 559
308 1546
553 3551
308 761
553 674
308 3104
553 3094
195 308
112 553
308 2785
553 3070
205 308
553 4193
308 2279
553 874
308 1053
553 649
308 2896
553 1685
308 1511
553 3054
308 4752
553 4778
308 714
553 817
308 2717
553 3522
308 3741
553 4004
308 2709
553 3159
308 1761
553 4936
308 2729
553 3608
308 2088
553 3399
308 867
553 739
308 2334
553 3934
308 462
553 2295
308 795
553 4273
308 382
553 3588
308 2085
553 4166
308 4579
553 2091
308 1584
553 2746
308 1037
553 2491
308 2682
553 4943
308 2013
553 3969
308 3334
553 937
308 1074
14 553
308 4160
553 4900
308 3419
553 4722
308 861
553 703
308 3370
553 3049
308 4303
553 2820
308 4741
553 2940
308 1678
553 3185
308 4137
553 924
117 308
553 3100
308 4899
553 2404
308 561
553 2619
308 1323
553 2705
65 308
553 1858
308 2540
553 4245
308 3171
553 1189
308 2430
553 4333
308 1380
553 4765
308 1148
553 3240
308 1113
553 1432
308 655
532 553
308 3546
553 1668
308 3366
553 2910
308 3701
553 2168
308 424
553 2818
308 3692
553 802
308 941
553 4991
308 2676
553 688
308 1420
553 4820
308 4838
553 4146
308 1025
553 4636
308 4642
339 553
308 1670
553 986
308 3157
553 1444
308 4554
553 3228
308 4279
553 2193
308 1932
553 3688
308 4185
553 4582
308 3798
553 877
308 1735
553 4079
308 2290
553 2859
308 944
553 3298
308 3746
553 1882
308 2767
553 3829
308 3610
553 4745
288 308
553 2648
308 3825
553 3025
308 3381
212 553
308 4102
553 858
308 3841
553 3763
308 2199
553 2390
308 1672
553 1471
308 4860
328 553
308 3563
553 2961
308 1763
553 4728
308 4106
553 2214
308 922
553 1106
308 4361
553 3060
308 2427
501 553
78 308
553 3409
308 2066
553 4980
308 4917
553 4391
308 4170
553 1108
308 3233
553 2831
308 4345
553 3263
308 628
322 553
308 3346
553 1225
308 1215
553 4094
308 2211
553 756
308 4499
429 553
308 2060
553 872
308 3071
553 4534
308 3715
553 4557
308 313
479 553
63 308
553 4087
308 3550
553 2251
308 2846
553 3458
308 4241
553 2385
308 2335
553 2926
308 947
553 2402
308 3351
553 4630
308 2428
553 4548
308 2499
553 4736
308 1338
553 4994
308 2094
553 2569
308 1919
553 3806
308 804
553 2691
308 766
553 2443
308 698
553 1738
308 720
553 3040
308 2932
553 1598
308 4847
553 722
308 3711
241 553
184 308
553 639
308 2725
11 553
308 638
553 3562
308 2808
553 2046
308 2890
553 4443
308 2960
553 1900
308 4889
553 4198
308 1327
553 4601
308 4480
506 553
308 1891
553 988
308 1751
553 3484
308 3364
553 2086
186 308
553 3214
308 4019
553 1102
308 4324
326 553
308 3716
553 1006
308 4892
553 3408
26 308
553 2122
308 4140
553 3199
308 384
350 553
308 2532
553 4875
308 3282
553 3138
308 611
553 1552
308 347
553 1762
308 1993
553 4720
308 3809
553 1588
308 3301
553 1080
308 3010
553 792
308 3540
553 2395
308 3135
340 553
308 3548
553 1874
308 2016
553 1817
308 496
553 713
308 4402
553 3468
308 2936
553 3166
308 2023
553 1168
308 878
553 3815
308 3670
553 1918
236 308
553 2501
308 1428
553 1041
308 2160
553 2275
142 308
553 3870
308 3195
553 1913
308 3450
553 2192
308 1118
553 997
308 4596
553 2756
308 3378
553 4038
308 3893
553 2963
308 4337
553 4635
308 691
553 1188
308 3753
553 4422
308 1563
553 1197
308 319
553 737
308 566
553 4606
308 1973
553 4859
308 2186
553 3076
308 1613
553 1768
308 1902
553 670
308 4614
553 2713
308 4678
553 2582
308 2565
553 2652
308 2009
553 3202
308 1806
553 3283
308 1842
553 1783
308 547
553 4354
308 1770
553 2764
308 4591
553 4488
308 2323
553 1267
308 3281
553 586
308 444
553 4977
308 4316
553 1708
308 3992
553 2007
308 2012
553 2025
308 4277
553 4055
308 591
553 4275
308 2949
553 3908
308 2388
216 553
308 4772
553 1808
308 4057
553 1001
308 2442
553 4043
308 706
553 4348
308 2593
553 2345
308 4787
553 3645
286 308
553 2923
308 3845
553 2393
308 4492
553 1558
308 1434
553 821
308 4318
297 553
308 3272
553 1718
308 2380
553 2536
308 3726
553 4147
308 2103
553 1043
308 477
553 2409
308 767
553 4189
308 1334
553 811
308 1864
115 553
308 3362
553 2314
257 308
553 692
308 480
553 1403
308 583
553 4926
308 4270
272 553
308 1896
553 579
308 3167
553 942
308 1250
553 4013
308 1085
553 1370
308 1142
553 1136
308 4841
553 1795
308 1837
553 4922
308 1680
553 608
308 3483
553 1767
308 1724
553 2884
308 1911
553 791
308 4257
553 4291
308 2747
553 2698
308 1640
553 4060
308 4288
553 4420
308 3940
553 3452
308 3618
553 1649
308 2863
553 4985
308 3178
553 4608
308 769
553 647
308 3273
553 2987
308 3196
553 4757
308 3910
553 2994
308 1963
553 825
290 308
553 4358
308 1285
553 4510
308 1631
553 812
308 1484
553 4276
308 4549
256 553
308 2286
553 4681
308 1229
526 553
308 2075
553 4491
308 686
553 954
308 4746
553 2507
308 3498
553 866
308 2849
553 1690
308 1880
553 2519
308 3310
553 1202
308 814
553 1657
308 2140
553 2534
308 1564
553 650
308 3931
553 2189
308 578
553 3819
308 3347
553 3774
308 1752
553 2624
308 4940
553 3371
308 545
553 4255
303 308
407 553
308 3460
553 3952
308 3495
553 3792
173 308
553 1595
308 1219
553 3750
308 2774
553 2843
61 308
553 2153
308 1198
304 553
308 996
553 4863
308 4259
553 3959
308 344
553 1289
308 4553
131 553
308 2161
553 3296
308 1779
553 4360
308 3108
553 1015
308 3189
553 1476
308 4556
553 2492
282 308
553 2836
308 4651
553 3884
308 4025
553 3407
308 1128
553 4355
308 4238
553 4183
298 308
553 4655
308 4706
553 4656
308 683
553 852
308 2415
553 2638
308 3554
553 4296
308 2096
441 553
308 4254
553 3794
308 4946
553 1838
308 2228
553 2584
52 308
553 4016
308 4613
553 3251
308 2809
553 1066
308 1556
553 4244
308 521
116 553
308 4694
553 2234
308 1077
553 2647
308 2628
553 3380
308 3628
553 636
308 4386
553 1720
308 2044
553 2771
308 2367
553 4567
308 2461
553 2175
308 2312
553 4322
308 2728
553 4309
308 3096
56 553
308 2617
553 3577
308 1211
553 920
308 3682
553 2119
308 342
553 3388
308 1925
553 690
308 1947
553 1901
308 2054
553 1637
308 3758
553 2318
308 4992
553 4033
308 1727
553 3336
308 2172
517 553
308 4202
553 3478
308 3674
553 3080
308 4923
553 3102
308 1378
553 2225
308 1576
338 553
308 1158
553 3949
308 2551
553 3697
308 4429
553 625
308 4031
553 1773
308 2641
553 2589
308 2073
553 4125
308 2377
553 2601
308 991
553 2500
308 3625
553 3807
308 2840
553 3761
308 3264
553 1366
308 4425
553 1527
308 3398
553 2851
308 2139
553 1868
308 1057
553 1658
308 438
553 1311
308 2611
553 3118
308 390
385 553
308 4384
553 1253
308 2811
553 3673
308 4825
553 4180
308 4710
553 4878
139 308
553 3502
308 2198
553 3511
308 1361
553 870
119 308
553 2133
308 4699
553 2872
308 777
553 3985
308 3917
553 4666
308 2174
553 2614
308 3044
553 1239
308 4159
498 553
308 1574
553 4311
308 1797
553 2421
308 2337
553 2433
308 1513
553 4634
308 1259
553 4725
308 2823
553 1448
308 439
553 3926
308 4862
226 553
308 1974
553 1054
308 724
13 553
9 308
553 968
308 2092
553 3709
308 3250
553 3937
308 3123
553 1688
308 2100
553 4958
308 1474
553 4695
171 308
553 1512
308 823
553 2975
308 1941
553 1764
308 4907
553 2106
308 3430
553 4304
308 3140
553 1722
308 2659
553 2982
308 2209
553 3962
308 3861
553 1977
308 1350
553 755
308 4806
553 4984
308 2930
553 4503
308 2986
553 3630
308 3005
553 1811
308 4274
553 1653
308 4895
553 4114
308 3435
401 553
308 2246
553 4993
308 4467
553 4689
308 1542
553 1453
308 2542
553 1850
308 4229
553 705
308 1954
553 4617
308 1559
553 590
50 308
553 1270
308 3650
553 4103
308 2935
255 553
308 919
553 3229
308 4962
553 2253
308 3421
553 3446
308 2911
553 945
308 4800
24 553
308 2457
553 2065
308 1089
553 2406
308 3160
553 2082
308 3543
553 2163
308 4927
553 1915
308 4101
553 3583
308 456
553 2212
308 1031
553 1538
308 3026
553 3541
308 4398
553 747
308 4387
553 665
308 4815
553 1910
308 2970
553 4839
308 4152
553 845
308 3097
553 1181
308 4520
553 2597
308 2512
553 1990
308 2585
553 594
308 826
553 1700
308 520
553 2316
308 789
553 632
281 308
553 4599
308 1539
553 778
308 355
553 1004
308 4112
553 1517
308 4640
553 1232
308 3738
553 1599
308 2366
553 2969
308 3997
553 2765
308 4107
553 4119
308 1265
553 3883
308 4063
553 4524
308 3518
553 2142
308 4762
361 553
308 2575
553 2321
308 4644
553 2583
308 4960
553 3547
308 3311
553 1834
308 2403
553 1504
308 2972
553 4062
308 774
502 553
308 2887
553 4961
308 2455
553 1930
308 2444
553 4389
132 308
553 2835
308 3647
553 4988
308 4473
553 3836
308 1020
312 553
308 3903
34 553
308 4434
138 553
308 3691
553 3649
308 1862
553 4065
308 468
553 3093
308 4232
553 1895
308 1247
553 2802
308 2981
553 1056
308 4641
234 553
308 2721
553 1992
308 2844
553 2090
308 3218
553 2169
308 2600
553 4432
308 4827
553 1470
308 799
553 3662
308 332
553 1234
308 2797
553 4502
308 614
553 965
308 1578
553 985
308 4089
553 949
308 1590
16 553
33 308
553 2922
308 3833
553 2431
308 658
553 4799
308 4280
553 834
308 3820
553 1938
308 4851
553 1646
308 4767
553 3561
308 1833
553 2789
308 3589
553 3882
308 3789
553 4478
308 2326
553 699
308 2608
553 2125
308 2392
553 3148
308 2629
553 3877
308 900
553 1734
308 1818
553 1177
308 2864
553 1404
308 1497
553 2945
308 4619
553 842
308 558
553 3535
308 904
447 553
308 490
553 3504
308 1846
553 4162
308 4850
553 2269
308 379
225 553
308 3528
553 1182
308 528
553 3951
308 3874
553 4905
308 4785
553 1034
18 308
553 1093
308 4285
553 2933
308 2622
553 685
308 3660
553 4759
308 2079
553 1535
308 2273
553 3954
308 4096
310 553
308 4938
553 1228
3 308
553 1390
308 3779
553 619
308 4790
553 4653
91 308
553 3027
308 2706
553 1936
308 3008
101 553
308 391
553 4683
308 2715
553 3130
308 3293
553 4519
308 2469
553 3897
308 3139
553 3411
308 1582
553 3222
308 906
553 4373
308 2072
553 3176
308 4421
204 553
308 2342
553 1316
217 308
553 2700
308 4959
553 1594
308 1437
553 815
308 460
553 950
308 4010
553 4261
308 1543
553 2071
308 830
553 3756
308 4406
553 4417
308 3958
553 4231
308 1401
553 3429
308 813
553 2410
308 2231
553 1237
308 2414
553 4942
308 1502
553 1254
308 4572
553 4077
308 3297
553 4665
308 3693
553 1608
291 308
553 2201
308 4957
553 3481
308 4701
553 800
308 4023
553 2649
308 2787
553 4394
308 3609
553 3341
308 1272
553 3832
308 2446
79 553
308 3244
553 1260
308 3534
151 553
308 1209
553 2543
308 4067
553 4424
308 731
553 1249
308 1715
553 1822
308 1258
553 1524
308 4217
553 3727
308 3309
166 553
308 3579
553 4731
308 4200
553 1711
308 1975
553 3220
7 308
553 2485
308 1494
514 553
308 2929
553 1079
308 1345
553 2924
308 3748
553 2779
308 1408
553 1995
308 4515
553 4375
308 4224
553 4603
308 721
553 2344
308 4225
305 553
308 4496
553 1886
308 998
553 2497
308 2398
553 2445
308 2055
553 2099
308 2356
553 2233
308 3764
553 2708
308 3590
516 553
308 1414
553 3713
308 4037
553 3175
308 816
553 2222
308 1666
553 3219
308 1706
553 4819
308 4301
553 2870
308 4735
553 2477
308 597
553 2061
308 901
553 4979
284 308
553 1870
308 3095
553 4794
308 4048
553 1337
308 1899
553 1292
308 2833
553 4643
308 3150
553 2458
308 1683
553 3703
308 4068
553 4192
308 1581
553 3788
105 308
553 4246
308 3864
553 4334
308 4626
553 4622
308 3695
553 863
308 3668
553 4116
308 1717
553 2703
308 3360
553 2019
308 2964
553 4872
308 1791
414 553
308 2775
143 553
123 308
553 2309
308 887
553 4536
308 3759
553 2148
308 763
553 2217
308 1828
553 2426
308 1063
553 2322
308 4495
553 4611
308 733
553 1421
308 843
553 964
308 1774
553 929
308 2804
553 1889
308 2900
553 3440
77 308
553 781
137 308
553 1943
308 2974
553 1176
308 3034
553 4295
308 4593
553 4576
308 4071
553 3888
308 1671
76 553
308 1407
553 1360
308 829
553 862
308 1629
553 4430
308 4237
113 553
308 1240
553 1021
308 3112
553 4359
214 308
553 1639
308 3322
530 553
308 2847
553 885
308 2166
163 553
308 4299
553 3077
308 1099
553 2248
308 2980
553 2177
308 4933
553 4462
124 308
553 2892
308 2216
553 3784
308 1452
553 4007
308 4367
553 2401
308 805
553 570
308 801
553 3513
302 308
553 4005
308 3418
553 671
308 1506
553 3106
308 582
553 4142
308 1825
317 553
308 1481
553 4621
308 3847
553 2841
308 3358
553 1501
308 3928
553 4776
308 4438
553 3844
308 4532
553 3941
308 3373
380 553
308 4312
553 1012
308 1967
377 553
308 4442
553 1032
308 854
10 553
308 1459
553 2610
308 928
553 3367
308 3372
553 1498
308 1749
553 907
308 2697
553 4395
308 577
553 3210
308 915
553 1076
308 2117
553 2287
308 3081
553 3190
308 2526
553 606
308 4263
553 3312
308 1262
553 4788
218 308
553 1290
308 1970
553 4131
308 2370
553 4633
308 4816
553 2260
308 1308
553 4222
308 3441
553 787
308 2956
553 4702
308 2579
553 624
308 4661
107 553
308 478
553 2909
308 2185
187 553
308 2577
553 4987
121 308
553 2723
308 3048
553 571
308 715
553 2711
308 2391
553 3612
308 882
553 3338
308 4290
553 4214
308 2320
553 3914
308 1800
553 4484
308 2303
553 1956
308 510
553 565
308 2689
553 4686
308 1589
553 4075
308 534
553 1740
308 3039
553 4505
308 1187
553 4136
308 2145
553 1529
308 663
553 616
308 1013
553 2098
308 1067
553 3536
308 4737
553 1849
308 4138
553 1851
308 2741
553 4869
308 2095
553 3708
308 4194
553 4823
308 1495
553 3424
308 4881
553 3444
308 2763
553 3686
308 3545
553 3480
308 3085
553 2550
308 1427
553 4457
308 4083
553 4886
308 4022
553 3813
308 3555
364 553
308 1153
197 553
308 2516
553 923
308 760
553 1251
308 2135
553 3361
308 4856
553 1095
224 308
553 3946
308 3663
553 3975
308 488
553 4801
308 3517
553 1528
308 473
553 4897
308 1221
553 3627
308 1393
553 2525
47 308
553 3684
308 2456
553 2850
308 4997
553 3578
245 308
553 4865
308 2679
201 553
308 890
553 3857
308 1887
553 4475
308 1532
553 959
308 497
553 860
308 1853
553 1966
308 1116
553 2663
308 4258
553 930
308 1373
553 4840
308 1701
474 553
308 819
553 2107
308 1155
553 2750
308 630
553 1604
308 1395
161 553
308 3598
553 2258
308 3359
553 2791
308 544
553 3146
308 4638
553 2757
167 308
553 2824
308 1939
553 648
308 1550
553 4580
308 2317
553 2396
308 4588
553 4148
308 3993
553 1167
308 2387
553 3390
308 3379
553 2305
308 2196
553 1785
308 3092
182 553
308 4919
553 4578
308 1376
553 2478
12 308
553 1213
308 1756
553 4766
308 4215
553 2017
308 2977
553 4372
308 4739
553 3270
308 3463
553 2124
308 1133
553 2336
308 1621
553 4353
308 1005
553 2552
308 2247
553 1487
308 2202
553 4286
308 1748
553 2180
308 2549
553 660
308 413
553 2671
308 4378
553 1425
308 2084
553 4817
308 3999
73 553
308 589
553 2822
308 4973
553 3826
308 2359
553 3634
308 1507
553 1726
308 1018
553 2885
308 2285
553 4677
308 1805
553 1827
308 3723
553 3317
308 4172
553 4774
308 2915
553 3313
308 4343
553 3744
308 3814
553 1157
308 398
553 3491
308 2050
553 4540
308 1630
553 4546
308 1410
522 553
308 615
553 3812
308 2996
553 4771
308 4562
553 634
308 839
553 1381
308 373
553 4253
308 3527
553 2556
308 1137
553 4100
308 3448
553 960
308 1365
553 2645
308 2530
53 553
308 393
553 2417
308 4999
553 3464
308 4242
553 4036
308 4756
28 553
308 1931
553 2111
308 1729
553 1016
308 1017
553 2639
308 1028
553 2024
308 1281
553 4095
308 2733
96 553
239 308
553 4226
308 321
553 2773
308 1454
553 717
308 3995
553 2239
308 2003
553 2752
308 4708
553 2232
308 1367
553 2991
308 349
553 2965
308 873
553 1562
308 2718
553 1389
308 962
553 3617
308 3631
553 824
202 308
553 4405
308 4812
553 768
308 4256
553 3225
308 4396
553 4145
308 4051
553 3837
308 3567
519 553
308 1264
553 3391
308 2907
553 4223
308 2158
553 1086
308 4047
553 1699
308 1803
553 2768
308 4620
553 1579
308 2815
553 3973
308 1287
553 4849
308 3208
553 2567
308 4368
553 2588
308 2665
553 2070
308 4682
553 2612
308 2331
553 1291
308 3683
402 553
308 2762
553 4585
308 1521
553 3271
308 1394
553 2206
308 4602
553 3721
308 2817
553 2545
308 440
553 4616
308 622
553 4294
308 4127
159 553
308 3455
553 1634
308 1269
553 1236
308 3568
553 4679
308 4351
553 1656
308 596
553 871
114 308
553 3909
308 1500
553 1577
308 3653
553 4078
308 2778
553 2150
308 4208
343 553
308 3064
410 553
308 3213
553 1626
308 1619
553 4085
308 1609
553 3018
308 1302
553 3330
308 3956
553 3405
308 4097
553 584
308 2761
553 2470
35 308
553 1320
308 2897
553 3280
308 994
553 1230
308 2283
553 2832
308 3831
553 3438
308 2276
553 2080
308 897
553 3217
308 3707
553 1616
308 2580
553 2616
308 970
325 553
308 2384
279 553
308 1035
553 2226
308 2307
553 4918
308 3652
553 913
308 1266
553 3259
308 2944
553 4109
308 3374
553 2358
308 1719
553 1442
308 4212
553 3846
308 3182
553 2876
308 1737
553 1362
308 2308
553 2978
308 1046
553 1160
238 308
553 1161
308 741
553 4832
308 1460
553 933
308 1010
553 1058
308 2827
553 4111
308 2121
553 779
308 481
553 3600
308 1313
553 4951
308 3145
553 946
308 992
553 3465
308 1568
553 4937
308 1908
553 3830
308 3433
553 3277
308 3256
553 4631
308 1100
553 2454
308 3896
553 3275
308 540
553 3569
308 3724
553 1179
308 2448
553 1036
308 388
553 4693
308 3142
553 3395
308 1114
553 4734
308 4846
553 2156
308 4352
553 4675
308 3216
553 2215
308 2378
553 4266
308 4130
553 1252
308 3512
553 932
308 2984
553 2187
308 3760
553 2533
308 4948
553 2032
308 4700
368 553
308 371
553 637
308 1933
553 2997
308 4528
553 1781
308 1165
553 1083
308 4474
553 569
308 1201
553 3302
308 3869
553 3168
308 4584
358 553
308 889
553 3420
308 2547
553 3243
70 308
553 2254
308 1651
553 3667
308 3948
129 553
308 2825
553 4670
308 3387
553 4763
308 3459
553 4598
308 4628
553 3065
308 1073
553 1483
308 4740
136 553
308 3457
553 2992
308 1642
553 2463
308 2523
553 4986
308 2881
183 553
308 2845
553 4780
308 2646
553 4662
308 2137
553 4104
308 3198
553 2734
308 3868
329 553
308 2568
553 3622
308 1349
553 3633
308 3967
553 4371
308 1445
553 4357
308 3817
553 4727
308 3855
356 553
308 1195
553 876
308 1379
553 2535
308 3570
553 4552
308 4808
553 3607
308 4773
553 3028
29 308
553 3470
308 4898
553 4157
308 669
553 2341
308 1011
553 4080
308 4769
553 1174
308 3916
553 1117
308 4743
553 4070
308 470
553 3001
308 1988
459 553
308 2517
553 4271
308 3593
553 3066
154 308
553 1555
308 1705
418 553
308 3136
553 1914
177 308
553 1771
308 2346
531 553
308 3839
553 4583
308 1439
553 3239
308 3246
553 1456
259 308
553 2837
308 1051
553 1164
308 3983
553 4712
308 4477
553 1431
308 3710
553 4292
308 1424
553 4086
308 4073
553 2821
308 983
553 3266
308 3639
553 3552
308 4020
553 1883
308 1482
553 3050
308 2167
296 553
299 308
553 3743
308 633
553 2424
308 416
553 2062
308 2498
553 2042
308 1307
553 1333
308 3103
553 3895
308 417
553 4350
308 3063
553 2411
308 764
553 3947
308 3365
553 1257
308 404
553 4315
308 1499
403 553
308 4320
553 1477
308 3384
553 4042
308 1138
553 3621
308 3183
553 4713
308 3867
553 3113
308 2340
553 2040
308 4028
553 3586
308 1386
341 553
308 3632
553 3170
42 308
553 762
308 3454
553 3014
308 4664
553 3783
308 4697
262 553
308 1544
553 4220
308 1150
553 4854
308 3059
553 3979
308 4696
553 1782
100 308
553 1090
308 1769
44 553
308 1743
553 3434
308 4953
553 4041
308 4523
553 4971
308 3642
553 4901
308 419
553 2352
308 2555
553 2197
308 2576
553 2468
308 2184
553 2332
308 3203
553 1885
308 346
553 1255
308 2669
553 3162
308 2985
213 553
308 1384
553 4415
308 940
553 2878
308 1130
553 3038
308 1515
553 2830
308 4216
553 2666
6 308
553 4507
308 3777
118 553
308 3907
553 1976
308 751
553 3687
308 1014
553 3375
308 1852
553 4411
308 2946
553 4045
308 1326
553 1324
308 2620
553 2720
308 1744
553 3369
308 2083
553 643
308 1341
553 1310
308 2240
553 2015
308 446
553 1627
308 943
553 1244
308 4319
553 3462
308 2871
553 3768
308 3690
553 2724
308 4472
553 2493
308 3960
553 4313
308 4026
553 3031
308 3740
552 553
308 1493
553 3090
308 2696
553 3835
308 605
89 553
308 2076
553 2877
308 4508
553 1923
308 2006
396 553
308 613
553 1698
308 2104
466 553
308 3769
553 2108
85 308
553 2408
308 2766
553 1027
308 1523
553 1593
308 3735
553 2594
308 3873
553 1296
308 2643
553 1392
308 3423
553 1368
308 2171
553 2578
308 3453
553 916
308 1121
553 4447
308 374
553 3900
308 1377
553 2566
308 1940
553 2934
308 2089
553 1821
308 3698
553 1003
308 1603
553 1042
308 508
307 553
308 1824
553 3241
308 2437
553 3514
211 308
553 695
181 308
553 1999
308 3406
553 4399
308 1438
553 4501
308 4770
553 1352
308 4718
553 684
308 1436
553 1778
308 2596
64 553
192 308
553 4880
308 851
553 4310
308 1789
553 3079
308 620
553 651
308 2738
553 894
308 4444
553 4155
308 3685
553 1463
308 912
553 1812
308 3720
188 553
308 3755
553 2058
308 833
553 3357
308 604
553 2621
308 2506
553 693
308 3292
68 553
308 4433
553 2953
308 3415
553 909
308 2716
553 2522
308 3890
74 553
308 1617
553 1897
308 3804
504 553
308 4797
553 1525
308 4174
553 729
308 563
553 1957
308 2880
553 4784
308 4864
553 2289
308 392
553 2640
308 4088
69 553
308 4486
553 3752
308 2242
553 2120
308 2002
553 2939
308 2574
553 772
22 308
553 4522
308 3592
81 553
308 4934
553 2710
308 2805
553 1987
308 785
553 3124
308 1566
553 1503
308 1261
553 3754
308 4571
553 1107
308 2018
553 980
308 3966
553 1660
308 4976
553 1298
308 1475
553 1742
308 3887
553 3728
308 4690
158 553
23 308
553 2440
308 4072
553 1561
308 2781
553 3015
308 3193
553 4105
308 482
553 3938
308 602
553 4861
308 1447
553 1412
308 409
553 3327
308 1519
553 2405
308 1478
553 2683
308 2466
553 3290
308 899
208 553
308 1510
553 3929
308 3955
553 2672
72 308
178 553
308 2816
553 1592
308 753
19 553
308 2976
553 4269
308 483
553 2848
308 3238
553 1125
300 308
553 2783
308 3324
553 3786
308 3827
553 3165
308 898
553 3739
308 2077
553 3717
308 2951
553 3393
308 2147
553 2467
308 554
553 3279
308 4121
553 4789
308 3194
553 1632
308 2670
553 1754
308 4408
553 1241
308 1242
553 3242
308 4747
553 4775
308 1488
553 4118
308 2365
553 1131
308 835
553 1606
308 4314
553 3456
308 2355
553 1989
243 308
553 3318
308 2599
553 2838
308 1972
553 4332
308 4577
553 798
308 2362
553 3980
308 3230
553 3286
308 4625
553 3559
308 3876
553 771
308 2726
553 1356
308 1969
75 553
308 1813
553 3488
308 4714
553 2673
308 3675
553 1881
308 518
553 599
308 4730
104 553
308 2021
553 2531
308 4015
553 4463
308 3531
553 1184
308 2475
58 553
308 784
553 1382
308 3127
553 4381
308 3110
553 3149
308 2701
553 1866
308 2927
553 4306
308 2450
475 553
308 2744
553 4366
308 1648
553 4305
308 995
553 2993
308 2528
553 3930
308 2632
553 1624
102 308
486 553
308 1650
553 3323
308 3911
553 640
308 3058
553 662
308 1208
553 4954
308 1162
553 2338
308 2702
553 2311
308 1112
365 553
308 859
553 2452
308 3780
553 2908
308 1547
553 2310
308 4506
553 2651
249 308
553 2432
308 738
553 1675
308 3990
553 3582
308 2241
553 3416
308 4724
553 4911
308 794
553 4239
308 809
553 2157
308 1238
553 4563
95 308
553 1663
308 1355
553 2538
308 457
553 1288
308 2035
553 4252
308 4539
553 4716
308 3782
553 3062
308 3944
289 553
308 1451
553 1960
308 2503
128 553
308 2051
553 3268
308 4455
553 2482
308 3163
553 3401
308 1441
553 2954
308 4783
553 1728
308 1468
553 2375
308 2373
553 2919
308 4482
553 4705
308 836
553 3469
308 2097
553 2291
308 3252
553 1029
308 3927
553 2425
308 2149
553 1929
254 308
553 2630
308 1178
553 562
308 623
553 1570
308 4967
553 2758
308 838
553 1890
308 3629
553 3558
308 2494
553 1661
308 4122
553 626
308 1644
553 1686
308 1492
553 3539
308 3996
337 553
308 642
553 2182
308 1111
553 1843
308 2807
553 2190
308 4558
553 2324
308 2799
553 2780
308 4134
553 1857
308 1684
553 4742
308 1964
553 2548
308 1673
553 4813
308 2033
553 2178
308 3207
553 820
260 308
553 1061
308 4471
553 4190
308 846
553 3530
308 4476
553 3963
308 2971
553 4267
308 1019
553 803
308 4894
553 4091
308 743
553 661
308 1860
553 1430
308 1200
553 3925
308 2236
553 4883
308 3267
553 3611
308 4403
553 4416
308 4059
553 3181
308 4717
553 4206
308 536
553 3389
308 4753
553 2195
308 4802
553 1692
308 331
553 2681
308 3007
553 3261
308 1479
553 4181
308 1799
553 4418
308 635
2 553
308 1622
553 1986
308 1462
553 1279
308 3036
553 3891
308 3671
553 3345
308 1815
553 3824
308 3852
553 910
308 557
553 1423
308 4176
553 652
308 2678
553 2989
308 2875
553 1485
308 3111
553 2105
308 3573
334 553
308 1959
553 1772
308 442
71 553
308 1222
553 587
308 2416
553 1169
308 2081
553 1689
308 3977
553 1958
308 3353
553 3329
308 4445
553 2947
308 2138
553 676
308 2814
553 1336
308 3017
553 759
308 507
553 3892
308 1713
553 1835
308 1275
553 3385
308 1652
553 961
308 2539
553 1397
193 308
553 1297
308 4834
553 4158
308 3581
553 2931
308 1877
198 553
308 4453
553 1560
308 2861
553 3231
308 1746
39 553
308 3840
553 2541
308 3731
553 3594
308 2131
15 553
308 4123
553 1572
308 1369
553 4544
308 1022
553 1716
308 352
553 3651
308 4356
553 4143
308 1662
553 2760
308 3056
553 2014
308 1548
400 553
308 1801
553 3087
308 1328
553 2300
43 308
209 553
308 3742
553 972
308 2572
553 978
308 2520
553 2858
308 2116
553 2486
308 3585
553 2386
308 1295
553 4811
308 4835
553 1065
308 3679
57 553
308 2553
553 896
308 543
553 1081
308 2183
553 2618
308 3255
485 553
308 4339
553 1135
308 4882
553 1802
30 308
553 2995
308 1388
553 4344
308 4465
553 2699
308 3061
553 2465
308 2420
553 2304
222 308
258 553
308 895
553 4328
308 1301
553 4594
308 2078
553 4363
308 1703
553 2360
308 1635
553 4810
308 3249
553 1002
308 2983
553 880
308 1628
553 981
308 3237
553 1814
308 3177
553 601
308 2988
553 4300
90 308
164 553
308 3278
67 553
308 748
553 1777
308 4824
553 2441
308 1611
553 4950
308 316
376 553
308 618
553 2368
308 2151
553 3067
189 308
553 702
308 4141
553 2143
308 3866
553 1665
308 3859
553 2505
308 1329
220 553
99 308
553 4317
308 3466
553 3179
308 3700
553 1845
308 4490
553 3729
308 1449
232 553
308 2692
553 4483
308 3188
553 1417
308 1945
553 593
308 600
553 1110
308 2958
553 1531
308 3950
141 553
54 308
152 553
308 754
476 553
308 500
553 4014
308 1183
240 553
308 1605
553 3204
308 1075
553 1571
308 3986
553 2252
308 4755
553 3431
308 3447
553 4688
308 856
489 553
308 2889
86 553
308 1775
330 553
308 2898
553 2938
308 415
553 4893
308 3532
553 2067
308 1553
553 3722
308 2742
553 2264
308 2642
553 2571
308 4956
553 1465
308 2790
553 3147
251 308
553 2920
308 541
553 3574
308 3186
553 2459
308 1464
553 2221
308 1971
553 3945
308 434
553 3422
308 4761
553 4195
308 4831
553 2754
46 308
553 2069
165 308
553 4814
308 4559
553 2856
162 308
553 3544
51 308
553 645
308 3974
539 553
308 4052
553 3260
308 953
553 2473
308 3619
553 1180
308 3913
553 3042
308 4099
553 4707
308 4410
553 1399
308 1220
553 3549
308 3173
553 4646
308 3902
553 1127
308 4560
1 553
308 3599
253 553
308 1879
553 3680
308 2041
553 2490
308 1725
553 3886
308 3342
472 553
308 2633
553 4199
308 1530
553 3808
308 2668
553 3572
308 2126
553 1109
308 443
553 2489
308 2561
553 4110
308 2587
553 2400
308 4236
553 2220
308 1997
493 553
308 752
553 4684
308 533
553 4623
308 3120
553 2447
308 3073
553 2129
308 2227
553 3035
308 1216
553 4533
308 3019
83 553
308 4379
323 553
308 1151
110 553
308 509
553 1363
308 3822
553 2873
308 4516
553 1144
308 680
553 4639
308 4935
553 2354
308 1955
553 1398
308 4647
553 1712
36 308
553 2687
308 4531
553 3337
308 4842
553 3584
308 4793
553 4879
308 370
553 1625
308 4858
553 3012
308 4843
553 938
308 3376
553 1798
308 1418
553 4374
308 2511
553 4744
308 2527
553 1776
308 1115
553 1078
308 4466
553 1044
308 2731
553 4108
308 2801
553 1450
308 2179
553 4867
308 1294
553 3269
308 1429
553 3862
308 2268
553 2453
308 1193
553 2382
308 3180
553 3209
308 2059
553 1534
135 308
553 4542
308 3154
553 2625
108 308
553 3998
308 2941
294 553
308 3596
553 3854
308 1934
553 1861
308 4796
553 2770
308 4795
553 2893
308 2348
553 3865
308 827
25 553
308 2429
553 757
308 840
301 553
308 4251
499 553
308 4243
553 3624
308 2968
553 2063
308 4709
553 2191
308 726
553 3363
308 581
553 1060
308 1983
553 4777
308 4885
553 4349
308 4857
553 2658
308 4452
553 3981
308 4913
553 3725
308 788
553 1491
308 1832
553 2573
308 1375
553 4341
308 855
553 2219
308 4564
553 2925
308 609
553 3320
308 3747
553 1120
308 574
553 4723
308 1351
553 2759
308 990
553 4234
308 1317
553 4932
308 3915
553 1985
308 448
431 553
308 3436
553 3442
308 2349
553 1596
308 4498
553 2330
308 4848
553 4049
308 3580
553 1433
308 3805
553 3383
308 2462
553 3002
308 3920
553 668
308 2114
394 553
308 780
553 3885
308 1536
423 553
308 3500
553 1840
308 749
553 2605
157 308
553 3016
308 4050
553 4650
308 4030
553 831
308 4902
553 4821
308 4569
553 1446
308 3152
20 553
308 879
553 1190
308 1733
363 553
308 427
535 553
308 3494
553 3640
223 308
553 3089
308 4822
553 1094
308 2327
553 3134
308 2615
553 1469
308 1575
553 1982
308 1830
553 4581
308 712
553 4053
308 971
553 1669
308 3529
553 2265
308 2921
553 2010
308 2262
553 3736
207 308
553 3032
308 1103
553 2102
308 1871
553 4017
308 4903
471 553
308 2028
146 553
308 1615
553 3507
244 308
553 682
308 4126
553 3781
308 2479
553 3490
308 957
553 4721
308 3041
553 4909
308 512
553 1082
308 3316
553 2293
308 2412
553 4001
308 3083
553 734
308 4385
553 967
308 2281
553 4262
308 2795
553 4323
308 1045
553 2038
283 308
553 4729
308 3510
553 1235
308 4182
553 1924
308 2794
553 3212
308 3672
553 806
308 1643
553 4738
308 3004
553 1831
308 4610
553 1299
308 4888
553 1745
308 1537
553 4032
308 2686
553 2207
308 2030
553 704
308 1277
550 553
308 2204
215 553
308 585
553 3797
308 3560
553 1387
308 4187
553 1480
308 1659
553 2277
148 308
553 2057
308 927
553 1607
267 308
553 4704
308 4915
553 4347
308 1674
553 1780
308 746
553 1937
308 3557
553 4845
308 4877
553 1391
31 308
553 3989
308 2591
553 4921
308 1951
553 4565
308 701
553 850
308 1092
529 553
308 1981
553 646
308 2302
553 1794
308 607
553 3953
308 1516
553 3023
308 3972
553 1508
308 989
463 553
308 1676
553 1332
308 422
553 2558
308 2917
553 3068
170 308
553 891
308 3677
469 553
308 2784
277 553
308 4435
553 3258
308 3968
553 4912
308 3486
553 3889
308 3771
553 1212
308 976
553 4970
308 4018
553 2914
308 629
553 4450
308 3894
314 553
308 3933
553 1245
308 999
553 2819
308 1282
553 2524
308 1359
553 3205
308 2132
553 3772
308 958
553 4945
308 956
553 1348
308 1322
553 2554
308 3523
553 2680
308 1826
553 2661
308 2826
553 3223
308 1263
553 3057
308 2655
553 2299
308 1353
553 1104
308 3994
553 4485
122 308
553 2127
308 4153
553 2598
127 308
553 2667
247 308
553 3155
308 2755
553 1346
308 696
553 3235
40 308
553 4844
308 4124
553 1207
308 2043
553 4281
308 4283
553 2436
308 3132
553 1518
308 420
553 4156
308 4470
553 2399
308 1096
553 4989
308 2049
553 3706
308 1159
553 3501
308 1440
553 4551
308 4390
452 553
308 4509
553 1305
308 4963
553 3427
308 3274
553 4431
308 3749
553 3265
308 3796
553 1765
308 4184
553 1968
308 4383
553 4645
308 436
553 3349
308 1206
553 2973
308 4545
553 1325
308 4293
553 3816
308 2194
553 3284
308 2560
553 4054
308 1509
553 3033
308 3328
553 4829
308 3520
553 4278
59 308
553 2474
308 2603
553 4667
308 770
553 2280
308 1645
553 1461
308 2128
150 553
308 4836
553 4456
308 1612
553 4600
308 3003
553 1340
308 3587
553 3957
308 3291
553 2753
308 4178
553 3801
308 4205
553 2481
308 4530
553 1405
308 1009
333 553
308 2155
553 4637
308 3414
553 3526
308 1739
553 4612
308 1455
553 4493
308 3339
553 644
308 3821
553 3400
308 515
553 3099
308 765
553 3439
308 973
553 3295
308 1573
278 553
308 549
265 553
308 359
553 3489
308 4132
553 3227
308 1409
553 3412
308 1170
553 3905
308 3765
553 1732
308 1173
553 4589
308 4400
553 4008
308 4027
553 1996
308 2704
553 3192
308 2636
553 3476
308 4668
553 1873
308 773
553 689
308 2374
553 1156
308 3853
174 553
308 3428
553 4325
97 308
351 553
308 1664
231 553
308 2223
553 3000
308 4393
553 4566
308 4791
553 3413
308 4161
553 926
308 1855
553 2852
84 308
553 1473
308 3525
553 4715
308 3354
553 2868
308 979
553 3689
308 4221
553 4732
179 308
27 553
308 4615
553 2297
308 3105
537 553
308 1641
553 2912
308 4179
293 553
268 308
553 4177
308 3257
553 750
308 884
553 1565
308 725
553 708
308 3505
553 4458
308 2350
553 4996
308 3299
366 553
308 2170
553 2123
308 1979
553 730
308 4213
553 2948
308 4154
553 4009
308 3114
553 3971
308 3904
553 4590
308 4952
553 3356
308 4830
553 3335
308 1927
553 4247
308 4972
553 700
308 2004
553 4260
308 1364
553 934
308 3392
553 2047
308 1863
553 2068
308 4093
553 1030
308 617
553 3109
308 2238
553 3988
308 2862
553 576
308 3664
140 553
308 793
553 4671
308 3247
553 727
308 2739
553 2056
308 4329
553 4115
308 3126
553 4604
308 3047
553 1331
308 612
553 3425
308 3161
49 553
80 308
553 2407
308 952
553 1587
308 1243
553 4809
308 4543
553 1610
308 3397
553 4978
308 1374
553 672
308 2865
546 553
308 1526
553 3834
308 2134
553 2894
308 2249
553 1758
308 2786
553 2828
308 406
553 3509
308 4370
553 4414
308 719
248 553
308 732
553 4369
308 681
553 1070
308 3307
553 2693
308 2110
553 736
308 2803
553 955
308 2952
553 3519
308 494
185 553
274 308
553 4327
308 1998
553 4228
308 3658
191 553
308 2419
553 3043
308 4726
553 3437
308 2487
553 3187
308 4605
553 3936
250 308
553 1655
308 1681
553 1541
308 2879
553 966
308 1580
553 3843
308 2732
553 3606
308 4754
553 4807
308 3404
553 3417
308 3842
553 2008
308 4884
553 4673
308 4090
553 1876
308 1514
464 553
308 4056
553 4527
308 4592
553 2376
308 1741
553 911
308 2793
553 710
308 3656
553 3082
66 308
553 3823
308 4035
553 2203
308 2109
553 921
308 818
553 4687
37 308
553 2662
308 4468
553 4250
308 3169
553 2274
308 3912
553 2064
308 3355
553 4169
169 308
553 1948
308 1796
553 3477
308 2087
553 3875
308 412
553 2604
308 4764
553 4627
308 4249
553 2053
308 1145
155 553
308 728
285 553
308 2735
553 4703
308 1551
553 3474
252 308
553 1087
308 1339
553 810
308 1994
553 1583
308 1591
553 4230
308 975
553 2272
308 4040
553 892
308 1278
553 718
233 308
553 1944
93 308
553 951
308 2001
553 4538
308 4517
269 553
308 4039
553 4914
308 4282
553 3503
308 4365
426 553
308 1704
553 3305
308 4459
553 4652
308 378
553 4440
308 4186
553 4264
308 1139
145 553
308 2278
553 3122
308 2152
553 2635
308 1300
553 4944
308 435
553 4607
308 4891
553 3935
308 428
553 3872
308 3403
553 4034
210 308
553 1892
308 1227
553 1280
308 1694
553 1978
308 4748
553 4672
308 3851
553 641
308 2813
553 1823
308 963
553 694
308 2353
235 553
308 3119
553 837
308 3646
553 4750
308 4002
553 3678
308 2361
553 1807
308 1647
553 1122
280 308
553 2451
308 2048
553 1847
147 308
553 4297
308 869
553 1638
308 3107
553 2372
308 2176
553 1458
308 4497
553 2292
308 709
454 553
308 1185
553 2347
308 1540
553 3013
308 2266
553 2740
308 2690
228 553
308 3245
553 2509
308 4535
553 3733
308 3699
553 3906
308 4326
553 4648
308 2515
553 4064
308 4855
553 567
168 308
553 2810
308 2664
553 4426
308 2472
553 2653
308 2905
451 553
308 3923
553 1991
308 3880
553 4308
308 1154
292 553
308 4006
553 2513
308 1714
553 1961
308 2514
553 3206
308 3705
553 2144
308 408
437 553
308 3200
553 1419
308 2329
553 3153
203 308
553 1965
308 2422
553 1284
308 2751
553 3745
308 4144
553 1024
308 735
553 1844
308 1894
553 4804
308 1047
553 1942
308 2606
553 4758
308 1946
553 679
308 3681
553 1952
308 3492
553 2029
308 2792
553 1218
308 2333
553 1330
308 3496
553 1039
308 3603
553 2464
308 3485
553 841
308 4990
315 553
308 4011
553 4397
308 2319
553 1303
308 4135
553 3074
308 1126
387 553
308 4336
553 2423
308 4995
553 3793
308 3965
553 2039
308 1124
553 4782
308 4204
335 553
308 2644
553 3879
308 1707
553 2727
308 3051
553 2796
308 3215
430 553
308 3046
553 4692
308 1358
553 667
308 1533
553 1788
308 1059
553 1415
308 2537
553 1980
308 3506
553 2230
308 3538
553 2418
308 3321
553 3732
176 308
553 3614
308 1166
237 553
308 348
553 1810
308 2959
553 3602
308 2439
553 2034
308 1696
553 575
308 1149
553 4541
308 1347
82 553
308 3604
375 553
308 3654
553 3811
308 1186
395 553
308 4595
553 2737
308 2325
553 1354
308 4669
553 1920
308 1040
553 3665
308 2899
553 3838
308 3088
553 4873
308 4609
553 1804
308 2343
553 993
308 511
553 4779
308 3288
553 1787
308 659
553 4331
308 2743
130 553
308 2895
553 4069
308 2256
553 3461
308 3515
553 3661
308 492
553 3125
308 3075
553 847
308 786
553 3810
308 3294
553 4803
308 4500
553 1196
308 3601
553 1140
308 4969
553 4173
308 4428
553 2518
308 3799
553 2294
308 2020
553 2188
308 4929
465 553
308 354
109 553
308 2471
553 1907
308 4388
553 1786
308 3524
553 1736
308 2529
103 553
308 1731
553 1256
308 3129
553 2955
308 1912
553 4207
308 2154
553 1007
200 308
553 4521
308 4908
553 2036
308 524
369 553
308 3020
553 2748
308 656
553 3326
308 357
553 2363
308 3516
553 2237
308 3898
553 1679
308 2688
553 3702
308 931
553 2045
308 3623
553 1557
308 2719
553 2257
308 4659
553 2208
144 308
553 4401
308 4941
553 4711
308 1023
553 3304
308 3620
553 4760
308 3133
553 2918
308 3714
553 2000
308 2966
553 2130
308 4871
553 3285
308 1406
553 4479
308 2434
553 3566
308 3172
553 3751
308 2869
553 4931
308 2853
553 2165
308 2052
553 1905
308 425
553 2592
308 2957
553 3101
308 1466
553 2115
308 775
433 553
308 4489
553 2037
308 2546
553 1614
308 1839
134 553
308 3644
553 902
308 1618
553 4982
308 4191
553 1917
308 675
190 553
308 2383
553 3982
308 3657
553 3221
308 1098
227 553
306 308
553 1343
308 1654
553 2613
308 309
553 2200
308 1709
553 2722
308 1750
553 2255
308 573
553 1321
308 3984
60 553
308 4210
553 4910
308 3659
553 1416
308 1309
553 4920
308 3024
553 3635
308 2164
553 2093
308 3676
553 2623
308 1984
553 4338
308 969
553 2379
308 4149
553 1283
308 4547
553 1702
308 853
553 2027
308 2855
553 1141
308 2586
553 3340
308 421
553 4887
308 3348
553 2595
308 450
553 1171
308 2684
527 553
308 4998
553 1636
308 3719
553 2263
308 4382
553 4618
308 2205
553 1008
308 4209
553 1904
308 4464
553 1602
308 2902
553 2112
308 3542
48 553
308 3762
553 4526
180 308
553 2449
308 538
553 3432
308 1790
553 2218
308 1633
553 4201
308 1545
553 1496
308 3991
553 2609
308 3487
553 2866
308 4691
553 4529
308 1152
553 4168
308 2631
553 1766
308 918
553 4307
308 864
553 3021
308 3352
553 1721
308 4658
553 2315
308 2162
553 3029
308 1400
553 1396
308 1816
553 4029
308 3386
553 3471
196 308
553 2674
308 3828
553 4568
308 3226
553 1163
308 4525
455 553
4 308
553 678
308 3287
553 1935
308 2484
87 553
308 3254
553 3128
308 548
149 553
308 2480
553 4587
308 3006
553 2656
308 857
553 2488
308 4680
553 2730
62 308
553 2867
308 807
553 1760
308 3156
271 553
308 745
553 4454
308 580
553 2812
308 4629
553 2714
308 4197
553 2267
308 1224
553 2557
308 1088
553 3655
308 977
553 657
308 389
553 4974
308 4211
553 4573
308 3141
553 1026
308 4233
17 553
308 445
553 1319
308 3921
553 4768
308 4469
553 914
308 4235
45 553
308 4171
553 4133
308 2882
553 1371
308 4798
553 4061
308 4826
386 553
308 3766
553 4407
308 4218
553 707
308 3084
553 1472
308 868
553 1194
308 828
553 610
308 3030
553 2634
308 2962
353 553
308 4248
