4999
)[([[)[([)[([(][]][](]]][((]](([(]](())]([(][)][)[[(](](()[)[([([([)[)[[)[][[[]]])))]]][[((]]]]][[[(())((]]())(()](]([))]])]))]()[([)]][])][([[))([[)][)(([)(][(]))]])[[)))[])[]]((][)[][[)(])(]][]))))[])]()()))]][(]()([([](]][())[(]))([)))[[)(](])(]))([])]](]))([[(]][][((][])[[]))[((][))]]])[)][)()][[]()]][()])()[(()[[()([][[[[)]][(](()[][]][([]]()]]]()]((][(]]])]()())][(])][][(]([)][[()))(([)]][[)]([][([(])])](([[[]((][))][))[)()))[])([][))(][(](([])[[(][))()[](]][([[))[)])[[[](][[())(][))]]]((()])])(]])((()[[[))))]))]][[]()[))((]][[()[)[(](([][()[[)([))[][[((]((()(]))][)(()()])(()]]][](][(]()[])))(()])]()([()[()]]][[])))[([]))[[]]])(])(](]()]()[)[(([[]])))(](()()((((])((]()))][[[[)([[)()[][]])]()])[]((])]([][[][[(]]][))[)[)](]]]([]))])([])[()](](]][[(]][(])[)]]][))](())[[)]]]((]][[(][])((()])]]][)[(][))][[(]()])](][]([)]([(][))()]((()[)[][](][)][([(]][(([))((())](]]](](])(()[)]][][)])[([(])](((][((]][([(]]((()()]](](([(((][()(]]](])[])[()[((][[[))])[[()()[([[([)[)]([([]))(([]()))][]])]((())([)[])[[][))([)[[]][([]]]([(][((]((()[]()]))(])[(]((][]][(](](())[)[(](]][]]((([()((()[]()][[[)(]((]]][[][(]]]))[)[[[]]()[][[([[)())]))[[(]])([[[)[][(][[[[]])([))[)(]()))()]))(][][()())]]]))([[[))))))][]])[)(](])[[]]]](][[[[)]([[)[())(]])](][][(](][)((][]))])[([[[[]])[](]][)(](]][[)]]](][([]([[]([[))[](])))(])][([[])[(]])]](]]][()][][)]]]]]([)(([[][])](]][())[])]([)))[]))))][)[]()[)]][)]())[)[()()[[[)()]))[()[[])))])((((][[(][([((])[()))])[))))](][)))[]((](])([])[[])))[))(([)[))]())()][)[(((])[[[([[[([([([)])()(()([(]][]))]()(]()))[]]]][((])[(]()[)))[)[)]]])(()[][])((())[))](])[((([](]]]))(]))]))])([)()[()(]])(([[)([[(([[))][[[]))[[)[])([])[[]()]([]])]((()(]())])]])[[[[]([])[)(][][])])([[[)()][[[[([]][[[(]])[)[[)[[[(][(]][[[)())]]]][())()[[(])([())[][])[][[])[)]([]))[[[)))])]]))))]]][[])[]][](([()[([(]))]][)[([)([)[)])()[]]()()))]([(([[])()))())]))]])[)(]][()](][]][)]])))(([][))[)[]((](][((())[(]([(](()())][(([[))[([())]((]()()(]]])]]()]([)))]))][(]]]]((((]]()[[][[)()[([](()]())[((][)][[)()(([])]()([]((()))([][)][]][()[()(([()))]][([)]])[)))())][)(]](()()[[())[))(])[)[(]()]]([)[[[[()[))(())][[[[[])](()([([[()[]([](])(])[)])))]((])][]]))[]))[(](([[](])((]]]]))[](([[](()(][[([][]]]](])][[[)[))[[())([)(())))[)]((]](])(([)()(](]([]])[))]][[))[)([))((([][]]()(]([)(((])[][)])[[)[]([[)))(](())))[((((])))]([(][))[[]]()]([())[])](([)()[)(([[([][]]([[]]((]))[)])()]]]])))(((([()])(([(]((])()[[(]))])(][])(([)[(]])))]][](())](]])[)((]([)([([]]]](])[[()[])[]))]]][]([(()(])]][[([])))(][([(]][(])[([][[])][(()])]]]())[(()]]))[))]()]((([(([)))[(]([(()])[)()([(][])]([))(]]))]()[])(]]]())]([))((()][()[[((][[(][])]]))]]]))([)[][][(]()[[((]()[(]])(())())[((([][])))[])(([)[]]()))([[]))[[]][)((([((()[][()]](()][[[()]])()[))]([[([)[]][([([[[]](][([(])][)(((](([[[[]([)()))((([(]]((](])]]][()(())[([())((]()((]])[][[)[))][[)((])(]))([((([[))[])()[[[]]]([]](((])[[[(((([[()()()()[][[))]]))([[]][])[]]]][))[[])[)(([[)[[((])]][([])[[[)(([)][[)(]))]]((([]))[()]((()[([)([))][[[([)[)([])())()(]())()))()(]]][)[()))][])]]((][]])](](]])))]][([)[][()(()(][[])]()[][[)[()]())]][()))]([((]([[)])(((()][]][[())])()([[][[([)]])((())))([]])[[)[[())[()(((()()[)[[[](([][))(()()])()[(]][(((()[]([][(([()]])([][(]))[])]]()]((](][)(][)[[))(([)((((])()(]][)[(]([]][()])]())()[(][]][)][)((())(((]]]))]())[[)[]][((])]][)[])(])]]][][)[)(]]]))(())((((](([]](]([())()(])]]]([(([[))(]])[[((][(((([(]()()])([)[)])[(][(](]][([](([)]([[((]()[))(([[[]()]))(]]())](])[)]))(([[)[()[)[([[])(])())])(()(][(][[(]]()](])][])([)[[][[][[)[)[)][][)]))()))]((]()]](()[)[[()([)[([((]((([)[()[[()[]]())[[)[()]]))[](((]])[([)[(]](])((]))))[()(([)(]([]([([[])]()))(]]](]([)[[(())(()][)([)])[]][[[())]])([)([]()((]])][)((()])[[[((][]][([[[)]())[]]))][[][[[]()))])([[(]]](((]](][[])])([[([([]((]]))(][[[)))][()[([)[][)))[]])]][)](((()([)]()]]()](])][)]))[][[)()]()[]]]))[[])(([))))[[))((()))()[([])(][]([([([([]][)()[))([)(([)](()](])))][[([)()])[)]([([[)[[[)([[[(])[())][()([([)([]))][)[()][[[[(([[))[])(]]])](])]])(]((]])(]()](())()))[)([[([([[][(]([]])]]((][)]([)]](]([((]((])])(([()[([](]([])[)[(())])[]()])](]))[)[[)[]])[[()])](]([)((]()[[[()(]([[[[][(][))[((])([(])(([((([(()([))([]()]](]()]([([[))[((]))[)()](([[)[[]([]([])(])])])()[([[))([(](([]])([[)[[()))[(]))][)[)(]]([)])([[][()[(][(]][)[)][]()[](]][)()]]()][]))][)((]([))((])[[)[()(()]]([())[][][)([[)][]))[][]]([((]))[]()(](])[(]([())]([[][]]][[[]((]([[)])[][])[([]([)()[)[())()][[)(][)])][([)[()[([()))]])]()))))](][[([][])[]]([]][)][)[]]()]])(])])][([)())])[))(])])]]]([([)](()[]][()][()()][[]](])[][([)]])(()])[)[[)][)[]))][([])[[((]]([)[]]][())]][([[][(((]])])())())][[][()([]())[]][(])[))()(][([[[[()]()(](]][[]]]][[]((((](()])[](())]]())[)][(([)[(][[[[((][][[[])))[])])]][)(((()[]()]]]][[][[([])[](]])]()][)((]]][(]][]]])]])()]](([()])][]]][([(]][]()([)]])[))]])((]])(](][])(((][)[(][)]](][)((][[))(](][)[)[[)(][(]]]([[([](]][())](([])[(((([)][]([)]([]])[()[)]]([])[[)()][])[])([]))[))[([)([[()([[][[)))])][](([]))]()][][((][[]))]([)(()(()][]()[[[](][][]))](]]))[
894 4084
2674 4084
894 3844
2875 4084
894 3850
924 4084
894 1526
21 4084
894 1858
2563 4084
894 2866
3656 4084
53 894
2672 4084
894 2247
3659 4084
894 3637
2023 4084
894 4748
890 4084
894 4542
620 4084
894 2465
3415 4084
894 2245
3333 4084
894 4709
4084 4530
894 1620
1079 4084
894 3254
3093 4084
894 4407
486 4084
894 1510
3269 4084
894 2267
3604 4084
894 2589
889 4084
894 2337
4084 4546
894 4284
1701 4084
894 1209
899 4084
894 4417
488 4084
894 4925
3964 4084
894 2301
2047 4084
68 894
2150 4084
462 894
2808 4084
894 912
639 4084
894 3392
2732 4084
894 1980
1136 4084
894 4603
864 4084
894 2754
3247 4084
32 894
4084 4106
894 1464
4070 4084
894 3430
1778 4084
894 3685
3572 4084
894 966
4084 4521
644 894
3480 4084
894 4585
4018 4084
894 4677
2340 4084
894 4641
2157 4084
894 4233
866 4084
894 4228
390 4084
894 2744
2169 4084
894 1485
4084 4273
894 1037
858 4084
894 1743
2932 4084
261 894
3982 4084
894 3422
1976 4084
894 3963
3911 4084
894 3154
3598 4084
894 3986
2165 4084
894 3958
3397 4084
894 3647
3436 4084
760 894
4084 4217
894 3141
1480 4084
894 908
1084 4084
894 1570
368 4084
894 2128
4084 4643
894 3906
3331 4084
894 4289
1083 4084
894 1977
3852 4084
894 3619
736 4084
10 894
3729 4084
894 4747
443 4084
894 4028
621 4084
894 3325
542 4084
894 4117
2702 4084
894 3167
3914 4084
894 1453
307 4084
894 2619
3486 4084
894 1198
958 4084
752 894
967 4084
894 2924
2475 4084
565 894
1752 4084
894 2086
3264 4084
894 4366
1954 4084
894 4968
3786 4084
894 1350
4084 4209
894 1542
4084 4746
894 2016
2243 4084
894 1663
4084 4152
894 4311
1392 4084
838 894
1277 4084
894 2738
1979 4084
894 1567
707 4084
894 4452
1845 4084
894 3682
1438 4084
894 4730
1641 4084
894 2888
3896 4084
894 1479
3090 4084
894 4329
1008 4084
894 3618
3543 4084
894 4450
4084 4917
894 4496
4084 4619
894 2152
432 4084
894 4134
4001 4084
894 3288
4084 4499
125 894
2703 4084
894 3509
2520 4084
894 1074
3539 4084
894 3872
798 4084
894 3130
4084 4277
894 1815
356 4084
894 1948
115 4084
894 2953
2769 4084
894 2514
4084 4176
894 4868
2503 4084
894 1203
1835 4084
894 1683
4084 4667
894 3607
2266 4084
894 4416
4084 4396
894 3202
1939 4084
894 2887
2145 4084
894 4390
1184 4084
894 3442
939 4084
894 4560
2468 4084
894 1750
121 4084
81 894
13 4084
894 3855
4084 4590
377 894
1042 4084
894 2398
2363 4084
894 4057
1001 4084
894 2379
4084 4903
894 3467
3354 4084
894 4041
3017 4084
894 3243
1141 4084
894 3308
4084 4353
894 1844
4084 4504
894 3252
4084 4763
894 4429
2861 4084
239 894
2401 4084
894 2174
3609 4084
894 4142
694 4084
609 894
886 4084
894 4553
982 4084
547 894
2173 4084
894 4090
3995 4084
894 3111
2649 4084
894 2533
4084 4251
894 3095
1613 4084
894 1207
1724 4084
894 4294
455 4084
802 894
945 4084
894 4463
2922 4084
894 1335
4084 4232
894 2117
1293 4084
894 1819
1341 4084
894 4082
4084 4226
894 2883
2727 4084
894 1330
859 4084
894 3948
4084 4896
894 4539
4084 4969
894 3191
2609 4084
894 1488
1211 4084
894 3643
3711 4084
894 1991
3100 4084
894 4513
1688 4084
792 894
799 4084
894 1130
1996 4084
212 894
2428 4084
894 3115
3754 4084
894 2355
272 4084
592 894
2480 4084
894 1171
416 4084
894 1353
1476 4084
894 4235
2441 4084
894 4202
1400 4084
894 2167
1914 4084
850 894
1772 4084
894 4842
2108 4084
894 1529
1554 4084
894 2130
4084 4629
894 4834
1866 4084
894 1155
270 4084
894 2012
1678 4084
579 894
4084 4384
894 1185
1217 4084
894 2414
1361 4084
876 894
4084 4253
894 4625
1967 4084
654 894
4084 4141
894 2420
259 4084
894 2597
4084 4150
894 1780
2314 4084
894 1048
3001 4084
894 3901
4084 4432
894 4469
4084 4459
894 2127
1443 4084
894 909
1783 4084
894 2867
28 4084
894 2488
2057 4084
667 894
2373 4084
894 2872
814 4084
232 894
161 4084
894 1240
1734 4084
894 2880
2090 4084
894 4526
2763 4084
894 1285
3188 4084
894 3593
1885 4084
894 4343
4084 4836
894 2288
4084 4602
894 3935
118 4084
894 4978
4084 4383
894 4175
3335 4084
894 1321
3210 4084
724 894
173 4084
502 894
2996 4084
894 2916
4084 4639
894 1145
3926 4084
894 1093
1951 4084
507 894
4084 4710
894 3923
4084 4767
894 1891
2733 4084
894 4486
1273 4084
894 3780
659 4084
894 2219
3217 4084
894 1837
4084 4279
894 1461
3163 4084
894 957
2752 4084
705 894
855 4084
894 3697
3674 4084
894 4110
1139 4084
894 4369
1619 4084
894 4367
4084 4564
894 2180
3110 4084
894 4737
99 4084
617 894
1212 4084
894 3358
1591 4084
894 2663
4084 4816
894 2324
3570 4084
894 1468
2473 4084
894 4789
1107 4084
317 894
4084 4687
815 894
3249 4084
20 894
2113 4084
894 4347
3182 4084
561 894
4084 4422
894 2284
3323 4084
894 3466
3596 4084
894 1243
1175 4084
567 894
4084 4873
894 2077
1306 4084
894 4200
4084 4447
292 894
910 4084
894 4365
4084 4247
894 4857
1447 4084
894 1550
4084 4423
894 4655
2811 4084
894 3730
4084 4777
894 1026
4011 4084
894 3810
2357 4084
894 3841
1696 4084
894 3887
2392 4084
894 1253
1717 4084
894 3501
4084 4688
894 1489
1389 4084
894 3833
2253 4084
894 2745
3575 4084
401 894
1029 4084
894 4762
1401 4084
894 3315
3312 4084
894 4832
2761 4084
894 3782
176 4084
894 1899
4084 4838
894 3574
209 4084
894 2651
2999 4084
894 2215
2071 4084
894 4609
1957 4084
894 1307
1509 4084
894 1218
4084 4290
519 894
3633 4084
894 970
727 4084
894 1309
2460 4084
862 894
1820 4084
894 1331
4084 4207
692 894
865 4084
894 3751
4084 4937
894 4317
2403 4084
894 2063
8 4084
894 3406
2920 4084
894 4833
2847 4084
553 894
1868 4084
894 4764
124 4084
894 3689
2913 4084
894 1699
3657 4084
473 894
1584 4084
894 1804
4084 4515
894 1122
2743 4084
894 3571
3438 4084
894 3414
4084 4963
894 2045
316 4084
165 894
3944 4084
894 4654
1889 4084
894 4404
1821 4084
894 1713
2625 4084
894 1805
2270 4084
894 4376
2195 4084
894 3030
3350 4084
894 3342
3524 4084
894 1455
1088 4084
894 4905
3945 4084
894 3938
3449 4084
894 1189
2220 4084
894 4272
2412 4084
894 2807
1140 4084
894 3612
1827 4084
894 2718
40 4084
894 1712
4084 4540
894 4037
3291 4084
894 2474
17 4084
894 4147
3617 4084
503 894
591 4084
89 894
2737 4084
894 4786
3418 4084
894 2670
4084 4992
894 4262
671 4084
894 4345
1226 4084
894 2371
388 4084
894 1070
4084 4405
894 2577
1129 4084
793 894
4084 4223
47 894
3234 4084
894 3070
4084 4457
894 3055
3724 4084
894 4414
2930 4084
894 3303
4084 4241
894 4601
1303 4084
894 2954
52 4084
894 1250
3588 4084
894 4344
2798 4084
894 3679
3693 4084
894 2083
2074 4084
894 4966
2963 4084
214 894
341 4084
894 2197
3569 4084
894 3573
4084 4512
894 4172
4084 4305
894 3263
4084 4919
894 2701
4084 4191
894 3905
79 4084
894 3129
87 4084
894 4104
350 4084
146 894
1714 4084
894 2622
3237 4084
894 1964
4084 4703
363 894
4084 4128
894 1956
355 4084
894 3725
1166 4084
894 2279
2278 4084
894 2786
3351 4084
894 3433
4084 4245
835 894
4053 4084
70 894
4084 4622
894 1386
19 4084
894 2576
2037 4084
894 2006
3595 4084
894 1655
2801 4084
894 2452
4063 4084
894 1276
2493 4084
894 1313
2251 4084
894 2636
1167 4084
894 2972
3431 4084
894 3956
581 4084
894 3756
731 4084
894 1023
2500 4084
894 4582
3033 4084
894 3150
4084 4863
894 4312
3761 4084
894 1395
4084 4391
894 4538
3076 4084
894 3767
1687 4084
894 1127
4084 4822
894 4078
4084 4929
754 894
4084 4481
894 4490
1318 4084
894 2091
4084 4482
894 4578
4084 4606
894 4618
3740 4084
894 1380
351 4084
894 2156
323 4084
894 1467
1024 4084
515 894
3686 4084
894 3448
2494 4084
894 3623
2411 4084
894 1289
4084 4994
894 1839
3965 4084
894 2837
4084 4821
894 1508
3560 4084
894 1585
2948 4084
894 1160
3632 4084
894 3673
4084 4741
894 2093
2959 4084
894 3819
2677 4084
894 2347
729 4084
894 1242
189 4084
894 1944
1419 4084
753 894
4084 4419
894 1924
4034 4084
257 894
2323 4084
894 4802
244 4084
894 2747
2800 4084
894 4397
1291 4084
894 1368
186 4084
894 2758
3051 4084
894 4137
652 4084
42 894
2652 4084
894 2489
2160 4084
894 3967
4084 4242
894 2194
3230 4084
372 894
167 4084
894 2367
1879 4084
894 1434
1357 4084
832 894
25 4084
894 2119
1177 4084
894 2225
4084 4205
894 4628
2140 4084
894 4424
611 4084
894 2528
1697 4084
894 2960
1365 4084
643 894
2065 4084
618 894
535 4084
894 1216
1168 4084
894 1748
608 4084
174 894
4084 4193
57 894
3508 4084
894 2667
4021 4084
894 4065
3715 4084
894 1012
504 4084
894 2931
371 4084
894 1765
3383 4084
894 2906
4084 4261
894 3688
4084 4503
894 2477
783 4084
894 1568
345 4084
894 4475
1873 4084
894 3317
3716 4084
894 3099
1887 4084
894 3336
4084 4479
894 1740
4084 4935
894 1174
1299 4084
894 2163
3567 4084
894 1559
3749 4084
894 3036
2691 4084
894 3067
3147 4084
894 4828
395 4084
894 1415
4 4084
894 4752
3385 4084
668 894
4084 4554
894 4665
306 4084
894 1028
665 4084
3 894
1463 4084
894 4604
1968 4084
894 3834
4084 4182
894 3381
3103 4084
894 1762
1234 4084
894 1223
1966 4084
894 1058
1685 4084
894 1069
3367 4084
54 894
1912 4084
894 3260
1362 4084
894 3189
556 4084
894 3126
1423 4084
894 1933
483 4084
894 4985
4066 4084
894 1413
6 4084
894 2904
3518 4084
894 4951
2445 4084
894 3853
4084 4093
894 930
4084 4699
894 2066
631 4084
894 1220
3267 4084
894 1997
4084 4856
894 2881
2555 4084
702 894
2317 4084
894 2358
4084 4187
894 2814
4084 4502
894 1936
2287 4084
894 3564
3133 4084
894 3361
1450 4084
894 1044
2765 4084
894 3068
4084 4276
894 2584
3987 4084
894 3341
3978 4084
894 4720
1662 4084
894 2542
1045 4084
894 4913
3256 4084
894 1632
4084 4849
894 1188
1981 4084
669 894
2734 4084
894 3010
885 4084
894 3927
4084 4683
894 3405
645 4084
894 1999
4084 4704
540 894
464 4084
894 4148
312 4084
894 1120
1759 4084
894 2458
213 4084
894 2302
4012 4084
201 894
3818 4084
782 894
2417 4084
894 1201
3763 4084
894 3553
3261 4084
575 894
4084 4157
894 3318
3084 4084
248 894
918 4084
894 2532
2936 4084
894 3049
3020 4084
894 1214
614 4084
894 1375
3477 4084
681 894
4084 4958
894 3316
4084 4119
894 2871
3408 4084
894 3027
4084 4722
751 894
3523 4084
894 3168
530 4084
701 894
362 4084
894 1269
1925 4084
894 2177
4084 4460
894 4208
4084 4258
894 4511
2793 4084
894 4177
3807 4084
894 995
4084 4442
894 3164
2114 4084
894 3292
2052 4084
175 894
3753 4084
894 2166
4084 4617
894 4056
917 4084
602 894
3293 4084
397 894
1703 4084
894 955
682 4084
894 4498
139 4084
660 894
2705 4084
894 2476
4084 4505
894 1807
1517 4084
894 3597
2633 4084
260 894
789 4084
894 4049
2479 4084
894 4418
3458 4084
894 3277
3306 4084
894 3218
1875 4084
894 2826
1598 4084
386 894
4084 4765
894 1672
2508 4084
683 894
3444 4084
894 3284
1310 4084
894 1527
4084 4211
894 1994
422 4084
894 3326
2193 4084
894 3190
1482 4084
894 1990
2686 4084
894 4716
4084 4427
26 894
407 4084
894 915
3123 4084
894 4029
4084 4692
880 894
4084 4607
827 894
4048 4084
894 2603
242 4084
894 2228
883 4084
894 4236
3514 4084
779 894
2124 4084
894 3549
403 4084
894 1165
672 4084
894 3220
4040 4084
894 942
623 4084
809 894
2070 4084
894 2537
708 4084
220 894
3142 4084
894 1798
4084 4998
894 1695
3880 4084
894 950
1235 4084
894 3187
2774 4084
570 894
3299 4084
894 3924
2767 4084
894 1947
2662 4084
894 1512
2942 4084
557 894
4084 4751
894 938
2818 4084
894 4371
3735 4084
894 3211
983 4084
648 894
204 4084
894 4318
4084 4467
894 2831
4084 4265
894 1497
2588 4084
894 4981
1275 4084
894 4246
3138 4084
894 1830
348 4084
378 894
3913 4084
894 1135
3108 4084
313 894
4084 4350
813 894
3719 4084
894 1182
4084 4846
894 3046
3122 4084
894 932
1802 4084
894 4206
343 4084
894 4620
2778 4084
894 3565
3265 4084
577 894
2064 4084
894 2914
63 4084
894 1741
2499 4084
894 1410
2187 4084
525 894
2840 4084
894 4476
2836 4084
894 1004
3464 4084
894 4291
2505 4084
894 4790
2424 4084
894 4858
354 4084
894 3667
477 4084
894 4386
262 4084
894 1061
4084 4456
894 3032
1412 4084
447 894
3382 4084
894 4847
4002 4084
894 4956
4084 4696
894 3266
425 4084
894 4304
776 4084
894 2248
3278 4084
894 1227
4084 4897
894 2939
927 4084
894 2628
2525 4084
894 1257
3013 4084
182 894
4084 4678
894 2659
219 4084
894 1238
903 4084
874 894
4084 4173
894 4938
2534 4084
894 1676
1560 4084
894 3257
2898 4084
894 2617
2021 4084
894 2289
250 4084
894 2335
2539 4084
894 2344
2952 4084
894 2206
4084 4443
894 4658
756 4084
894 1457
2986 4084
894 2223
2518 4084
95 894
2961 4084
894 3802
2147 4084
252 894
2139 4084
894 3118
4084 4550
472 894
4084 4088
894 1475
2956 4084
894 3591
3868 4084
894 2283
426 4084
894 1848
3744 4084
894 1334
4084 4706
578 894
548 4084
894 1730
1371 4084
365 894
150 4084
283 894
1292 4084
894 4551
459 4084
894 3800
2189 4084
894 3699
533 4084
747 894
2722 4084
894 4339
1648 4084
387 894
1378 4084
73 894
3043 4084
894 2596
2980 4084
894 1874
3380 4084
894 4163
4084 4421
894 3473
4084 4315
894 3136
2709 4084
894 2751
734 4084
894 1117
2015 4084
812 894
2833 4084
27 894
2806 4084
894 4107
984 4084
894 1053
1151 4084
894 4774
4084 4114
894 3563
1962 4084
251 894
722 4084
894 4907
3209 4084
894 3125
1768 4084
894 2234
3737 4084
894 4149
1911 4084
662 894
3839 4084
894 3774
3213 4084
894 1516
3311 4084
894 4094
4084 4646
225 894
2002 4084
894 1728
434 4084
894 1317
3101 4084
894 3980
2720 4084
894 3007
4084 4471
894 4757
4084 4415
549 894
624 4084
894 3432
1739 4084
894 2706
2973 4084
894 4297
3757 4084
894 4924
803 4084
169 894
3562 4084
894 4684
4084 4558
894 3879
3870 4084
894 4805
3456 4084
894 3557
4084 4754
322 894
778 4084
894 1816
4084 4506
894 4153
3930 4084
894 3700
2049 4084
894 3310
2218 4084
894 4464
823 4084
894 2735
4084 4809
894 2053
787 4084
894 3204
1439 4084
894 1671
364 4084
894 2795
1101 4084
767 894
106 4084
894 2750
1934 4084
641 894
444 4084
894 3088
920 4084
894 3953
1693 4084
894 4597
1221 4084
894 2089
1348 4084
894 2038
1942 4084
894 4563
431 4084
894 4323
1931 4084
894 1503
1946 4084
894 2463
1545 4084
66 894
4084 4614
894 2250
2507 4084
894 2777
2845 4084
894 4400
1767 4084
894 3745
1945 4084
91 894
3040 4084
894 3579
3337 4084
894 2770
1486 4084
894 3321
3201 4084
109 894
3178 4084
894 1100
3634 4084
894 1860
454 4084
894 3240
1855 4084
894 3388
187 4084
894 1465
2820 4084
894 2690
265 4084
894 4680
807 4084
195 894
4084 4872
894 1245
4084 4221
894 3364
3655 4084
894 3783
2134 4084
894 3890
4084 4653
894 1286
4051 4084
894 2436
3176 4084
303 894
757 4084
894 2181
2269 4084
684 894
3522 4084
894 1910
2760 4084
894 2915
4084 4375
894 3113
2229 4084
894 2945
1763 4084
894 4544
3814 4084
894 3184
2370 4084
894 4270
3937 4084
894 1803
1608 4084
894 2437
4084 4362
894 2696
2242 4084
685 894
564 4084
894 4373
4084 4144
894 2221
721 4084
894 1356
1998 4084
391 894
4084 4352
894 2416
2078 4084
894 2483
4084 4955
521 894
3829 4084
894 1903
4014 4084
894 3867
4084 4831
894 3910
2459 4084
719 894
392 4084
894 2478
69 4084
894 1440
3124 4084
894 2792
1515 4084
894 1232
2968 4084
894 3447
1016 4084
894 3461
2386 4084
894 2708
3224 4084
894 1774
2196 4084
894 1897
2859 4084
170 894
2490 4084
894 3728
3899 4084
894 2447
4084 4126
894 2962
3726 4084
894 4880
38 4084
894 3363
3977 4084
894 1883
4084 4359
894 3929
1576 4084
308 894
466 4084
696 894
4084 4129
894 3660
3117 4084
894 3520
2085 4084
894 2421
1635 4084
894 2583
1322 4084
894 1599
1496 4084
894 4855
4084 4957
894 3135
80 4084
894 974
1651 4084
894 937
3755 4084
894 1623
697 4084
894 4705
3863 4084
894 3215
4084 4275
894 3490
1396 4084
894 3177
4084 4812
877 894
3441 4084
520 894
379 4084
894 4599
240 4084
894 1572
844 4084
894 3653
2895 4084
706 894
2541 4084
894 1847
797 4084
894 3410
188 4084
894 1530
2454 4084
894 3939
3503 4084
894 4393
1637 4084
114 894
2564 4084
894 2928
1283 4084
894 947
2334 4084
398 894
2856 4084
894 4227
3615 4084
893 894
3134 4084
878 894
1020 4084
894 4738
1452 4084
894 2794
2983 4084
894 3917
1442 4084
894 1578
255 4084
894 4267
3074 4084
465 894
4084 4514
894 2200
1372 4084
894 1900
246 4084
894 3004
2010 4084
894 3474
4084 4791
894 3285
4084 4807
894 3495
3481 4084
894 3876
4084 4363
894 3650
1263 4084
894 4052
4084 4685
750 894
2162 4084
894 3731
1669 4084
894 2975
4084 4933
50 894
1892 4084
657 894
3059 4084
894 1612
3015 4084
894 1071
2388 4084
894 2556
4084 4815
894 4745
2644 4084
168 894
3928 4084
573 894
1066 4084
894 3245
385 4084
894 2908
2917 4084
894 1633
2803 4084
894 2802
3998 4084
894 1630
3894 4084
894 1565
298 4084
894 3384
2274 4084
296 894
1611 4084
894 956
116 4084
894 2724
278 4084
894 1564
4084 4663
206 894
3160 4084
894 3629
1416 4084
894 3368
824 4084
894 4500
3804 4084
894 2001
1686 4084
894 996
4084 4220
894 1287
1618 4084
894 4389
3369 4084
821 894
1596 4084
894 4570
435 4084
894 1494
4084 4727
894 2466
2512 4084
894 2385
3352 4084
894 4522
523 4084
894 1744
2947 4084
894 2521
911 4084
894 2079
3395 4084
894 3840
2782 4084
894 1190
612 4084
894 2620
3428 4084
894 998
4084 4230
629 894
691 4084
894 4303
2067 4084
894 916
4006 4084
894 2125
4084 4218
894 1716
4084 4518
894 3663
2456 4084
894 1228
2291 4084
894 999
905 4084
894 3897
3222 4084
894 4368
3969 4084
894 3528
76 4084
894 3631
3704 4084
402 894
634 4084
58 894
2088 4084
894 2029
4084 4793
894 2265
3008 4084
894 1332
4084 4877
856 894
1736 4084
894 3396
75 4084
383 894
367 4084
894 2011
4084 4238
894 1247
2629 4084
894 4803
4084 4693
894 3109
2051 4084
894 1856
1709 4084
894 4102
2257 4084
894 3762
1896 4084
537 894
184 4084
144 894
3551 4084
894 2716
2965 4084
633 894
335 4084
894 4997
360 4084
894 1614
428 4084
894 2938
1561 4084
569 894
3999 4084
349 894
117 4084
894 4547
1172 4084
717 894
1087 4084
894 2329
197 4084
894 2910
3304 4084
894 2055
156 4084
894 3214
4032 4084
894 3404
1062 4084
894 1349
3031 4084
894 4196
2926 4084
894 1030
1327 4084
894 3024
2631 4084
894 1902
3034 4084
894 4635
572 4084
894 4700
4084 4524
894 1757
3208 4084
894 3705
739 4084
451 894
1210 4084
894 1279
1021 4084
894 962
3327 4084
894 1051
1191 4084
894 2230
326 4084
894 4627
1265 4084
894 2214
86 4084
894 4380
1064 4084
894 4003
2854 4084
90 894
1547 4084
894 1871
3295 4084
894 3332
1826 4084
894 3152
2319 4084
336 894
2607 4084
894 4943
1081 4084
894 2102
2648 4084
894 4669
1179 4084
894 2884
500 4084
894 4591
4084 4552
894 3535
4084 4446
894 3639
4084 4374
516 894
318 4084
894 2308
732 4084
894 4410
4084 4743
894 2000
1146 4084
894 4224
4084 4556
894 2893
4084 4535
894 3820
3039 4084
894 2911
2104 4084
894 1388
2018 4084
894 1969
3079 4084
370 894
4084 4483
894 2099
1625 4084
894 3421
1403 4084
894 1808
1518 4084
723 894
3534 4084
894 2374
2032 4084
894 2046
4084 4523
894 2470
978 4084
894 1090
1073 4084
894 3645
2742 4084
894 3966
1125 4084
894 4322
4084 4975
894 1459
2030 4084
843 894
3772 4084
894 1799
948 4084
663 894
2698 4084
894 3399
2552 4084
894 4970
3009 4084
622 894
2277 4084
894 1955
2408 4084
894 2484
489 4084
60 894
2313 4084
894 1770
3992 4084
894 3035
725 4084
894 4638
951 4084
894 3516
381 4084
894 3066
4084 4100
894 1551
4084 4758
894 3838
1200 4084
894 3197
1569 4084
894 2531
1729 4084
894 4660
4084 4358
894 3558
528 4084
894 1668
2756 4084
894 925
2042 4084
894 980
3029 4084
894 1643
3627 4084
894 2863
2469 4084
894 2694
3677 4084
894 1589
289 4084
894 4263
1587 4084
894 4980
2844 4084
894 4594
923 4084
894 4949
1022 4084
894 2611
4084 4674
894 3616
2673 4084
894 3648
3620 4084
894 3437
148 4084
894 4657
2624 4084
894 1085
3149 4084
894 4274
3151 4084
143 894
670 4084
773 894
4084 4231
894 2591
737 4084
894 3096
1679 4084
894 3242
2535 4084
894 1861
3652 4084
894 2116
3621 4084
505 894
2198 4084
894 2146
730 4084
800 894
4084 4125
894 3037
1429 4084
894 2312
2664 4084
894 3962
445 4084
894 3793
1478 4084
894 2517
1108 4084
894 3601
4084 4875
894 4330
1621 4084
894 4974
1345 4084
728 894
3106 4084
894 1722
740 4084
894 2753
3153 4084
894 4092
841 4084
894 2356
761 4084
894 1409
2013 4084
894 4069
768 4084
894 4431
1047 4084
894 3170
3822 4084
894 2495
3324 4084
531 894
498 4084
894 3512
3386 4084
894 2364
2574 4084
894 1373
154 4084
872 894
3069 4084
894 1915
961 4084
894 1880
3080 4084
894 3014
1535 4084
894 1246
2464 4084
894 4960
991 4084
894 1642
2227 4084
894 2994
1842 4084
894 1745
4084 4266
894 3748
933 4084
894 1295
3002 4084
271 894
3902 4084
894 1219
2199 4084
369 894
2069 4084
894 4964
2830 4084
894 4292
3952 4084
894 2210
2693 4084
894 4195
2877 4084
687 894
1025 4084
894 3171
3419 4084
526 894
512 4084
894 4719
3912 4084
894 4183
3526 4084
861 894
1761 4084
111 894
4084 4792
894 1904
2352 4084
452 894
674 4084
894 900
2025 4084
894 4711
1204 4084
894 2549
4084 4387
894 3676
297 4084
771 894
587 4084
894 1063
976 4084
894 4840
3517 4084
894 2805
1258 4084
264 894
2746 4084
894 2384
3073 4084
894 1645
3491 4084
894 3611
2569 4084
894 1738
1742 4084
894 1704
1952 4084
894 3847
1274 4084
894 1337
4054 4084
894 3577
934 4084
825 894
1796 4084
774 894
3799 4084
538 894
1909 4084
285 894
3665 4084
894 2062
4084 4534
894 2190
594 4084
894 3932
3644 4084
894 4370
1753 4084
894 4952
274 4084
894 1230
4084 4894
894 1823
1169 4084
894 4068
334 4084
894 3849
3758 4084
894 3670
904 4084
894 3482
689 4084
894 2951
2689 4084
894 3166
1499 4084
894 4039
2333 4084
580 894
1355 4084
894 2598
4084 4586
894 3493
1344 4084
894 3083
2123 4084
894 4898
2292 4084
894 3199
4061 4084
440 894
2098 4084
894 4222
2788 4084
894 2395
2462 4084
894 4024
2536 4084
894 919
3690 4084
894 973
3540 4084
894 4850
3200 4084
894 1573
4084 4581
894 4354
479 4084
894 2142
4084 4624
894 2263
4084 4972
894 4321
4084 4702
461 894
4084 4770
894 3515
1930 4084
894 3919
4031 4084
894 1462
2438 4084
894 2232
1264 4084
894 2921
408 4084
894 4531
2208 4084
894 1248
2748 4084
894 3058
1196 4084
894 3023
3463 4084
894 4893
1032 4084
339 894
2391 4084
894 1103
1354 4084
894 4409
1147 4084
894 3146
1707 4084
894 3710
4084 4145
894 3262
3666 4084
894 2222
4084 4670
894 4844
1604 4084
894 2354
4084 4950
894 2784
585 4084
894 2817
2848 4084
894 4085
3695 4084
894 2998
3552 4084
894 1121
712 4084
894 1731
1110 4084
894 4454
1034 4084
894 3513
4084 4445
894 4130
1215 4084
894 1622
1665 4084
894 2516
994 4084
894 4089
4020 4084
894 1995
3082 4084
769 894
1654 4084
894 1078
190 4084
894 965
4084 4395
894 4890
4084 4605
894 1824
1430 4084
894 2849
310 4084
894 2109
2211 4084
894 4567
2559 4084
429 894
2129 4084
894 2950
4084 4993
894 2122
1928 4084
894 4299
1500 4084
894 2660
4084 4444
894 4458
546 4084
894 2510
4084 4138
894 2389
3475 4084
894 2835
2298 4084
894 3626
946 4084
894 1311
1537 4084
288 894
3812 4084
854 894
102 4084
894 1919
598 4084
894 2987
3764 4084
894 4633
3281 4084
482 894
2285 4084
894 4474
256 4084
894 1055
3530 4084
894 1588
324 4084
96 894
4084 4151
894 1473
871 4084
894 3519
1719 4084
894 4976
711 4084
894 3846
382 4084
894 2669
1776 4084
353 894
4084 4355
894 1405
2799 4084
894 1810
935 4084
193 894
2293 4084
894 3960
3221 4084
894 2668
656 4084
894 3092
3372 4084
894 1067
2487 4084
894 1746
1836 4084
894 2073
327 4084
894 963
48 4084
894 1256
2779 4084
894 1536
2048 4084
894 4673
2762 4084
568 894
2491 4084
894 2829
1278 4084
894 4797
1449 4084
894 4214
944 4084
894 2614
2271 4084
894 2978
4084 4827
563 894
3072 4084
894 2771
895 4084
894 2231
3360 4084
894 1241
3622 4084
894 1624
4084 4735
894 1294
4084 4335
894 3845
4084 4328
894 2868
1870 4084
894 4753
4084 4310
894 4915
4084 4899
894 2592
4084 4592
894 1178
3813 4084
894 2626
3050 4084
894 2345
2309 4084
894 2294
151 4084
894 3680
1857 4084
894 1843
2080 4084
894 3918
1470 4084
894 4773
4084 4411
894 4862
3271 4084
894 4256
1046 4084
894 2448
3584 4084
894 4420
4084 4340
894 1791
4084 4169
894 1366
1501 4084
894 2612
4084 4489
894 4468
863 4084
894 926
1644 4084
758 894
332 4084
894 1658
449 4084
894 1511
680 4084
894 3940
253 4084
894 4212
506 4084
894 2766
601 4084
476 894
2383 4084
894 4337
2714 4084
894 4237
2226 4084
894 4860
3487 4084
894 3981
492 4084
894 2661
293 4084
894 3746
4084 4865
894 2981
2415 4084
894 3803
294 4084
894 1664
1076 4084
894 3173
4084 4884
894 2997
4084 4672
491 894
1787 4084
894 1158
4084 4820
894 3961
4084 4649
216 894
3112 4084
894 2823
2897 4084
894 2627
3089 4084
894 2699
2238 4084
894 4636
423 4084
894 3885
2615 4084
894 3949
4084 4428
894 2522
1458 4084
469 894
2827 4084
894 2757
4084 4796
894 2336
555 4084
894 1556
2506 4084
894 4930
4084 4723
894 4189
742 4084
709 894
1863 4084
894 4162
1785 4084
43 894
67 4084
894 2096
4009 4084
894 1937
4084 4927
894 1407
3435 4084
894 1049
1111 4084
894 4098
501 4084
894 3357
1017 4084
894 3052
4084 4922
894 3691
4084 4593
442 894
4084 4788
637 894
2056 4084
894 2101
3011 4084
894 3625
3854 4084
894 4902
4084 4996
775 894
1540 4084
894 1106
4084 4990
894 4004
1865 4084
305 894
2132 4084
892 894
4084 4889
894 2020
337 4084
804 894
65 4084
894 2054
2879 4084
894 1161
281 4084
532 894
4084 4161
688 894
3420 4084
319 894
3968 4084
894 1869
1095 4084
894 2430
3806 4084
894 2918
4084 4931
894 3525
3144 4084
894 4487
35 4084
894 4999
508 4084
24 894
3916 4084
894 2040
4084 4824
894 1507
4084 4101
301 894
1454 4084
894 3898
1557 4084
15 894
4084 4298
894 941
1114 4084
894 3669
1579 4084
136 894
3610 4084
894 4529
2275 4084
894 2606
4084 4911
894 2650
78 4084
894 3784
1884 4084
894 1138
1347 4084
894 4682
1720 4084
894 4766
3400 4084
894 3537
1208 4084
894 2003
1469 4084
894 3950
4084 4115
894 4995
1838 4084
894 3630
1402 4084
894 2582
4084 4908
817 894
1908 4084
894 1779
4084 4810
894 1187
1705 4084
894 2655
977 4084
94 894
1393 4084
894 1806
1 4084
894 3192
517 4084
894 2685
4084 4378
457 894
1128 4084
894 3785
560 4084
894 2212
4084 4501
894 2860
4084 4319
894 4186
1336 4084
894 1973
1524 4084
574 894
882 4084
894 1000
263 4084
894 2120
30 4084
894 4817
287 4084
551 894
1834 4084
894 2903
4084 4167
894 3717
207 4084
894 2368
1252 4084
894 1131
1519 4084
894 2988
1199 4084
894 3766
2372 4084
894 2715
3768 4084
894 1533
3403 4084
441 894
3671 4084
571 894
2095 4084
894 4948
2014 4084
664 894
4025 4084
894 2431
2851 4084
894 2946
157 4084
894 3343
4084 4698
894 2036
1941 4084
765 894
1272 4084
894 2259
2882 4084
894 3904
3319 4084
894 1484
4084 4784
894 4750
3544 4084
894 4122
1546 4084
894 3238
990 4084
894 3489
5 4084
894 3413
4084 4239
894 1727
2331 4084
894 4634
2111 4084
448 894
2105 4084
894 4621
3248 4084
894 1602
3875 4084
894 4139
1986 4084
149 894
1652 4084
894 2321
3654 4084
894 3483
4084 4650
894 1359
342 4084
894 2004
1298 4084
894 1809
748 4084
894 2171
2031 4084
894 4282
2587 4084
894 2137
4084 4543
894 4837
3824 4084
894 928
2573 4084
894 4336
1543 4084
894 3777
3828 4084
566 894
940 4084
894 4549
4084 4714
894 2560
1288 4084
894 2712
558 4084
894 1616
840 4084
894 4666
3531 4084
746 894
2255 4084
894 4462
640 4084
894 1721
1876 4084
894 1312
1631 4084
894 1432
4084 4158
894 2143
1115 4084
894 3738
1437 4084
894 4953
2666 4084
716 894
1938 4084
894 1983
3993 4084
894 4190
141 4084
894 4869
437 4084
894 4798
1112 4084
894 2121
2159 4084
698 894
352 4084
894 4571
4084 4577
894 1193
4084 4244
243 894
972 4084
894 2332
4084 4408
894 3496
3600 4084
894 2205
4084 4313
894 1755
626 4084
808 894
4026 4084
894 2681
2361 4084
894 1261
3121 4084
894 4434
1975 4084
894 4843
2929 4084
894 2704
2366 4084
894 3094
3006 4084
650 894
3131 4084
894 1471
3857 4084
894 4610
971 4084
129 894
4084 4255
894 1893
3259 4084
894 2966
3769 4084
894 1267
3376 4084
894 4015
4084 4724
245 894
4084 4829
894 4584
2399 4084
894 3722
4084 4642
894 4772
279 4084
894 2451
3087 4084
894 3832
4035 4084
894 4644
1487 4084
894 3387
1677 4084
894 4587
3931 4084
894 2118
179 4084
894 4885
417 4084
894 1173
4055 4084
894 4174
2022 4084
894 3776
1597 4084
894 3426
3858 4084
894 2656
1636 4084
894 3985
72 4084
894 2710
822 4084
894 2058
2043 4084
894 2044
4084 4835
894 1913
989 4084
172 894
481 4084
894 2630
3244 4084
160 894
3018 4084
61 894
2544 4084
894 1472
3181 4084
894 1794
1206 4084
894 1460
4084 4583
772 894
1411 4084
894 3450
471 4084
236 894
1282 4084
894 3943
3298 4084
894 1775
4084 4300
860 894
559 4084
894 1360
1840 4084
894 3334
2726 4084
831 894
4084 4180
894 1935
1180 4084
894 4883
2637 4084
894 3687
3723 4084
894 1113
2896 4084
894 4776
4084 4713
894 1886
413 4084
544 894
1577 4084
894 1308
2485 4084
894 3759
4084 4686
412 894
166 4084
894 4401
4084 4783
894 3159
113 4084
894 1483
2736 4084
894 4771
4084 4403
511 894
185 4084
894 4780
3959 4084
894 1698
2725 4084
894 2110
770 4084
894 2254
2567 4084
894 3107
826 4084
894 3957
3297 4084
894 1406
2009 4084
894 4201
55 4084
894 898
4043 4084
894 2191
2671 4084
894 2524
1825 4084
894 1628
987 4084
894 4346
3865 4084
894 1800
2342 4084
894 4437
338 4084
894 4324
3511 4084
231 894
406 4084
894 2901
7 4084
894 3983
2739 4084
894 1982
2595 4084
894 3869
600 4084
894 3468
3216 4084
894 4470
1116 4084
894 4071
1829 4084
518 894
142 4084
894 3205
1960 4084
894 4351
3842 4084
894 3547
2106 4084
894 1036
4084 4269
894 3016
4084 4920
894 3778
49 4084
894 1435
1089 4084
894 936
3226 4084
894 2679
1758 4084
894 1534
1943 4084
894 3830
1153 4084
894 2133
4084 4379
552 894
180 4084
215 894
4084 4198
894 4717
4084 4725
894 3605
3811 4084
64 894
1609 4084
554 894
436 4084
894 1205
2413 4084
894 2558
2239 4084
321 894
3590 4084
894 3102
4084 4099
894 4441
3174 4084
894 4121
487 4084
894 3307
4084 4895
894 1859
4084 4826
894 3888
2641 4084
894 3313
4084 4293
894 4576
1901 4084
894 1735
2971 4084
894 3701
4084 4580
576 894
2527 4084
894 1653
703 4084
894 4527
2545 4084
894 4573
2797 4084
894 3586
4044 4084
894 4133
3884 4084
894 4912
4084 4961
894 2325
3874 4084
132 894
1057 4084
894 1137
468 4084
894 1096
979 4084
894 3536
4084 4465
894 2526
3649 4084
894 3733
922 4084
894 1060
2244 4084
894 4385
1271 4084
894 3638
2072 4084
894 4940
4084 4656
894 1629
1082 4084
894 2397
2509 4084
894 1797
3548 4084
894 3048
249 4084
894 2496
3664 4084
205 894
646 4084
894 1446
2419 4084
894 4127
4084 4659
894 4194
3344 4084
894 3081
1092 4084
606 894
780 4084
234 894
2772 4084
894 4109
3809 4084
894 3760
3873 4084
894 4257
2900 4084
131 894
1566 4084
635 894
1706 4084
894 2017
4084 4760
894 4120
3984 4084
894 1018
3085 4084
894 3521
3532 4084
346 894
3338 4084
894 2678
4084 4381
894 3555
3462 4084
84 894
837 4084
642 894
164 4084
894 1266
3353 4084
596 894
2148 4084
894 4342
891 4084
894 2548
4084 4785
894 993
2553 4084
894 1940
1522 4084
198 894
4084 4525
894 4072
4084 4928
636 894
1451 4084
894 1852
3158 4084
894 1786
18 4084
894 4904
2832 4084
295 894
11 4084
894 4589
1583 4084
586 894
1789 4084
894 3451
3797 4084
894 1369
2608 4084
230 894
1422 4084
894 2874
3077 4084
894 3196
3739 4084
894 3589
4084 4726
36 894
2382 4084
894 4676
1581 4084
894 3805
2188 4084
894 4839
1010 4084
894 1771
3286 4084
894 2658
396 4084
894 2979
964 4084
894 3459
969 4084
894 3661
1420 4084
894 4867
1466 4084
894 4338
3578 4084
894 2330
1737 4084
894 3225
3012 4084
894 4017
952 4084
894 3258
2891 4084
894 1086
3289 4084
894 1133
4036 4084
894 1606
3862 4084
894 4613
1882 4084
894 4473
163 4084
710 894
1610 4084
894 4197
3347 4084
894 1149
1363 4084
181 894
3471 4084
894 1927
1006 4084
894 1920
960 4084
894 2273
1538 4084
894 2481
726 4084
475 894
3268 4084
842 894
2435 4084
894 3886
4084 4116
894 3856
1390 4084
894 2842
4084 4394
894 1959
4084 4210
238 894
2179 4084
894 3359
2241 4084
593 894
4084 4480
894 4555
820 4084
894 1548
3765 4084
894 2991
3878 4084
894 3668
2061 4084
894 4033
2640 4084
894 2315
3827 4084
894 1343
3251 4084
894 4679
1244 4084
894 4596
223 4084
894 3453
524 4084
59 894
4084 4493
894 3988
3683 4084
894 2186
470 4084
105 894
2546 4084
894 3720
784 4084
894 1351
1726 4084
97 894
1436 4084
894 1691
1582 4084
894 3934
1123 4084
894 1769
4005 4084
894 3175
509 4084
744 894
3148 4084
894 4105
3750 4084
894 1162
1987 4084
894 1397
4084 4541
894 2682
2575 4084
894 2400
2504 4084
894 3445
1639 4084
894 2136
3871 4084
894 2376
2377 4084
894 1715
3538 4084
894 2204
1784 4084
88 894
836 4084
410 894
3320 4084
894 3165
1681 4084
894 896
1157 4084
894 2262
4084 4361
894 2256
2864 4084
894 2977
2237 4084
894 2482
4084 4932
894 4435
2785 4084
603 894
1523 4084
894 1194
2346 4084
894 1222
607 4084
894 1065
3282 4084
894 3788
3821 4084
894 2024
221 4084
894 4681
333 4084
894 2300
543 4084
894 4112
4084 4648
894 1749
1007 4084
404 894
2450 4084
894 4388
4084 4155
894 1424
1376 4084
894 897
4084 4179
894 3864
147 4084
894 2472
4081 4084
414 894
2362 4084
894 4801
4084 4453
894 2654
2985 4084
690 894
2680 4084
894 1670
4084 4492
666 894
2151 4084
894 2170
3613 4084
894 3060
2297 4084
894 4135
3559 4084
894 2261
2426 4084
100 894
3989 4084
894 1333
1890 4084
894 4715
3502 4084
894 2616
3460 4084
894 4661
4007 4084
894 4795
3908 4084
894 2305
1773 4084
894 3718
1692 4084
894 2185
1320 4084
894 4808
675 4084
894 3747
661 4084
679 894
3186 4084
894 3587
1907 4084
894 2155
171 4084
894 3064
2964 4084
894 3994
4084 4859
894 1549
4084 4851
894 4259
3889 4084
894 4143
2444 4084
894 2467
597 4084
894 1033
1878 4084
894 4611
3848 4084
867 894
2442 4084
894 3817
1255 4084
894 4016
2937 4084
894 1790
2404 4084
738 894
2692 4084
894 3606
2993 4084
894 2721
3658 4084
894 4164
1002 4084
894 4598
280 4084
894 3991
4084 4348
894 4178
4084 4243
894 1426
1590 4084
894 1788
2773 4084
894 3143
1634 4084
894 2034
4084 4984
894 913
4084 4921
894 1346
583 4084
894 2643
3790 4084
894 3365
2728 4084
894 4073
997 4084
894 1077
2406 4084
894 3157
1118 4084
894 1888
4084 4740
894 1580
3714 4084
894 4946
3554 4084
894 4494
394 4084
894 4067
4084 4926
894 949
2638 4084
227 894
4084 4991
894 4721
4084 4675
458 894
3042 4084
894 4759
2306 4084
894 3915
3104 4084
110 894
3139 4084
894 3231
2138 4084
894 2889
1239 4084
302 894
4000 4084
894 2246
2869 4084
894 2327
4084 4254
894 2282
3346 4084
894 3580
4084 4108
894 1923
2515 4084
894 4008
3235 4084
894 4377
4084 4814
12 894
1846 4084
894 3128
647 4084
241 894
2729 4084
894 4800
2432 4084
228 894
1231 4084
894 2501
3207 4084
894 1673
2076 4084
894 3922
1993 4084
894 4965
4084 4944
894 2642
4084 4316
894 4295
200 4084
494 894
3470 4084
894 3465
267 4084
894 1383
2695 4084
894 3140
3283 4084
93 894
4084 4103
894 1213
4084 4096
894 2322
3614 4084
894 4707
183 4084
894 2410
3454 4084
894 2590
2209 4084
894 3233
1862 4084
894 2780
2547 4084
894 3694
649 4084
894 2183
2923 4084
894 3116
4084 4360
894 2008
3585 4084
191 894
2154 4084
894 4225
3434 4084
894 4782
4084 4430
192 894
3389 4084
340 894
3823 4084
894 2513
3203 4084
894 3787
1531 4084
894 959
3183 4084
894 4484
4084 4569
894 3789
2783 4084
894 3038
2557 4084
894 2264
199 4084
894 3488
1300 4084
894 3907
4084 4888
894 1154
2303 4084
894 2755
3582 4084
894 2381
2768 4084
894 4977
2304 4084
894 1552
2405 4084
894 2586
2019 4084
894 3946
2600 4084
894 2974
762 4084
894 1851
3127 4084
695 894
194 4084
894 1965
29 4084
894 2112
3541 4084
894 4327
1134 4084
894 2873
3696 4084
894 2570
735 4084
894 1505
3909 4084
894 2593
309 4084
894 3752
795 4084
764 894
4084 4433
894 4916
4084 4449
127 894
1895 4084
894 3362
2957 4084
627 894
953 4084
527 894
4084 4326
894 3330
123 4084
44 894
2502 4084
894 3576
4084 4909
894 2894
4084 4325
894 4626
218 4084
894 2580
2529 4084
894 4718
2081 4084
513 894
2429 4084
894 3708
3137 4084
720 894
4084 4439
208 894
2511 4084
894 1690
4084 4631
894 1192
1098 4084
839 894
1594 4084
894 4519
2365 4084
894 3816
128 4084
818 894
4084 4861
894 3706
2813 4084
894 3975
2639 4084
894 1953
3355 4084
894 4058
686 4084
894 1262
3236 4084
522 894
3775 4084
894 2035
3675 4084
894 1477
1011 4084
894 3145
4084 4536
894 4979
3301 4084
894 3394
2039 4084
894 3054
3156 4084
104 894
1297 4084
894 2853
4084 4184
894 3599
4084 4131
894 4022
3349 4084
894 4881
1408 4084
894 3936
3815 4084
894 1326
3439 4084
894 1649
3640 4084
894 3086
628 4084
894 3019
1521 4084
290 894
4084 4739
894 2192
233 4084
894 2060
258 4084
894 4690
2393 4084
894 1661
1814 4084
894 3860
4084 4879
894 2217
1520 4084
894 4399
2519 4084
894 3920
4084 4532
894 4045
3707 4084
894 2815
2613 4084
894 4166
4084 4278
894 1667
315 4084
894 2989
1684 4084
894 1374
1828 4084
894 4406
3955 4084
145 894
1754 4084
894 4818
3933 4084
894 3546
851 4084
894 2838
2236 4084
894 2402
1495 4084
894 3732
74 4084
894 2581
328 4084
894 1431
450 4084
894 4123
545 4084
894 1528
2717 4084
894 2764
4084 4252
894 3409
1989 4084
217 894
3198 4084
894 1553
3219 4084
894 1091
777 4084
894 1627
1104 4084
894 1013
1792 4084
894 4934
1958 4084
894 1381
1143 4084
894 2561
1777 4084
894 3446
2343 4084
894 1674
1601 4084
894 1894
2865 4084
894 4600
4084 4087
894 2216
2731 4084
894 3065
1394 4084
638 894
4084 4436
894 1224
1319 4084
237 894
3770 4084
894 1700
759 4084
894 1992
2804 4084
894 3098
1822 4084
894 4825
766 4084
894 2103
1657 4084
46 894
3742 4084
894 3624
879 4084
112 894
781 4084
894 2741
138 4084
894 1906
4084 4219
254 894
3542 4084
894 3003
3672 4084
894 3941
2390 4084
894 4768
1711 4084
894 2387
1864 4084
2 894
3375 4084
894 2161
1382 4084
894 1817
2027 4084
894 1961
229 4084
894 4819
1656 4084
894 1050
2059 4084
894 4886
4084 4852
894 3305
4077 4084
894 1102
4084 4478
894 3713
405 4084
894 1015
1281 4084
894 3545
424 4084
894 4694
1181 4084
375 894
2082 4084
894 1492
1562 4084
894 3507
4084 4778
846 894
2350 4084
894 4787
1872 4084
894 2471
1607 4084
894 4637
2759 4084
604 894
4084 4729
534 894
785 4084
894 1019
3877 4084
894 3273
140 4084
894 2789
456 4084
894 1233
1926 4084
894 1881
133 4084
894 3485
3970 4084
894 1760
2572 4084
894 2579
870 4084
277 894
3472 4084
894 4853
4084 4154
894 1342
921 4084
894 3893
1650 4084
389 894
3378 4084
894 3781
1156 4084
894 4982
1877 4084
894 2281
790 4084
894 3974
2258 4084
894 4287
901 4084
894 4662
4084 4271
894 3484
2084 4084
497 894
562 4084
399 894
3227 4084
610 894
2207 4084
894 2409
4084 4286
226 894
788 4084
894 2158
376 4084
894 3398
4084 4588
894 4794
2982 4084
619 894
755 4084
894 1132
158 4084
749 894
2551 4084
894 2941
2857 4084
894 4488
2776 4084
894 4668
1756 4084
894 2422
2486 4084
693 894
1391 4084
894 3356
1329 4084
247 894
4084 4213
894 1456
4084 4356
894 4595
439 4084
894 3412
1491 4084
894 4364
4084 4632
894 4574
34 4084
894 3736
2601 4084
894 4042
4084 4448
894 2433
2375 4084
894 4568
4084 4472
894 1148
3309 4084
894 2646
3044 4084
796 894
1014 4084
894 1781
1555 4084
894 4769
3972 4084
894 3393
3479 4084
819 894
1682 4084
894 2554
3195 4084
894 3527
1197 4084
374 894
4084 4954
894 2339
1176 4084
894 1867
37 4084
894 2164
1379 4084
894 4461
2562 4084
33 894
1689 4084
894 2749
718 4084
894 1385
541 4084
894 2318
266 4084
894 4477
1384 4084
894 4906
943 4084
894 4806
2885 4084
894 4023
2543 4084
268 894
2396 4084
894 1236
3712 4084
894 1586
1152 4084
894 4616
108 4084
894 3071
2812 4084
894 3504
41 4084
894 929
3505 4084
673 894
4084 4402
894 1718
857 4084
894 4728
3973 4084
894 3795
3280 4084
894 4731
2439 4084
894 1005
4030 4084
894 1751
1367 4084
630 894
3678 4084
894 3843
2992 4084
894 4331
4084 4548
894 2075
3169 4084
894 2568
529 4084
894 1370
499 4084
894 1850
4084 4830
786 894
4084 4302
894 3529
2665 4084
894 3193
4084 4579
894 1949
4084 4229
894 3056
4084 4779
894 4695
120 4084
894 4507
1027 4084
894 1229
4084 4608
894 1732
493 4084
894 2828
3692 4084
894 1813
4084 4216
894 1038
1506 4084
678 894
1094 4084
894 2822
4084 4987
894 2565
1414 4084
894 3684
4084 4508
894 1039
816 4084
894 1417
2816 4084
894 3373
801 4084
894 4936
2286 4084
894 4192
4059 4084
137 894
23 4084
894 2925
122 4084
894 2723
314 4084
894 3951
4084 4876
446 894
14 4084
894 3366
845 4084
894 4652
4084 4878
894 2094
4084 4281
894 3345
4084 4845
894 4509
4084 4095
421 894
4084 4744
745 894
4084 4440
894 3861
1646 4084
894 4910
4084 4864
894 4962
1898 4084
894 2623
4084 4485
894 4732
3583 4084
894 3603
2585 4084
894 1339
1617 4084
894 3895
3646 4084
894 4165
1328 4084
894 1043
1433 4084
894 4557
2970 4084
894 3497
4083 4084
894 2498
536 4084
894 2850
4084 4306
589 894
3041 4084
894 4199
4084 4497
894 4517
4084 4491
894 1502
202 4084
894 1237
3329 4084
495 894
373 4084
894 4159
2425 4084
894 2876
954 4084
894 1812
284 4084
894 1284
4084 4799
894 3078
3478 4084
894 907
4074 4084
806 894
1766 4084
894 1324
3892 4084
894 3628
613 4084
894 2087
3635 4084
894 1259
4084 4438
894 3561
3379 4084
894 2933
4084 4264
894 1068
3105 4084
162 894
3556 4084
325 894
3721 4084
894 2440
2944 4084
894 4664
3047 4084
291 894
3794 4084
894 3302
3339 4084
894 4349
3592 4084
894 2201
1978 4084
894 4871
4084 4742
894 3423
85 4084
894 2594
1031 4084
894 1398
3000 4084
384 894
3097 4084
894 1710
2280 4084
894 4332
2919 4084
894 3255
3942 4084
894 2240
1325 4084
894 3734
152 4084
894 2711
4084 4848
894 1352
2184 4084
894 2131
4084 4565
130 894
4084 4091
894 906
4084 4204
894 2538
3997 4084
894 2707
914 4084
490 894
330 4084
894 3391
1513 4084
418 894
4084 4520
894 3296
1970 4084
894 1421
715 4084
894 4733
605 4084
894 2858
1099 4084
894 3796
4080 4084
848 894
805 4084
894 1474
4084 4307
894 3808
4084 4249
853 894
584 4084
224 894
2821 4084
894 2050
1080 4084
894 1626
1183 4084
894 3424
3300 4084
894 1574
3801 4084
894 1296
1052 4084
894 3791
3340 4084
894 4060
1541 4084
894 3407
4084 4537
894 4813
4084 4181
894 2940
632 4084
894 1003
2178 4084
894 3636
1694 4084
894 4046
2810 4084
894 2326
4084 4510
894 4260
1387 4084
894 3499
2497 4084
894 4185
101 4084
269 894
3990 4084
615 894
3494 4084
894 2418
3476 4084
415 894
1984 4084
894 2149
3996 4084
894 931
2825 4084
894 2647
2843 4084
763 894
357 4084
894 3533
3452 4084
894 2272
2276 4084
894 4064
733 4084
894 2449
2790 4084
894 1314
3891 4084
894 3883
3743 4084
894 3025
4084 4425
894 1150
4076 4084
894 1302
1921 4084
894 2453
4084 4989
894 1124
2819 4084
894 1595
409 4084
894 4967
3837 4084
894 1109
2878 4084
894 2144
3581 4084
894 4280
3859 4084
653 894
3239 4084
155 894
811 4084
894 3370
3440 4084
875 894
2927 4084
894 3709
4084 4712
894 3276
2523 4084
894 2886
3741 4084
894 4945
1315 4084
358 894
2809 4084
894 2434
1418 4084
894 4755
4084 4188
894 3180
3155 4084
894 1929
2005 4084
894 4118
3773 4084
894 3241
4019 4084
894 4451
380 4084
894 1126
1854 4084
810 894
4084 4941
894 3903
460 4084
894 1323
4084 4285
894 2026
3825 4084
894 3602
1832 4084
894 4309
1539 4084
894 1358
3425 4084
894 4097
2341 4084
894 2213
4084 4854
56 894
4084 4761
894 2566
2976 4084
894 2378
2353 4084
894 4050
2153 4084
894 4804
4084 4891
894 1225
4084 4887
894 3272
3925 4084
894 2311
2855 4084
894 1301
2912 4084
894 3294
4084 4398
177 894
9 4084
894 1305
1985 4084
894 2943
3882 4084
894 3594
1251 4084
894 4111
4084 4947
894 1142
304 4084
203 894
1119 4084
894 3469
4084 4973
894 4559
2176 4084
894 4736
4084 4334
894 1747
153 4084
894 3798
4084 4250
894 4283
2967 4084
894 1571
3005 4084
830 894
1801 4084
894 3976
3062 4084
894 1675
16 4084
894 4775
1202 4084
894 3826
1795 4084
894 2892
1280 4084
894 1441
1831 4084
743 894
3075 4084
894 4466
1195 4084
894 3232
2033 4084
894 4781
4084 4988
894 2126
433 4084
62 894
3172 4084
582 894
3045 4084
873 894
484 4084
894 3429
3792 4084
894 4215
714 4084
894 1260
1615 4084
894 2380
4084 4823
894 4870
1399 4084
894 1605
2969 4084
22 894
2909 4084
894 4874
1377 4084
894 2394
1425 4084
894 2602
4084 4132
894 2697
3510 4084
894 2618
1563 4084
894 2427
1918 4084
894 1833
211 4084
894 2700
2824 4084
393 894
1075 4084
894 1972
2100 4084
894 2443
3492 4084
894 1059
286 4084
868 894
51 4084
894 1290
347 4084
894 1600
1254 4084
411 894
4084 4901
894 2260
2530 4084
894 4062
1660 4084
894 4708
2687 4084
894 4701
3866 4084
282 894
3061 4084
894 2958
2934 4084
894 1498
3290 4084
894 3212
1268 4084
894 3641
975 4084
894 2252
3132 4084
467 894
196 4084
894 4561
1525 4084
894 2796
3246 4084
480 894
3063 4084
894 2457
1725 4084
894 2268
1163 4084
894 3314
2446 4084
894 2135
2834 4084
894 2182
4084 4357
894 4382
83 4084
222 894
3021 4084
828 894
2338 4084
894 4136
1035 4084
894 4455
4084 4691
894 4314
3851 4084
894 1640
3279 4084
159 894
699 4084
894 1818
1558 4084
894 2634
2719 4084
894 4341
1481 4084
894 1164
4084 4645
894 3057
1270 4084
894 1186
4038 4084
894 3114
3506 4084
894 2713
98 4084
45 894
3162 4084
894 3443
276 4084
894 4971
1159 4084
894 4749
300 4084
894 1316
2610 4084
894 2310
4084 4923
894 1988
1592 4084
894 2068
3836 4084
894 3681
2995 4084
894 3566
77 4084
894 1971
677 4084
894 2621
4084 4623
344 894
3703 4084
894 2092
178 4084
894 2890
3727 4084
894 2369
427 4084
894 2423
1427 4084
539 894
986 4084
894 1916
2984 4084
829 894
92 4084
894 4892
478 4084
894 1733
4084 4811
894 985
3831 4084
894 2359
119 4084
894 2653
2775 4084
275 894
3947 4084
888 894
4084 4412
894 2235
2730 4084
894 3498
235 4084
894 1666
4079 4084
894 2676
3954 4084
894 4671
4084 4308
894 4640
2307 4084
453 894
849 4084
894 2935
4084 4615
894 4545
3411 4084
894 2107
590 4084
894 1974
1723 4084
894 2461
3026 4084
894 4086
3900 4084
894 1072
1905 4084
430 894
1702 4084
894 2657
1922 4084
894 4426
3322 4084
599 894
320 4084
852 894
2635 4084
794 894
1544 4084
894 2955
4084 4942
894 1364
981 4084
894 3402
4047 4084
894 4124
3120 4084
894 1493
4084 4647
894 3642
847 4084
894 4075
3550 4084
894 4986
700 4084
894 3028
4084 4160
894 3416
1105 4084
894 4146
3971 4084
894 4939
3223 4084
361 894
3455 4084
881 894
359 4084
894 4301
2550 4084
71 894
4084 4516
894 2328
4084 4697
894 2172
134 4084
894 4171
741 4084
894 1963
4084 4248
894 4296
2683 4084
894 1708
651 4084
625 894
1056 4084
894 2870
2168 4084
894 3702
4084 4575
894 1917
2905 4084
894 4027
3662 4084
894 4392
2632 4084
438 894
4084 4288
331 894
1811 4084
894 3771
1504 4084
894 2097
2571 4084
366 894
2175 4084
894 2202
3250 4084
894 4013
3377 4084
400 894
4084 4756
894 3698
1849 4084
894 3185
2852 4084
894 1448
3091 4084
894 2349
2249 4084
894 4140
2841 4084
894 1680
2688 4084
894 3287
3835 4084
894 1054
273 4084
894 2290
4084 4170
894 3348
3228 4084
894 4612
2862 4084
894 3371
2295 4084
894 4533
588 4084
894 4333
2781 4084
894 4495
2203 4084
655 894
1950 4084
894 2233
103 4084
616 894
2605 4084
894 2407
2540 4084
894 3427
1428 4084
894 1444
4084 4630
894 1575
4084 4983
894 2316
3779 4084
894 4914
3275 4084
894 2787
4084 4959
894 1340
2028 4084
463 894
4084 4900
894 1659
510 4084
894 3161
2296 4084
894 2791
3401 4084
894 1532
2684 4084
894 4866
299 4084
869 894
3921 4084
894 4562
1170 4084
894 3119
1593 4084
514 894
791 4084
420 894
107 4084
894 3179
2578 4084
704 894
3500 4084
894 1514
1782 4084
894 4156
2899 4084
894 2839
39 4084
894 4734
2599 4084
894 1097
2902 4084
894 3194
2455 4084
894 1009
1490 4084
894 2115
658 4084
894 3328
968 4084
894 2348
1041 4084
894 1841
3651 4084
894 1144
329 4084
894 3270
2360 4084
496 894
3417 4084
894 4841
713 4084
31 894
4084 4651
894 3390
1638 4084
894 4918
3881 4084
894 2604
1445 4084
894 2007
2351 4084
894 2299
1338 4084
894 3053
4084 4413
894 4372
3608 4084
884 894
2846 4084
894 4168
3979 4084
894 4240
210 4084
894 4203
2675 4084
894 2740
4084 4572
894 1793
1404 4084
894 3253
82 4084
894 3206
419 4084
894 3229
2224 4084
894 2949
2492 4084
894 4882
3374 4084
894 2141
4084 4113
485 894
992 4084
126 894
4084 4268
894 1040
1249 4084
894 2041
3568 4084
894 4689
550 4084
834 894
4010 4084
894 1647
595 4084
894 2645
902 4084
676 894
135 4084
894 3457
3022 4084
894 4320
311 4084
894 2320
2907 4084
894 4234
474 4084
894 1932
1853 4084
894 988
1304 4084
894 2990
3274 4084
887 894
4084 4566
894 4528
833 4084
894 1603
1764 4084
