5000
()())(((()(((()()(()()))(()((((()))((((())))()(())(()(()((()))())(()(())())())(()()()((((()))))()()))())()(()()(()(()(((((()(()(((()(((())((())((((((()(())())))((((())()((()()())())(((()))((()))()((()()()())())()))())))(()())()()())((())()))(())))))(((()(()((((())()()())())(()(()())))))())())(()(()())))(())))()))(()(())(((()()(())(((())()(()())()()))()))())()(()(((()()(()()())((())()))(((()((((()))())())()()())((()((())((())))())()()()(()())(()))(())))(())()()())))))))))())))))(((())(()))(()))))())((((())()(())((()))()()()))(())()))))))())))())()()()()())(())((()()()()()))))(()())((()))(()(()()((()()())()(((())()))(()(()))(((()()())(((((()))()))()))()())())))()()())))()())))())())()()((((())(((()((()((()())())()((()()((())())(()())(())))()(()))))()))()(()))())))()()(()))()))())))((()()()))))(()())))((()(())((((()(()))))))))(((((())(()(())))((()(()))()))(())(()(((())(()()))((((())(()()(((((()()()((()(((((())(())(())()))(((())())()))(())((((((()))))(((((()()(((())(((()()())()())()(()))))))))()))(()))))(())((())((()())()())((()())((((((()((()())()()()(()())())())))()())())((((())))()))()))()())))))())()(())))())())))((((()(()))(((())(()(()()((()(())(()((()))())))())())))()())()((()))))(()))())()()()()()))())))())((())((((((())()()()))()()))((()))()(()()))(())())((((())(())(()()()((()(())((()()()(())((()(()))))))))))())))))))()((((()()))())())(())))(((())((((())))((()))))()))()())((()(()))))))())(()))()))(((())))))(())(()(()(())((((())()()((()((((()(())((((()))()()()((())()()()()))((()()(()()))))()(((((((()()()()((())))))()))()(())()(())()))))())()()(())((())))))(()()(((()))))(()(((()()))))))(((()())))())))))((())()(())()))()(())(())(()(((())))(())()))())())))()))))()))))(()()((()(()(((())))(()))()(())))())()))((())((((()))()())))())(()))))((((((()(()(()(()))((())())()()()((()(()(((())())))()()))(((())())(()()((((()))((()))()((())((())))())))((()((((()))(()(()()))(()))(()()))(()(()())(()(()(())((()))))))())))(()()((((()((())(())))(())))((((()(())(()))))(((())))((())))()))))(((())()()()))(()()))()()))())()())()()((()(()(()((()())))(()))))((()(()((((()))(()))(((()))()(()))()()())(()())()(())))())()))((()))(()()(()))()))))((((()()))(()(())))))(())(()(((())()(()))()(()(()))()))()())))()(()()()))((()(((())()()()()))((()(()))())()))))((()())(()()(()(((((((())()((((((((()))())())))()(()())())()))(()((())())(((((((()()(()())(()(())(()))())()()()()())())(())(()))(()))()(()(((()(()())()()))()()(()()(())())))(()(())))))())((()))))(()((()((())(()))(())()((())))((((()()))())(()))(()(()(())())()(()()(()((())))))((()())())(((((())))()((()())()))((()((())((()(())(())))()(()()(()()(((())))(()))())())()))(((())(()())))()(((((())((()(()(()((())))()))()((())))()(((()))))())()()((())())((((()))))()())(()())(()))()))))((((()()(((()(()((()(()))()))()))(()))(((((()()(()(()())(())))((()))))()((())((((()))()))()()))())(())))(()()((())(()(()()()()(()))(()()))((((()(())(()()((((()()(()()))((()(()))))(())(())((())()()())(())(())))())())((((())()))())))(((())()))(()())(()((((()())((()()(((((()((((())()()(()()())))())())()(()(((())(((()))()(()(((()()))())((()(((()))(()(()))((())((()(()()())()((()()()()()()))((((())((()(())()()()((()((()))((((((()))()))))((())(())()())))((()(()(()(((())((((((())()(())(()())(())())(()))))(())((())(((()(((())))(())((()(()(()))(()(((()()())))((())((()((()(())()((()(((((((())))((()())))())))())())))()))()()))()((((()())))(()((((())(()()())()()))()(()()))(())()()()))))(((()(()))()(())((((()((())())(()))(()()())))(((((()))()((()()())((()(((()(((()()(((()()()())())))(((()))((()()((()()()()()(((())))))(()))()((()(((()))(((()))(()(((()()((()((()))())(()))(()))()))())(())))()))(()()()(()()())(((()))((()))())((()()(((())))))))()()((())))(()()())()))()(())()(())())((((()))(((())((()((())(((((()())))((()()()(())(((((()))(())((((((()))()))((()()(((((()(())(((()))()))))(()()()))))(())((()(()()((()((())())))()((()((()))))((())())))((())())(()()(()()(((())(()))()())()()())((())((()))))))())((()(()))((())(())((())()((((()))()))((((()()(((((((())))((()(((()))(()(())())(())()(())())())()(()()()()((((()())(((())())()()))(())))))))(()(((()()))()))()))()))))(()(((((((()))))))))((((((())(()()())((((()))((())))))(()()(()(()((()()))))()())()())(()(()))((()))())))()()(((((())()(())()())))()())())((())()(()(())()()))))(())))))))))()(((()(())))(()((())(())(()()))((((((()))()))((((()))(()))(()(((()()(()))))()))(()((((())(()))()()(())(((())(()(()()()((((((()))(()()()(()))))())))(()))))(((())())))))()()))))))))()(((()))((())(())())())((()()((((())(()((()(()(()))()((((()(()))))())(())()))()))()))(()()))(()()))()()((()()))((()((((((((()((((()))()))(((())(((()()))((()(())(()))))((())())))()())()()(())(()(())()))()()))((((()(())(((()(((()()(()((((())(())(()(()))((())((()((())))))))())()))))())(((()()((())))(((()())())))))(()(())(()(())((()()))()())()()())((()))()(())(())())())()()((()(())())(()()(())))(())))())(()()((((()))())))))(()())(())()((())()()(()))(((((()))(()(((()((((((((((()))))(((()))((((((((((()(())()(()(()()()(()))((()))((()(())(((
1468 1894
26 1468
26 327
327 973
973 2046
2046 3991
3566 3991
1346 3566
1346 1798
1252 1798
51 1252
51 804
804 871
871 1827
1827 4263
3736 4263
1065 3736
1065 1946
1240 1946
1240 2120
424 2120
424 2579
2579 3910
1589 3910
1589 2996
505 2996
505 4449
3927 4449
2632 3927
2632 3490
3490 4928
4008 4928
1400 4008
1400 1917
1917 4203
2358 4203
1706 2358
1606 1706
1606 3179
1512 3179
1512 2656
2656 2990
2378 2990
1203 2378
603 1203
603 4508
3964 4508
3964 4119
3393 4119
3260 3393
2139 3260
2139 4960
2266 4960
1934 2266
1934 4394
164 4394
164 1350
134 1350
134 506
506 2655
2655 3134
122 3134
122 3853
3853 4286
588 4286
588 2345
1020 2345
322 1020
322 2433
2433 4692
2922 4692
1866 2922
511 1866
511 2650
2650 4113
3920 4113
2911 3920
2911 4368
1987 4368
1987 3009
3009 3435
3435 3525
2865 3525
2865 3603
2281 3603
1697 2281
982 1697
461 982
461 4485
2296 4485
778 2296
778 3963
2133 3963
319 2133
319 4718
4569 4718
739 4569
739 2374
1883 2374
1883 3017
1950 3017
1950 2272
2237 2272
2005 2237
2005 4634
252 4634
252 1889
1889 3738
1052 3738
1052 1985
1985 4234
3371 4234
63 3371
63 2904
2904 4945
1608 4945
1608 2759
2298 2759
1119 2298
1119 4935
1254 4935
1254 4992
763 4992
21 763
21 3105
3105 3594
259 3594
259 3515
1978 3515
1978 3504
2132 3504
2132 3163
3163 4328
1600 4328
397 1600
397 4781
4475 4781
2409 4475
2409 4316
2469 4316
2469 4676
4415 4676
2416 4415
2416 4151
2350 4151
2052 2350
2052 4605
3198 4605
1450 3198
1450 4865
2219 4865
2219 2293
1518 2293
1518 4671
2191 4671
2191 2850
2850 4563
1497 4563
256 1497
256 2342
2342 3430
750 3430
750 1169
1169 3532
3497 3532
3497 4588
2634 4588
2634 4904
3097 4904
1522 3097
857 1522
634 857
634 3317
3317 4719
668 4719
668 3802
1291 3802
3 1291
3 900
900 2793
2793 4801
385 4801
385 3402
2977 3402
31 2977
31 2711
130 2711
130 2550
2550 4463
3115 4463
3115 4567
3750 4567
3750 4566
2672 4566
2075 2672
1872 2075
1134 1872
1134 1573
1573 4120
695 4120
695 887
887 1495
1349 1495
1349 2680
576 2680
576 3485
3485 3698
567 3698
567 4090
3578 4090
1486 3578
645 1486
645 4926
362 4926
291 362
291 1592
1592 3869
3869 3974
2521 3974
2521 3870
410 3870
410 1377
1377 4891
341 4891
341 2631
1005 2631
1005 4216
2300 4216
1088 2300
1088 4406
279 4406
279 4175
4175 4327
3623 4327
420 3623
420 2320
2320 4438
768 4438
768 3154
3154 4750
1574 4750
1574 3211
3211 4195
3271 4195
28 3271
28 946
946 2553
2553 4461
2942 4461
2439 2942
234 2439
234 4827
590 4827
324 590
324 1601
1601 3321
1384 3321
1384 4381
1924 4381
1924 3180
1842 3180
1842 4614
751 4614
751 952
952 4759
4615 4759
1016 4615
1016 1737
1470 1737
1089 1470
1089 3441
1770 3441
893 1770
893 1157
1157 1899
1899 4959
4515 4959
4313 4515
2287 4313
2287 4487
2352 4487
2352 2863
2863 3350
939 3350
939 3701
3288 3701
984 3288
390 984
390 2715
2715 3448
3448 3739
1428 3739
1428 4830
366 4830
366 3523
2891 3523
1967 2891
1967 2231
707 2231
707 2179
2179 3153
416 3153
416 3731
3065 3731
3065 3857
3857 3933
2045 3933
1761 2045
1761 2552
2552 4836
3744 4836
3125 3744
574 3125
574 3645
1914 3645
1158 1914
889 1158
208 889
208 1638
1638 4335
598 4335
598 3734
3734 4856
1446 4856
815 1446
815 4329
381 4329
381 3342
3342 3509
1824 3509
1824 2708
2708 3783
866 3783
866 3589
226 3589
226 3262
3262 4629
1859 4629
1859 4619
3222 4619
419 3222
419 2926
2926 3108
2858 3108
2385 2858
2385 4132
4061 4132
2841 4061
2205 2841
844 2205
844 3717
1277 3717
1277 3150
525 3150
525 1499
1499 2540
572 2540
572 910
105 910
105 1421
1421 2744
2744 4990
965 4990
965 1603
1143 1603
1143 3140
3140 4584
722 4584
722 4796
935 4796
935 3091
3091 4219
4219 4839
4176 4839
3312 4176
260 3312
260 4930
3318 4930
3318 4747
1022 4747
1022 4218
4130 4218
934 4130
934 3494
1149 3494
1149 1529
697 1529
145 697
86 145
86 325
325 2042
2042 4680
398 4680
398 1852
1852 3591
3591 4789
128 4789
128 2822
2822 3499
3031 3499
1274 3031
1274 4331
275 4331
275 3536
2278 3536
915 2278
915 4975
76 4975
76 3924
2112 3924
2112 3905
2251 3905
163 2251
163 3189
1875 3189
1875 2148
853 2148
853 4885
96 4885
96 1510
1153 1510
1153 4307
1314 4307
1314 3382
3382 3959
1925 3959
1925 2729
782 2729
782 3255
1664 3255
826 1664
826 2533
1046 2533
1046 4539
2425 4539
2425 3305
1087 3305
1087 3283
1787 3283
1787 4068
1425 4068
1425 2857
1462 2857
1462 2117
2117 3530
2252 3530
2252 4056
2514 4056
2514 4980
2198 4980
1310 2198
903 1310
203 903
11 203
11 3334
3333 3334
812 3333
812 2781
1426 2781
1426 4616
3656 4616
501 3656
501 1145
1145 1801
1801 2937
2937 3507
3507 4343
1884 4343
1884 3207
3207 3876
3876 4682
507 4682
507 3214
3214 4803
1182 4803
1182 1482
1482 3844
3844 4411
583 4411
48 583
48 4302
2284 4302
2284 4652
1299 4652
1299 2721
2721 4810
4479 4810
2616 4479
670 2616
670 4372
3067 4372
141 3067
141 262
262 3419
37 3419
37 736
736 3827
3827 4062
4062 4601
2652 4601
295 2652
295 2794
847 2794
847 1074
1074 1968
1968 2335
2335 3550
3550 4792
821 4792
654 821
115 654
115 421
421 4709
922 4709
724 922
724 4984
431 4984
431 2341
1536 2341
1536 3383
1196 3383
58 1196
58 3569
3569 3956
3670 3956
2562 3670
2477 2562
1300 2477
1300 3195
3195 3854
1702 3854
1702 4088
4088 4330
4330 4736
1744 4736
1744 4873
119 4873
119 4147
2463 4147
616 2463
616 2685
165 2685
165 4929
4929 4964
2969 4964
2969 4149
2733 4149
2733 4580
3279 4580
3279 3971
1166 3971
917 1166
917 4547
2294 4547
2294 2591
2591 4285
3425 4285
3425 4221
3804 4221
777 3804
777 2877
1745 2877
261 1745
261 1081
1081 3722
3042 3722
1139 3042
513 1139
69 513
69 2158
2158 3456
3164 3456
3164 4417
4417 4871
1839 4871
1839 4140
2727 4140
1370 2727
1106 1370
614 1106
614 1155
405 1155
55 405
55 4050
1605 4050
1391 1605
1391 3006
3006 4762
87 4762
87 2256
2256 3661
1056 3661
1056 2645
687 2645
687 3056
660 3056
660 4653
1877 4653
1877 4350
4350 4686
3276 4686
2248 3276
2248 4003
4003 4046
4046 4424
2515 4424
2040 2515
1071 2040
1071 1788
1788 3158
3158 3836
711 3836
711 1296
1296 2332
182 2332
182 201
201 3563
3563 4148
4135 4148
357 4135
357 2449
2449 3597
1898 3597
1898 4142
1703 4142
1703 3036
1 3036
1 3378
3378 3888
3888 4306
636 4306
636 3593
663 3593
663 3254
2573 3254
2573 4577
3050 4577
3050 3228
457 3228
457 1041
646 1041
243 646
243 2400
1471 2400
1471 4961
632 4961
156 632
156 820
820 1618
417 1618
417 3864
135 3864
135 3843
6 3843
6 4938
1944 4938
1944 2574
2574 4606
3629 4606
2051 3629
2051 2554
1179 2554
176 1179
176 3355
3355 4020
4020 4115
600 4115
600 1634
888 1634
888 2461
2461 3299
3299 4364
2363 4364
2314 2363
2314 4723
2006 4723
2006 3210
3210 3657
3657 3986
3986 4118
2290 4118
334 2290
334 4821
1915 4821
1915 4299
2915 4299
532 2915
532 3257
1456 3257
723 1456
723 4387
1427 4387
1427 3990
1654 3990
1654 3996
3996 4252
2754 4252
964 2754
964 2627
1854 2627
1854 3212
3212 4348
4007 4348
742 4007
742 873
873 1032
1032 3565
886 3565
886 1757
1757 2555
2555 2860
1132 2860
1132 2648
30 2648
12 30
12 3640
2747 3640
2747 3684
3083 3684
3083 3106
3106 4506
1782 4506
1782 2805
2805 4868
4595 4868
2201 4595
563 2201
563 3407
3407 3891
3825 3891
1663 3825
597 1663
597 2405
2405 2583
2583 4429
3162 4429
184 3162
184 1860
1860 2999
2022 2999
2022 4060
2104 4060
2104 4214
650 4214
650 4957
2404 4957
1742 2404
108 1742
108 1476
1138 1476
1138 4809
152 4809
152 3019
1677 3019
677 1677
677 1493
1493 3803
1264 3803
221 1264
221 4835
3103 4835
2503 3103
2503 4956
3687 4956
1383 3687
1383 2367
2367 4897
3531 4897
2897 3531
1730 2897
1730 1775
1775 2974
2751 2974
162 2751
162 1283
1283 4341
1825 4341
1825 3063
2491 3063
1096 2491
947 1096
947 3261
3261 4400
1593 4400
1593 4958
1017 4958
1017 3668
3668 3824
729 3824
729 3167
907 3167
907 1722
1722 1908
1908 4872
2713 4872
2429 2713
174 2429
174 4248
2749 4248
2749 4866
1856 4866
1856 4351
153 4351
153 792
792 3730
1292 3730
1292 3696
531 3696
531 2241
2241 3221
3221 3818
2575 3818
2575 3291
551 3291
551 3315
2870 3315
966 2870
966 2176
2176 4498
2633 4498
2355 2633
2355 4998
4857 4998
3612 4857
3612 3866
3268 3866
3268 4944
1210 4944
841 1210
841 2223
2223 2604
1626 2604
1626 3790
272 3790
272 3949
3495 3949
793 3495
793 3012
2704 3012
2704 4814
1523 4814
1523 2359
436 2359
436 2927
730 2927
582 730
336 582
336 896
896 4133
3772 4133
1918 3772
1918 4914
3599 4914
1807 3599
8 1807
8 2143
2143 2657
2657 4309
1320 4309
1320 3405
898 3405
898 4465
2504 4465
126 2504
126 4578
3307 4578
3307 3463
2465 3463
1769 2465
1769 3586
179 3586
179 4437
4111 4437
3431 4111
1484 3431
1484 3135
2578 3135
2578 3412
2737 3412
2737 3337
3337 3636
3636 4788
3008 4788
3008 3325
2611 3325
797 2611
797 4402
2980 4402
2980 3417
956 3417
955 956
389 955
389 3201
2590 3201
2590 5000
3780 5000
2340 3780
2164 2340
2164 4649
2100 4649
146 2100
146 642
642 2485
2485 4967
806 4967
9 806
9 3502
349 3502
349 3917
3917 4689
3428 4689
2182 3428
2182 3156
3156 4155
553 4155
553 3449
276 3449
276 4294
205 4294
205 438
438 4192
1673 4192
624 1673
624 1490
786 1490
786 3862
3862 4472
4472 4554
1893 4554
1893 2962
2962 4117
1136 4117
1136 3327
235 3327
235 4607
233 4607
233 840
840 3769
2327 3769
476 2327
476 2243
2243 4838
4838 4986
921 4986
921 2976
2976 3396
3367 3396
2304 3367
2304 4696
1116 4696
1104 1116
1104 1658
1658 2081
1168 2081
1168 1241
1241 3013
2726 3013
36 2726
36 2155
803 2155
803 2265
2074 2265
2074 3024
3024 4805
3239 4805
926 3239
926 1619
1619 4170
2852 4170
2782 2852
2285 2782
380 2285
380 4934
1100 4934
1100 1970
1970 2247
987 2247
987 1404
242 1404
242 4222
298 4222
298 4656
1038 4656
330 1038
330 2764
2764 3651
136 3651
136 172
172 1616
1061 1616
1061 4742
4204 4742
3800 4204
2637 3800
862 2637
862 3473
2277 3473
123 2277
123 1281
1281 3461
168 3461
168 1847
1118 1847
1118 4413
3886 4413
3886 4532
4249 4532
4249 4589
4589 4936
4404 4936
890 4404
890 2743
2743 3166
703 3166
703 2056
2056 4842
3756 4842
1776 3756
1284 1776
1284 4297
2943 4297
1489 2943
1489 4499
4499 4505
4505 4669
2008 4669
2008 4110
3849 4110
305 3849
305 969
969 1280
1280 2496
2496 2508
2156 2508
2156 2609
2500 2609
2500 3278
1717 3278
672 1717
148 672
148 1808
918 1808
918 3226
3062 3226
25 3062
25 4782
1833 4782
1833 3811
144 3811
144 726
726 2283
1194 2283
59 1194
59 2422
2422 4600
452 4600
452 4401
4017 4401
440 4017
440 902
902 4096
2984 4096
1778 2984
1778 3513
2414 3513
2414 4641
1557 4641
1557 3256
3256 4436
3089 4436
3089 4247
2099 4247
2099 2745
120 2745
120 3102
2916 3102
2916 4482
1059 4482
1059 4257
2817 4257
2566 2817
2566 3922
3922 4969
2229 4969
2229 3985
3985 4157
1478 4157
963 1478
963 1878
1878 3829
706 3829
706 4100
2086 4100
2086 3084
3084 3633
773 3633
773 1871
1871 2438
1617 2438
1617 3902
2481 3902
1238 2481
1238 4557
2676 4557
90 2676
90 4509
3915 4509
3915 4053
353 4053
353 4391
3693 4391
2923 3693
1445 2923
823 1445
823 3598
2249 3598
1146 2249
1146 2286
813 2286
813 1556
1556 4913
2806 4913
1402 2806
1402 3808
3808 4937
3548 4937
1971 3548
1971 3995
1961 3995
1961 2013
2013 4535
519 4535
519 1195
1195 3381
3184 3381
1948 3184
1948 2712
1405 2712
1405 2072
2072 2815
1911 2815
220 1911
220 1010
1010 3194
2531 3194
2058 2531
2058 3132
2714 3132
712 2714
712 2019
1161 2019
1161 4979
3745 4979
118 3745
118 2952
306 2952
306 1287
365 1287
365 1440
1150 1440
1150 3304
3304 3755
2165 3755
2165 4205
2282 4205
2282 3763
658 3763
658 3187
3187 4785
2760 4785
1417 2760
1417 3982
1659 3982
894 1659
894 2144
2144 4190
4104 4190
3978 4104
3978 4471
3455 4471
1273 3455
1273 4528
2900 4528
2900 4087
3471 4087
585 3471
585 2356
2168 2356
2168 2494
2411 2494
1794 2411
1794 4495
3319 4495
3319 4418
911 4418
819 911
819 2312
2312 3945
3576 3945
3576 3942
916 3942
916 1947
1947 2125
1704 2125
1704 2460
2460 3538
3142 3538
615 3142
615 3183
3183 4177
690 4177
690 1312
1312 3899
679 3899
562 679
562 1733
1733 3584
3584 3848
3848 4907
1956 4907
1376 1956
1376 2108
228 2108
228 3245
375 3245
375 2269
2269 3728
3284 3728
1474 3284
1474 2542
1551 2542
1207 1551
1207 4899
3452 4899
3452 3954
1475 3954
623 1475
623 1680
1680 3172
3172 3447
3447 3470
3470 4289
4289 4522
1488 4522
368 1488
368 3511
3511 4659
4226 4659
979 4226
979 2323
559 2323
465 559
465 1921
1298 1921
485 1298
485 4209
3973 4209
1068 3973
1068 3273
131 3273
131 3994
2398 3994
315 2398
315 4834
373 4834
373 3611
1746 3611
606 1746
395 606
116 395
116 2141
1994 2141
1994 4752
1951 4752
1951 3300
3300 3807
335 3807
265 335
265 3322
3322 3812
3168 3812
3168 4985
198 4985
198 4824
363 4824
363 3206
1091 3206
1091 2813
2813 4013
728 4013
728 3558
1992 3558
692 1992
692 2885
2472 2885
2472 2493
708 2493
708 4820
2784 4820
19 2784
19 4713
4608 4713
1227 4608
1227 3798
3798 4767
523 4767
523 854
854 2184
2184 2200
2200 4575
2317 4575
2317 4464
548 4464
548 2048
2048 2667
2667 3950
16 3950
16 4085
977 4085
977 4390
694 4390
694 874
698 874
698 876
566 876
566 2947
2869 2947
2869 4954
211 4954
211 568
568 2761
2761 3246
2307 3246
1371 2307
1371 4991
3225 4991
3225 4283
1939 4283
1258 1939
1258 2723
1905 2723
1905 3049
3049 3992
125 3992
125 3841
3841 4288
2384 4288
70 2384
70 1974
1974 2888
2888 3705
2338 3705
2338 3066
867 3066
867 951
951 3894
3894 4777
4574 4777
2299 4574
1395 2299
1395 2394
2394 2887
1571 2887
1571 2768
2768 2867
288 2867
288 2786
2786 4622
4244 4622
2239 4244
1945 2239
1945 3544
2372 3544
40 2372
40 3022
2509 3022
447 2509
269 447
269 4977
4009 4977
1577 4009
1577 4862
2985 4862
1192 2985
107 1192
107 1984
1984 3216
1591 3216
1591 4314
3934 4314
1791 3934
1791 2905
2799 2905
2799 4039
2896 4039
2430 2896
2430 4555
183 4555
183 2842
1504 2842
1504 3311
3219 3311
1127 3219
1127 4675
3559 4675
3559 4270
2665 4270
2665 4681
3570 4681
1876 3570
1876 2393
333 2393
333 3309
2884 3309
1259 2884
1259 2834
2752 2834
2752 3465
1467 3465
1467 2881
2881 4084
3055 4084
1648 3055
1648 3370
1805 3370
684 1805
684 1439
1439 1670
1670 3852
3771 3852
3398 3771
962 3398
962 1335
1335 3404
3116 3404
1926 3116
1926 3776
3671 3776
1846 3671
1846 3551
267 3551
267 2347
2347 2596
2216 2596
2080 2216
2080 3881
3881 4851
627 4851
627 4994
2791 4994
2791 3347
848 3347
848 2874
2874 4223
2344 4223
2295 2344
2295 3074
757 3074
757 3673
1246 3673
1246 4144
3054 4144
2757 3054
2232 2757
2232 2315
2032 2315
1906 2032
761 1906
761 4599
3205 4599
3138 3205
2796 3138
2796 3272
3272 3427
2662 3427
2662 3579
2892 3579
2524 2892
2524 2732
1550 2732
1550 3993
3070 3993
2756 3070
2756 4466
1212 4466
836 1212
836 1029
1029 3143
451 3143
451 4973
4775 4973
4380 4775
1021 4380
514 1021
514 4808
2569 4808
2569 3720
3720 4494
3664 4494
18 3664
18 2071
2071 3723
1413 3723
1413 1685
1685 1999
1999 4027
3267 4027
3267 3839
3839 3895
3895 3955
3955 4745
3251 4745
2044 3251
2044 4492
2227 4492
2227 4648
4518 4648
3542 4518
527 3542
527 1344
1344 4644
1165 4644
190 1165
190 1527
1527 2028
1443 2028
1443 1560
54 1560
54 3018
3018 4232
737 4232
737 1466
88 1466
88 294
294 2993
2993 3643
3215 3643
2975 3215
2975 3213
3213 4694
1174 4694
1174 4384
995 4384
995 2420
2420 3286
3286 4261
3231 4261
1189 3231
1189 1569
113 1569
113 1503
1039 1503
1039 2185
2185 2899
2899 4587
3877 4587
3113 3877
66 3113
66 2349
2349 3250
1267 3250
434 1267
89 434
89 1133
1133 4269
2049 4269
2049 4517
4517 4670
4376 4670
2882 4376
1830 2882
1830 2932
2932 4925
1520 4925
1520 4136
2699 4136
2699 4764
82 4764
82 2586
2586 3932
1315 3932
1315 4393
1369 4393
1369 3638
494 3638
494 2452
2452 3445
3445 4139
1187 4139
1187 3524
1442 3524
992 1442
518 992
518 3491
2912 3491
2912 4303
3850 4303
2617 3850
2617 3759
1218 3759
1218 3740
2883 3740
2883 4089
1818 4089
1779 1818
1779 1855
1855 4014
4014 4241
2175 4241
2175 4156
1375 4156
1375 3500
391 3500
391 4720
2441 4720
2441 4016
3648 4016
2898 3648
825 2898
825 4367
2902 4367
311 2902
311 3620
3620 3947
3947 4029
1940 4029
1940 3764
3010 3764
2188 3010
2188 2807
2807 3587
1453 3587
1453 3649
297 3649
297 2582
1288 2582
1288 4493
1537 4493
1537 4963
2705 4963
2705 3724
3724 4258
1710 4258
185 1710
185 2659
2659 4816
223 4816
223 4362
1461 4362
1461 2687
2687 3249
3249 4319
3047 4319
3047 4074
4074 4179
1124 4179
1124 1451
1451 3988
775 3988
775 3415
2959 3415
2959 3686
3686 4318
3199 4318
3199 4430
3475 4430
2875 3475
1802 2875
1802 4470
4470 4513
3665 4513
3259 3665
950 3259
950 2666
2666 3202
2427 3202
2427 4916
4916 4932
2055 4932
2055 4585
495 4585
495 4760
4760 4761
3026 4761
2464 3026
1113 2464
1113 4663
3694 4663
2408 3694
1248 2408
1248 1973
1973 3540
2599 3540
2453 2599
2453 4036
4036 4317
1986 4317
1986 3373
329 3373
318 329
318 1037
1037 3946
3460 3946
253 3460
253 1027
1027 1641
1641 2563
1026 2563
1026 1772
195 1772
195 1416
1416 1952
882 1952
882 1810
1810 4915
3092 4915
3092 4114
2577 4114
2197 2577
2015 2197
2015 2688
2688 4679
4679 4778
3887 4778
3887 4345
80 4345
73 80
73 1294
1294 2828
2828 4931
199 4931
199 1820
1820 3365
1319 3365
102 1319
102 2935
483 2935
483 2376
2376 3328
933 3328
933 4476
929 4476
855 929
855 2997
394 2997
394 3369
3165 3369
3165 4684
3549 4684
2511 3549
2511 3483
1848 3483
1848 3472
508 3472
508 4702
3682 4702
1202 3682
1202 3479
3479 3501
3501 4920
1359 4920
463 1359
463 3335
3335 4398
4398 4655
3078 4655
3044 3078
3044 3157
1548 3157
1374 1548
1374 3518
2070 3518
140 2070
140 3960
3389 3960
1034 3389
1034 4790
4790 4955
2907 4955
594 2907
594 2610
2079 2610
412 2079
412 845
845 1378
1378 1796
1796 4239
638 4239
638 1942
1942 4582
3577 4582
3039 3577
3039 3196
1712 3196
1712 2931
2931 4198
2114 4198
230 2114
230 2297
382 2297
382 4543
3777 4543
1566 3777
1566 4366
4366 4516
4516 4995
3655 4995
342 3655
342 1587
1587 4199
2679 4199
1269 2679
1269 1840
994 1840
994 2529
2529 3929
1861 3929
1861 2689
344 2689
344 1050
1050 4116
408 4116
408 3379
3379 3572
3324 3572
7 3324
7 1886
1886 3101
2190 3101
121 2190
121 2647
2647 4041
2267 4041
2267 3672
2035 3672
2035 2551
2490 2551
67 2490
67 2913
2913 4385
1318 4385
822 1318
822 1232
1232 1640
1231 1640
347 1231
347 3148
3148 4714
4284 4714
484 4284
484 3323
3323 3794
3388 3794
3388 4639
704 4639
704 2785
2785 3496
3496 4403
1651 4403
1651 3384
29 3384
29 1771
1771 4187
1397 4187
486 1397
486 1909
1909 4874
4002 4874
1691 4002
1691 2389
2389 2965
2965 3298
339 3298
147 339
147 899
899 4167
2816 4167
2640 2816
535 2640
535 4590
3385 4590
3385 4952
4573 4952
4451 4573
925 4451
925 3735
1507 3735
1507 4169
3082 4169
2331 3082
2211 2331
1841 2211
392 1841
392 2847
1244 2847
1244 1535
1535 2690
2134 2690
2134 4052
2587 4052
1162 2587
1162 2528
879 2528
879 2823
1464 2823
1464 4521
4051 4521
1458 4051
1458 1711
1711 1786
619 1786
619 2160
2160 4695
978 4695
129 978
129 717
604 717
604 4164
1053 4164
1053 1079
1079 2280
191 2280
191 4134
3127 4134
2007 3127
1750 2007
1750 2777
2343 2777
2343 3634
3634 4054
4054 4618
1526 4618
52 1526
52 3232
3232 3442
3442 4442
2473 4442
2090 2473
2090 2854
300 2854
300 2564
2512 2564
2512 2824
2824 2838
2328 2838
2328 3616
3616 4753
4697 4753
1009 4697
1009 3768
2541 3768
1725 2541
1725 3814
3713 3814
1752 3713
251 1752
251 4336
3361 4336
2820 3361
425 2820
425 2821
1025 2821
1025 4033
3813 4033
3650 3813
2763 3650
1260 2763
1047 1260
1047 2651
1362 2651
1266 1362
1266 4708
4173 4708
4173 4491
4065 4491
2468 4065
1993 2468
967 1993
967 3481
3098 3481
3098 3293
2195 3293
1084 2195
1084 3506
543 3506
150 543
150 4673
3571 4673
1282 3571
1282 2848
2848 3123
2772 3123
2772 4583
4092 4583
3482 4092
2703 3482
2526 2703
2526 4323
2111 4323
2111 4946
3606 4946
3606 4832
4623 4832
4405 4623
1322 4405
1322 4004
2234 4004
2234 2624
149 2624
149 3119
3119 3666
1222 3666
1222 1594
1356 1594
1356 3002
1768 3002
1743 1768
367 1743
367 3897
3897 4774
1644 4774
255 1644
255 3060
1661 3060
1661 2783
2783 3567
3567 4878
816 4878
816 2259
2259 2660
980 2660
377 980
377 4665
2995 4665
2403 2995
250 2403
250 733
733 4898
4023 4898
4023 4691
3110 4691
2064 3110
2064 3997
1586 3997
1586 4531
1323 4531
1323 3840
3131 3840
3053 3131
2401 3053
2401 3595
972 3595
972 4501
2663 4501
2663 3077
3077 4229
2292 4229
2292 4346
4346 4357
4255 4357
2746 4255
1977 2746
1977 3928
3928 4798
4798 4921
2958 4921
2958 3015
2788 3015
2788 3761
2523 3761
2523 3133
2233 3133
2233 3970
3970 4254
402 4254
402 748
748 3152
3152 4228
2790 4228
1718 2790
1718 4361
4361 4892
1969 4892
1969 4365
3781 4365
644 3781
372 644
372 3911
3911 4344
1435 4344
720 1435
720 2961
2861 2961
2861 3711
1579 3711
38 1579
38 2138
702 2138
702 2560
415 2560
415 4396
1525 4396
1525 2218
613 2218
613 2167
913 2167
913 4672
2939 4672
446 2939
446 3743
3743 3748
3748 3795
2776 3795
557 2776
557 1465
1460 1465
1460 2678
2678 2994
458 2994
110 458
110 4870
4870 4923
3027 4923
3027 4410
1236 4410
901 1236
901 4733
795 4733
795 2362
2362 3235
1826 3235
1826 4947
905 4947
905 4502
838 4502
743 838
743 875
875 3444
3444 3487
215 3487
215 2991
2991 4281
1635 4281
1635 2621
490 2621
490 611
611 1509
1509 4579
3474 4579
3474 4701
589 4701
589 1054
1054 4748
4006 4748
1767 4006
517 1767
517 631
631 3275
1347 3275
1347 3068
14 3068
14 570
570 4895
3906 4895
3904 3906
45 3904
45 4295
161 4295
161 4196
4196 4378
3846 4378
608 3846
608 3746
3746 4951
4886 4951
4850 4886
1239 4850
555 1239
555 2753
2753 3426
2598 3426
2221 2598
2221 3801
98 3801
98 2484
426 2484
426 2228
2228 3178
3178 3438
1303 3438
1303 4602
4602 4687
1809 4687
1045 1809
1045 1544
1544 2483
870 2483
870 1436
1307 1436
1307 3707
1363 3707
1363 1662
189 1662
189 2478
2478 4631
2085 4631
2085 2492
2492 3011
504 3011
504 2106
1707 2106
1707 3096
281 3096
281 1834
1159 1834
1159 4610
626 4610
626 2093
1230 2093
1230 1368
133 1368
133 4131
3048 4131
3048 3443
2381 3443
1650 2381
1650 3391
971 3391
971 1773
1773 4042
4042 4845
953 4845
942 953
942 1090
1090 3546
3546 4371
2119 4371
2119 3968
2960 3968
1554 2960
1554 3492
3303 3492
3303 4185
1524 4185
1524 2800
2800 4754
954 4754
954 3868
32 3868
32 2894
2894 4933
4048 4933
4048 4685
1873 4685
1873 4911
2467 4911
914 2467
914 936
936 1044
1044 3289
3289 3537
1739 3537
1739 1962
1962 4439
4439 4489
3805 4489
1401 3805
1401 3900
3081 3900
3081 4165
839 4165
441 839
441 4784
3326 4784
3004 3326
3004 4519
909 4519
909 2092
2092 3641
3641 3747
3411 3747
3411 3784
2077 3784
2077 3526
880 3526
880 3121
1216 3121
1216 2601
989 2601
39 989
39 4999
837 4999
278 837
278 2091
1838 2091
1838 3437
3003 3437
3003 4724
3624 4724
3139 3624
2020 3139
2020 3714
2273 3714
2273 4902
360 4902
360 1352
1352 1709
1621 1709
1621 4706
3878 4706
714 3878
714 4906
2037 4906
2037 2955
2955 2987
2987 4698
1170 4698
1152 1170
1152 1302
1302 4070
4070 4591
1920 4591
1533 1920
1306 1533
1306 3688
2832 3688
2832 3146
1235 3146
1235 1738
1738 4722
316 4722
316 4548
1237 4548
1237 2388
2388 4912
2608 4912
2532 2608
2532 2946
2154 2946
2154 4581
2547 4581
1655 2547
1655 1669
1669 3729
633 3729
633 4030
3508 4030
2603 3508
2603 4075
2370 4075
2183 2370
2183 3785
3238 3785
3238 4565
47 4565
47 3045
701 3045
701 974
974 4953
1144 4953
1144 2701
2701 3770
489 3770
489 764
764 791
791 3588
3588 4715
3757 4715
3757 4315
3708 4315
84 3708
84 2128
2128 3079
3079 3865
1531 3865
602 1531
602 1348
197 1348
197 2054
2054 2442
710 2442
710 1048
1048 1063
1063 3767
3767 4386
1887 4386
1887 4340
3583 4340
3583 4503
4024 4503
2696 4024
2606 2696
139 2606
139 2209
2209 2638
2638 3907
2424 3907
2424 2454
2454 3287
1698 3287
1698 4486
1724 4486
1724 3607
2518 3607
2518 4550
1901 4550
1385 1901
1385 3984
2339 3984
641 2339
238 641
238 2078
443 2078
443 1633
1633 1781
1521 1781
1521 2157
1578 2157
1578 1604
1604 2011
2011 3088
1804 3088
396 1804
396 3786
1135 3786
1135 4846
643 4846
643 2097
858 2097
858 1505
1505 3029
3029 3972
13 3972
13 2180
2180 3117
1700 3117
1700 4888
4150 4888
4044 4150
4044 4972
2063 4972
2063 4924
3016 4924
3016 3721
2275 3721
2275 2544
1813 2544
323 1813
323 4746
4172 4746
4172 4817
258 4817
79 258
79 1800
1800 1836
1836 3534
3534 3983
2853 3983
1879 2853
1879 3835
3835 4630
3782 4630
2026 3782
2026 2649
1449 2649
1449 2584
2584 4705
4059 4705
3796 4059
1760 3796
1066 1760
1066 1308
1308 2930
2930 3359
3359 4561
3308 4561
3308 3965
2406 3965
2406 4298
3204 4298
3204 3368
3368 4646
595 4646
595 4220
4220 4970
696 4970
696 1049
1049 1955
1477 1955
811 1477
112 811
112 4848
1214 4848
1214 1452
170 1452
57 170
57 171
171 2330
370 2330
370 4446
877 4446
240 877
240 4478
1268 4478
1268 2789
705 2789
705 4304
1407 4304
620 1407
620 4420
2938 4420
474 2938
474 2309
2309 3893
534 3893
534 937
937 3828
2446 3828
2446 4787
2136 4787
2136 4829
3126 4829
3126 3561
1517 3561
1517 4333
1072 4333
1072 3390
1652 3390
287 1652
287 2311
2311 4171
3628 4171
3628 3926
1602 3926
1602 2260
345 2260
345 3486
3486 4460
4355 4460
4355 4876
3585 4876
3585 4927
2423 4927
1546 2423
790 1546
790 3658
3658 4457
796 4457
796 998
998 3406
3406 4884
2255 4884
861 2255
266 861
266 2654
2654 4658
3387 4658
752 3387
752 4826
2029 4826
5 2029
5 2765
2765 3025
1342 3025
1342 2810
2810 4389
1272 4389
1272 3186
1679 3186
1393 1679
1393 2383
2383 2909
1735 2909
745 1735
745 4804
3528 4804
1033 3528
1033 3433
2836 3433
2836 4536
459 4536
459 499
499 1201
1201 3104
2206 3104
1695 2206
1695 3741
2698 3741
264 2698
264 2482
2482 4617
2487 4617
2487 3816
688 3816
688 1532
784 1532
784 1095
1095 2354
2354 4628
4099 4628
2192 4099
2192 4031
2418 4031
2418 4982
3557 4982
3557 4105
41 4105
41 4462
2808 4462
1880 2808
1880 2171
2171 3401
1862 3401
1862 4043
1628 4043
1628 4779
2917 4779
2607 2917
2607 2741
2741 3468
328 3468
328 3093
1540 3093
1085 1540
219 1085
219 699
699 3181
3181 3863
2774 3863
2774 3346
216 3346
216 1278
1278 4638
4638 4939
4063 4939
4063 4732
849 4732
849 3610
678 3610
210 678
210 1043
1013 1043
1013 1822
1822 4275
3662 4275
2110 3662
2110 4802
3867 4802
2878 3867
1343 2878
1343 4780
4256 4780
3851 4256
2124 3851
2124 3674
1326 3674
1326 2669
1069 2669
1069 3040
1329 3040
1329 1989
1989 3709
1812 3709
1812 2971
1797 2971
1728 1797
997 1728
997 1990
1285 1990
285 1285
285 4235
2826 4235
2826 3514
3514 4441
906 4441
906 4765
1114 4765
1114 1430
1430 3516
2186 3516
2186 3626
3626 3819
779 3819
779 2856
2856 3545
68 3545
68 1392
503 1392
503 3094
1317 3094
1317 3349
3349 3885
3885 4363
2413 4363
2413 4726
4271 4726
4271 4324
2978 4324
22 2978
22 2174
92 2174
92 1433
718 1433
718 2561
2561 4230
4108 4230
4108 4847
539 4847
114 539
114 2623
2623 3582
1199 3582
1199 4650
2906 4650
2906 4073
3421 4073
1997 3421
1997 2851
1265 2851
1265 1543
1543 4473
332 4473
303 332
303 842
842 4879
2543 4879
2543 2693
2693 4338
4124 4338
3901 4124
1720 3901
1147 1720
1147 1682
1682 3394
472 3394
472 2636
1444 2636
383 1444
383 1609
864 1609
864 3458
3458 4287
1721 4287
1721 3689
3689 4882
1890 4882
814 1890
814 3270
2426 3270
167 2426
167 1900
661 1900
661 1309
1309 3725
2386 3725
2386 4022
338 4022
338 2392
637 2392
103 637
103 2153
1904 2153
834 1904
834 4034
760 4034
760 4693
1555 4693
1555 2908
2908 3147
1558 3147
1204 1558
1204 3727
3604 3727
1636 3604
1636 4901
3344 4901
3344 4184
4184 4731
2779 4731
2779 3820
2625 3820
2625 3969
470 3969
470 1003
35 1003
35 560
560 4251
1607 4251
1160 1607
1160 4182
2000 4182
1929 2000
1929 4636
1513 4636
1513 2981
2981 4369
4369 4797
3837 4797
3837 4819
2366 4819
2366 3556
2525 3556
378 2525
378 2840
1399 2840
430 1399
430 4032
1576 4032
217 1576
217 4106
3817 4106
3233 3817
1447 3233
1447 1570
1570 3702
2084 3702
2084 2593
2096 2593
868 2096
591 868
591 4337
4028 4337
1213 4028
1213 2968
354 2968
308 354
308 810
810 3675
2539 3675
1995 2539
1420 1995
1420 2967
1064 2967
1064 4423
2771 4423
540 2771
540 3704
3704 4407
1154 4407
831 1154
831 1667
652 1667
652 4654
2113 4654
2016 2113
1226 2016
1226 4213
3037 4213
2986 3037
1131 2986
1131 1316
1316 3076
3076 3909
592 3909
592 2271
2189 2271
2189 4277
1279 4277
1279 2929
1078 2929
1078 4397
1580 4397
713 1580
713 4037
1975 4037
1177 1975
1177 2412
2412 2488
2488 4168
209 4168
209 3732
3732 4744
1623 4744
348 1623
348 4688
2580 4688
731 2580
200 731
200 1253
1253 2014
2014 4560
241 4560
241 3833
3833 4112
3882 4112
2501 3882
1927 2501
307 1927
307 4038
2895 4038
1851 2895
1304 1851
1304 3224
3028 3224
1247 3028
1247 4974
2159 4974
2159 2448
1030 2448
554 1030
554 872
872 1067
1067 1077
1077 3944
3944 4894
227 4894
60 227
60 229
229 290
290 1845
1565 1845
1398 1565
1398 3766
2027 3766
2027 4102
3642 4102
3454 3642
3454 4545
4496 4545
1701 4496
1394 1701
1394 4668
1409 4668
1409 2837
1729 2837
206 1729
206 829
173 829
173 1002
526 1002
526 2390
749 2390
749 1541
1541 3957
3957 4690
2866 4690
2866 4852
1389 4852
1389 2595
2595 4425
776 4425
776 2162
2162 3758
721 3758
721 884
788 884
15 788
15 3677
379 3677
379 2380
188 2380
188 794
533 794
533 2626
1092 2626
970 1092
970 2716
1936 2716
1936 3023
177 3023
177 3654
3218 3654
1295 3218
1295 2936
2936 3292
3292 4943
2585 4943
2220 2585
1784 2220
1784 3789
1225 3789
1225 2719
2719 2830
2830 3873
257 3873
257 3410
3410 4440
109 4440
49 109
49 4604
1472 4604
1472 2825
2825 4455
3353 4455
1373 3353
1086 1373
1086 3989
2360 3989
2360 4660
4433 4660
4138 4433
2450 4138
2450 4266
2131 4266
2131 3555
1185 3555
1185 1355
1355 2276
2276 4311
544 4311
544 3617
2435 3617
2435 3892
1115 3892
1115 1549
1549 2571
2571 4940
2098 4940
869 2098
869 2215
2215 2557
1234 2557
1234 1311
944 1311
944 4596
4320 4596
4320 4776
1200 4776
1200 3685
1892 3685
1151 1892
1151 3281
2629 3281
2629 2849
2004 2849
2004 3075
473 3075
473 986
986 4556
3484 4556
1858 3484
1858 3351
2818 3351
2811 2818
2811 4896
4612 4896
2845 4612
2845 3669
3669 4968
1545 4968
1545 4421
117 4421
117 3000
337 3000
337 3834
1211 3834
1211 3058
2499 3058
2499 4755
4174 4755
2982 4174
609 2982
609 3439
3439 3787
488 3787
359 488
359 2914
1219 2914
1219 2225
1485 2225
1485 4047
2059 4047
2059 2222
1528 2222
1528 2951
2083 2951
2083 3520
3520 4645
1305 4645
1015 1305
580 1015
580 693
549 693
549 2876
2410 2876
528 2410
270 528
270 2677
1418 2677
1418 1853
1853 2210
2210 4224
993 4224
24 993
24 1964
1964 3539
2707 3539
429 2707
403 429
403 4497
1614 4497
1614 3762
3762 3941
3941 4015
1643 4015
1643 2447
2447 2630
158 2630
158 1181
277 1181
277 3374
3247 3374
3247 4749
2455 4749
1286 2455
1286 2024
1765 2024
1765 3716
1844 3716
1844 3001
577 3001
577 4208
1954 4208
1954 2199
274 2199
274 3170
1137 3170
657 1137
657 4141
765 4141
765 4861
3778 4861
1678 3778
1678 4342
1629 4342
799 1629
799 1519
1519 3345
538 3345
538 1330
1330 2953
740 2953
740 4419
1163 4419
1163 2050
2050 3809
3742 3809
3151 3742
3151 4001
3560 4001
1991 3560
1681 1991
621 1681
621 3683
2802 3683
1270 2802
520 1270
520 2973
480 2973
480 4758
1599 4758
601 1599
601 4905
930 4905
682 930
682 860
860 4097
3429 4097
212 3429
212 2353
2353 4454
2089 4454
453 2089
453 2202
1863 2202
1542 1863
1542 4751
4163 4751
3182 4163
3182 4005
2549 4005
2303 2549
2303 3921
1325 3921
596 1325
596 4647
2910 4647
2910 4064
4064 4942
3192 4942
3192 3241
3241 4728
1381 4728
1381 3176
3176 3282
3282 3874
1530 3874
1530 4189
1657 4189
1508 1657
1508 3136
3136 3608
2893 3608
2893 3999
127 3999
127 4409
3554 4409
1007 3554
1007 2889
828 2889
828 3457
1388 3457
23 1388
23 180
180 2972
2417 2972
2417 2803
2803 4091
1412 4091
1412 4965
3409 4965
1850 3409
1454 1850
1454 3478
2047 3478
2047 4922
1173 4922
91 1173
91 3697
376 3697
376 4467
2750 4467
400 2750
400 1965
1965 4815
4627 4815
4627 4966
830 4966
830 4837
2264 4837
2264 4459
945 4459
945 3122
522 3122
522 1036
1036 1988
1988 4841
3376 4841
3376 4988
1865 4988
1865 2116
2116 3810
166 3810
166 878
418 878
418 1501
1438 1501
546 1438
471 546
471 2061
2061 3845
3845 3980
3980 4822
33 4822
33 846
846 3217
3217 4312
4312 4730
4183 4730
2709 4183
2709 4456
2082 4456
2082 2546
1328 2546
1328 3161
808 3161
808 2034
1293 2034
975 1293
975 4773
4354 4773
3209 4354
625 3209
625 2600
1018 2600
1018 1696
1696 3861
433 3861
433 680
680 4794
2261 4794
2261 4704
3830 4704
1480 3830
1360 1480
1360 3541
1313 3541
1313 1588
1105 1588
1105 1469
1469 1630
1630 1843
1843 3981
3547 3981
3220 3547
2592 3220
2130 2592
2130 3737
3737 4160
3838 4160
509 3838
509 4166
856 4166
856 1125
1125 3451
207 3451
207 1780
1780 2224
2224 2871
1083 2871
1083 1406
1406 4262
4262 4739
326 4739
326 2364
1339 2364
1339 4877
4153 4877
1895 4153
1895 3590
3057 3590
3057 4280
231 4280
50 231
50 835
530 835
530 635
635 1912
1613 1912
27 1613
27 1062
1062 1191
1191 1290
1290 2516
1093 2516
1093 2520
2520 2949
371 2949
371 3619
1351 3619
1099 1351
1099 2458
2458 3285
1983 3285
1006 1983
1006 2758
1496 2758
1496 3600
3600 4353
3450 4353
2305 3450
2305 2682
2682 4889
1057 4889
1057 4667
4349 4667
3230 4349
3230 4352
4193 4352
2246 4193
2246 3575
2213 3575
2213 4243
4143 4243
2145 4143
1811 2145
34 1811
34 662
662 715
715 897
897 2944
738 2944
738 2700
2102 2700
1919 2102
1919 3413
3413 4674
2835 4674
2835 2918
833 2918
833 1403
1403 4586
1552 4586
1552 2095
2095 4918
1014 4918
1014 1459
1459 2925
2925 4483
4071 4483
4071 4717
1365 4717
1365 1559
1559 4186
4010 4186
996 4010
996 2769
552 2769
552 2253
2253 3440
3440 4948
4514 4948
3615 4514
2597 3615
1102 2597
1102 4123
4123 4621
72 4621
72 4434
545 4434
545 2928
2928 4076
374 4076
374 500
500 4408
1688 4408
1688 2536
1869 2536
1869 4066
2172 4066
2172 4683
1108 4683
1108 2538
1228 2538
571 1228
571 3916
3916 4976
2382 4976
2382 4570
3533 4570
2502 3533
524 2502
106 524
106 1783
1783 3354
2933 3354
2057 2933
2057 2177
681 2177
681 2691
1572 2691
1572 2819
732 2819
732 3223
3223 3459
3175 3459
1437 3175
1437 3806
3806 3883
3883 4880
2588 4880
2588 2724
2612 2724
1175 2612
1175 4215
340 4215
340 2556
2556 2684
2684 3692
3692 4359
3436 4359
2801 3436
1754 2801
1754 1903
1903 4161
2039 4161
1515 2039
1515 4611
1815 4611
1815 4121
4121 4162
1380 4162
239 1380
239 2730
2480 2730
2480 3041
3041 3141
1960 3141
1960 3297
3297 3644
3644 4950
4887 4950
674 4887
674 755
755 4700
3977 4700
3517 3977
912 3517
912 3914
932 3914
550 932
550 4910
1336 4910
1336 1943
1897 1943
1897 2151
985 2151
985 2620
2620 4813
618 4813
618 655
655 1789
1789 2348
988 2348
386 988
386 4481
2903 4481
1639 2903
1639 2067
1242 2067
498 1242
498 1217
1217 3100
1980 3100
411 1980
411 1429
1186 1429
1186 4511
3936 4511
789 3936
85 789
85 2375
2375 3773
2920 3773
2107 2920
2107 4855
4145 4855
454 4145
454 908
908 2397
1705 2397
1705 3925
2129 3925
2129 3380
2419 3380
2419 3733
3733 4080
399 4080
399 4412
885 4412
885 1958
155 1958
155 3266
3266 3855
2387 3855
2387 3775
587 3775
587 1028
1028 1126
1126 3871
3488 3871
2697 3488
2548 2697
1829 2548
938 1829
938 4637
361 4637
361 4018
3987 4018
3660 3987
1494 3660
1494 4989
798 4989
798 3144
3144 3903
3400 3903
754 3400
409 754
409 630
364 630
364 1646
1060 1646
1060 1885
1885 4678
1624 4678
293 1624
293 4863
883 4863
883 2147
771 2147
771 2194
656 2194
493 656
493 3357
3357 4867
818 4867
818 3118
3118 4373
851 4373
851 2572
2572 4210
3302 4210
302 3302
302 2829
1120 2829
1120 4768
772 4768
43 772
43 4238
561 4238
561 3377
1564 3377
1564 1727
805 1727
734 805
734 3414
2436 3414
2436 3912
2641 3912
2023 2641
2023 2459
1553 2459
1553 4072
4072 4597
248 4597
248 439
439 2208
2208 4642
4427 4642
4427 4757
651 4757
651 3434
2710 3434
2166 2710
2166 3958
3958 4077
3826 4077
1382 3826
1382 4242
2094 4242
1098 2094
460 1098
460 3884
3823 3884
2169 3823
1758 2169
1758 2886
2558 2886
2558 4756
4452 4756
1996 4452
1996 3052
1932 3052
1932 3080
3080 4375
3269 4375
1719 3269
653 1719
640 653
640 4783
4125 4783
1611 4125
1611 4128
927 4128
927 3253
1123 3253
1123 3860
1590 3860
1324 1590
1324 3469
283 3469
283 3109
3109 4633
1019 4633
1019 3788
3264 3788
2319 3264
2313 2319
2313 4524
4236 4524
3295 4236
3295 4593
785 4593
785 3562
3543 3562
2150 3543
1597 2150
1597 2087
2087 2668
249 2668
249 3760
1193 3760
1193 2121
464 2121
464 4079
1516 4079
479 1516
479 1498
444 1498
444 3792
2921 3792
2775 2921
2775 3362
605 3362
605 667
512 667
2 512
2 2643
2643 4564
2088 4564
1534 2088
1534 1762
1762 2589
2146 2589
579 2146
579 824
824 2742
2742 3466
3296 3466
1598 3296
1598 4086
3462 4086
2934 3462
2934 4154
2635 4154
2635 4301
4301 4741
2798 4741
292 2798
292 4721
3935 4721
3935 4854
74 4854
74 1653
1653 3573
1976 3573
1976 4978
1930 4978
1930 2545
2545 3306
3306 3647
3647 4445
3229 4445
2619 3229
2137 2619
2137 3952
1910 3952
1180 1910
1180 2351
725 2351
725 1981
1981 4800
1923 4800
1441 1923
1441 4025
2778 4025
1511 2778
1011 1511
1011 4447
3403 4447
2475 3403
358 2475
358 4093
2432 4093
2432 3124
607 3124
607 1251
286 1251
286 450
450 3681
923 3681
923 2038
194 2038
194 3422
1502 3422
1502 1642
1642 3197
1354 3197
1354 4265
3676 4265
289 3676
289 2872
686 2872
686 3043
3043 4572
1941 4572
1568 1941
1568 4250
3779 4250
3779 3913
1390 3913
1390 2537
2537 3274
3274 4305
2306 4305
393 2306
393 3069
2254 3069
2217 2254
2217 4529
3453 4529
2170 3453
1289 2170
1289 3338
3338 3815
2748 3815
1276 2748
1276 4358
3120 4358
1676 3120
1676 3073
3073 3177
314 3177
314 2725
2357 2725
1734 2357
154 1734
154 556
556 2880
1255 2880
756 1255
719 756
719 1031
1031 4379
225 4379
225 1506
1506 4869
4624 4869
3512 4624
959 3512
959 3535
3107 3535
3107 3356
770 3356
770 1795
1795 1896
187 1896
187 4326
3336 4326
3336 4227
1561 4227
482 1561
482 4026
1740 4026
1740 3678
3678 3797
1938 3797
1938 4188
4188 4818
4818 4941
3847 4941
2257 3847
2257 3114
1341 3114
492 1341
492 3174
2263 3174
64 2263
64 4458
2948 4458
2948 3832
3832 4484
2245 4484
2245 4081
2479 4081
2479 4858
4763 4858
931 4763
931 4735
664 4735
664 981
981 3191
2706 3191
2407 2706
2407 2602
299 2602
299 3316
1726 3316
1726 1849
1849 1928
1928 2873
2873 4450
2954 4450
2954 2964
2964 4278
3663 4278
3663 4552
3408 4552
1870 3408
1870 2675
2675 4919
1972 4919
246 1972
196 246
196 4769
3943 4769
1732 3943
1732 3020
2262 3020
2262 3290
647 3290
647 1668
1481 1668
1481 3200
2568 3200
2568 3493
2924 3493
2101 2924
2101 4875
2122 4875
2122 3718
2373 3718
2373 3602
766 3602
673 766
475 673
475 1747
1747 4643
2152 4643
612 2152
612 3420
2519 3420
2012 2519
2012 3639
3639 3753
3753 4987
2361 4987
2361 4321
4321 4917
4388 4917
1256 4388
1256 4542
4512 4542
1693 4512
1693 3890
2238 3890
2238 3632
467 3632
467 1491
56 1491
56 1957
1957 4594
2489 4594
2489 4864
1410 4864
1410 3348
3348 3397
622 3397
622 2123
2123 4122
497 4122
497 1759
1759 3752
1874 3752
468 1874
468 762
762 881
881 2618
1001 2618
1001 2471
2258 2471
2258 2270
2270 4613
2998 4613
1110 2998
1110 3680
3625 3680
2736 3625
991 2736
510 991
510 1708
1672 1708
384 1672
384 2809
2495 2809
2495 4770
3159 4770
3159 4993
3227 4993
2402 3227
352 2402
352 1821
44 1821
44 2031
346 2031
346 4711
1766 4711
343 1766
343 1612
1612 3618
547 3618
547 919
919 3498
3498 4045
2268 4045
2268 3621
350 3621
350 4480
3510 4480
77 3510
77 4021
2301 4021
71 2301
71 2415
2415 4772
1671 4772
254 1671
254 1111
1111 3130
3130 3552
943 3552
943 4507
1337 4507
1337 4625
310 4625
310 4890
4666 4890
2728 4666
542 2728
542 3085
273 3085
46 273
46 1683
93 1683
93 3553
2831 3553
1763 2831
1763 4078
3252 4078
3252 4996
1051 4996
1051 4276
3751 4276
3751 4035
1262 4035
143 1262
143 758
758 3030
213 3030
213 892
759 892
759 4707
3352 4707
2021 3352
648 2021
648 2173
1183 2173
1183 2289
2203 2289
2203 2322
2322 3071
2622 3071
2622 2868
2868 3872
3872 4325
62 4325
62 3919
3919 4260
65 4260
65 3014
3014 3765
1042 3765
1042 1982
1982 2399
1411 2399
1411 4101
3821 4101
3137 3821
3137 4431
3280 4431
3280 3341
97 3341
97 4664
3627 4664
3627 4860
1793 4860
1793 1998
1463 1998
1463 3208
3208 3313
1357 3313
1357 4474
1567 4474
404 1567
404 800
800 2033
2033 3896
3896 4903
407 4903
407 2731
1731 2731
1148 1731
832 1148
832 3822
3822 4207
320 4207
320 2614
2614 4843
1178 4843
1178 2787
2474 2787
2474 4734
1367 4734
1367 3203
3203 4727
3646 4727
3646 3939
2988 3939
2646 2988
575 2646
575 4811
304 4811
304 1076
1076 1164
1164 3580
2989 3580
137 2989
137 1755
1755 2214
2214 2379
2379 4558
3605 4558
850 3605
850 1209
1209 2992
2992 3630
1656 3630
1656 2142
584 2142
584 2740
2740 3007
2476 3007
2476 3193
160 3193
160 4544
4 4544
4 1660
1660 2451
2451 4786
4290 4786
78 4290
78 2859
1408 2859
1408 4181
747 4181
747 2527
769 2527
388 769
388 1358
1358 3237
3237 4523
4094 4523
3099 4094
2505 3099
2505 4200
1423 4200
1423 2274
2274 3592
2336 3592
2336 4159
2686 4159
2686 3301
948 3301
268 948
268 4069
1432 4069
1432 4883
1205 4883
817 1205
81 817
81 1916
1261 1916
271 1261
271 4448
3090 4448
61 3090
61 3160
1692 3160
1692 1831
1817 1831
515 1817
515 4197
2966 4197
2076 2966
1345 2076
1345 3051
1220 3051
1220 4981
2421 4981
2421 4428
2377 4428
124 2377
83 124
83 4571
222 4571
222 1675
1675 2739
2135 2739
2135 2318
401 2318
401 683
683 958
958 2109
2109 2288
2069 2288
2069 2864
2681 2864
2681 3332
1075 3332
448 1075
448 4844
807 4844
541 807
541 1171
1171 4296
1223 4296
1223 1937
1937 4997
1334 4997
1334 4703
4273 4703
781 4273
781 1070
1070 4231
2395 4231
957 2395
957 2368
2368 3712
920 3712
753 920
753 863
863 4609
968 4609
968 1483
487 1483
214 487
214 1563
1243 1563
111 1243
111 843
843 4395
1129 4395
1008 1129
1008 1245
1245 3263
3263 4374
2371 4374
445 2371
445 4949
3635 4949
3635 4677
3277 4677
2053 3277
2053 2445
2445 4737
193 4737
193 2804
2466 2804
2466 4383
1610 4383
1610 1963
1080 1963
1080 1864
1864 1979
1979 4137
442 4137
442 4399
1753 4399
1753 2792
564 2792
564 2970
2695 2970
2695 3679
3679 4082
202 4082
202 2498
2498 3930
3875 3930
2762 3875
2762 4377
3034 4377
3034 4432
3966 4432
3966 4553
665 4553
665 4109
4055 4109
4055 4268
1816 4268
75 1816
75 4881
2457 4881
2457 2795
1764 2795
1764 3564
2720 3564
2720 4225
1321 4225
983 1321
983 2812
2812 3953
1632 3953
1625 1632
1625 2738
2738 3799
3799 4766
3858 4766
537 3858
537 4272
1823 4272
961 1823
961 2615
2615 3880
3880 4771
1233 4771
1233 2235
2235 2321
2321 4233
3375 4233
3375 4849
3242 4849
3242 4699
4699 4795
1455 4795
1455 2718
2718 3659
413 3659
413 4562
2755 4562
1372 2755
809 1372
809 2530
2163 2530
142 2163
142 4332
3476 4332
1687 3476
1687 2717
1156 2717
1156 3522
3522 4206
1364 4206
1364 1487
1487 4370
244 4370
244 3831
3831 4339
1366 4339
224 1366
224 4533
521 4533
521 3918
2535 3918
449 2535
449 1332
1332 1562
1562 4500
3240 4500
1141 3240
1141 4453
2773 4453
2773 4549
2041 4549
2041 3169
3169 3395
2003 3395
1615 2003
671 1615
671 3609
735 3609
735 2010
2010 4909
1206 4909
1206 1582
1582 3072
3072 3343
2513 3343
2513 3527
3423 3527
2073 3423
904 2073
904 1004
1004 1215
1215 1799
1799 4725
2843 4725
2722 2843
1190 2722
1190 1271
435 1271
435 502
502 2767
2767 4620
1263 4620
1263 2594
455 2594
455 2204
477 2204
477 2434
2434 3940
3021 3940
247 3021
247 4040
4040 4146
2567 4146
1922 2567
1188 1922
1058 1188
976 1058
976 4537
4191 4537
2570 4191
2570 4127
4127 4534
774 4534
774 2486
700 2486
700 4853
827 4853
469 827
469 2178
2178 2983
2983 3032
1774 3032
741 1774
741 3938
3938 4211
157 4211
157 2329
351 2329
351 2517
2517 4807
4551 4807
2043 4551
2043 3923
1414 3923
1414 2855
924 2855
924 1741
1741 2103
2103 3364
639 3364
639 4310
2963 4310
783 2963
783 4422
4422 4793
3948 4793
1837 3948
1837 2230
1386 2230
1386 1959
1959 3667
1699 3667
675 1699
675 3129
3129 3386
3386 4201
3330 4201
2766 3330
2766 3951
3706 3951
3706 4178
1684 4178
1684 2115
2115 4840
780 4840
780 2770
2770 3754
2066 3754
414 2066
414 1723
427 1723
427 628
628 1479
565 1479
565 1415
428 1415
151 428
151 4274
159 4274
159 3793
1819 3793
1819 3637
3046 3637
3046 3086
3086 4103
1792 4103
1792 3477
3477 4661
3690 4661
2196 3690
2196 4083
727 4083
727 1301
1301 4831
1966 4831
1966 3087
2333 3087
2333 2444
2444 2941
2941 3190
3190 3976
3976 4576
3700 4576
2334 3700
2334 3749
3749 4510
1492 4510
1492 4626
1620 4626
1620 4806
1331 4806
1331 2890
2890 2901
1353 2901
1353 4568
1140 4568
767 1140
767 2443
2443 3424
3424 4000
709 4000
169 709
169 4267
1224 4267
1224 4729
3529 4729
2644 3529
2187 2644
1803 2187
313 1803
313 2025
2025 2391
2068 2391
2068 3889
3613 3889
2576 3613
2576 3967
3967 4202
3596 4202
1208 3596
1208 1716
1716 2030
2030 4812
3095 4812
569 3095
569 4347
2065 4347
2065 2844
1229 2844
1229 4356
481 4356
481 2310
1000 2310
1000 2002
1881 2002
1649 1881
1649 1902
1902 3329
1882 3329
1882 3392
689 3392
689 3856
3856 4530
744 4530
744 4716
691 4716
17 691
17 1631
1361 1631
1361 2365
1379 2365
53 1379
53 2149
2149 2658
2140 2658
1197 2140
1197 1627
1097 1627
1097 3358
629 3358
629 3715
1338 3715
1338 2302
2302 2919
2919 3699
1012 3699
1012 1666
1666 2613
1547 2613
1547 3265
2565 3265
516 2565
516 3695
2009 3695
1595 2009
1595 4098
3173 4098
3173 3294
3294 3340
3340 3898
1176 3898
558 1176
558 1637
101 1637
101 4971
3188 4971
1931 3188
1931 4520
4520 4743
3360 4743
3360 4180
1913 4180
1913 2670
2670 4012
3248 4012
3248 4799
218 4799
218 321
321 4541
1297 4541
1035 1297
1035 4237
1122 4237
1122 3446
1448 3446
1448 2291
2291 2437
2437 4908
3879 4908
3399 3879
3399 4657
369 4657
369 4791
1835 4791
1835 2534
2534 3719
3719 4662
1790 4662
1790 2628
2628 2642
178 2642
178 3363
3363 4538
746 4538
746 1777
466 1777
466 999
312 999
312 3320
3320 3432
3432 4212
2661 4212
2639 2661
2639 3416
2497 3416
2497 4067
1538 4067
1538 2957
1142 2957
1142 3464
491 3464
491 4292
282 4292
282 4107
1867 4107
941 1867
941 2979
2979 3726
3726 3859
2324 3859
2324 3339
2470 3339
496 2470
496 4740
284 4740
186 284
186 2664
2664 3489
928 3489
928 3480
1689 3480
1689 1953
1953 4962
1130 4962
1130 3503
1101 3503
1101 1107
1107 1785
1387 1785
1387 2431
1172 2431
1172 3033
3033 3998
1713 3998
1713 4488
99 4488
99 2862
1888 2862
1073 1888
1073 1514
1514 1622
1622 3331
3331 4598
1575 4598
1198 1575
1198 1431
1431 4443
4300 4443
2346 4300
2346 4058
4058 4360
573 4360
573 1736
940 1736
940 1422
1422 3774
1814 3774
1814 2036
20 2036
20 1103
10 1103
10 801
801 2674
331 2674
331 3061
104 3061
104 1686
1686 2827
2780 2827
2780 4828
3937 4828
3622 3937
960 3622
960 4477
3314 4477
95 3314
95 3145
3145 4540
1250 4540
1250 1694
1694 4322
3601 4322
685 3601
301 685
301 432
432 2326
2181 2326
1117 2181
1040 1117
1040 2510
2510 3310
2017 3310
1674 2017
1674 3581
3581 3791
3791 4414
1167 4414
1167 2060
423 2060
423 2018
2018 2440
422 2440
422 4738
4546 4738
1055 4546
1055 3244
3155 3244
2814 3155
2814 2846
2846 4049
659 4049
659 1828
1828 2522
2337 2522
1121 2337
1121 4469
2797 4469
2797 3366
3366 4282
676 4282
676 4592
4592 4632
2692 4632
2692 4983
4253 4983
1539 4253
1539 1690
1690 2879
2734 2879
2734 4246
1891 4246
1891 4559
1714 4559
1714 2212
2212 4900
1434 4900
1434 4859
2694 4859
2694 4194
4194 4392
1585 4392
1585 4019
3418 4019
617 3418
617 3258
192 3258
192 4710
1935 4710
593 1935
593 2605
2581 2605
2581 3631
3149 3631
3149 4308
94 4308
94 4527
3908 4527
2671 3908
2671 4833
2945 4833
2945 4825
4468 4825
2126 4468
1933 2126
1933 2118
1257 2118
1257 2507
1396 2507
1396 2308
2308 4823
2940 4823
2940 4259
309 4259
309 4635
2325 4635
2325 4435
3372 4435
3372 3568
2735 3568
406 2735
406 4245
4126 4245
3038 4126
1596 3038
990 1596
990 4057
4057 4444
4011 4444
4011 4416
2242 4416
716 2242
716 4603
4603 4651
3691 4651
802 3691
802 1751
100 1751
100 3234
204 3234
204 2950
2950 3005
3005 4279
3467 4279
3059 3467
2683 3059
2683 3979
1907 3979
1907 2653
1748 2653
1748 2279
669 2279
669 2105
536 2105
536 1645
1645 2702
949 2702
949 1275
1275 4293
787 4293
787 4382
1109 4382
1109 2193
1112 2193
138 1112
138 3236
3128 3236
3128 3962
1024 3962
1024 4504
462 4504
462 3519
132 3519
132 1749
1500 1749
437 1500
437 1756
599 1756
599 4640
2506 4640
2001 2506
2001 2956
2956 4291
263 4291
263 1473
1473 4426
891 4426
891 2062
1082 2062
859 1082
859 1857
1857 2462
2462 3521
586 3521
586 3064
2428 3064
2428 2456
1806 2456
610 1806
610 2127
2127 3842
3842 3975
2559 3975
175 2559
175 355
355 3505
3185 3505
2207 3185
2207 2316
2316 4158
1221 4158
1221 3703
3703 3931
895 3931
895 1868
1868 2226
317 2226
317 581
581 865
865 1419
1184 1419
1184 2250
237 2250
237 1665
1665 3961
1457 3961
1457 1581
666 1581
666 3243
478 3243
478 1023
1023 4217
1340 4217
1340 4152
4152 4526
3652 4526
578 3652
578 1949
236 1949
236 4712
296 4712
280 296
280 3035
3035 4525
356 4525
356 2369
1327 2369
1327 3614
3614 4095
4095 4264
1249 4264
181 1249
181 1583
1583 3111
1584 3111
1584 1715
1715 4490
456 4490
456 3710
3574 3710
232 3574
232 1128
1128 4334
2236 4334
2236 2244
42 2244
42 3653
2839 3653
1647 2839
1333 1647
387 1333
387 4129
2673 4129
1094 2673
852 1094
852 4893
2161 4893
2161 2396
2396 3112
529 3112
529 1832
1832 3171
649 3171
649 2240
1424 2240
245 1424
245 4240
2833 4240
