5000
[]][][[][[[[[]]][[]]][[][[[]][[]][[[[[][][]]]][[[][]][[[][[[[][[[[[][[]]][][][[]]]][[[[[]][][][[]][]][[[[[[][[[[]][[[[]][[[[][][]]][[[[[[[]][]]]]][[]]][][[[[]]]][]]]][][][[]]][[[]][]][]][][][][]]][[]][][][][]][[]][[][[]]]][[][[]][][]][[[]][[][[]]]][]]]][]][][[[][[[][][[[[][[][][]][]]]]]]]]]][][]][[][[[[[]][[[][[[[]][]][][[][][][][[][][][[][[]]][[][[][[][][]][][[]]]]]]]]][][[]][[]][[][]][][]][[]][[[[][][]][[]][[[[][][[][[[][]]]]]][]][]]]][]][[[[]]][][[][[][[][]][][[[[[]][[]][[[]]][[][][][]][]][]][]][[][[][[[[[[][[[][[[][]][]][[][[][][][[]]]][[[[[][][[[[[]]][[]][][[[[[[][]]][[][[[]][[]]]]][]][]]][[]][]][]][]][][][]]]][][[[][[[][]][[][[][][]]]][[][[][][][][][]]][]]][[[[[]]]][]][[][[]]]][[]][]][[[][[[][[][]]]][][][][]][[[][[[[[]]]][]]][][][[][[[]]]][[][]]]]]][][[]]]]]][[[[[[[[][][]]][[[[]][]]]][[]][[]]]][[[[[][[[]]][[[[][]]]][][[][[]][][[[[[][[]][[][]]]]]]]]][[][[]]]][[[][]]][[[]]]][[][[[[]][[[[][][[[][][]][[][]][][[[][][]][][]][][[]][[[[]]][[]]]][[]][][[][]][][]][]][[[[[]][[[[[[[]][[]][]]]]]]]]][[]][][[[]][[][][][]][[][[[][[]][[[[][]][]][][[]]]]]][[]]]]]]]][[][][]]]]]][]][[[[[[[][[[][]][[]]][]]][]][[][][][]]][]][[[[[][][[[[][]][][]][]]]]]][][]]][[[[][[][]]]]]][][]][]][[][[[[[[]]]]][][[[]][[]]][[][[][][][[[[[][]]][]][]][[[[]][[[[[][[[][][][]]][[]][[][][[[]]]]]]]][][[][[][][]][[[][[]]][]]][][]]][][][]][[[][[]]][[][[[[][[[[]]]][][[][]][[[][[[]]]][]]][]]][[]][][[[[[][][[[]]][[]]]][[][]]][[]]][]][[[[[]][[[[][[]][[][]][]][][[[[][[[[[][]]]]]]][[]]]]]]]][]]][[][[]]][][[][[][][]]]]][[]][[[][][[[[[[[][][][[]]][]][[][[[[]][[]]][[[[][[][][[[[][[][[][[[][][][][[][]]][]]][][[[][][][]]]]]][]][]]][][[[][[][[]][[[[[][[[[[]]][[[[]][[]][[[][[[[][]]]][]][[[[[]][]]][][][[[[][]][]]]]][][[[[[[]]]]][][]][][[]][][]]][][][]][[[]][]]]][][][]]][][[[[[[][]][[[[[][[][][[][][]]]][[]]]][[[]][]][[[[[[[][]]][][][][[][][[[[[][][[[][[[][[[[][[[][]][]]][]][[[[[]]]][]][[][[][]][]][[[[]][]][[[[[]][[][[[[]]]]]][[]]]]][[[]][][]]]]][[[[]][[][[[[[[]]][][][][[[[]][[][][[][[][]][[][[][[][[]][]]][[[][][[[[][[]][[[][[]]]]]][]][[]]]][]]]]][][]]]]]][[[[][[[[]]]][]][]][[]]]]][[][]]]][[][[][]][[[]]][][][[][]][]]][]]]][]]][][][[[[[[[]]][[]][]][][[][]]]][]]][]]][]]]]]]][[[[][]][]]]][]]][[]]]][[[[]]]][[][]]]]][[]]][]][[]][[[[][[][[[[][[]]][][[][[[][[]][[[][[[]][]][[][][[[][[[[[[]]][]]]]]][[[[]]]]]]]]][[[[][][[[[][[[[][][[][[]]][]]]][[[][][][][[]][[[]][[][][][[]][]][]]]][[[][][[[]]][[[[]]]][]]][][[]][[][][][[[][][][]][][]][]]]]]]][[[]]][][[]][][][][[]]]]]]][[]]][]][][][]]][[[][[[]]]]][[[][[[]][[]]]]][][[]][[][[]][]]]]][[[[[][[][]][[]][][[]]]][][][[[]]][]][]]]][[][[[][[][[[][][]]][[[][[]]]][]]]][[][[[[[]][[[[][[][]]][[[[]][][[[]][[]]]]][]][[][[][[]]][[[[][]]][]][[]]]][[]][][]][[][[[[][[]]]]]][]]][][]]]]][[][[[[]]][[[[]]]][[]]]]][[][]]][]]]]][[][[[[]]]][[]]]]][]]][[[[[]]]][[[]][]]][[][][]]][][[]]]][[]][]][[][]][]][]][[]][[][[]]][][][[]]][]][[[[][[]]]][[][]]][][]][[[][]]][][][][[[[][]]][][][][[]][[[]][[][[]]][[][]]][[]]][[[][[]]][]]]]][[][[[[][]]][][[]][[[[[]]]][[][]][[[[[][]]][]]][]][[[][][][[[]][[[[][][[]][[[]][]]]][[][]]]][[][[]][[]][[]][][[[[[[]][]]]][]][[]]]]]][][][[][[][[[[[][][[[][[]]][][[][][][[]]]][[[[]]][][[[]]]]]][[]][[]][][[[[][][[[[]]][][]][[[][][]]]][[][]]][[[[][[]][[]]]]][]]]]]]]]]][[[][[[[]][]][[[][][[[[]][]]]][]][[]][]]][[]][[]]][[]]][[]][[[[[[]]][[]]]][]][[[][][]][]][]][[][[][][]][][][[[][[[[][]]]][][[]][][[]]]]]][[[][][[[[][[]]]]]]]][[][][]]][]][]][][][[[]][]]]][[][]][][[][[[[[[[[[[[[][[[[[]]][[][]]]][[][][[]][[[[[[[][[[[][][][[[[]]][][[]]][[[[]][[[[]]][]]]]]][]][[[][[]][][]][]]][[]]]][[[[[[[]][[[][[[]][][[[][[]]]][][]]]][[][]]]]]][][[][[[][][]][][][[]][[[[]]][[][]][[[][]][[[]][[[[[]]][]]][[][]][][[[[]]][][[]][[][][[][[]]]]]][][[[[[]]]][]][]]]]]][[][[[[[][[][]][][]][]][[]][][][][][[][[]]]]][[]]][[][[[][[]][[[][][][[[]]][][[[]]]]][[[[[][[[][][[[[]][[[][][]][]]]]][[[[][][[[][]][[]]][][]][[[][[[]][][][[[[[]][][][[]]][[[[[][[]]]][][[]][[]]]]][]]][[]]]][[][[[[]]]][]]]]]]][][[][[]]]][][][]]]][[[[[[]]][]][[]]][[[[]]][]]][[[[[]]]]]][][[]]][]]][]][]][][][][[]]]]]]]]]][[[[]][[[][]]][[[][][[][]][[[]][][[]][][[[[]][]]][]]][[[][]][][[]][]][[[]][[]][]][[][][]]]]]][][][][[]][[]]][[][][][[][[][]]][[]]][[[]]][[][]][][[][][][[[]]][]][[[]]]][[[[[][[[][][[[[[[[]]][]]]][][[]]]]]]][]][[]]]][]][][[[[]]][[][[[[]]][[]][][[[[[]]]][]][][[[][[]][][][[[][[][][]][[[][[[[[[[][[]][[][][][][[]][]]]]][[[]][][[[]][]][[][]]][][][][[[[[[[][][][][][[[[[[]][[[]]]][[[[[][][][[]]]][]]][[[[[]][][][[][]][][][[]][][[[[][][[][[]]]][]][]][[]][]][[]]]]]]][]]]][[[][][][[[][][]]][[[[[]]]]]][][[[[][]][[]]][[]][[[[]]][[][[[][][][]]]][[]]]][]]]]]][][[[][[]][[]]]]][][]][][][][][[[]]]]][[[[]]][[[][[][][[][]][][][[[[][[][][[[[[[[]][]][][[][]][][[[][[[]][[]][[[][][][]]]]][[[[]][[][][[][[[[[]][]]]][[[][[]][[]]]]]]]][]]][]]]][[[][][][[][[]]][[][]]][[[[][][]][[[]][[[]][[[[[[[]]]]]]][[[]]]][[[[]]][][[[[][][]][]][][[[][][[][[]]][[][[]]][[[][][[[][][][][]]][[]]][]]]]]][]][[][][[[][[[][[[[[]][[[[[[[][][[][[[]][][[[[][[[]][[]][[]]][][][][]]]]]][[][[[][[][[]]][][]]][[]]]][[]][]][[][[[][][]][[]][][[[][][][[[][][[
3464 4960
3760 4960
2211 3760
1876 2211
1876 2397
1627 2397
1626 1627
1295 1626
1295 2418
1662 2418
1381 1662
1381 4117
2905 4117
2766 2905
2514 2766
2050 2514
2050 4506
896 4506
896 2963
2963 4165
4165 4903
2737 4903
1972 2737
1972 3567
3567 4137
3821 4137
2417 3821
1329 2417
1114 1329
1114 2356
2356 4345
1696 4345
1696 4626
1400 4626
824 1400
824 4265
843 4265
843 3445
2000 3445
1622 2000
1622 3534
3534 3992
684 3992
148 684
148 2745
2745 3415
2857 3415
2640 2857
711 2640
711 3974
1392 3974
1392 2287
1297 2287
1297 1727
1727 3890
952 3890
952 4439
99 4439
99 4882
4587 4882
2383 4587
2383 2910
2910 4789
658 4789
658 1791
1683 1791
1683 4429
189 4429
189 2295
2295 3230
2778 3230
1759 2778
716 1759
705 716
705 4915
522 4915
522 1413
1413 2897
2897 4615
270 4615
270 959
959 1331
1331 4744
3971 4744
1998 3971
1998 4765
1185 4765
585 1185
585 4891
852 4891
852 2462
2462 4980
2320 4980
2320 3869
3139 3869
3139 3169
1249 3169
91 1249
91 926
926 1615
793 1615
793 2495
2495 4674
2106 4674
2106 3407
259 3407
259 1042
1042 1192
1192 1713
315 1713
315 4323
1826 4323
1826 2658
2658 4029
2294 4029
2294 4353
1502 4353
147 1502
147 1264
1264 4933
2948 4933
2948 4052
1870 4052
1870 2531
132 2531
132 1846
1846 2633
2633 4458
519 4458
519 3735
1016 3735
1016 2490
2490 4907
2972 4907
2972 3810
539 3810
539 4783
2565 4783
1914 2565
133 1914
133 3028
1660 3028
1660 2360
2360 4847
2229 4847
2229 2814
936 2814
936 1224
912 1224
466 912
466 848
848 2497
2497 4889
4107 4889
3024 4107
3024 4424
4424 4881
2959 4881
88 2959
12 88
12 1963
1267 1963
1267 1649
1649 2813
402 2813
402 700
700 1995
1995 3074
201 3074
201 205
205 4214
3429 4214
653 3429
653 3221
3221 3452
2035 3452
2035 2520
1837 2520
1837 3424
3424 3471
3471 3562
1405 3562
1405 3041
1094 3041
1094 4154
564 4154
564 4740
3486 4740
3486 3487
1130 3487
1130 2701
2701 4457
1482 4457
1419 1482
1419 3848
1450 3848
295 1450
295 4338
3141 4338
2286 3141
851 2286
851 1308
1308 3847
3847 4614
4181 4614
4181 4986
3862 4986
3862 4868
1555 4868
1555 3179
3179 3800
3410 3800
2113 3410
1812 2113
1812 4340
2525 4340
2525 4818
783 4818
783 2839
2668 2839
2668 4031
4031 4904
4741 4904
3449 4741
3397 3449
2154 3397
1090 2154
1090 2242
638 2242
638 4435
1508 4435
979 1508
979 2291
2291 4971
2513 4971
241 2513
241 2177
2177 2579
2579 4223
11 4223
11 791
563 791
563 1691
1691 4911
3882 4911
2121 3882
423 2121
423 803
803 2903
1022 2903
1022 2836
2836 4281
1552 4281
1552 3682
532 3682
532 4830
603 4830
603 3846
3762 3846
1616 3762
1137 1616
1137 3255
3255 3835
3835 4366
1118 4366
1118 2673
2673 3402
3288 3402
914 3288
914 4754
54 4754
54 3819
3819 4418
2696 4418
1824 2696
1824 3456
3456 4224
2599 4224
135 2599
135 722
722 953
953 1250
1250 3592
3592 3736
3736 4717
2226 4717
2226 3104
1558 3104
1558 2326
2326 3947
3761 3947
574 3761
574 2137
2060 2137
2060 4293
1371 4293
1371 2213
2213 4999
1702 4999
630 1702
48 630
48 2689
2201 2689
1836 2201
1836 3946
1283 3946
409 1283
409 742
742 1398
769 1398
769 3371
1045 3371
1045 1444
1444 4046
4046 4349
358 4349
358 1923
1728 1923
1728 4276
1639 4276
1639 3565
3378 3565
3378 4681
3000 4681
457 3000
457 3616
3616 4773
1286 4773
820 1286
820 1874
1088 1874
1088 1599
1599 4670
3900 4670
3900 4360
1984 4360
725 1984
725 1740
1740 4653
47 4653
47 4724
1636 4724
693 1636
693 3354
406 3354
254 406
254 1298
1298 3198
794 3198
794 4804
4796 4804
3428 4796
3257 3428
1634 3257
732 1634
732 1715
1709 1715
333 1709
333 481
481 1751
126 1751
126 1187
1187 4586
1620 4586
1620 4167
1176 4167
1176 2130
2130 3773
3483 3773
3073 3483
2976 3073
2976 4316
3259 4316
1504 3259
1383 1504
778 1383
778 2835
1763 2835
1511 1763
1511 4733
1710 4733
1202 1710
1202 3981
2675 3981
2675 3957
3957 4389
4058 4389
1243 4058
1243 3238
980 3238
980 1966
1966 3591
3591 4597
3123 4597
3084 3123
918 3084
918 1379
169 1379
169 3170
3170 3964
1731 3964
498 1731
498 869
869 1167
1167 2214
2214 3076
1973 3076
1619 1973
1619 1680
215 1680
215 4136
4136 4492
3312 4492
2698 3312
2299 2698
2299 3296
3296 3829
3829 4308
420 4308
18 420
18 2756
2756 4846
4846 4851
3054 4851
3054 3930
3930 4684
2210 4684
2210 3216
910 3216
910 1999
1794 1999
1794 1985
1795 1985
1795 4602
768 4602
768 1793
364 1793
364 2102
2102 3844
3844 4091
2687 4091
541 2687
193 541
193 4972
217 4972
217 697
697 1110
1110 4092
492 4092
492 3369
1994 3369
1994 4551
4551 4876
3488 4876
3022 3488
2573 3022
2573 4572
1970 4572
1970 3674
390 3674
390 1239
573 1239
573 3151
2851 3151
2851 3355
1106 3355
1106 3130
1041 3130
1041 1832
1832 3600
1519 3600
1519 3654
3654 4176
4176 4878
2351 4878
1931 2351
1931 4806
3391 4806
1671 3391
155 1671
155 3546
3465 3546
354 3465
354 2759
2219 2759
2219 2706
302 2706
302 1565
1565 3217
2616 3217
751 2616
197 751
197 2934
2934 3837
2332 3837
1320 2332
1320 2765
2765 2989
1437 2989
1437 4619
504 4619
504 1640
1640 3541
3541 4388
2491 4388
2491 3998
3998 4867
4488 4867
78 4488
78 825
813 825
813 3581
3025 3581
3025 4246
744 4246
744 2454
2454 2456
1222 2456
1222 1892
1892 2885
1414 2885
1414 4858
1799 4858
1799 4870
2061 4870
1019 2061
1019 3820
2401 3820
2401 3405
3405 4369
4145 4369
4145 4794
2429 4794
1319 2429
1319 4926
1101 4926
1101 4476
902 4476
902 1530
1530 2238
301 2238
301 507
507 3264
2208 3264
2208 4229
887 4229
887 1302
1302 3879
1490 3879
1490 3748
318 3748
318 1265
1265 3785
1034 3785
1034 4260
4260 4883
171 4883
171 3690
2635 3690
2635 3931
1333 3931
128 1333
128 3625
3618 3625
3618 4361
1282 4361
1282 2894
1916 2894
1916 2511
2511 3014
67 3014
67 4232
3880 4232
3588 3880
3588 3935
3935 4557
4460 4557
4370 4460
3323 4370
162 3323
162 1895
619 1895
619 1548
1548 4781
4746 4781
2584 4746
2262 2584
2262 2902
2902 4763
3863 4763
510 3863
510 1689
1689 4008
1749 4008
1749 4336
1562 4336
1378 1562
868 1378
868 1582
1582 4607
1269 4607
298 1269
298 1230
1230 4885
2941 4885
2301 2941
1404 2301
1404 2431
2431 3630
2444 3630
96 2444
96 2187
2187 3656
2063 3656
1375 2063
60 1375
60 4118
1983 4118
1983 3637
3637 4955
1223 4955
975 1223
975 3960
3960 4234
4234 4443
3165 4443
1922 3165
356 1922
356 3307
1344 3307
1344 2047
1051 2047
1051 2237
2237 4679
1138 4679
1138 1803
1803 3921
35 3921
35 3633
2587 3633
137 2587
137 1628
361 1628
361 2093
471 2093
471 3133
3133 5000
184 5000
118 184
118 4805
4604 4805
1306 4604
1242 1306
1242 2943
1008 2943
1008 3241
3241 4407
609 4407
609 4000
1910 4000
1910 2155
2155 2873
235 2873
235 4722
802 4722
802 1356
1356 2166
2166 2858
2858 4620
2645 4620
2645 4331
2426 4331
2293 2426
2293 2620
2620 3033
2535 3033
1516 2535
1191 1516
967 1191
967 2206
2206 4054
551 4054
551 1314
1314 2632
569 2632
569 4989
1245 4989
1245 2864
2864 2871
1166 2871
1166 4034
1765 4034
1765 3711
704 3711
704 3211
326 3211
326 2944
2944 2947
2602 2947
424 2602
424 2303
2303 4159
4159 4213
4073 4213
3802 4073
103 3802
103 4291
1704 4291
1704 1851
1851 4871
1590 4871
321 1590
321 2380
2380 3679
271 3679
271 2826
85 2826
85 2988
2898 2988
2898 3294
3294 4122
3978 4122
2868 3978
2670 2868
2670 4062
49 4062
49 3152
1143 3152
1143 2322
730 2322
730 3434
548 3434
548 3366
1929 3366
1929 2259
2259 4477
3831 4477
1129 3831
1129 2258
858 2258
858 3333
1602 3333
1602 4826
4393 4826
4197 4393
4197 4475
2460 4475
2460 3080
2833 3080
2833 3215
3215 3796
3603 3796
895 3603
895 1140
1140 1488
6 1488
6 2519
676 2519
676 4697
230 4697
230 2995
528 2995
528 2932
2932 3005
3005 4322
4045 4322
2653 4045
651 2653
651 1864
1864 3175
1663 3175
1663 1768
1768 2482
2482 3029
26 3029
26 4400
2891 4400
79 2891
79 4315
2042 4315
1216 2042
1216 1792
416 1792
416 3242
1935 3242
240 1935
240 706
706 1352
1352 3326
1380 3326
1380 2594
2594 3040
3040 4811
3032 4811
2890 3032
2890 3094
3094 4411
1210 4411
1210 4063
4063 4950
4636 4950
392 4636
392 3922
1961 3922
1961 2626
2626 4442
3105 4442
31 3105
31 4335
2040 4335
2040 3527
3527 4282
1644 4282
1644 2445
535 2445
535 4160
223 4160
223 2338
559 2338
559 3246
207 3246
207 4462
3830 4462
3830 4634
4420 4634
3135 4420
3135 4173
1431 4173
1431 4762
2309 4762
2309 3319
3285 3319
3285 4256
3523 4256
3523 3604
958 3604
958 1445
995 1445
995 1831
1831 3697
738 3697
729 738
729 1987
1987 4642
4489 4642
4489 4649
1071 4649
1071 3270
517 3270
517 4872
2983 4872
2436 2983
1647 2436
1647 3409
3409 4023
4023 4566
3911 4566
1337 3911
1337 4908
3202 4908
3202 3440
3440 4465
1363 4465
1363 2404
948 2404
948 2435
1420 2435
553 1420
553 819
819 1386
1386 4967
1040 4967
806 1040
806 4877
1357 4877
1357 4026
2198 4026
2198 3816
3724 3816
3724 4177
260 4177
260 1116
1116 1661
1661 3496
1032 3496
1032 3771
632 3771
632 2509
2509 3533
3533 4637
1288 4637
1288 2090
2090 3719
701 3719
701 855
855 1472
1472 1976
797 1976
797 2300
2202 2300
2202 4496
2794 4496
2794 4101
2085 4101
2025 2085
2025 2129
1440 2129
1440 1746
1074 1746
1074 1719
1719 4301
2649 4301
2393 2649
1290 2393
1290 3778
3778 3874
3163 3874
877 3163
877 2074
1416 2074
1416 3106
3106 3196
2806 3196
1893 2806
505 1893
505 4547
1206 4547
1206 2072
2072 2501
1397 2501
1397 2232
904 2232
904 4495
4495 4944
1608 4944
1608 1942
1942 4470
274 4470
274 567
567 4739
2916 4739
2916 3085
2951 3085
1810 2951
1810 2883
2883 3400
641 3400
641 2010
2010 2705
1788 2705
1788 3075
1271 3075
1271 3408
475 3408
66 475
66 816
816 2588
2588 4018
109 4018
109 4007
3459 4007
332 3459
332 1189
1189 1623
1623 2596
2596 2838
1559 2838
123 1559
123 1475
675 1475
675 901
105 901
105 122
122 4542
4542 4689
4504 4689
4504 4616
4032 4616
834 4032
834 2914
588 2914
588 1948
1948 3815
3606 3815
3531 3606
3466 3531
1293 3466
945 1293
945 2054
2054 4916
1089 4916
1089 3858
3858 3901
1934 3901
1933 1934
156 1933
156 4840
1102 4840
1102 2156
1726 2156
1726 3999
1835 3999
448 1835
448 3743
1526 3743
1526 2933
518 2933
518 2141
2141 2708
1029 2708
1029 3441
3441 3750
2667 3750
2667 4037
4037 4760
3652 4760
3652 4864
4354 4864
3611 4354
3580 3611
1957 3580
1852 1957
1852 3518
2919 3518
2919 4540
4540 4922
1946 4922
931 1946
931 3233
3148 3233
3148 4209
3765 4209
1500 3765
1260 1500
514 1260
7 514
7 3696
929 3696
929 1928
1928 3051
1324 3051
1324 4694
3265 4694
299 3265
299 2115
2115 3036
191 3036
191 1086
178 1086
178 3273
3273 3458
3458 4828
4368 4828
282 4368
282 3574
589 3574
589 1842
211 1842
211 1181
1181 3920
3395 3920
3395 4578
3081 4578
2980 3081
792 2980
792 4735
4487 4735
1270 4487
1014 1270
314 1014
314 4533
1334 4533
1334 4464
547 4464
547 3251
2215 3251
1211 2215
138 1211
138 4650
181 4650
181 3700
470 3700
470 2333
76 2333
76 2488
2488 3832
3832 4284
3793 4284
1563 3793
1563 1862
1677 1862
1033 1677
445 1033
445 4791
1932 4791
1932 3731
1535 3731
1535 4663
4663 4937
674 4937
674 1441
1441 3275
3275 4221
3794 4221
1991 3794
1991 2915
1425 2915
982 1425
982 4478
4478 4520
2533 4520
1157 2533
272 1157
272 490
490 4718
2825 4718
2825 3111
3111 4894
4222 4894
1062 4222
340 1062
340 580
580 4466
3994 4466
3673 3994
3673 4002
1676 4002
30 1676
30 446
446 2508
581 2508
581 4249
2950 4249
2368 2950
2368 4175
920 4175
920 4570
227 4570
227 584
584 4664
3575 4664
3575 4250
2275 4250
654 2275
654 2844
2324 2844
2324 4352
826 4352
826 3704
3704 4759
939 4759
264 939
264 3335
845 3335
845 1169
1169 4374
2595 4374
2274 2595
1473 2274
1473 2569
61 2569
61 2340
2340 3851
1992 3851
1992 2662
2662 3174
650 3174
650 1485
1485 2116
2116 3598
1756 3598
836 1756
836 2769
2769 2929
2929 4456
2406 4456
2406 3572
2193 3572
452 2193
452 827
688 827
688 2394
2394 2664
2664 3383
1532 3383
1532 1721
1092 1721
1092 3426
1095 3426
187 1095
187 1886
1886 2014
37 2014
37 1952
656 1952
656 3450
55 3450
55 2112
2112 4019
1650 4019
1650 4408
3373 4408
1606 3373
1312 1606
1312 3178
3178 4285
3938 4285
198 3938
198 1347
1347 1633
124 1633
124 3812
3503 3812
681 3503
681 694
694 3437
3437 3563
2845 3563
2845 4666
972 4666
972 3091
2630 3091
2630 3013
2755 3013
2549 2755
2549 3642
1543 3642
348 1543
348 3772
2184 3772
1949 2184
1949 2313
2313 4691
829 4691
829 4333
3304 4333
2230 3304
1567 2230
1567 3558
1442 3558
1442 1545
1545 4716
4174 4716
1865 4174
1865 4414
4414 4590
2608 4590
987 2608
987 4861
2461 4861
1736 2461
1054 1736
243 1054
243 2609
2241 2609
1200 2241
1200 2636
1778 2636
1778 4055
4055 4070
3792 4070
3792 4640
3884 4640
3884 3909
947 3909
847 947
847 2345
1072 2345
136 1072
136 425
425 3782
1664 3782
708 1664
708 2158
2158 4200
2757 4200
1883 2757
1883 4061
2643 4061
2643 4087
261 4087
261 4693
308 4693
308 1136
1136 1349
401 1349
401 525
525 660
660 1924
1924 2039
387 2039
387 2875
885 2875
885 3683
1178 3683
1178 4808
1128 4808
1128 4264
4264 4269
892 4269
892 4161
3447 4161
3447 4100
1531 4100
1531 4924
4924 4987
3341 4987
237 3341
237 631
323 631
323 897
897 1585
107 1585
107 4279
3903 4279
3903 4742
1096 4742
1096 1569
1569 4832
3122 4832
3122 4382
4144 4382
2641 4144
2641 3856
3856 4395
3423 4395
3423 4711
203 4711
203 2720
2083 2720
2083 4267
2465 4267
2465 2785
2785 4641
4629 4641
4387 4629
3171 4387
2254 3171
2254 3404
3404 4571
1967 4571
1967 2727
2629 2727
1220 2629
1220 4606
4606 4631
2114 4631
2002 2114
576 2002
576 4189
908 4189
415 908
415 4983
293 4983
93 293
93 3127
117 3127
117 3172
210 3172
210 4272
2714 4272
2714 4377
3530 4377
626 3530
304 626
304 2823
2823 4751
4751 4822
3655 4822
3340 3655
224 3340
224 2019
374 2019
374 1221
878 1221
878 1989
1989 3561
2498 3561
1885 2498
1885 3062
249 3062
249 3728
377 3728
377 4612
2041 4612
2041 4359
4359 4912
3937 4912
1805 3937
1805 2097
1518 2097
1518 4490
1770 4490
1770 2466
2466 4124
25 4124
25 1784
396 1784
396 4645
2371 4645
2371 3099
965 3099
965 1037
1037 4047
1542 4047
1542 1588
1588 2879
2879 3277
3277 3389
3389 4543
673 4543
673 2721
1244 2721
1244 4618
942 4618
942 2358
2358 3995
3995 4550
2930 4550
2736 2930
2736 4085
1828 4085
1828 4421
2216 4421
2216 4727
1439 4727
1439 2478
1785 2478
1336 1785
1336 3320
3320 4367
1675 4367
1675 1833
1833 3556
1561 3556
1561 4252
2034 4252
2034 4755
2273 4755
989 2273
989 4171
2909 4171
2909 3317
3317 4186
2179 4186
2179 4258
414 4258
414 555
555 3384
3384 4131
4131 4325
1087 4325
1087 4405
4108 4405
1553 4108
782 1553
782 2563
2563 3494
3494 3579
1385 3579
1385 2782
437 2782
437 4169
4169 4646
4646 4761
1233 4761
1233 3883
2370 3883
2370 2642
2642 4243
4243 4887
2798 4887
2798 4544
4110 4544
4110 4725
1753 4725
1753 4938
17 4938
17 2553
1816 2553
1816 2994
2994 3873
1551 3873
1551 2556
2391 2556
2391 4764
731 4764
731 4012
154 4012
154 2830
2830 4111
2013 4111
2013 2774
277 2774
277 4413
3401 4413
1693 3401
1693 4432
3727 4432
3727 4677
2228 4677
720 2228
112 720
112 1758
1758 3114
3114 4961
1428 4961
990 1428
990 2574
2574 3514
3115 3514
2600 3115
335 2600
335 3798
2964 3798
2964 4134
2810 4134
2810 4307
2240 4307
1162 2240
1162 3621
95 3621
95 818
309 818
309 3374
595 3374
595 3021
2120 3021
1226 2120
1226 2481
2481 4827
1748 4827
766 1748
766 1556
1556 1850
1850 3578
454 3578
454 4585
4505 4585
1372 4505
1372 3299
3299 4188
381 4188
1 381
1 2809
2809 4875
893 4875
893 934
347 934
347 643
643 4078
1609 4078
508 1609
508 4609
2821 4609
2821 4516
662 4516
662 4814
3791 4814
313 3791
313 3003
1762 3003
1762 4351
3491 4351
3491 4015
3345 4015
110 3345
110 4813
3512 4813
1990 3512
1990 2557
1091 2557
1091 2607
2607 4842
4628 4842
3666 4628
418 3666
418 3693
3153 3693
2659 3153
685 2659
685 2856
2764 2856
115 2764
115 3644
3515 3644
3004 3515
104 3004
104 978
978 4238
4041 4238
1940 4041
1940 4665
102 4665
102 3070
1815 3070
1815 3308
776 3308
384 776
384 1902
909 1902
909 3134
2956 3134
2956 3394
634 3394
634 2937
2937 4025
3626 4025
571 3626
571 1514
1514 3289
2207 3289
2207 3898
2409 3898
512 2409
512 3607
1890 3607
1890 2079
2079 3948
1818 3948
1818 4309
1527 4309
1527 4948
2997 4948
2997 3709
3709 4514
3615 4514
3615 3624
1571 3624
1571 2464
570 2464
410 570
410 1163
1163 4997
460 4997
460 3066
3066 4833
3639 4833
521 3639
521 4356
2993 4356
2993 3586
3586 4049
116 4049
56 116
56 3067
3067 4403
2886 4403
2382 2886
1448 2382
1448 3416
2676 3416
542 2676
542 1120
1120 3758
1459 3758
399 1459
399 3155
3155 3744
747 3744
747 4698
2474 4698
447 2474
447 2337
556 2337
556 3585
3436 3585
2387 3436
2387 4862
3043 4862
3043 4874
537 4874
537 4690
2652 4690
2078 2652
2078 2510
1796 2510
1447 1796
1447 4934
4838 4934
3799 4838
1201 3799
1201 4228
4228 4936
4343 4936
58 4343
58 2178
1377 2178
480 1377
480 2571
2068 2571
2068 3805
1248 3805
1248 4672
2803 4672
2803 4979
4906 4979
4468 4906
2987 4468
733 2987
733 1911
1061 1911
872 1061
872 4600
472 4600
472 1550
1550 3742
3742 4655
4329 4655
2399 4329
1218 2399
1218 4262
3993 4262
906 3993
906 2816
2816 3201
2570 3201
2570 4397
3396 4397
486 3396
486 4372
3476 4372
1889 3476
1889 3078
628 3078
628 2537
69 2537
69 4261
3197 4261
856 3197
856 3046
257 3046
257 400
400 3806
3209 3806
3209 3980
1797 3980
1797 3740
3140 3740
898 3140
898 4920
1328 4920
881 1328
881 2329
2329 4678
1879 4678
837 1879
837 3777
3777 3950
3950 4581
176 4581
176 668
668 1541
1480 1541
1480 4166
1645 4166
1645 4970
513 4970
513 2477
353 2477
353 3685
1621 3685
1409 1621
1409 2223
1652 2223
1652 4298
627 4298
627 3840
485 3840
485 3334
3334 4153
1873 4153
1873 2363
2363 3734
1236 3734
1236 4416
461 4416
461 1353
1353 3605
1083 3605
1083 1867
840 1867
395 840
395 3752
3752 4339
4339 4675
726 4675
726 1612
324 1612
324 2306
2306 4141
4141 4211
4211 4954
4886 4954
3712 4886
3688 3712
3247 3688
3247 4006
4006 4436
1678 4436
1678 2036
2036 2847
1421 2847
1421 3274
3237 3274
1497 3237
1497 2194
2194 4312
3547 4312
1629 3547
1629 3363
3363 4968
994 4968
458 994
458 2088
2088 3357
434 3357
434 4559
1254 4559
1254 2161
2161 2357
2357 3770
750 3770
750 4236
3595 4236
2260 3595
2260 4617
4067 4617
1953 4067
1953 3885
2800 3885
2800 3218
3218 3949
3949 4756
59 4756
59 3226
3226 3359
1592 3359
1446 1592
1446 1468
1468 1667
1667 2957
2957 3976
4 3976
4 1960
1960 4288
4105 4288
2369 4105
2369 2744
756 2744
756 3038
3038 4289
226 4289
226 2308
2308 4974
4218 4974
815 4218
84 815
23 84
23 1572
1252 1572
1252 2425
2153 2425
2153 3337
1839 3337
1512 1839
1512 1767
1767 4775
4319 4775
4319 4515
3301 4515
3301 3680
3680 3826
87 3826
87 4337
1817 4337
1429 1817
1429 2225
702 2225
702 3817
1323 3817
1323 2739
1415 2739
1332 1415
1332 2251
998 2251
998 2132
2132 4500
1849 4500
121 1849
121 1483
664 1483
664 1458
1458 2473
2253 2473
2253 3730
380 3730
380 2979
1184 2979
1184 1809
1809 4501
1820 4501
1820 2386
1053 2386
1053 1635
1635 1657
1238 1657
1238 3726
2999 3726
2999 4605
598 4605
598 1861
1861 2985
2985 4638
3593 4638
1827 3593
1827 4732
2249 4732
2170 2249
2170 2585
2585 3256
3256 4985
2205 4985
2205 2713
376 2713
376 2791
2494 2791
2494 3678
1501 3678
1501 1648
1648 2395
2395 4941
2296 4941
2296 3780
3375 3780
846 3375
442 846
363 442
363 2591
981 2591
981 2992
1936 2992
476 1936
476 4895
2419 4895
2419 3927
3636 3927
3463 3636
3463 3828
2476 3828
1133 2476
1133 2257
34 2257
34 3258
1198 3258
1198 3472
637 3472
637 1135
1135 4623
515 4623
515 3039
2776 3039
2776 4123
4123 4592
1496 4592
1496 3658
3418 3658
3082 3418
3082 3845
3845 4991
2797 4991
2449 2797
1261 2449
1261 4902
404 4902
177 404
177 2881
2560 2881
2560 4507
1613 4507
1613 3157
3157 3549
2255 3549
2255 3443
2550 3443
1944 2550
1944 3706
2589 3706
1882 2589
1882 2516
2516 4787
1894 4787
1434 1894
531 1434
531 3142
2261 3142
1412 2261
1412 3342
2700 3342
2700 3398
672 3398
672 1529
1529 3510
3146 3510
3146 3305
1807 3305
1155 1807
1155 2276
962 2276
962 1738
1738 2077
9 2077
9 279
279 2758
1486 2758
1486 1783
1783 4096
3499 4096
111 3499
111 3132
709 3132
709 1536
1536 3339
1925 3339
1925 3919
3919 4782
1246 4782
787 1246
787 1777
1777 4669
2364 4669
2364 3433
152 3433
152 3923
3599 3923
557 3599
557 927
925 927
925 2145
2145 4896
3016 4896
3016 4212
3325 4212
488 3325
488 1358
40 1358
40 4810
777 4810
777 1076
1076 4522
4139 4522
2968 4139
2968 4657
1009 4657
1009 2672
413 2672
413 1643
606 1643
606 2923
1772 2923
22 1772
22 3185
917 3185
917 2328
2328 4728
3064 4728
2289 3064
1256 2289
1256 2037
2037 2452
2452 3936
3089 3936
871 3089
70 871
70 615
615 3206
903 3206
903 3303
781 3303
781 1509
991 1509
991 4866
2895 4866
1610 2895
1610 1903
1903 4580
941 4580
923 941
923 1048
1048 4940
3839 4940
2318 3839
339 2318
339 4248
310 4248
172 310
157 172
157 3344
3344 4033
1237 4033
1237 2699
263 2699
263 2966
2966 3055
985 3055
985 4799
1853 4799
1853 3411
1750 3411
1750 2790
1947 2790
1947 3904
3904 4836
4790 4836
265 4790
265 3657
583 3657
583 3042
3042 3072
1476 3072
1024 1476
1024 1723
1723 4834
3113 4834
2266 3113
2266 4474
1673 4474
1673 1744
1744 3069
2733 3069
2695 2733
2319 2695
269 2319
269 3738
3738 4749
267 4749
267 4901
3859 4901
3442 3859
3107 3442
3107 4347
2734 4347
1506 2734
1506 2561
2561 4103
3291 4103
3291 4237
4237 4707
3438 4707
3438 3663
749 3663
749 2817
2817 4884
617 4884
617 1540
1540 2348
2348 4355
3850 4355
2552 3850
2552 3210
3210 4802
2389 4802
2389 4095
3519 4095
1367 3519
10 1367
10 3623
3623 4780
4780 4995
2176 4995
1098 2176
427 1098
427 602
602 4163
4163 4821
2342 4821
2342 2834
2707 2834
2707 3504
214 3504
214 2614
2614 2723
727 2723
727 3469
2218 3469
2218 2872
2872 4994
3702 4994
3702 4143
4143 4579
4297 4579
757 4297
328 757
328 4892
964 4892
964 4415
2597 4415
312 2597
312 3282
1695 3282
1695 3137
3137 4172
3918 4172
1578 3918
1578 3768
1190 3768
1190 4013
3942 4013
2889 3942
2889 4274
3509 4274
3509 3511
2433 3511
501 2433
501 4341
2671 4341
1030 2671
1030 1127
1127 4219
4219 4390
2053 4390
275 2053
275 351
351 988
988 3096
3096 3751
1285 3751
1285 4528
1294 4528
1294 1510
1422 1510
1422 2773
1113 2773
1113 4568
1015 4568
1015 1757
640 1757
640 3723
13 3723
13 3292
468 3292
468 1814
1814 3759
3718 3759
3213 3718
3213 4595
1694 4595
1694 4943
1625 4943
1625 3824
2334 3824
746 2334
746 4386
2003 4386
63 2003
63 3403
3403 3645
1145 3645
1145 2870
1387 2870
1213 1387
1012 1213
1012 2233
886 2233
244 886
244 1354
1354 2738
2590 2738
2526 2590
2526 4066
986 4066
986 2071
1043 2071
1043 3570
3570 4280
1692 4280
1692 4162
463 4162
463 1036
1036 1858
1586 1858
1586 4589
558 4589
558 4680
51 4680
51 1338
1338 2069
718 2069
718 2344
1507 2344
1507 1707
1707 4774
1969 4774
1969 2110
1747 2110
1747 2554
1955 2554
1205 1955
479 1205
479 2236
1975 2236
1975 2362
2362 4562
141 4562
141 1958
106 1958
106 1148
1148 2171
2171 4819
3229 4819
879 3229
879 3959
469 3959
469 759
759 4976
3708 4976
3432 3708
2683 3432
2523 2683
2523 3098
3098 3392
337 3392
337 785
27 785
27 4512
970 4512
780 970
780 2536
2536 4235
38 4235
38 86
86 4020
74 4020
74 3676
3126 3676
1823 3126
303 1823
303 1424
1424 2544
232 2544
232 1280
1280 2127
2127 4273
2784 4273
2784 2918
2918 4074
1546 4074
1546 2248
2248 2559
1316 2559
1316 2619
42 2619
42 3252
2376 3252
2376 4398
4398 4899
3677 4899
3677 4594
4277 4594
3632 4277
3632 4564
4152 4564
36 4152
36 2866
2866 4149
4149 4546
4201 4546
65 4201
65 3309
167 3309
167 343
343 455
455 687
687 3776
3776 4089
2981 4089
2981 4750
624 4750
624 3913
3913 4720
1875 4720
1875 3522
2541 3522
2541 2965
549 2965
549 4129
534 4129
534 572
572 4010
2305 4010
2305 4511
3641 4511
3641 4527
1131 4527
1131 2853
2853 3559
523 3559
342 523
342 550
550 4295
3470 4295
2298 3470
2298 3490
218 3490
218 3200
2423 3200
1161 2423
1161 1822
1822 1830
1321 1830
1321 4376
3162 4376
2108 3162
2108 3524
2962 3524
2962 3203
2027 3203
2027 3008
3008 4423
4423 4993
2472 4993
839 2472
839 4113
4113 4451
812 4451
812 1574
350 1574
350 3539
2288 3539
1020 2288
1020 2612
1391 2612
1391 4253
2087 4253
946 2087
946 1760
1760 3260
1584 3260
1584 2245
612 2245
612 2615
2615 2860
1346 2860
1346 3766
814 3766
64 814
64 4278
2949 4278
2949 3399
3386 3399
3386 3968
3764 3968
2124 3764
236 2124
236 849
849 2606
2606 3092
1188 3092
1188 4128
3520 4128
3520 4076
807 4076
807 3529
2507 3529
421 2507
421 4651
645 4651
645 3435
3435 4610
330 4610
330 2935
1026 2935
1026 1909
1909 3451
1884 3451
1884 4518
4518 4964
1164 4964
1164 1214
1214 2751
2751 4314
305 4314
305 1339
1339 4206
3279 4206
1979 3279
134 1979
134 2111
2111 4792
1523 4792
1124 1523
511 1124
511 3310
385 3310
385 495
495 779
779 4485
3513 4485
2185 3513
2185 3836
2820 3836
378 2820
378 4624
3119 4624
810 3119
810 2592
2592 3112
3053 3112
3053 3061
2742 3061
2412 2742
2412 2515
2515 4692
4549 4692
646 4549
646 753
753 2530
1197 2530
1197 3866
3350 3866
1099 3350
1099 3177
526 3177
526 1455
1194 1455
1194 2457
2457 4659
4216 4659
3332 4216
2103 3332
2103 2970
2448 2970
2448 2517
2517 3023
984 3023
984 4263
4263 4857
3746 4857
1212 3746
1212 1798
1798 2580
2580 2663
2162 2663
2162 4230
3314 4230
3129 3314
2946 3129
474 2946
474 3737
2471 3737
2471 3941
3224 3941
2704 3224
320 2704
320 561
561 1310
1310 2518
835 2518
835 3498
865 3498
865 4378
449 4378
449 2091
2091 3550
2385 3550
1887 2385
1470 1887
1470 3166
3166 4404
4326 4404
497 4326
497 1717
1717 4530
2539 4530
2539 3158
3077 3158
3077 3548
1007 3548
1007 2753
2157 2753
246 2157
246 3315
2420 3315
1568 2420
1568 2913
2913 4652
3195 4652
2164 3195
2164 2203
2203 2280
2280 3271
960 3271
960 3124
1081 3124
1081 3540
1241 3540
1241 3474
3474 4758
130 4758
130 2548
2548 3739
3739 3925
1158 3925
1158 1908
1908 3651
3651 4947
2183 4947
1977 2183
1977 4932
4030 4932
3262 4030
2715 3262
592 2715
592 4064
4064 4170
4170 4686
2136 4686
2136 4662
2292 4662
2292 4481
4481 4526
2901 4526
2901 3090
3044 3090
2936 3044
2936 3617
2422 3617
2008 2422
2008 2724
2285 2724
1900 2285
1900 2458
2458 3214
1877 3214
1877 4364
4364 4375
1451 4375
1451 3205
3205 4942
2808 4942
450 2808
450 2402
2402 3150
2327 3150
2327 3208
614 3208
614 4365
1340 4365
1340 2353
2239 2353
1208 2239
212 1208
212 1804
1804 2048
1655 2048
131 1655
131 2852
20 2852
20 2717
2717 3973
3493 3973
3493 4057
4057 4097
2686 4097
5 2686
5 2815
2815 3797
3797 4554
996 4554
996 2354
1394 2354
1394 2118
2118 3767
1103 3767
1103 2234
2234 3427
593 3427
593 1917
1917 2109
3 2109
3 4433
3962 4433
2779 3962
736 2779
736 3324
1669 3324
1669 4709
4709 4927
2062 4927
2062 4116
3034 4116
1741 3034
1741 3914
2622 3914
2312 2622
503 2312
417 503
417 4482
1104 4482
1104 3128
543 3128
543 4582
1573 4582
1301 1573
429 1301
429 2907
1722 2907
578 1722
578 2581
1300 2581
1300 3552
1364 3552
1364 4155
258 4155
258 771
771 2780
1179 2780
1147 1179
1147 4863
1577 4863
1577 3278
3278 4982
1939 4982
53 1939
53 1705
1705 2135
286 2135
286 1720
1720 2996
1067 2996
1067 1896
1410 1896
1410 2786
2786 4577
2955 4577
2955 3627
2493 3627
2082 2493
2082 3290
2990 3290
2314 2990
1899 2314
1899 3640
2311 3640
2311 4350
3944 4350
2761 3944
2761 2904
1855 2904
1802 1855
1802 1857
1408 1857
1408 3448
3448 4430
268 4430
268 3526
1912 3526
1912 4816
2899 4816
1499 2899
1499 4182
3865 4182
2268 3865
1117 2268
1117 2009
2009 2921
373 2921
373 4556
3088 4556
1209 3088
1111 1209
795 1111
795 2617
2617 4187
4099 4187
3694 4099
179 3694
179 4768
2598 4768
1840 2598
1742 1840
974 1742
974 1471
196 1471
196 601
601 4988
4452 4988
4452 4879
3969 4879
1025 3969
1025 2974
2684 2974
2684 4448
4448 4656
1734 4656
1734 4831
453 4831
149 453
149 1263
1146 1263
1146 2407
2407 3877
3068 3877
2411 3068
623 2411
623 1838
1838 4048
2396 4048
950 2396
950 4441
661 4441
661 1215
1215 3248
3248 3485
520 3485
143 520
143 1080
1079 1080
1079 4428
3182 4428
805 3182
805 4379
3281 4379
3281 3643
2317 3643
2317 3928
938 3928
938 4951
3506 4951
665 3506
665 4633
1743 4633
1743 4807
151 4807
151 3187
1860 3187
713 1860
713 4051
3784 4051
1065 3784
1065 2181
1433 2181
1433 3612
1389 3612
1389 4245
3555 4245
3555 4558
1160 4558
1160 4027
144 4027
144 4296
3868 4296
3868 4545
3902 4545
636 3902
636 1401
1401 2650
182 2650
182 4771
3989 4771
2656 3989
2656 3967
3788 3967
368 3788
368 3047
3047 4412
1487 4412
1487 2767
2767 3425
3425 3703
3703 4553
405 4553
405 4767
799 4767
307 799
307 2374
2374 3596
127 3596
127 2180
2180 2196
2196 2768
1993 2768
1993 3757
502 3757
502 3143
1869 3143
1869 4584
4317 4584
2222 4317
1082 2222
1082 4473
1078 4473
1035 1078
1035 4447
8 4447
8 438
438 4621
3896 4621
2740 3896
2651 2740
1407 2651
1407 2140
2140 3446
2722 3446
2722 2824
2824 4427
4427 4683
597 4683
597 1733
1484 1733
1073 1484
140 1073
140 4593
1724 4593
1724 2807
2807 4203
2763 4203
2763 4667
1941 4667
1941 2631
671 2631
273 671
21 273
21 3808
2502 3808
951 2502
951 4918
600 4918
600 3329
3329 4126
2967 4126
2967 4125
1776 4125
796 1776
796 1593
1343 1593
1343 4069
1764 4069
1764 2681
444 2681
444 1144
1144 4184
1672 4184
1672 4753
94 4753
94 3517
245 3517
245 1038
1038 1207
1207 2710
46 2710
46 3236
158 3236
158 1811
1811 3756
3756 4859
2572 4859
2572 3267
690 3267
690 4627
4627 4719
2893 4719
2893 4207
3421 4207
830 3421
830 4148
943 4148
707 943
707 1800
800 1800
800 2542
1154 2542
1154 3601
3601 4313
2925 4313
2925 4493
1085 4493
1049 1085
831 1049
125 831
125 4240
2884 4240
2725 2884
2725 4721
2804 4721
252 2804
252 500
500 1564
1564 4910
1786 4910
1786 3431
1581 3431
1581 3584
3377 3584
433 3377
433 566
566 4909
2468 4909
883 2468
883 4519
4519 4769
108 4769
108 4444
1682 4444
1682 4102
1011 4102
1011 1525
1525 1745
1665 1745
530 1665
530 4077
4077 4535
635 4535
635 2709
2709 3725
3725 4583
1863 4583
1863 4130
764 4130
764 3917
3480 3917
77 3480
77 3897
3489 3897
1566 3489
1313 1566
1313 2575
2575 2952
2212 2952
2212 4573
1600 4573
1600 3660
336 3660
336 723
723 1735
1170 1735
1170 1303
1303 2772
2031 2772
2031 4844
1031 4844
1031 3417
2958 3417
1630 2958
120 1630
120 1554
1554 3717
3717 3749
770 3749
770 4575
4575 4591
2325 4591
2325 2801
2801 3811
3811 4815
4745 4815
3254 4745
3254 3478
1878 3478
1878 4151
2304 4151
2304 2991
2499 2991
2499 2799
2799 3933
3002 3933
3002 4494
2169 4494
2169 2379
2379 3975
2143 3975
741 2143
741 2862
2279 2862
2279 3963
745 3963
745 1789
1789 4850
1204 4850
1204 4402
4402 4856
3569 4856
3138 3569
935 3138
935 1766
1766 4632
1872 4632
1872 3181
3019 3181
3019 3100
540 3100
540 3012
2408 3012
955 2408
955 1311
1311 3481
1183 3481
1183 4210
1177 4210
867 1177
867 3048
1276 3048
1276 2099
1028 2099
1028 1326
1287 1326
1287 2624
2269 2624
2269 3997
83 3997
83 4770
2123 4770
2123 2189
790 2189
790 1365
1093 1365
1093 2175
2175 2405
2405 3755
3755 3852
3322 3852
3322 3979
3231 3979
2044 3231
2044 3610
3610 4426
209 4426
209 3631
2888 3631
233 2888
233 370
370 4671
633 4671
633 3984
2221 3984
2221 3886
3886 4917
2152 4917
2133 2152
2056 2133
2056 2648
1107 2648
1107 1478
1478 3986
1467 3986
1467 2350
2350 3382
3382 4706
287 4706
287 2841
1112 2841
1112 1596
1596 4438
1806 4438
1123 1806
1123 1456
394 1456
394 3131
3131 4150
2343 4150
2343 4687
494 4687
494 2365
2365 3365
3365 4287
4287 4913
2271 4913
2271 4215
4042 4215
3376 4042
3376 4701
4701 4715
4380 4715
1905 4380
1905 2483
1739 2483
1739 4708
465 4708
465 2716
594 2716
594 3875
3875 4011
3269 4011
2138 3269
2138 3801
786 3801
786 1309
1309 4639
1538 4639
1538 4726
4726 4853
587 4853
71 587
71 3010
2331 3010
161 2331
161 375
375 2986
874 2986
644 874
644 1258
1258 1962
1962 3668
2017 3668
2017 4157
1196 4157
222 1196
222 3250
1382 3250
1382 3052
3052 3870
1423 3870
1423 4529
4056 4529
1982 4056
1982 2005
2005 4555
1399 4555
386 1399
386 2859
577 2859
577 4969
256 4969
256 2282
2282 4962
3775 4962
1583 3775
1583 2073
2073 3564
907 3564
907 915
610 915
610 1406
1406 2231
2231 4005
1105 4005
1105 3958
740 3958
740 2887
2887 3406
3406 4865
482 4865
482 2837
648 2837
451 648
451 2470
714 2470
714 2522
2522 3551
3551 3934
2678 3934
2678 4930
2105 4930
2105 4115
719 4115
670 719
670 2926
432 2926
432 3381
3381 4574
2892 4574
2892 3283
2971 3283
92 2971
92 283
283 1066
1066 1926
527 1926
516 527
516 4259
3058 4259
2638 3058
1463 2638
382 1463
382 1624
1624 2049
291 2049
291 4461
3358 4461
2627 3358
2578 2627
1417 2578
1417 3907
3907 4239
2787 4239
1718 2787
1307 1718
319 1307
319 3327
1047 3327
1047 3095
3095 4204
2134 4204
2134 4406
2960 4406
2960 4268
3368 4268
3368 4135
1231 4135
1231 1575
1262 1575
1262 4109
4109 4311
4190 4311
2250 4190
2250 2503
629 2503
629 3814
3814 3876
2033 3876
2033 2410
1638 2410
1638 3240
3240 4984
1132 4984
1132 4417
2330 4417
1395 2330
1395 2861
2022 2861
2022 3813
459 3813
459 3854
3854 4247
1771 4247
1056 1771
1056 2094
1495 2094
1495 3087
2046 3087
2046 3614
2679 3614
2679 3804
3268 3804
2601 3268
2601 3538
3538 3686
3686 4959
4001 4959
916 4001
916 1108
1108 1327
1327 2726
657 2726
533 657
533 622
622 4835
1335 4835
1335 2341
239 2341
239 680
680 4975
4082 4975
3500 4082
3500 3763
3103 3763
3103 4358
3188 4358
3188 4198
3887 4198
1452 3887
663 1452
663 2336
1193 2336
1193 4068
4068 4752
2390 4752
509 2390
509 2043
621 2043
621 2795
752 2795
752 2381
1761 2381
679 1761
679 2829
2829 3908
2693 3908
1152 2693
1152 4180
2148 4180
57 2148
57 1843
1843 4060
2265 4060
50 2265
50 4588
3311 4588
2819 3311
2819 3991
3608 3991
864 3608
864 2045
2045 3583
3583 4648
4410 4648
862 4410
775 862
775 4925
2200 4925
2200 4455
2492 4455
2252 2492
1547 2252
1547 3807
3272 3807
43 3272
43 4613
2453 4613
1059 2453
1059 1888
1888 3649
199 3649
199 2973
2973 4431
4431 4450
3176 4450
1845 3176
1845 2908
2908 3453
3243 3453
3243 3988
2731 3988
2731 3145
3145 4736
2743 4736
2743 4294
2576 4294
1808 2576
317 1808
165 317
165 590
590 4156
1587 4156
1587 3687
2144 3687
586 2144
586 1235
582 1235
582 4643
4643 4723
860 4723
341 860
341 1774
1774 3659
3266 3659
2446 3266
428 2446
428 1595
1595 3915
3915 4973
2604 4973
2604 2842
2842 3192
3192 3413
1752 3413
1752 1769
280 1769
280 2204
2012 2204
1880 2012
1880 3414
748 3414
748 3940
1281 3940
1281 2361
2361 4371
2089 4371
2089 3457
2694 3457
345 2694
345 1013
798 1013
300 798
300 1821
1821 2942
608 2942
608 3587
3587 4952
1149 4952
1149 3234
3234 3895
1255 3895
1255 2831
2831 3468
3468 4685
3689 4685
784 3689
784 3881
3097 3881
1711 3097
1711 3634
3634 4425
2849 4425
1780 2849
1780 2066
2066 4084
3990 4084
3573 3990
1920 3573
1920 4848
4812 4848
678 4812
678 1150
248 1150
248 467
467 1521
1004 1521
1004 1274
1075 1274
1075 1403
1403 3889
3889 4538
677 4538
677 1432
1432 1697
1632 1697
1632 3664
3664 3681
3681 4330
1153 4330
1153 2487
68 2487
68 114
114 2227
1856 2227
1856 4498
14 4498
14 3227
2938 3227
2938 4445
1465 4445
1465 4676
2775 4676
262 2775
262 3675
1641 3675
1641 1841
1841 2366
2366 2421
2421 3351
73 3351
73 1021
316 1021
316 1199
281 1199
281 4817
2524 4817
329 2524
329 3985
728 3985
728 2770
2770 4700
3473 4700
884 3473
884 4409
1598 4409
1477 1598
1477 2917
2917 3932
3508 3932
477 3508
477 3521
3521 4772
2247 4772
2246 2247
754 2246
754 932
932 2373
2373 4302
4302 4703
3906 4703
743 3906
743 3507
940 3507
216 940
216 1002
1002 1174
642 1174
642 4704
52 4704
52 175
175 2793
2346 2793
2346 4346
2528 4346
2224 2528
2224 3929
1698 3929
1698 3955
3732 3955
1956 3732
253 1956
253 1825
1825 2070
538 2070
538 1708
1708 2475
596 2475
596 4140
2015 4140
1951 2015
1951 2188
2188 4392
4133 4392
3609 4133
961 3609
961 3602
3602 4257
2424 4257
2424 2534
436 2534
436 2677
2677 4800
4800 4860
1469 4860
1469 3715
3715 4469
924 4469
924 4191
1790 4191
1790 3722
1304 3722
620 1304
620 3467
591 3467
113 591
113 4503
2021 4503
2021 4028
219 4028
219 2142
2142 4824
1070 4824
1070 4778
3125 4778
3125 3638
2349 3638
1291 2349
1291 2467
2467 2735
1341 2735
1341 4021
659 4021
659 4929
1322 4929
1322 4328
1151 4328
1151 2147
2026 2147
1279 2026
1279 1411
1411 2639
150 2639
150 2447
2447 4497
857 4497
857 2618
2618 2846
311 2846
311 2038
2020 2038
2020 4040
3353 4040
3353 3943
3853 3943
552 3853
552 3253
3253 4196
808 4196
808 1603
1603 4394
440 4394
440 4953
4104 4953
4104 4888
1997 4888
1003 1997
1003 1651
1651 4561
3286 4561
2075 3286
2075 4342
2789 4342
357 2789
357 4106
1730 4106
1730 2621
2621 3110
3110 4093
2532 4093
1046 2532
1046 4271
2558 4271
2558 3462
250 3462
250 391
391 2131
1122 2131
346 1122
346 2998
1084 2998
1084 1180
1180 4738
1539 4738
1539 3079
1351 3079
1351 4977
703 4977
16 703
16 1225
473 1225
473 4784
666 4784
666 3313
1646 3313
1646 2796
2796 4112
1027 4112
1027 4978
2854 4978
1656 2854
1656 2732
2081 2732
2081 4043
3669 4043
3669 4599
1524 4599
1064 1524
1064 1457
1457 4306
379 4306
379 686
686 3795
2195 3795
2095 2195
478 2095
478 506
506 3360
3360 3648
3648 4661
4661 4825
613 4825
613 2290
2290 4098
922 4098
922 1247
1247 2657
2500 2657
2500 2610
81 2610
81 3620
3235 3620
2878 3235
2878 4327
1109 4327
1109 2567
2567 4242
3543 4242
3284 3543
3284 4798
712 4798
712 2805
2805 4217
3707 4217
1292 3707
1292 3015
3015 4017
1173 4017
689 1173
689 3193
1732 3193
767 1732
767 3261
2267 3261
1134 2267
1134 3287
1005 3287
1005 3393
2416 3393
983 2416
983 4900
3566 4900
3566 4777
1685 4777
1685 2669
1927 2669
1927 4334
4208 4334
1453 4208
255 1453
255 4437
4437 4668
4668 4923
422 4923
422 2876
2876 3525
2730 3525
491 2730
491 4310
1273 4310
1273 3149
3149 4003
3173 4003
3173 3912
2007 3912
1018 2007
441 1018
441 4185
1361 4185
1361 2792
639 2792
39 639
39 4241
29 4241
29 90
90 1373
1156 1373
1156 3662
2665 3662
937 2665
937 3871
3871 4255
1000 4255
1000 3318
3117 3318
1491 3117
1491 2583
1945 2583
1945 2828
2828 3219
3219 4705
1813 4705
821 1813
821 2880
2880 4785
278 4785
278 3056
398 3056
398 2125
1737 2125
1355 1737
1355 2434
1906 2434
1906 3009
3009 3385
721 3385
721 2367
2367 4024
4024 4072
4072 4935
3018 4935
3018 4453
554 4453
554 2186
1617 2186
397 1617
397 1844
1844 3249
773 3249
773 3827
3827 4731
2506 4731
1278 2506
1278 3390
3390 3692
2163 3692
1779 2163
1779 2564
1345 2564
1345 3939
2555 3939
1937 2555
692 1937
692 4748
3753 4748
1044 3753
1044 2666
2666 4363
371 4363
371 2655
2655 4220
1642 4220
1227 1642
1227 3545
2272 3545
2272 4290
1653 4290
426 1653
426 4957
2160 4957
2160 3790
3790 4183
1257 4183
1257 3661
1668 3661
1668 4194
3769 4194
1517 3769
1449 1517
817 1449
817 2100
2100 3228
24 3228
24 1607
1607 1755
604 1755
604 1631
1631 2028
2028 2355
1866 2355
1866 3037
403 3037
403 1959
1959 2521
1368 2521
1368 1489
1489 3372
1687 3372
976 1687
325 976
325 1240
1240 2504
853 2504
853 2174
195 2174
195 3720
3720 4121
2197 4121
2197 2443
2414 2443
2414 4897
3297 4897
969 3297
969 2603
2603 3316
2850 3316
80 2850
80 3554
2469 3554
2469 3557
2199 3557
2199 2545
2545 3071
2812 3071
1362 2812
238 1362
238 2628
2628 3894
1579 3894
352 1579
352 3154
3154 3239
3239 3781
45 3781
45 3532
2450 3532
1848 2450
1848 2076
2076 3136
1141 3136
1141 3864
1701 3864
1701 2969
2969 4854
4854 4963
655 4963
655 3622
560 3622
560 4479
4479 4779
1544 4779
1544 2911
2911 3232
919 3232
919 4945
2335 4945
1614 2335
1614 2297
2297 2634
2634 3455
774 3455
774 4014
1533 4014
98 1533
98 360
360 4598
349 4598
349 3741
3741 4608
3774 4608
3774 3899
1919 3899
1919 2283
2283 4710
2430 4710
1801 2430
1801 4391
3910 4391
1360 3910
1360 2953
2278 2953
2278 3439
956 3439
956 1464
229 1464
229 1666
1666 4660
3161 4660
3161 4399
4399 4797
762 4797
762 1918
1918 3035
327 3035
327 4647
3892 4647
208 3892
208 2173
1725 2173
1725 3576
3576 4852
3860 4852
1057 3860
1057 2682
2682 3184
2032 3184
183 2032
183 579
579 4801
870 4801
870 1203
1203 2605
2605 4919
1115 4919
1039 1115
1039 1714
1714 2674
2674 4534
4534 4837
4449 4837
3356 4449
3356 4990
4320 4990
3388 4320
3388 4486
1097 4486
1097 3144
3144 3787
3733 3787
875 3733
875 3063
1674 3063
1460 1674
1460 2577
139 2577
139 3017
3017 4757
1069 4757
163 1069
163 599
599 2455
2455 3996
372 3996
372 1396
933 1396
431 933
431 618
618 1706
1706 3956
3956 4231
3349 4231
2256 3349
1284 2256
1284 4079
200 4079
200 4625
192 4625
192 3833
3833 4120
568 4120
568 4880
2922 4880
408 2922
408 891
355 891
355 2900
1219 2900
101 1219
101 3156
3156 4016
4016 4202
2209 4202
682 2209
669 682
669 842
842 1560
1435 1560
1435 4521
3497 4521
2752 3497
863 2752
863 2442
544 2442
487 544
487 4300
4036 4300
4036 4094
2151 4094
89 2151
89 2172
2172 2855
2855 3983
2685 3983
231 2685
231 3295
2284 3295
2284 3045
3045 4225
2692 4225
854 2692
854 4132
966 4132
966 3842
3842 4357
3147 4357
1681 3147
1681 3347
1834 3347
1834 2486
2486 3321
3321 4142
4142 4548
1505 4548
411 1505
411 4524
999 4524
999 2277
1670 2277
1670 2415
2220 2415
489 2220
489 1503
1186 1503
1186 1461
1461 1557
838 1557
838 4793
3888 4793
3888 4695
2168 4695
2168 3121
185 3121
185 3060
2811 3060
2811 3190
202 3190
202 971
971 3528
1171 3528
1171 1712
1712 3698
2339 3698
2339 3667
3535 3667
3535 3672
844 3672
844 3059
3059 3809
3477 3809
62 3477
62 4081
1100 4081
765 1100
765 3635
2101 3635
921 2101
921 1921
1234 1921
1234 2006
1125 2006
1068 1125
1068 1426
1426 4966
4467 4966
4275 4467
3180 4275
3180 4532
4532 4998
3367 4998
3367 4035
3966 4035
3966 4088
4088 4946
900 4946
698 900
698 2377
2377 3582
1904 3582
1871 1904
1871 3212
3212 3924
3924 3961
190 3961
190 3505
3065 3505
3065 3857
1251 3857
1251 3479
833 3479
833 2139
2139 3108
3108 4192
3893 4192
2051 3893
1915 2051
755 1915
755 3102
2865 3102
977 2865
977 4603
2052 4603
2052 3841
804 3841
804 1393
1393 4254
2067 4254
1436 2067
1436 2712
1988 2712
1988 3444
1968 3444
1968 2004
72 2004
72 2781
2781 3276
1268 3276
1268 4509
3647 4509
1275 3647
1275 1388
1388 2748
204 2748
204 4004
389 4004
389 2863
2863 3049
735 3049
735 3965
2413 3965
760 2413
760 3020
1978 3020
1978 2505
1913 2505
1913 3419
3419 3544
3544 3568
3568 3872
3872 4795
2719 4795
1847 2719
1847 3364
2747 3364
1253 2747
496 1253
496 4059
2400 4059
393 2400
393 4039
4039 4855
2654 4855
2654 3945
3945 4729
823 4729
296 823
296 905
905 2882
2566 2882
419 2566
142 419
142 1348
173 1348
173 1954
565 1954
565 954
954 4539
366 4539
366 3031
3031 3834
1986 3834
1611 1986
1466 1611
1466 2512
2512 3716
2023 3716
2023 4127
2146 4127
1494 2146
292 1494
292 2192
266 2192
266 1492
1492 2489
2489 4510
3300 4510
546 3300
546 4714
234 4714
234 4893
4766 4893
992 4766
992 4737
1618 4737
1272 1618
611 1272
611 2728
493 2728
493 2827
2827 3972
3972 4009
2440 4009
2440 3204
1077 3204
562 1077
170 562
170 873
873 4480
3352 4480
206 3352
206 2321
2321 4601
1775 4601
383 1775
383 1637
1637 4199
4199 4843
4038 4843
3553 4038
1438 3553
1438 4611
388 4611
388 1359
1359 3537
2149 3537
913 2149
913 2822
2822 3542
3542 3952
119 3952
119 3745
772 3745
772 789
789 894
289 894
289 3822
3822 3823
3823 4050
3328 4050
3328 3536
1528 3536
484 1528
484 2843
1182 2843
1182 2527
2029 2527
2029 3691
247 3691
247 4788
1342 4788
1342 2263
1964 2263
1881 1964
1549 1881
1549 3954
2 3954
2 696
696 2906
1829 2906
1829 4090
2235 4090
2235 4266
2840 4266
439 2840
439 4809
3191 4809
3191 3331
3331 4565
1754 4565
1754 4699
4383 4699
75 4383
75 4996
4164 4996
2438 4164
1943 2438
1943 4454
2637 4454
2059 2637
2059 2307
362 2307
362 4513
1479 4513
1479 4560
2432 4560
2432 4829
997 4829
331 997
331 963
963 2749
2086 2749
456 2086
456 2562
290 2562
290 334
334 4147
2961 4147
2961 3189
3189 4138
365 4138
168 365
168 4384
2741 4384
2741 4730
1604 4730
1604 4776
888 4776
888 4508
1217 4508
1217 1659
876 1659
876 3083
251 3083
251 4965
407 4965
407 1589
499 1589
28 499
28 2463
2463 4396
3167 4396
100 3167
100 724
724 1570
1570 4233
4233 4471
3338 4471
435 3338
435 822
822 3916
3916 4244
1350 4244
1350 2392
2392 4803
4348 4803
2920 4348
1229 2920
1229 3168
2611 3168
2080 2611
2080 2729
2729 3699
801 3699
801 3370
2347 3370
2347 3336
3330 3336
616 3330
616 4563
3387 4563
1376 3387
1376 2459
2459 3361
1594 3361
1594 3026
369 3026
369 1126
1126 3684
3422 3684
545 3422
545 880
443 880
443 1366
1366 2832
1729 2832
1729 2688
2547 2688
890 2547
890 2975
2788 2975
2788 4303
1716 4303
1716 2540
2451 2540
2451 4499
1868 4499
1868 2771
1782 2771
1121 1782
462 1121
462 4658
1980 4658
1980 3120
1950 3120
1950 3789
3501 3789
1119 3501
359 1119
359 2384
2084 2384
1006 2084
1006 1534
1534 2818
647 2818
647 3298
3298 4472
82 4472
82 3861
859 3861
859 2270
2270 4251
4080 4251
1787 4080
1787 4537
41 4537
41 811
811 2543
2543 3225
1658 3225
1658 4958
4318 4958
4318 4419
3577 4419
737 3577
699 737
699 4713
1427 4713
1427 2484
2484 3492
3492 3665
2647 3665
1232 2647
1232 4044
2243 4044
2243 3194
739 3194
739 2718
2718 2762
2437 2762
159 2437
159 1974
174 1974
174 3186
2016 3186
930 2016
529 930
529 2711
2711 4673
2586 4673
2264 2586
911 2264
911 4849
166 4849
166 4022
2931 4022
2931 3420
3420 4702
3891 4702
221 3891
221 2646
715 2646
715 1690
1690 3855
3779 3855
667 3779
667 3653
44 3653
44 3701
430 3701
430 2625
2625 3302
3302 3982
763 3982
763 2702
2702 4270
3461 4270
866 3461
866 1296
949 1296
276 949
276 4939
129 4939
129 228
228 1897
1897 3502
344 3502
344 1481
1481 3818
3495 3818
1601 3495
1299 1601
1299 4712
4712 4743
2984 4743
2551 2984
2551 3306
3306 3628
2874 3628
1402 2874
1402 2480
1576 2480
1576 3710
652 3710
652 683
683 1938
1938 2182
2182 3222
285 3222
285 1266
322 1266
322 3220
2011 3220
2011 4820
1605 4820
160 1605
160 412
412 1052
1052 2065
605 2065
605 3803
3803 4305
2496 4305
2496 3849
3646 3849
993 3646
993 2912
2104 2912
2104 3843
3613 3843
2359 3613
2359 2940
1330 2940
32 1330
32 2697
1277 2697
1277 1686
1686 4596
4491 4596
2644 4491
1050 2644
1050 2167
761 2167
761 1703
1703 3475
2954 3475
1063 2954
1063 2117
1688 2117
575 1688
188 575
188 4422
3199 4422
3199 4195
1819 4195
1305 1819
1305 1679
1679 2485
306 2485
306 1055
1055 4440
2217 4440
2217 4385
1175 4385
1175 2479
2479 2848
536 2848
536 2323
2323 2568
2568 2623
2623 3590
3590 4193
4146 4193
1317 4146
1317 3783
1996 3783
1996 4286
3027 4286
3027 4292
3825 4292
3825 4332
2982 4332
710 2982
710 2802
809 2802
809 2310
2310 2703
2703 3516
2978 3516
2978 4226
338 4226
242 338
242 4401
1023 4401
1023 3207
1370 3207
1370 3721
284 3721
284 4931
1228 4931
1228 3118
1443 3118
1443 4905
2030 4905
2030 3695
3695 4502
145 4502
145 3705
2165 3705
1139 2165
1139 3977
367 3977
367 695
695 4075
3926 4075
3926 4525
3001 4525
828 3001
828 4321
4321 4981
1159 4981
1159 3086
2867 3086
2867 3057
1058 3057
1058 2378
1462 2378
1462 2001
2001 4086
3454 4086
841 3454
841 1142
1142 3380
3380 3460
1017 3460
861 1017
691 861
691 3970
3970 4227
2441 4227
2441 4531
2754 4531
968 2754
968 4841
3987 4841
3714 3987
3280 3714
3280 4949
4071 4949
944 4071
944 2372
15 2372
15 3263
2928 3263
2869 2928
2869 3116
33 3116
33 3589
3007 3589
3007 3597
3597 4484
3619 4484
3619 4552
2064 4552
2064 4065
4065 4622
1195 4622
1195 2546
2427 2546
2427 4446
2302 4446
2302 2538
2538 4179
4179 4459
3244 4459
2593 3244
2403 2593
2403 4992
1259 4992
1259 2092
2092 3951
3482 3951
3482 4576
2316 4576
2316 3953
2191 3953
1684 2191
1390 1684
1390 1522
1522 1930
1930 2352
19 2352
19 2244
2098 2244
2098 3747
3713 3747
294 3713
294 4483
3159 4483
3159 4635
4283 4635
4283 4839
1001 4839
1001 3379
3050 3379
3050 3571
1369 3571
1369 1597
1597 4119
1168 4119
1168 1859
1315 1859
1315 3786
928 3786
928 2018
2018 4114
4114 4747
1498 4747
1498 4567
607 4567
607 4541
2582 4541
153 2582
153 1515
1515 2777
2055 2777
1384 2055
957 1384
957 2398
649 2398
649 4654
3101 4654
164 3101
164 3867
3867 4823
1430 4823
524 1430
524 4158
2945 4158
1854 2945
1854 2122
1172 2122
1172 2057
2057 4890
1418 4890
1418 2924
2924 4517
3671 4517
3650 3671
1965 3650
1965 4921
3011 4921
3011 3560
1318 3560
1318 2680
2058 2680
2058 4845
2939 4845
2939 4688
4344 4688
1493 4344
1493 4536
625 4536
625 2281
1010 2281
1010 4644
3160 4644
1781 3160
1781 2190
2190 2661
2661 3164
1971 3164
1971 4928
2750 4928
1537 2750
1537 1591
1591 1907
1699 1907
1325 1699
1325 4373
3362 4373
1520 3362
180 1520
180 4786
2126 4786
2126 2150
2119 2150
2119 2428
483 2428
483 1474
1474 3343
2159 3343
2159 4053
288 4053
288 3484
3484 4362
889 4362
213 889
213 4381
4381 4434
1981 4434
1981 4304
4178 4304
186 4178
186 2877
1773 2877
1773 2660
850 2660
850 3030
3030 3245
2783 3245
1654 2783
1654 4523
3412 4523
758 3412
717 758
717 3006
3006 4734
3878 4734
1700 3878
225 1700
225 2896
2896 4869
2024 4869
2024 3293
3293 4299
4299 4324
3905 4324
3905 4463
2760 4463
2760 3670
788 3670
788 2096
464 2096
464 3594
3594 4898
2746 4898
1580 2746
1580 2315
2315 3629
3430 3629
2128 3430
2128 3729
882 3729
882 2375
2375 2529
2529 4914
1454 4914
832 1454
832 4569
3346 4569
297 3346
297 3838
2691 3838
2691 3348
2613 3348
2613 3223
3223 4956
1901 4956
1060 1901
1060 3183
1513 3183
1513 4205
2107 4205
2107 2977
2977 4630
97 4630
97 2690
1891 2690
1891 4873
2388 4873
2388 2927
1374 2927
194 1374
194 3754
3754 4168
899 4168
734 899
220 734
220 1165
146 1165
146 4696
4682 4696
3109 4682
3093 3109
1289 3093
973 1289
973 1898
1898 2439
2439 4083
