5000
{}{{}}}{}{}{{{{}{}}{{}{}}{}{}{{{{}}{{}}}{{}}}}}}}}{}}{}}}}{}}{{}{}{{{{}}}{{{{}{{{}}{}{}{}}{{{{{{}}{{{{}}{}{{}}{}{{}}}{{}}}{{{}}{{}}}{{{}{}{{{{{}}}}{{}}}}}}}}{{}{{{}}{}{}{{{}{{}{}}{}{}{{}{{}}{}}{{}}{{{{{}}}{}{{}}}{}{{}}}}{{{}}{}}}{}}{{}}}{{}{{{{{}{}{{}{}{{}{}}}{{}{}}}{{}{{}{{{}{{}}{{}}}{{{{{}{}{}{{{{}}{{{}{}}}}}}{}{{}{{}}}}{}{{{}{}{{{}{}}{{}}{{}}{{}{{{{{}{}}}}{{}{{}{{{}}}{}}{}}}}{{{{{}{}}}}}{{{{{{{{{}{{}}{{{}}}{{{}}{{}{{{{{{}}}{}{}{}}{}{{}{}}{{}}{{{}}{}}}}{{}}{{{}}}}}{{}{{}{}}}}}}}}{{}{{{}{}}{}}}{{{{}{{}}{{}{}{{}}{}{{{}{{{}{}}{{{{}}}{{{{{{}}}{}}{}{}}}{{}}}{}{{}}}}{}{}}}}}{{{{}}}}{{{{{}}{{}}}{{}{{}}}}}{}}{}{{}{{}}}{{}{{{{{}}}{{{{}{}}{}}{{{}{}{{{{}{}{{{}}}}{}}}{}}}}{}}}{}}}}{}}{{}{{{}{}{{}{}}}}}}}}}}}{}}}{{}{{{{{}}}}}{{}{}}}{{{}{{{}}{{}}{{}}{}{}}{{}{{}{}{}{}}}}}{{}}}{}}}}}}{}{{}{{{}}{{}}{}{{{{}}{{{}}{}{{{}}}}}}}{{{}{{}}}}}{}}{}}}}{}}}{}{}}{{{{{{{{{}}}{}}}{}{{}{}}{{}}{}}{}{{}}}{}{{{{{{{{{}{{{{{}{}}}{}{{}}}}}}}{}{{{}{}{}{}{{{}{{}}}}}}{}{{{{}}{}}}{{{{{{{{{{{}{{{}{}{}{{}{{}{}}}{}{{{{{{}{}}}{}{{{{{}}{}{{{{}}{}{{{}{}}{{}{{{}{{}{}}{}}}}{}}}{{}}{{{}{}{}}}{}{}{}{}}{}}}}{{}}}{}{{{{{{{}{}{{{{}}}}{{}}}{{}{}}{}{{{{}}{{}{{{}{}}{{{{}{}}}{{}{}}}{}}{}{{{}{}{}{{{{{{{{}{}}{{}{{}}}}{}}{{{{{{}}{{}}}{}{}{{{{{{}}}}{}{{}}{}{}}}{}{}{}}}}}}{{}}{{}{}{{{{{{{}{{}}{{}}{{{{}}}}}}{}}{}{{{}}}{}{}}}}}}}{{{{}{{{{{}{{{}}}{{{}}}{}{{}}}}{}{}{{}}}{{}{{{}{}{{}{}{{}}}}{}}{{}}}{{{{{{}{}{{}}}}}{{{{}}{{{{}}{}{{{{}{{{{{{{}}}}}}}}{}{}{}}{{}{}}}{{}}}{}}{}}}{}{}}{{}}}}{{}{}{{{{{}}{}}{}{{{}}{}{{}{{}{}{{{}{{{{}}}{}{}{}{{{}}{{}}{{{{{}{}{}{{{}}}{{{}{}{}{{{{}}{}}}}}{{}{{{}{{}}{{{}}{}}{}}{{}}}{}{{}}{{{}}{{}}{}}}}}{}{{}{}{}{}{{{}{{{{{{{{}{}}{{}{{}}}{}{{}}}}}{{}}{}{{}{}{}{{{}}{}{}}{}}}{}{}{{{}{{}}}}{{}{{}}}}}{{}{{}{}{}}{}}}{{{{}}}}{{}{{}}{}}{{{{}{{}{{{{{}{}{}}{{{{}{{}}}{}{}}}{}{}}}{}}}}}{{}{}}{{}}}{{}}}{{}}}}{{{}{{{{}{{{}}}}}{}{{}{{{}}{{{}{{}{}}{}{}}{}}{{{}{{}}}{{{}}}{{{{}}}{{{}}{{}}}{{}}{}{}}{{{}{}}{{}{{}}}}{{{{{}{}{}{}}}}{{}}}{{{{}}{{}{}}}}}{}}}{}}{}}{}}{{{{{}}{}{{}{}}}}}}}{{{}{{{}{{{}}}}}{{}{}{}{{{{{}{{}}{}}{}}}{}}}}}{{}}}{{}}{{}}{{{}}}}}{}}{{}{}}{}{{}}}{{{}}}}}}}}{}{}{}}}}{{}{}}{{}{}}}}}{}{}{}{}{{}{}}{{{{}{}}}{}}}{}}{{}{}}{{}{{}{}}{}}{{{{}}}}{{{}}}{{{}{}}{{}{}{{}{{}{}{{{{}{{}{{}{}}}}{{{{{{{{{{{}}}}{{{}{}{}{}{}{}{{}{}}}{}{{}}}{{}{}{}}}{{}{}{{{{{}}}}{}{}{{}}{{}{}{}{}{}{{}}}{{}}{}{}}}{}}{}}}{}}{{{}}{}}{}{}}}{{}{}}{{{{}}}}}{{{{{}}}{{}{{{{}}{}}}}}}}{{}}{}}}{{}}}}{{{}}}{{}{{}}}}}{}{{}}}}}{}}}}{{}}{}{}{{}}{}}{{}{}{{}{}{{}{}}{}}{}{{{}}}}}{{}}}{}{}}{{}}}{}{}}{}{{{{}}{{{}}{{{{}}}{{}}{}{}{{}}}}{{{}}{}{}}}{{{}}{}{{}}{{{}}}}{}{{}}{}{}{}}}}}{{{}}}}}{{{}{{{}{}}{{{}{{}}{}}{}{}{}}{{}}{{{{}{}{{}{}{{{{}{}}{}{}{{}}}{}}}}}}}}{{}}{}}{{{{{{}{}{}}}{{{}{}}}}{}{}}{{}}}}{{}{}}}}}}}{{}}{{{{{{{{}}}{}}{{}{}{}{{{}}}}}}}{}}{}{}}{{{}}}{}}}{{{{}{}}}{{}}{{}}}{}}}}}{}{{}{{}{}}}{{{}}{{{{}}{}}{{{{}{{{}{{}{{}}}{}{{{{}{}}{}{}}}{{{}}{}}{}}}{}}{{{{}}{{}}{}}}}}}{}}{}{}{{}}}}}}{{{{{}}}}}{{{}}}{{{}{{{}}}{}}{{}}{}}}}}}{{{}{}}{}}{}{}}{{{{{{}{}}}{{}{{{{{{{{}}}{}{{}{}}{}{{}{}}{{{{}}}{}}}}}}}}}}{}{}{}}}}{{}{}{{{}}{{}{}}{{{{{}{}{{}{}{{}{{}}{}{}}{}}{}}{}}}{{{}{{{{{}}{{}}}{{{}}}}}}{{{{{{{{{{{}{}{}{{}{{{{{}{}}}{}{}}{{{}}}{{{{}{{}{}{}{}{}}{{}}{{}}{{}}}}}}}}{{}{}{{}}}{{}}}}}{}}{{{{{{}{{{{{{{{{}{{}{}}{{}{}{}}}}}}{}{}{}{}{}}}}{{{}{{{}{}}{{{}{{{{}{}{}{{}{}}}{}}}{}}{}}}{}}}}}{}}{}}{{{{}{{}{}}}}{}{{}}}}{}{}}}{}{{{{}}{{}{{{{{}}{{}}{}}{{{}{}}{}}}{{{{{}{{}{{}}{}}}{{{{}}}{{{}{{}{{}{}{{{}}{{}{}{}{{{{}{{{}}{{{}{}{{{}}{{{}}}{}}}}{{}}}{{{{{}}}}{}}}}}}}{{{}}{}{}{{{{}{}}}}{}}{}{}}}{{{{{{}{}{}}{{}{{{}}{{{}}}{}}{}{{{}{{}{{}{{}}{{{}{}{{{{}}}}}}}}}{{{}}}}}}{}{{}{}}}}}}{{{{{}}{}}{{}{{}{{}}{{{{{{}}{{}{{}{}}}{}{}{}{}{{{}{{}{}}{{{{}}}{{{}}}{}}}}{{}{{}{{{}}{}}}{}{}{}}{}{}{{{{{{}{{{{{}{{}}}}{}{}{}{{{}}{}}}}{}{}{}{{}}{{}{{}}}{}}}{}{{}{{{{{}{}{{{{{}{{}{}{}{}}{}}{}{}{{}}}}{{{{}}{}{{{}{{}}}}}{{}{}}{{{{{}{{}}}}}}}}{}{}{{{{{}{}}{}{}{}{{{{{{{}{{{}{{}}}{}}}}{}}{}{{}{{}{}{{{{{}{{}}}}}{}}}}{}}{}}{{{{{{{{{{}}{{}}}}}{{{}{{}}{}{{}}}}{}}}{}}}}{}{}}}{{}{{{}{}{}{}}{}}{{{}}}}{{{{}}}}{{}{}{}{{}{{{}}}}}}{}{{}{}{{}{{{}}}}{}{{}{}{}}{}}}}}{}{}{}}{{{}}}{}{}{{}{}}}{}}{}{{}{{{{}}}{{{}{{{}}{}}}}{{}}}{}{{}}}{}}}}{}}{{}{{}}}{{{{}}{{}{{}{{{}}}{}}}{{{}{}{{}{{{{}}{}}{}}}}{{}}}}{{{{}}}{}}{{{}}{}}}}{}{{}{}}{}{}{{{}}}{}{}{{}{}}{}}{{}{}}}{{}{}}}}{{{}{{{}}}{}{{}{}}{{}}}}}{}{}{{{}}{{{{{{}{{{}}{{{{}}}{{}}}{}}{}{{{{}}{}{{{}{{}{}}{{}}}}}{{{{{}}}{{}{{}}{{{{}{}{{}}}{{}}}}{{}}{{}}{}}{{{{}{}}}}{{}}{}}}{{}}{{}{{}}}}{}}}{{{}{}{}{{}}}}{}}}{{{{}{}}}}{{{}}}}}}}{}}}{}{}}{{}{{{}}}{{}}{}{}{}{{}{{}}}}}}{{}{}{{}{{{{{}}}}{{{}{{{{{}}}}{{}{{}}{{{}{}}}}{}{{}{}{}}{}{}}{}}}{{{}{{{{{{{}{{}{{}}{{}}{}{}}{}{}}}}}{}}{}}}}}{}}}}{{{}{{}}}{}}{{}}{{}}}}}{}}}{}}{{}{}{}}}}{}{}{}{}{}}}{}{}}{}}}}{}{}}{{{{{}{{{{}}}{}{{{}{{{{}{{{{{}{}{}}}{}{{{{}{}{{{{}{}{{}}}}{{}{{{}{{{{{}{}{}{}}{{{}}}{}}{}}}}}}{{}}}}}{{}{{}{{}}}}{}}{{}{{}{}{{{{}{{}}{{}{}}{}}}{}}{}}{{}{{{{{{}}{{}{}{}{}{{{{{{{{}{}}}}}}}{}}{}{}{}{{}}{}{}{{}}{{{}}}}{{{{{}{{{}}{{{{}{}}{}}{{{{{{{{{}}}{}{}}{{{}{{{{}}{{{}{}{}{}{}}{}{{}}}}{}}}}{}{{{}}{{{{}}{{}{{{}}{{}{}{{{{}{{}{}}{}}}}{{}{}{{{}}{{}{{{{}{}{{{}{}{}}}{{}}}{{}}}{{{{}{}}}}{{{}{}}}}{}{}{}}{{}}}{{{}}{}}}}{{{}{}}
142 958
426 958
426 2931
2340 2931
2340 3885
2352 3885
299 2352
299 1151
1151 3315
3315 4916
2264 4916
2264 4627
3186 4627
2030 3186
2030 4115
32 4115
32 3287
2538 3287
2538 4203
1894 4203
553 1894
553 1476
581 1476
316 581
316 1203
1203 1434
1434 2509
2509 4070
4070 4190
4023 4190
937 4023
937 3718
1570 3718
1570 4118
2142 4118
1372 2142
1372 1870
1870 2664
2664 4097
68 4097
68 1480
1480 3733
2275 3733
2275 2413
2413 4380
1766 4380
1766 3678
519 3678
519 2147
416 2147
416 1416
1416 2128
2036 2128
2036 2996
441 2996
441 3415
1406 3415
1406 3462
1289 3462
1289 3328
287 3328
3 287
3 4493
2161 4493
2161 4944
3843 4944
2694 3843
792 2694
487 792
487 2185
2185 2377
1976 2377
450 1976
450 492
492 2421
2421 3176
3176 4905
2050 4905
1622 2050
544 1622
252 544
252 2974
764 2974
764 3713
3713 4747
3447 4747
696 3447
696 3648
1665 3648
1665 1939
1939 3135
2582 3135
793 2582
793 3076
2749 3076
1888 2749
1223 1888
1223 1988
1245 1988
1245 1297
1297 4994
303 4994
303 3191
1212 3191
1212 4138
3146 4138
3146 3614
2879 3614
1094 2879
1094 4166
4166 4716
254 4716
254 4704
3353 4704
525 3353
525 611
399 611
399 4875
21 4875
21 2549
2549 4385
2309 4385
826 2309
826 1944
1944 4569
4019 4569
4019 4422
4422 4608
1674 4608
1674 3803
2914 3803
2348 2914
2348 4903
4757 4903
1548 4757
94 1548
94 4853
912 4853
912 1576
1576 4046
900 4046
900 1660
897 1660
897 2243
279 2243
279 3966
961 3966
961 1413
718 1413
718 3423
461 3423
461 4790
1437 4790
1437 4836
1801 4836
1801 2965
2965 3633
3179 3633
2259 3179
1363 2259
1363 3875
3329 3875
2397 3329
1333 2397
1333 3294
2614 3294
20 2614
20 3818
1791 3818
1791 3468
599 3468
599 1600
1600 3917
1935 3917
1630 1935
1630 2774
1063 2774
510 1063
510 2882
1061 2882
1061 4807
2503 4807
67 2503
67 1004
1004 2279
1799 2279
1799 3222
293 3222
293 1842
1842 3734
2214 3734
2214 4919
1486 4919
578 1486
578 1691
1691 2922
2055 2922
2055 3523
473 3523
473 1550
1550 2675
2675 3958
2197 3958
1187 2197
1029 1187
1029 4408
1236 4408
1236 2817
882 2817
882 1239
1239 3077
3077 4039
3134 4039
3134 4607
4113 4607
2754 4113
2754 4939
2861 4939
2861 2898
2898 3581
3581 3674
2862 3674
2734 2862
2734 4622
1139 4622
751 1139
751 2984
2984 4090
2779 4090
2779 4401
1250 4401
1250 1509
1509 2627
2627 3813
2638 3813
789 2638
789 877
877 4112
4112 4614
76 4614
76 118
118 1735
851 1735
851 1507
1507 4832
4660 4832
366 4660
366 4934
386 4934
386 410
410 4818
1378 4818
1378 4032
1981 4032
1981 4949
3933 4949
3360 3933
713 3360
713 3945
1025 3945
1025 3325
3325 3433
3311 3433
3311 3976
3825 3976
3825 4227
4227 4277
3494 4277
1732 3494
1732 2158
2158 3765
3765 4735
4470 4735
911 4470
911 3257
3257 4849
2755 4849
2755 3264
2753 3264
2753 3654
2283 3654
433 2283
433 2786
1311 2786
1311 3037
2479 3037
455 2479
455 4016
3074 4016
823 3074
823 3017
3017 3487
946 3487
946 4282
1613 4282
965 1613
965 4718
2177 4718
2012 2177
1612 2012
652 1612
652 1559
129 1559
129 3267
2744 3267
2744 2843
65 2843
65 1057
1057 1695
1695 3998
2497 3998
478 2497
478 4158
2481 4158
2481 2892
2761 2892
2761 3607
737 3607
737 1305
1305 3233
2772 3233
732 2772
732 1934
1934 4085
2649 4085
1123 2649
1123 1556
1556 2608
2456 2608
2456 4623
616 4623
616 2584
2584 3629
1703 3629
1566 1703
1566 3761
3050 3761
3050 4135
4135 4477
770 4477
770 3097
760 3097
760 2025
247 2025
244 247
244 2527
2527 3611
849 3611
849 3405
3405 4412
2902 4412
1087 2902
99 1087
99 4800
3753 4800
2905 3753
2905 3117
3117 4478
3412 4478
3412 4456
870 4456
870 2785
268 2785
268 2174
1321 2174
1321 4931
4473 4931
3398 4473
1163 3398
1163 3327
3230 3327
3199 3230
3199 3351
1860 3351
598 1860
598 2619
1609 2619
1609 2903
245 2903
245 3154
2801 3154
213 2801
213 4343
4343 4985
3457 4985
3205 3457
3205 3509
291 3509
291 4323
4323 4707
1911 4707
1911 2437
2437 2498
1579 2498
54 1579
54 3770
3013 3770
2120 3013
2120 4984
1114 4984
1114 1124
1124 2298
2298 2561
1291 2561
1291 3190
331 3190
331 2448
2448 4342
3708 4342
3534 3708
1875 3534
1359 1875
1359 2140
2140 2171
1878 2171
1878 2650
944 2650
944 3827
2476 3827
832 2476
624 832
624 2022
2022 3229
3229 4480
3659 4480
2618 3659
2570 2618
2570 4998
4796 4998
271 4796
271 1421
1421 3947
3143 3947
3143 4582
1458 4582
1458 3140
3053 3140
3053 4346
1314 4346
1314 2557
1388 2557
535 1388
535 2191
676 2191
676 974
974 3507
502 3507
502 3918
691 3918
100 691
100 3830
2506 3830
1727 2506
1727 2908
175 2908
175 1686
1542 1686
1460 1542
1460 2980
2980 3627
2659 3627
2659 3394
2528 3394
2528 4686
4686 4742
3079 4742
1119 3079
1119 2163
896 2163
896 1681
1681 3332
3332 3517
3517 3748
2773 3748
504 2773
504 4006
3111 4006
1328 3111
1328 3073
846 3073
846 1661
1661 4572
1202 4572
1202 1392
1392 1954
1954 3040
1629 3040
986 1629
986 2966
2966 4220
2453 4220
982 2453
982 3821
3821 4898
540 4898
540 1604
1604 4935
382 4935
382 1863
1394 1863
1394 3096
215 3096
215 2464
261 2464
26 261
26 4264
4264 4488
4488 4825
2301 4825
2301 2486
2486 4584
2346 4584
932 2346
133 932
133 200
200 320
320 4100
4100 4897
4531 4897
570 4531
570 1742
23 1742
23 4900
3463 4900
1134 3463
1134 2894
2894 3038
3038 3569
31 3569
31 1154
233 1154
233 883
883 3129
3116 3129
1704 3116
1680 1704
1680 2982
587 2982
587 1537
1537 3851
3528 3851
2907 3528
2907 4610
991 4610
991 1186
1186 1737
1273 1737
1273 3249
3249 3599
2781 3599
2781 3268
328 3268
328 3559
209 3559
209 1960
1960 2793
2300 2793
2003 2300
728 2003
728 3304
3304 3936
2764 3936
868 2764
868 1204
1204 3602
1802 3602
1664 1802
1253 1664
1253 2641
1869 2641
1869 4202
2168 4202
2168 4481
3992 4481
2653 3992
1387 2653
1259 1387
1259 4758
2568 4758
2568 3888
1337 3888
1337 4219
1748 4219
1748 2917
2917 4803
2925 4803
513 2925
513 2585
2585 4858
1092 4858
1092 1784
1784 2238
2238 3144
2435 3144
2435 4708
4708 4928
4214 4928
4214 4561
3520 4561
1571 3520
1571 2013
2013 4873
3071 4873
3071 3263
81 3263
81 174
174 3909
2872 3909
586 2872
586 1173
1013 1173
1013 1519
1519 2173
2173 2956
1633 2956
1026 1633
1026 4953
1035 4953
1035 2743
2743 4937
191 4937
191 3269
1010 3269
1010 1587
337 1587
114 337
114 926
926 1890
185 1890
185 3189
3039 3189
3039 4079
1540 4079
297 1540
297 969
969 2602
1288 2602
1288 2385
2385 3680
1601 3680
1601 4515
4515 4546
2824 4546
2824 4475
1879 4475
1879 3952
3952 4789
887 4789
887 1301
614 1301
614 3677
3677 4804
2655 4804
2532 2655
2532 4837
562 4837
562 4209
4209 4298
551 4298
551 1560
1560 1804
1804 3916
3916 4185
340 4185
340 4651
2577 4651
2577 3550
3550 4669
1906 4669
383 1906
70 383
70 745
745 1150
1150 1819
1819 3769
409 3769
409 4602
3033 4602
3033 4252
1958 4252
1958 2745
2745 4845
1209 4845
1209 4262
1724 4262
177 1724
177 923
812 923
812 2521
2521 4012
4012 4979
4093 4979
3319 4093
1082 3319
1082 4520
2787 4520
2639 2787
1323 2639
1323 4122
4122 4371
3126 4371
899 3126
899 3724
3051 3724
3051 3806
2991 3806
2991 4893
4645 4893
1005 4645
74 1005
74 1590
715 1590
715 4771
1806 4771
867 1806
867 2580
2048 2580
2048 4648
2193 4648
2193 2412
159 2412
159 590
590 4532
264 4532
264 1296
1296 3685
3538 3685
1164 3538
1164 1750
184 1750
113 184
113 4072
1138 4072
1138 1270
1182 1270
92 1182
92 1849
1849 4446
2371 4446
2371 4186
1200 4186
1200 4810
2085 4810
2085 2689
2689 2850
1085 2850
1085 2449
172 2449
172 4661
2148 4661
1744 2148
1744 2204
2204 3089
1525 3089
1525 4808
1760 4808
1760 1957
1957 4754
4712 4754
4712 4972
891 4972
681 891
681 1644
1517 1644
608 1517
608 1697
1697 4586
1884 4586
1884 2254
333 2254
333 4823
4823 4963
4461 4963
1809 4461
1809 2198
2198 3335
158 3335
158 4884
989 4884
989 2672
2672 3620
3340 3620
3340 3665
3393 3665
3393 4187
1361 4187
1361 3470
3006 3470
634 3006
634 3752
557 3752
557 3631
1386 3631
1201 1386
1201 2803
2803 3932
1503 3932
1503 4465
3060 4465
1523 3060
1523 4943
621 4943
621 1656
1656 2035
472 2035
472 2247
543 2247
543 4403
1184 4403
1184 2575
1821 2575
1821 4337
4174 4337
852 4174
852 1448
1448 3022
3022 3260
440 3260
440 4247
2731 4247
734 2731
734 800
800 1373
1373 3826
2865 3826
2286 2865
2286 4231
1051 4231
1051 3093
424 3093
424 4954
4751 4954
1462 4751
1462 1715
784 1715
348 784
348 3258
3258 3901
3901 4183
1696 4183
419 1696
419 933
933 2820
2546 2820
850 2546
850 1162
1162 3615
1776 3615
1776 4933
1171 4933
1171 3088
3088 4510
2513 4510
2513 3438
3438 4989
28 4989
28 3930
3527 3930
3527 4076
4076 4695
3426 4695
782 3426
782 3529
199 3529
199 1048
1048 1280
1280 1714
1714 3643
249 3643
249 3714
488 3714
488 865
865 3768
3725 3768
903 3725
903 3570
656 3570
656 2336
2336 2810
1011 2810
1011 4721
3510 4721
771 3510
771 4689
924 4689
717 924
717 1721
1721 4736
2858 4736
2858 3586
2299 3586
123 2299
36 123
36 4375
548 4375
548 3065
2999 3065
1088 2999
108 1088
108 4755
4260 4755
2632 4260
2632 3999
3107 3999
3107 4635
977 4635
977 4835
4657 4835
2704 4657
687 2704
687 3795
3209 3795
3209 4256
2112 4256
2112 4003
368 4003
368 685
685 2505
2505 4738
443 4738
443 4628
635 4628
635 3731
3556 3731
3282 3556
2732 3282
2732 4246
637 4246
637 2542
2262 2542
2262 3066
1929 3066
1306 1929
1306 4168
4168 4291
3486 4291
2086 3486
2086 3925
1408 3925
959 1408
242 959
242 1913
1913 2229
1335 2229
1335 3137
3137 4142
3759 4142
1052 3759
1052 1512
1512 4888
796 4888
796 4221
216 4221
216 234
234 1420
354 1420
354 2316
1348 2316
1348 3297
856 3297
243 856
243 4809
1444 4809
1444 4061
2492 4061
1597 2492
1597 3774
3774 4885
3668 4885
3496 3668
3496 3767
2740 3767
2726 2740
533 2726
533 4411
1477 4411
1477 2212
300 2212
300 384
384 3043
2800 3043
2800 3790
3041 3790
798 3041
798 4920
4687 4920
4687 4815
601 4815
140 601
140 628
628 1932
298 1932
194 298
194 2468
2468 3072
980 3072
980 3379
3379 3526
3526 3604
1161 3604
1161 2320
1688 2320
1688 2654
2654 4618
2961 4618
1588 2961
1588 1658
91 1658
91 4222
579 4222
579 594
594 2988
1331 2988
1331 3085
3085 4448
4448 4871
2172 4871
1307 2172
1260 1307
1260 4908
811 4908
811 1772
813 1772
422 813
422 4437
59 4437
59 4620
135 4620
135 4647
4101 4647
1754 4101
667 1754
30 667
30 4778
3837 4778
3837 4585
1389 4585
1389 3450
2890 3450
2176 2890
2176 2356
2356 2874
2221 2874
1032 2221
1032 3647
1787 3647
1787 2993
2154 2993
2154 3881
3881 4887
1977 4887
1977 2444
2444 3985
3266 3985
613 3266
613 1126
1126 3251
370 3251
370 1640
1640 2656
2519 2656
2519 4051
564 4051
564 3356
1158 3356
1158 1521
1521 4702
4289 4702
1865 4289
446 1865
446 1446
307 1446
307 4847
125 4847
125 4640
1698 4640
1698 4826
3337 4826
2223 3337
319 2223
319 4599
3437 4599
2139 3437
161 2139
161 2216
62 2216
62 3672
999 3672
999 1165
523 1165
523 3400
2844 3400
2145 2844
2145 4797
633 4797
633 964
494 964
494 3913
3913 4253
3967 4253
3014 3967
1148 3014
1148 3047
276 3047
276 2825
2825 3554
3554 3645
3422 3645
344 3422
344 2157
1725 2157
762 1725
762 4314
1713 4314
1249 1713
1249 2115
2115 4889
4266 4889
3355 4266
17 3355
17 805
805 3763
3763 4255
3293 4255
902 3293
902 3792
3792 4387
4057 4387
2187 4057
1267 2187
1267 1482
1482 3737
3537 3737
1356 3537
1356 2271
2271 4630
4272 4630
2253 4272
754 2253
754 3937
640 3937
640 1905
1733 1905
1733 4434
4102 4434
2178 4102
2178 4331
3652 4331
2093 3652
873 2093
873 2380
1904 2380
1904 3196
3196 4773
2227 4773
2227 4649
3942 4649
2667 3942
2667 4542
1838 4542
1838 4684
3031 4684
2107 3031
2107 3949
2365 3949
2365 3711
3580 3711
2958 3580
2738 2958
2738 3801
511 3801
511 1553
1553 1813
1813 1814
1526 1814
1145 1526
1145 4449
708 4449
708 2496
2496 4550
4550 4926
2382 4926
2133 2382
2133 4725
822 4725
822 4438
3362 4438
3362 4524
4524 4802
4802 4846
1211 4846
1018 1211
1018 3807
3807 4976
314 4976
314 490
490 4052
4052 4458
385 4458
385 693
334 693
334 1635
1156 1635
425 1156
425 3750
539 3750
539 3787
3067 3787
3067 3829
3671 3829
527 3671
527 2852
2852 4913
1636 4913
1636 3466
1443 3466
1443 4237
4237 4504
353 4504
353 4545
2950 4545
2950 3782
3575 3782
643 3575
643 3378
3378 4028
1777 4028
1777 3201
1396 3201
1396 4775
4278 4775
1683 4278
1132 1683
1132 4474
3198 4474
2729 3198
2729 3552
3552 3610
2251 3610
2251 3473
3473 4777
2206 4777
2206 2319
2319 4650
4120 4650
250 4120
250 3339
1093 3339
1093 3182
3182 3320
1461 3320
1461 2136
2136 4690
4690 4965
2461 4965
966 2461
966 4063
2037 4063
2037 2184
593 2184
593 689
689 3309
1090 3309
1090 4040
3778 4040
1606 3778
1606 3798
2854 3798
1824 2854
1824 3613
3613 4819
2070 4819
2070 3583
3583 4519
102 4519
102 1243
1243 3430
1380 3430
491 1380
491 4034
4034 4601
4601 4948
4641 4948
2074 4641
42 2074
42 1572
1067 1572
1067 1844
801 1844
801 2475
2475 3008
3008 3928
3928 4130
4130 4699
1170 4699
775 1170
460 775
460 2308
2308 4527
3732 4527
3732 4612
3506 4612
1221 3506
1221 3062
1002 3062
289 1002
289 1497
63 1497
63 3508
288 3508
288 3032
2765 3032
1527 2765
1492 1527
1492 3978
2384 3978
1501 2384
719 1501
719 3766
3766 4604
2455 4604
1393 2455
275 1393
275 3796
1190 3796
1190 3899
1603 3899
1603 2078
2078 4373
1564 4373
1564 4232
395 4232
395 3081
825 3081
278 825
278 3706
3706 3990
3519 3990
2598 3519
2598 2842
2842 3591
93 3591
93 3877
3877 4860
2556 4860
2011 2556
2011 3699
1771 3699
1340 1771
1340 1351
1241 1351
1241 3228
3228 4370
3540 4370
1106 3540
1106 4234
4234 4924
4031 4924
3385 4031
1174 3385
1174 3641
3641 4400
1545 4400
1545 4062
3859 4062
2771 3859
2771 3973
3683 3973
2605 3683
466 2605
206 466
206 2170
2170 2668
2668 4245
651 4245
651 3366
2660 3366
2660 4451
1504 4451
1329 1504
1329 1978
1246 1978
1246 3212
3212 3836
3836 4210
3012 4210
3012 4229
4229 4706
4160 4706
4160 4749
1084 4749
905 1084
905 2987
2987 3259
3259 4313
2968 4313
2968 4677
1642 4677
1642 4193
1129 4193
1129 3907
2420 3907
2420 2533
2533 4389
1662 4389
1662 4666
1195 4666
1195 2153
1257 2153
1257 1449
1295 1449
1295 4299
1274 4299
1274 4392
1910 4392
1598 1910
1598 4192
4192 4683
657 4683
657 2551
2551 3773
2062 3773
2062 2239
2239 3595
396 3595
396 1528
1379 1528
1379 3436
3436 4293
1493 4293
1493 4110
2928 4110
420 2928
290 420
290 2633
1247 2633
1247 4285
3442 4285
3442 3636
3138 3636
3138 4840
4597 4840
4588 4597
2023 4588
2023 2589
1975 2589
1225 1975
362 1225
362 2160
1843 2160
746 1843
746 1043
1043 1652
1652 4644
4244 4644
1968 4244
1968 2207
415 2207
415 3308
1141 3308
1141 4731
4424 4731
4419 4424
2562 4419
650 2562
650 2127
1366 2127
649 1366
649 4609
1998 4609
1998 3497
3497 3997
2445 3997
2445 4484
398 4484
398 1365
1365 3617
1985 3617
1452 1985
1452 2392
2392 4737
3687 4737
3341 3687
1729 3341
1729 4895
241 4895
241 4799
1470 4799
1470 1962
1962 2806
283 2806
283 1538
1538 3516
894 3516
894 3316
861 3316
861 2064
2064 2711
2454 2711
2454 3682
2802 3682
2189 2802
1028 2189
1028 2540
2540 2657
2657 4156
201 4156
201 4259
892 4259
892 4439
758 4439
758 4756
1828 4756
1185 1828
1185 3988
3988 4071
2072 4071
741 2072
741 4996
3906 4996
3848 3906
2469 3848
2469 4676
4676 4798
1065 4798
1065 4892
4892 4958
1811 4958
452 1811
452 947
947 1272
1272 3350
10 3350
10 2249
1810 2249
1810 2118
2118 2150
2150 3346
2430 3346
2430 4425
3751 4425
2676 3751
2676 4105
738 4105
738 3139
3139 4001
4001 4169
79 4169
79 3428
3428 3911
2101 3911
684 2101
341 684
341 1767
874 1767
874 880
880 1008
1008 4471
2759 4471
195 2759
111 195
111 3619
3619 4662
1872 4662
1872 3056
948 3056
95 948
95 2975
1113 2975
1113 4752
2720 4752
2610 2720
2610 3831
2946 3831
2946 4204
4204 4367
3530 4367
3530 3775
3663 3775
3663 4472
4344 4472
4041 4344
3666 4041
2292 3666
239 2292
239 1108
497 1108
497 2935
2935 3109
3109 3128
1479 3128
1479 2848
2490 2848
2310 2490
69 2310
69 3883
1183 3883
119 1183
119 4839
187 4839
187 1585
1585 2971
404 2971
404 1105
1105 4281
2311 4281
2311 4374
3018 4374
922 3018
922 3689
2920 3689
855 2920
855 4753
3035 4753
3035 4151
139 4151
139 1100
1100 4914
625 4914
625 3565
3565 4739
2295 4739
365 2295
365 2245
1816 2245
1816 2658
2658 3317
3175 3317
3175 4927
534 4927
534 1868
88 1868
88 622
622 2705
2705 3944
1019 3944
934 1019
934 2535
2535 2832
2832 3707
617 3707
617 3854
3705 3854
1438 3705
1438 2670
1324 2670
580 1324
580 2612
2612 3163
3163 3277
2702 3277
2702 2977
2324 2977
2324 2752
2376 2752
2376 4191
2028 4191
2028 3377
2790 3377
148 2790
148 2511
1786 2511
1001 1786
1001 4162
141 4162
12 141
12 962
521 962
521 806
806 2126
2126 2553
282 2553
282 957
957 4148
96 4148
96 3553
3553 4743
1020 4743
101 1020
101 3127
3127 3625
3625 3824
1761 3824
936 1761
936 4555
4555 4653
4590 4653
1455 4590
1455 3669
352 3669
352 3847
3847 4144
2712 4144
821 2712
821 4175
2758 4175
725 2758
725 1763
1763 1855
1179 1855
1179 2891
645 2891
645 4332
1159 4332
1086 1159
1053 1086
1053 3167
2046 3167
2046 4732
397 4732
397 890
890 4048
3546 4048
13 3546
13 4745
357 4745
272 357
272 1719
1719 1899
1899 2169
909 2169
909 4709
2106 4709
2106 4538
4195 4538
2081 4195
2081 2979
2979 3606
1973 3606
1876 1973
226 1876
226 1299
1299 2629
2529 2629
2307 2529
427 2307
427 4409
4409 4528
41 4528
41 3608
408 3608
408 3244
3244 3562
1505 3562
1505 2414
2414 3587
451 3587
451 3991
1384 3991
143 1384
143 4964
1338 4964
1258 1338
1258 2321
2321 3557
3557 3655
3655 4418
2220 4418
742 2220
742 4589
2109 4589
2109 3180
170 3180
170 4035
3715 4035
3715 4310
329 4310
329 1643
1643 1831
1831 3112
3112 3349
2333 3349
2333 2353
1233 2353
1233 2332
2332 2912
2912 3993
2079 3993
2079 4485
1971 4485
1971 3407
2567 3407
2293 2567
2293 3194
3194 4701
2355 4701
2355 3011
1465 3011
930 1465
930 3361
3361 4878
1832 4878
1592 1832
1592 4149
1003 4149
672 1003
672 2076
2076 4238
149 4238
149 526
526 2776
2485 2776
2485 4351
949 4351
949 3141
3141 4141
3178 4141
3178 3982
644 3982
644 1933
1933 4042
4042 4405
2341 4405
2341 4123
4123 4634
355 4634
134 355
134 1197
1197 3310
3310 3874
3453 3874
2474 3453
2132 2474
1473 2132
1473 2427
1792 2427
1792 3454
1892 3454
1892 3241
3241 3746
476 3746
476 1734
1734 3024
2539 3024
542 2539
542 4393
3371 4393
2889 3371
2889 4261
3832 4261
893 3832
893 1498
1498 3548
3460 3548
3460 4171
4171 4577
992 4577
960 992
128 960
128 4866
182 4866
182 2746
2746 2915
1160 2915
1160 2620
889 2620
889 1215
1215 2622
2622 4557
1300 4557
1300 1490
1490 1638
1638 1837
1837 3522
1859 3522
1859 2901
2901 2929
1594 2929
325 1594
325 2100
1397 2100
86 1397
86 2853
2687 2853
1941 2687
1941 4974
4406 4974
2834 4406
2058 2834
2058 3474
2674 3474
2674 3345
2906 3345
503 2906
503 1531
107 1531
107 1237
755 1237
755 3870
3870 4516
565 4516
565 3300
3300 4812
712 4812
712 1199
1199 1919
1083 1919
716 1083
716 1851
1851 2703
2119 2703
221 2119
221 3002
3002 3793
3793 4768
3730 4768
1095 3730
1095 4467
3280 4467
928 3280
928 1649
1649 4353
4352 4353
305 4352
305 3417
3417 3833
572 3833
572 2008
1518 2008
1518 3236
3236 3756
3756 3892
2152 3892
2152 4861
2563 4861
262 2563
262 2807
658 2807
658 2396
2396 3376
3376 4986
3187 4986
1999 3187
1999 4181
4181 4791
3372 4791
787 3372
787 3357
688 3357
688 3670
3670 4225
2487 4225
2487 3900
1332 3900
1332 4161
345 4161
345 3564
1217 3564
1217 2425
2425 4198
2391 4198
2391 3161
3161 3987
3323 3987
3165 3323
269 3165
269 4271
3333 4271
3273 3333
757 3273
757 2004
2004 3292
222 3292
222 3403
3403 3544
3421 3544
1992 3421
405 1992
405 4327
2565 4327
2565 4067
4067 4329
3133 4329
785 3133
785 4383
1115 4383
1115 4842
4842 4851
2121 4851
8 2121
8 501
501 2948
2948 3048
37 3048
37 4517
4517 4956
3255 4956
2225 3255
1488 2225
1488 4595
3130 4595
835 3130
327 835
327 3443
1707 3443
726 1707
726 1076
188 1076
188 2407
2407 3935
1 3935
1 4379
516 4379
438 516
438 4734
3584 4734
3584 4124
84 4124
84 2962
2739 2962
2560 2739
2560 3010
1352 3010
1352 4632
4084 4632
3531 4084
1343 3531
976 1343
976 3149
3149 3588
2228 3588
1375 2228
1375 4923
1451 4923
1451 3727
3727 3927
1467 3927
1467 2364
2364 3380
3380 3609
2258 3609
2258 4469
2849 4469
2849 4955
853 4955
853 3092
3092 3441
2466 3441
1116 2466
1116 3632
1342 3632
1342 2175
854 2175
854 2268
2268 3456
3456 3971
1829 3971
1829 2930
1887 2930
1887 2716
1410 2716
1410 3459
2973 3459
171 2973
171 2234
1242 2234
1242 1425
400 1425
400 1716
990 1716
920 990
920 1131
1131 4728
2460 4728
2460 3914
1111 3914
1111 1706
1706 2144
274 2144
274 4194
3571 4194
2715 3571
2399 2715
1616 2399
1616 4361
2873 4361
1502 2873
532 1502
506 532
506 809
809 1122
1122 3485
1481 3485
1481 1793
1793 3975
1615 3975
1615 4068
162 4068
162 394
394 4045
1567 4045
1567 3045
3045 3777
2607 3777
1575 2607
1575 4157
1783 4157
1030 1783
1030 1722
1722 4091
1070 4091
1070 1191
1191 2493
388 2493
388 4132
3054 4132
3054 3802
2684 3802
988 2684
988 2876
2599 2876
2599 3863
1956 3863
1956 4698
3717 4698
2609 3717
2110 2609
2110 4307
963 4307
963 3106
1294 3106
1294 3083
1788 3083
1788 2103
2103 4053
2923 4053
2923 4073
4073 4365
15 4365
15 654
654 895
895 3499
2835 3499
1671 2835
1671 4902
369 4902
369 626
626 3342
80 3342
80 979
979 2315
2315 2440
1738 2440
1738 3281
3281 4423
1782 4423
1357 1782
1357 1432
1432 2572
2572 3616
3424 3616
2955 3424
956 2955
956 4643
952 4643
952 4133
3868 4133
1969 3868
1969 3291
3291 3965
2183 3965
1827 2183
1827 2960
2960 4625
2242 4625
2242 2520
2520 4453
4453 4495
3274 4495
3274 4980
1254 4980
1254 4390
4390 4441
749 4441
223 749
223 431
431 995
374 995
137 374
137 4065
2698 4065
2698 4410
3676 4410
3676 4880
317 4880
317 2155
2155 3270
993 3270
993 1605
1605 4501
3898 4501
3192 3898
522 3192
447 522
447 844
602 844
602 1395
1395 1513
166 1513
166 2822
1293 2822
1293 4011
1886 4011
1886 4433
3878 4433
3878 3879
1936 3879
1936 2543
202 2543
202 3234
3234 3828
1244 3828
1244 4324
335 4324
335 1673
1673 4711
4629 4711
1684 4629
1684 3853
2195 3853
402 2195
402 3136
180 3136
180 4228
2288 4228
2288 2692
2692 4855
2401 4855
2401 4822
363 4822
75 363
75 3563
3563 4217
4092 4217
541 4092
541 1805
799 1805
799 3697
1080 3697
349 1080
349 4781
4598 4781
465 4598
465 4785
423 4785
423 3472
694 3472
694 1723
1723 4325
4290 4325
2833 4290
2833 4820
3679 4820
3216 3679
3216 4841
4824 4841
2904 4824
2904 3174
3174 4431
3754 4431
2087 3754
208 2087
208 4606
4341 4606
2402 4341
2402 3185
840 3185
515 840
515 3960
3513 3960
1670 3513
238 1670
238 4583
2836 4583
1232 2836
1232 1278
1278 2280
1923 2280
901 1923
901 1710
1710 2728
2431 2728
257 2431
257 3893
3395 3893
1471 3395
529 1471
529 4248
2394 4248
970 2394
970 3771
3467 3771
3301 3467
464 3301
464 1468
1450 1468
1012 1450
1012 3962
2347 3962
1033 2347
124 1033
124 1926
788 1926
475 788
475 627
627 3284
733 3284
733 4995
1952 4995
1952 3700
3700 4786
2797 4786
2388 2797
2388 4591
3131 4591
1907 3131
1101 1907
1101 2410
2410 3243
1022 3243
377 1022
377 3052
589 3052
589 2442
2442 3475
2200 3475
1623 2200
1541 1623
1541 2531
2531 4049
3597 4049
1549 3597
1313 1549
1313 3231
1475 3231
1475 4018
3169 4018
3169 4417
1789 4417
1152 1789
1152 4783
3036 4783
1167 3036
1167 2084
2084 3123
3123 4128
230 4128
230 1511
1511 2278
2278 3535
3425 3535
2443 3425
804 2443
804 4874
1358 4874
1358 3844
3736 3844
2007 3736
1647 2007
1647 4311
414 4311
414 2972
2972 3800
1845 3800
1845 3804
2089 3804
304 2089
304 2985
1038 2985
1038 1428
1428 3023
1016 3023
1016 4306
1718 4306
1718 4881
2019 4881
1836 2019
1836 4490
1319 4490
1319 4421
2226 4421
2226 4621
4621 4929
255 4929
255 2693
2693 3692
2887 3692
663 2887
663 2404
857 2404
857 2031
435 2031
435 2236
2236 4302
4302 4655
4559 4655
3651 4559
3651 4197
33 4197
33 3695
3695 4760
3298 4760
401 3298
401 2762
1075 2762
507 1075
507 3225
968 3225
163 968
163 4830
1953 4830
1953 2884
2884 4319
2899 4319
1961 2899
558 1961
558 736
736 1120
1120 4205
1620 4205
1620 2888
168 2888
168 198
198 4466
4466 4715
1854 4715
51 1854
51 4430
1602 4430
1602 2211
1414 2211
1414 3404
3404 4548
3295 4548
1055 3295
1055 4899
3152 4899
2061 3152
2061 3434
1544 3434
1544 2097
2097 2318
1047 2318
1047 1360
1360 1607
1607 1885
1885 2769
2769 4288
2362 4288
1130 2362
1130 1982
1391 1982
1391 1596
77 1596
77 1942
588 1942
351 588
351 2574
2574 3845
3007 3845
3007 4002
2134 4002
2134 4267
1900 4267
1900 4821
1290 4821
1290 3322
3322 4967
1850 4967
14 1850
14 3891
3402 3891
3402 4879
3034 4879
2606 3034
105 2606
105 4603
1979 4603
1374 1979
1374 4199
4199 4579
295 4579
295 647
647 4563
3452 4563
2056 3452
4 2056
4 4918
1381 4918
1381 2450
2450 4567
2573 4567
2573 2757
2707 2757
1494 2707
1494 3344
632 3344
632 972
972 3150
232 3150
232 4026
1219 4026
82 1219
82 3029
863 3029
863 1835
1835 2616
2616 3649
3649 4462
4462 4816
3764 4816
2856 3764
837 2856
266 837
266 2137
2137 4251
2933 4251
219 2933
219 2021
2021 4521
711 4521
711 4547
4152 4547
1908 4152
1908 2135
150 2135
150 1925
1277 1925
1277 3921
186 3921
186 3184
389 3184
389 1155
1155 3637
2240 3637
2240 4558
3780 4558
3780 4814
773 4814
773 2841
2841 2921
2921 3598
3598 4137
2290 4137
342 2290
342 4155
629 4155
629 4513
1107 4513
1107 1781
866 1781
866 1168
1168 2727
698 2727
698 3173
1940 3173
1940 3090
3090 4164
2536 4164
2536 3224
3224 3738
3738 3979
2818 3979
2818 2860
1054 2860
767 1054
767 3974
3375 3974
411 3375
411 4369
3158 4369
1429 3158
1429 3122
3122 3365
3365 3814
3719 3814
3719 4982
2467 4982
1385 2467
1385 1826
913 1826
913 1543
55 1543
55 520
520 3515
978 3515
978 2438
1102 2438
1102 2378
682 2378
682 3646
3646 4450
662 4450
662 4872
1950 4872
1950 2994
1418 2994
1418 2065
1726 2065
144 1726
144 218
218 692
692 1921
146 1921
146 2941
2683 2941
2683 4286
3861 4286
1251 3861
1251 3816
1808 3816
845 1808
618 845
618 4444
3779 4444
2053 3779
2053 4727
403 4727
403 4991
1747 4991
1747 3157
3157 3384
3384 3662
3662 4328
2255 4328
2255 4705
4233 4705
1846 4233
1846 4680
480 4680
480 4059
2305 4059
256 2305
256 313
313 4015
4015 4784
2327 4784
2201 2327
2201 3276
2662 3276
1573 2662
1316 1573
1316 3396
2783 3396
2783 3745
2944 3745
2944 4999
4457 4999
1166 4457
43 1166
43 1207
1207 3477
3477 3622
61 3622
61 673
673 2554
2554 2940
2940 3413
1794 3413
1794 3822
1997 3822
1997 2621
2192 2621
2114 2192
2114 2329
2329 4565
3805 4565
392 3805
392 4463
943 4463
943 1861
1812 1861
1812 4235
4235 4362
29 4362
29 3132
3132 3886
3418 3886
3418 4211
4211 4876
4215 4876
908 4215
908 4663
665 4663
210 665
210 211
211 2432
2432 4729
1853 4729
1853 2471
1508 2471
1508 3500
1136 3500
1136 1534
1534 2927
2927 3306
1619 3306
1619 2919
2919 4436
4436 4834
4571 4834
2208 4571
2208 2417
779 2417
779 4714
4714 4827
2124 4827
1775 2124
1775 1901
1901 4578
3740 4578
3740 4455
2296 4455
2296 2723
2723 4139
512 4139
512 772
310 772
310 1611
1611 4587
3630 4587
2077 3630
2077 4308
4226 4308
4178 4226
3100 4178
3100 4111
2719 4111
2447 2719
2447 4196
2274 4196
2274 3809
985 3809
985 2052
2052 3873
3873 4008
695 4008
695 4581
3223 4581
2559 3223
2559 2997
1474 2997
1474 2725
2725 4095
2947 4095
2947 3720
1817 3720
235 1817
235 4305
3214 4305
1252 3214
1252 3532
3476 3532
3476 4005
2389 4005
701 2389
701 2871
2871 3489
3489 4793
2190 4793
1650 2190
1650 1852
1852 3896
2821 3896
2016 2821
2016 4975
3299 4975
3299 3502
3028 3502
3028 3390
3390 4534
569 4534
46 569
46 4075
4075 4127
567 4127
567 2044
2017 2044
2017 2522
987 2522
987 3314
3075 3314
3075 3181
3181 3272
3082 3272
3059 3082
3059 4044
4044 4870
4445 4870
34 4445
34 4852
1157 4852
292 1157
292 1140
1140 3094
2524 3094
2244 2524
1955 2244
1955 3256
1334 3256
116 1334
116 294
294 4535
3049 4535
1000 3049
1000 2530
1040 2530
1040 3729
3478 3729
1874 3478
1561 1874
940 1561
940 4024
4024 4136
973 4136
973 1265
1265 4241
2092 4241
2092 2875
2875 4415
1192 4415
1192 4263
729 4263
729 3220
3220 4971
620 4971
620 1034
1034 1839
1839 4925
3661 4925
2526 3661
1143 2526
1143 4340
2363 4340
2363 2381
1180 2381
1180 1864
1469 1864
1469 2913
653 2913
653 2272
486 2272
486 2029
2029 3857
1909 3857
1909 2213
1705 2213
1705 4670
2640 4670
2640 3852
3688 3852
563 3688
563 1614
1031 1614
1031 2625
2625 3363
1096 3363
833 1096
833 3069
3069 4486
3427 4486
3427 4525
207 4525
207 876
876 4748
1261 4748
1261 1818
1240 1818
1240 1914
1914 4891
50 4891
50 971
971 3414
2063 3414
2063 2552
2552 4140
1459 4140
1459 3481
120 3481
120 4359
1762 4359
1762 2939
2939 4529
2864 4529
2864 3070
48 3070
48 886
136 886
39 136
39 2777
766 2777
766 2067
258 2067
258 1281
1281 1924
1924 1966
1641 1966
1641 4082
2045 4082
2045 2273
2273 3098
3098 3589
2596 3589
2504 2596
2504 4443
4443 4811
2009 4811
2009 4703
3684 4703
18 3684
18 229
229 1500
1500 4817
83 4817
83 1146
1146 4857
2284 4857
2284 2603
2603 2680
153 2680
153 3210
2459 3210
2459 3285
3285 4257
1834 4257
1823 1834
1823 3710
193 3710
193 2782
2782 3480
2819 3480
85 2819
85 406
406 4163
1349 4163
1349 4710
493 4710
493 547
547 816
816 4074
931 4074
931 4613
1206 4613
1206 1403
1403 1798
561 1798
561 2957
2957 3547
1427 3547
40 1427
40 4723
2910 4723
1062 2910
1062 1315
1315 1383
1383 2710
2710 3358
2597 3358
954 2597
954 3461
765 3461
89 765
89 417
417 4442
204 4442
204 4265
19 4265
19 4909
4060 4909
3986 4060
3986 4543
2164 4543
2164 4150
3095 4150
3095 3835
3835 4399
1663 4399
1663 4103
2859 4103
1693 2859
1153 1693
575 1153
575 3026
1694 3026
1071 1694
1071 1457
996 1457
996 1917
1917 3577
1702 3577
1464 1702
1464 2368
16 2368
16 4292
4292 4372
4372 4505
4242 4505
2811 4242
1903 2811
1903 2992
2446 2992
167 2446
167 1797
1797 2458
604 2458
604 4863
4654 4863
4094 4654
722 4094
722 3343
2122 3343
2122 2808
248 2808
248 1045
1045 1284
1284 3723
2138 3723
2138 4766
3166 4766
735 3166
735 898
898 984
881 984
881 4107
66 4107
66 998
998 4176
381 4176
381 1582
1582 2647
1339 2647
1339 4681
2246 4681
2246 3946
3946 4713
236 4713
236 2344
1736 2344
1736 4348
2339 4348
2339 4767
720 4767
720 1346
1346 3479
2756 3479
97 2756
97 4611
413 4611
413 3561
1367 3561
1367 4619
3741 4619
3741 4366
2736 4366
1882 2736
1882 4726
815 4726
815 1128
1128 1580
1580 2911
731 2911
566 731
566 2457
2457 3492
3492 3819
3115 3819
1066 3115
318 1066
318 1015
907 1015
907 2222
1298 2222
743 1298
707 743
707 1099
664 1099
664 1756
1583 1756
950 1583
950 3215
2515 3215
1355 2515
1355 3712
2372 3712
2372 2900
2900 4499
224 4499
224 4730
642 4730
429 642
429 1276
1276 3119
2010 3119
2010 3572
1042 3572
1042 4297
24 4297
24 939
939 1948
358 1948
358 4080
703 4080
703 4064
4064 4349
2518 4349
157 2518
157 1137
1137 3511
47 3511
47 4468
1235 4468
1235 4600
3558 4600
3558 3941
1990 3941
1990 4506
4506 4556
3455 4556
3455 3772
2335 3772
2335 2828
2828 3352
678 3352
678 3027
132 3027
132 537
537 2713
2713 3203
3203 3841
56 3841
56 4973
1282 4973
1282 1520
312 1520
312 2926
1230 2926
1230 3889
330 3889
330 3934
3934 4356
3919 4356
2673 3919
1535 2673
1535 3232
3232 3391
3391 4719
3217 4719
2057 3217
2057 2590
2590 4910
2395 4910
1229 2395
1229 4746
2090 4746
2090 2550
73 2550
73 1862
1189 1862
1189 2870
1135 2870
1135 2338
1224 2338
1224 2248
2248 3312
281 3312
281 1196
1196 4694
2986 4694
2986 4551
668 4551
315 668
315 2600
1741 2600
1741 1983
1983 2867
739 2867
739 4270
3020 4270
1657 3020
1657 4377
479 4377
479 1986
376 1986
376 918
686 918
686 1487
945 1487
945 3121
2796 3121
2796 3923
3449 3923
1404 3449
1404 3245
3245 3823
178 3823
178 536
536 2194
2194 2406
2406 3590
2809 3590
2231 2809
582 2231
582 4636
1441 4636
1441 3388
3388 3834
3286 3834
336 3286
336 4109
1435 4109
1435 3951
3951 4788
4078 4788
1292 4078
1292 2952
1112 2952
709 1112
709 3318
3318 4388
4388 4831
584 4831
584 3904
1407 3904
1407 1987
347 1987
49 347
49 4355
2594 4355
2594 3924
2953 3924
904 2953
904 2117
568 2117
568 4514
2 4514
2 1436
1436 2678
981 2678
981 3658
3331 3658
391 3331
391 4981
485 4981
485 818
818 1984
1773 1984
1773 2482
2482 3151
3151 3757
3757 4693
4552 4693
1532 4552
1532 4518
4312 4518
4312 4553
1800 4553
879 1800
879 938
938 4672
483 4672
483 3902
2373 3902
1873 2373
457 1873
457 919
919 2735
2735 3702
2452 3702
2452 4200
2075 4200
1893 2075
1893 3114
3114 3895
1248 3895
1248 2770
2770 4952
259 4952
259 1118
776 1118
109 776
109 4675
2804 4675
2804 4492
4492 4854
2489 4854
2489 3057
3057 3579
2094 3579
2094 2564
2039 2564
2039 2224
2224 3103
173 3103
173 2130
2130 2851
2851 4125
4125 4131
418 4131
378 418
378 1920
1920 3762
323 3762
323 1256
214 1256
214 1400
1400 2358
1857 2358
1149 1857
592 1149
592 2096
2096 4315
4134 4315
2780 4134
1302 2780
1302 2477
2477 3498
3498 4673
87 4673
87 2617
430 2617
322 430
322 1563
1563 2682
2682 3348
237 3348
237 864
864 3897
2717 3897
463 2717
463 1554
1554 4787
2586 4787
2586 4850
4850 4894
1720 4894
1627 1720
1627 4184
2260 4184
2260 4507
4507 4509
1433 4509
1433 1891
1891 1993
549 1993
549 1423
1423 3956
595 3956
595 705
705 2473
1678 2473
1678 2730
165 2730
165 3920
3262 3920
3262 3860
190 3860
190 3108
3108 3171
3171 4912
4010 4912
1103 4010
1103 3915
3288 3915
2593 3288
2593 3957
1918 3957
1918 2880
2652 2880
2652 3382
1068 3382
1068 1304
183 1304
183 1679
1679 4208
1262 4208
1262 4938
4334 4938
1807 4334
1807 2165
955 2165
955 2630
2630 3786
3623 3786
2205 3623
2205 4269
3781 4269
3781 4576
3691 4576
3657 3691
3657 4959
1972 4959
1972 3817
3817 4239
4218 4239
1880 4218
1880 4646
3005 4646
3005 4382
4382 4685
2547 4685
1608 2547
1608 3387
1774 3387
1774 4460
808 4460
808 3789
1996 3789
1996 4108
1109 4108
1109 3810
3439 3810
3439 3660
3660 4988
967 4988
967 1283
1283 4674
4616 4674
1205 4616
1205 2637
2637 4633
3656 4633
2706 3656
2706 3055
2763 3055
1666 2763
1666 4143
1077 4143
1077 4381
3080 4381
3080 4179
9 4179
9 2847
2847 3820
3820 4792
2877 4792
2877 3980
2523 3980
220 2523
220 4170
2733 4170
126 2733
126 768
468 768
468 2500
1989 2500
1577 1989
1577 2267
1405 2267
1405 2978
524 2978
57 524
57 1271
1271 1770
1770 4058
1222 4058
638 1222
638 802
802 836
836 1127
1127 2199
2199 3001
3001 4088
1037 4088
1037 2241
2241 4554
4554 4867
6 4867
6 2613
2613 4114
1050 4114
1050 4733
3397 4733
2099 3397
2099 3204
1529 3204
1529 2840
2840 4594
609 4594
609 4391
612 4391
612 2626
2123 2626
2123 3227
3227 4043
2936 4043
1341 2936
1049 1341
1049 1547
1547 4303
7 4303
7 2408
2146 2408
2146 4086
2317 4086
1499 2317
1499 1552
1552 4180
3953 4180
2691 3953
2691 3261
859 3261
859 1515
1515 2544
2544 3983
3170 3983
571 3170
571 2646
2646 3910
2156 3910
2156 3177
2422 3177
2422 4029
2141 4029
2141 2405
1645 2405
53 1645
53 1263
1263 3025
1639 3025
1506 1639
1506 2700
1044 2700
286 1044
286 1489
1489 3307
619 3307
619 1646
1646 3514
2964 3514
2964 3994
1226 3994
1226 4813
4386 4813
1866 4386
1866 3000
783 3000
783 2517
1858 2517
817 1858
817 4780
1743 4780
1743 2116
2116 2747
393 2747
393 2277
677 2277
677 4081
2210 4081
227 2210
227 1322
1322 3099
2583 3099
2491 2583
2491 4159
4159 4240
3596 4240
154 3596
154 3593
2495 3593
2495 3794
2330 3794
332 2330
332 1073
364 1073
364 1275
1059 1275
1059 3726
1659 3726
655 1659
655 2799
915 2799
915 3578
3578 3968
828 3968
828 4828
2981 4828
1610 2981
1610 2463
1027 2463
1027 4489
3693 4489
1177 3693
1177 3246
3246 4776
38 4776
38 4326
3386 4326
3386 3628
3628 4566
3218 4566
3195 3218
437 3195
437 2043
1308 2043
1308 2314
2314 4119
4047 4119
2000 4047
2000 2159
1755 2159
1755 2721
2415 2721
2415 3653
1303 3653
1303 4500
3560 4500
1749 3560
1749 4833
1463 4833
1463 3290
3290 3408
3408 3808
2685 3808
2269 2685
2269 2724
2724 3903
917 3903
917 4069
90 4069
90 596
596 3543
2661 3543
2661 3213
2403 3213
2403 2436
2436 2709
1562 2709
1562 2233
2233 4722
477 4722
477 1522
1522 3690
3019 3690
2696 3019
2696 3084
1752 3084
1081 1752
659 1081
659 1746
1746 2181
2181 4121
3495 4121
2393 3495
380 2393
380 1728
1728 1841
1841 2390
2369 2390
1286 2369
819 1286
819 4378
1368 4378
1079 1368
690 1079
690 1117
1117 2091
2091 2587
2334 2587
2334 2909
373 2909
373 2967
1815 2967
517 1815
517 2631
2631 3791
3791 4429
356 4429
356 3381
3381 4054
3972 4054
1927 3972
1927 2375
2375 4254
1354 4254
1354 1951
1951 2508
1949 2508
1949 3673
2816 3673
1574 2816
1574 3621
1524 3621
1524 2748
1362 2748
1362 2024
2024 3594
3594 3681
630 3681
630 4099
2681 4099
2681 3815
3568 3815
3568 3858
560 3858
560 1675
1675 4523
3601 4523
3601 4206
994 4206
994 2767
2767 3555
3555 4096
3104 4096
1369 3104
1369 2312
496 2312
496 4671
2837 4671
106 2837
106 763
763 2294
2294 2826
2741 2826
2741 4750
3922 4750
2690 3922
2690 3989
941 3989
941 1700
1700 4992
2768 4992
1176 2768
1176 3420
2541 3420
2041 2541
2041 4856
2002 4856
545 2002
545 4968
3871 4968
2989 3871
359 2989
359 1417
1417 2643
2643 3409
1234 3409
1234 4765
1426 4765
610 1426
610 2924
2897 2924
1959 2897
1447 1959
350 1447
350 1069
1069 1110
1110 2027
122 2027
122 2166
2113 2166
2113 4544
1930 4544
1930 4983
4983 4990
4740 4990
3574 4740
3313 3574
3313 3585
824 3585
824 2813
2813 3324
197 3324
197 2959
916 2959
916 1453
1453 2462
671 2462
671 2701
2343 2701
2343 4223
4223 4280
284 4280
284 660
660 3592
192 3592
192 4560
4296 4560
500 4296
500 1558
1558 4182
251 4182
251 2054
2054 3856
2250 3856
2250 4795
3855 4795
3855 4688
4688 4772
4772 4970
4865 4970
2918 4865
2805 2918
2418 2805
641 2418
641 2167
1320 2167
1320 3541
265 3541
265 831
831 2306
375 2306
375 4574
2636 4574
2636 3894
3635 3894
462 3635
462 2942
1717 2942
1717 2082
505 2082
505 2040
2040 2666
2666 4941
2129 4941
2129 4966
1255 4966
1255 1326
1326 2937
1557 2937
1557 4420
753 4420
98 753
98 786
752 786
752 2014
2014 2291
1147 2291
444 1147
444 4491
2896 4491
1877 2896
1877 4106
574 4106
574 631
591 631
591 2433
1098 2433
761 1098
761 3061
2791 3061
2791 2814
697 2814
697 4626
3188 4626
1889 3188
1796 1889
1765 1796
1637 1765
1637 2644
2644 3369
3369 4741
2831 4741
2831 3250
3250 4794
2995 4794
829 2995
829 2883
2276 2883
2276 3004
1871 3004
1871 2501
2501 3044
2350 3044
2350 2470
160 2470
160 3183
1091 3183
1091 4724
2323 4724
2323 3063
1424 3063
1424 4394
2151 4394
2151 3160
1193 3160
1193 4536
4536 4658
4104 4658
4027 4104
2424 4027
2337 2424
145 2337
145 471
471 3755
445 3755
445 1530
22 1530
22 2429
636 2429
636 3193
2581 3193
2581 3760
3760 4533
4129 4533
2006 4129
1533 2006
1533 1586
267 1586
267 3142
302 3142
302 2149
2149 2938
839 2938
152 839
152 1937
1937 3573
2812 3573
346 2812
346 3908
2386 3908
1399 2386
1399 4317
1364 4317
1364 4770
4770 4946
311 4946
311 2525
1883 2525
71 1883
71 2789
1238 2789
1238 3704
1382 3704
1382 1769
1769 2548
2548 4033
723 4033
723 1466
1466 4316
2595 4316
1516 2595
1516 3788
2857 3788
2857 3239
3239 4153
3842 4153
3842 3872
683 3872
683 2838
2838 3364
2708 3364
2359 2708
1768 2359
1768 2592
127 2592
127 860
860 4615
3021 4615
3021 4287
4287 4868
2970 4868
794 2970
794 4376
4376 4962
2360 4962
2360 3211
1089 3211
1089 1430
1430 3429
3429 4512
730 4512
730 2434
436 2434
270 436
270 925
925 1104
1104 2083
2083 2297
2297 2566
2566 4007
744 4007
103 744
103 4744
2143 4744
2143 4275
3776 4275
3776 4942
1685 4942
1685 3242
3242 3521
2677 3521
2480 2677
2480 3709
3709 4720
1928 4720
666 1928
666 2516
2516 4454
4413 4454
4309 4413
1565 4309
1565 4762
2830 4762
1484 2830
795 1484
795 3840
3811 3840
2266 3811
841 2266
841 3603
25 3603
25 4593
4087 4593
4087 4494
1995 4494
1995 4154
3501 4154
1825 3501
1825 4300
2252 4300
1856 2252
1856 3784
1014 3784
1014 4805
1227 4805
104 1227
104 1922
1778 1922
1231 1778
1231 4642
1712 4642
573 1712
573 3172
3172 3542
2001 3542
2001 4432
225 4432
225 2537
1401 2537
1401 2798
2798 3884
3145 3884
600 3145
600 3302
44 3302
44 1581
1581 2060
1617 2060
605 1617
605 1780
848 1780
848 4304
1350 4304
1350 4294
2287 4294
2287 2651
2651 2792
1628 2792
1628 3265
469 3265
469 3493
3493 4562
2232 4562
2232 2326
2326 4147
3446 4147
2815 3446
1618 2815
280 1618
280 372
372 2478
2478 4207
1994 4207
1994 3370
3247 3370
285 3247
285 3864
3864 4428
888 4428
888 2886
710 2886
710 1398
1398 1632
1632 2827
2827 3113
1947 3113
1947 4932
1125 4932
1125 1344
181 1344
181 2699
2699 2969
2969 4945
4321 4945
4321 4452
121 4452
121 1701
117 1701
117 2846
2846 3406
2829 3406
481 2829
481 3743
3743 4596
3981 4596
3221 3981
1833 3221
1833 3549
2932 3549
1963 2932
1599 1963
1599 3401
3219 3401
3219 4414
1353 4414
1353 3605
3605 4917
2943 4917
2357 2943
78 2357
78 2714
2714 3865
3488 3865
3336 3488
3336 3359
151 3359
151 2645
495 2645
495 4354
3279 4354
2270 3279
748 2270
748 2483
1336 2483
1336 3207
3207 3758
3758 4098
1056 4098
1056 2934
1626 2934
1626 3638
3086 3638
3086 3334
3334 4659
3698 4659
778 3698
453 778
453 3996
454 3996
454 3252
3252 4089
1730 4089
1730 2068
2068 4843
2328 4843
52 2328
52 1634
1634 2282
2282 3254
1974 3254
875 1974
875 2237
138 2237
138 1709
1709 2916
2916 3686
2111 3686
147 2111
147 2648
2304 2648
2304 3650
1074 3650
58 1074
58 309
309 4682
803 4682
803 975
205 975
205 1213
1213 1439
1439 2202
2202 4212
3739 4212
2015 3739
2015 3374
1593 3374
1593 4801
2416 4801
2416 3271
3271 4915
3451 4915
3240 3451
1745 3240
1551 1745
1144 1551
1144 4146
680 4146
680 774
576 774
576 2026
2026 3431
2951 3431
2951 4605
1178 4605
306 1178
306 448
448 1916
1916 4882
607 4882
607 2990
2558 2990
1287 2558
1287 1945
1268 1945
1268 2426
872 2426
872 4301
2354 4301
2215 2354
552 2215
552 2634
699 2634
699 2088
2088 4459
1751 4459
1751 2615
2125 2615
439 2125
439 1411
1411 2778
2230 2778
518 2230
518 3483
3483 4224
3101 4224
428 3101
428 4407
4407 4779
1023 4779
1023 2313
2313 4883
2571 4883
2102 2571
1651 2102
1651 3964
3882 3964
3164 3882
1739 3164
1739 4844
3200 4844
2235 3200
2235 4396
4396 4503
1740 4503
1740 2038
2038 3890
498 3890
360 498
360 3838
1142 3838
1142 4333
2257 4333
2257 3600
3600 4345
467 4345
467 4930
4930 5000
1377 5000
1377 4957
756 4957
756 3009
3009 3448
714 3448
714 1317
1317 4274
4274 4761
1912 4761
1912 4077
4077 4116
583 4116
583 3640
3373 3640
2623 3373
2623 3206
3206 3253
3253 3464
407 3464
407 807
807 4213
4213 4896
3159 4896
339 3159
339 1496
814 1496
814 2866
2866 3955
3955 4017
3545 4017
2954 3545
830 2954
830 3118
3105 3118
2217 3105
603 2217
603 1440
1036 1440
1036 1803
1803 3153
3153 4117
4117 4911
1677 4911
1677 4541
458 4541
458 4904
597 4904
212 597
212 4066
4066 4573
810 4573
810 3469
3469 4580
3744 4580
2105 3744
2105 2775
2059 2775
1325 2059
1325 2351
528 2351
528 4862
1625 4862
1625 3156
2398 3156
2398 4638
2579 4638
2579 3102
3102 4322
2049 4322
2049 4951
1409 4951
1409 3634
3634 4487
3887 4487
2263 3887
2263 2998
2998 3289
2367 3289
2367 2370
2370 4497
4464 4497
2188 4464
724 2188
724 1371
1371 1898
1898 2591
2591 2695
1419 2695
1064 1419
1064 3148
277 3148
277 4172
674 4172
674 2569
296 2569
296 1345
1327 1345
470 1327
470 4668
3618 4668
1689 3618
1689 4330
4330 4656
2502 4656
2502 3703
1483 3703
1483 3664
791 3664
791 3512
3512 4960
3399 4960
2839 3399
2839 4173
790 4173
361 790
361 727
727 4250
60 4250
60 648
648 3931
3931 4295
1902 4295
1902 4258
747 4258
747 3950
639 3950
639 4318
1017 4318
1017 4273
326 4273
326 2018
2018 3091
3091 4906
3696 4906
1965 3696
797 1965
797 1172
834 1172
834 3046
3046 4530
4530 4886
2514 4886
482 2514
482 509
509 2196
2196 3536
3536 3839
2383 3839
1847 2383
1847 3367
3367 4637
4279 4637
4279 4360
4360 4568
884 4568
884 4350
2281 4350
2281 4764
3948 4764
2400 3948
2400 3735
3735 4165
878 4165
878 914
914 4347
4167 4347
4167 4977
1682 4977
1682 3392
1897 3392
1897 2098
2032 2098
2032 4335
130 4335
130 1915
1915 2302
1795 2302
1514 1795
1514 3612
2750 3612
2750 3912
179 3912
179 1568
1024 1568
1024 1690
1690 3125
3125 3644
827 3644
827 2588
1169 2588
546 1169
546 3749
2945 3749
2945 4498
4284 4498
64 4284
64 885
885 4402
4000 4402
321 4000
321 4009
740 4009
740 3278
1021 3278
675 1021
675 1757
1676 1757
1310 1676
1310 4890
3961 4890
1699 3961
1699 4665
4496 4665
1210 4496
1210 3226
1867 3226
1867 4479
4243 4479
3742 4243
3742 4759
4540 4759
4363 4540
3458 4363
2033 3458
1347 2033
556 1347
556 2878
449 2878
449 554
554 1654
1654 3389
3248 3389
3248 3524
1624 3524
1624 4869
2868 4869
2868 4877
2465 4877
2465 3642
2108 3642
2108 4201
679 4201
679 2034
2034 4700
1216 4700
1216 4126
1454 4126
1454 1779
1779 4570
3959 4570
3959 4624
4357 4624
3667 4357
1584 3667
1584 1692
1692 3943
3943 4384
4384 4987
2182 4987
1491 2182
1491 4526
1672 4526
1672 2345
871 2345
871 2737
2322 2737
434 2322
434 1376
1376 3155
3120 3155
35 3120
35 997
997 2686
1007 2686
1007 1648
1648 1764
246 1764
246 2131
2131 3110
2869 3110
777 2869
777 1946
1946 4961
3064 4961
555 3064
555 1208
1208 1653
1653 2823
615 2823
615 4145
2256 4145
1938 2256
721 1938
721 2379
2342 2379
1072 2342
1072 1269
203 1269
203 228
228 559
559 4025
1370 4025
1370 1967
371 1967
371 387
387 4447
623 4447
623 3567
3235 3567
3235 3576
1309 3576
484 1309
484 4864
3330 4864
2760 3330
700 2760
700 1943
1943 3305
2451 3305
2451 4652
27 4652
27 3003
3003 3321
3321 3482
474 3482
474 4004
2578 4004
2578 2751
1631 2751
1631 2441
2441 3867
1330 3867
1330 2325
2325 4502
4502 4829
4368 4829
324 4368
324 1228
1228 3639
3411 3639
1445 3411
1445 3465
3465 4022
4022 4678
4678 4997
3876 4997
3876 4230
3296 4230
1881 3296
1881 4435
1820 4435
112 1820
112 750
750 2669
910 2669
910 4697
2484 4697
514 2484
514 2788
2788 3147
196 3147
196 1188
1188 2051
2051 2794
843 2794
843 3539
3440 3539
1753 3440
1753 4398
273 4398
273 3419
1731 3419
1731 2795
2795 4013
4013 4030
3416 4030
2885 3416
72 2885
72 704
704 1194
459 1194
459 4339
1478 4339
1478 4476
1266 4476
1266 3675
1485 3675
1485 1708
1708 2688
2688 4020
4020 4268
4050 4268
4050 4511
3505 4511
11 3505
11 1667
1667 1669
1669 3354
3283 3354
3283 3783
1175 3783
1175 1569
1214 1569
1214 2095
2095 3954
2162 3954
2162 3015
2976 3015
263 2976
263 4691
4216 4691
921 4216
155 921
155 2265
1218 2265
1198 1218
1198 2863
2331 2863
1472 2331
1472 2601
1009 2601
1009 4236
2963 4236
2679 2963
2679 3722
3722 4947
4336 4947
1264 4336
1264 1536
1536 4364
702 4364
702 838
838 935
935 4426
442 4426
442 953
953 1668
1668 3237
2303 3237
2303 3347
3347 4549
2555 4549
2419 2555
942 2419
942 4427
1895 4427
456 1895
456 1279
780 1279
780 2180
906 2180
906 3849
489 3849
489 3984
1931 3984
1931 4188
2411 4188
1495 2411
1495 2261
2261 2635
2635 3383
1046 3383
1046 4717
4083 4717
3624 4083
3624 4358
412 4358
412 4664
3566 4664
2604 3566
2604 2893
2893 3168
1785 3168
1785 4037
1442 4037
1442 4907
176 4907
176 4189
2069 4189
847 2069
847 1097
1097 3410
3410 4950
531 4950
531 1848
1848 1991
1991 4936
4936 4940
3926 4940
1555 3926
1555 3969
2349 3969
1980 2349
1980 2179
338 2179
338 2895
661 2895
164 661
164 1790
367 1790
367 3275
2186 3275
2071 2186
670 2071
646 670
646 2784
2784 3721
2855 3721
1578 2855
1578 3445
2722 3445
1822 2722
769 1822
769 2104
2104 3785
3785 3963
1402 3963
1402 3503
3503 3728
156 3728
156 4592
1758 4592
1758 4404
4404 4859
3078 4859
217 3078
217 3929
3030 3929
2494 3030
2494 4564
1318 4564
1318 3747
2387 3747
927 2387
927 1546
1546 1595
1595 4782
3977 4782
3977 4848
3880 4848
2439 3880
2423 2439
2423 2881
2881 4036
4036 4320
2545 4320
2366 2545
585 2366
585 3938
1181 3938
1181 3432
3432 4397
2697 4397
2697 4056
260 4056
260 4667
1840 4667
577 1840
577 1415
189 1415
189 2512
1621 2512
1621 3866
3626 3866
3626 4922
508 4922
508 1510
1510 1896
1896 3582
983 3582
983 2845
2845 3940
3940 4276
2428 4276
2428 2576
253 2576
253 1060
169 1060
169 3797
131 3797
131 2080
2080 2507
2507 3970
3490 3970
432 3490
432 1422
1422 2042
2042 4993
2073 4993
2073 2665
2628 2665
379 2628
379 2671
343 2671
343 2285
530 2285
530 1006
1006 3162
1687 3162
781 1687
781 4395
2066 4395
308 2066
308 3846
1711 3846
1711 3303
3303 4617
4617 4696
1830 4696
1830 2020
2020 3551
301 3551
301 3716
3484 3716
390 3484
390 4806
3068 4806
3042 3068
3042 3471
3471 4522
4055 4522
759 4055
759 4631
929 4631
929 3326
2361 3326
1041 2361
1041 2611
1431 2611
1431 3533
3533 4249
2488 4249
1390 2488
1390 2289
2289 2499
1589 2499
1078 1589
1078 3238
3238 4969
3869 4969
3869 4539
2742 4539
5 2742
5 421
421 3491
3491 4483
3995 4483
842 3995
842 1121
1121 3701
499 3701
499 1539
1539 4537
4537 4774
2642 4774
1133 2642
1133 2209
2209 4901
1312 4901
1312 2005
2005 3435
3435 3905
3905 4177
4177 4440
1970 4440
858 1970
858 1591
1591 3058
2624 3058
2624 2766
2766 3504
3504 4575
3124 4575
3124 4921
2983 4921
2983 4639
3338 4639
45 3338
45 1759
1759 4763
3197 4763
2534 3197
110 2534
110 869
869 3202
3202 4283
4283 4679
2949 4679
2718 2949
2718 4038
1964 4038
1964 4014
3016 4014
1655 3016
1655 2219
2219 3939
1456 3939
1456 4838
3799 4838
3525 3799
2047 3525
538 2047
538 3518
2218 3518
2218 3208
3208 4338
4021 4338
2374 4021
2374 3694
2510 3694
1412 2510
1039 1412
820 1039
706 820
669 706
669 1285
1285 3812
3444 3812
862 3444
862 4416
2663 4416
2203 2663
2203 3368
231 3368
231 1058
1058 4692
550 4692
550 2472
951 2472
606 951
606 4508
115 4508
115 2409
2409 3087
3087 4482
240 4482
240 3850
1220 3850
1220 4769
4769 4978
3862 4978
