5000
)()))((((()))())()())))((((((())(())()))()))())()())(()(((()((()(())(()(()())(())))(()((())(()))((()())))(()())((()))()()))(((()()((()(())))))))()(((((()()((((())())(())))())))(()(()()()((()((())()())()))()(()())()(((()())((())()((()()(())))())))(()))(()))(()((((()))()(((()((()(((()((()((())(((())()))((())(((())()())((()()())((())((()))))()(((()()(()))()()((()()(())()()())))()(((())())(())(((()(()()()))(())(())))()()(())((()))((())))()(())))))(()())())()((()(((((()((((((()(())()((()((()()))))())()((()((()(()(((())()()()()())())())))(()(())()))()()))())())))()())))())))(()))))))())))()())()(((((())))((())))()((((()())((())(()()))(())()()((()))(((()(((()()()((()))()(((())(()()))))()))))(())))((()((((()()()(())())(()())(()(((()))((()))))()()))()((()((()((()((())())()(())((()(()()((())))()))))))())())()()(()(()(()((()))()())((())())))))())()(())((((((())(()(())()()()(()))(())())((())(()()))(())()()(()()(((())(()()(()()(())(())(()(())((()))))))(())()(()()))(()()))()(()()()())()()(())())((())()(())()(((())(())()()()()))())))())()()())()((()))())(((()()((()())((())((()((((())))(()))()()(()()))())((())(()()))()()))))()))()())())))((())()))())))(()())))(((((())((()((()))))()))))(()())()(())))(((((()()(())()(())())(())()))()))()))))()())()()()()(())((())()))))))()(((()()((()())))(())(()))((())()(()))))))()()))(((()())()(()()()(((((()(()(()((((()()))()())((())((())))))(()((()))(((()))()))((()())())(((((()())())()()())(()()(((((()(()(((((()()())))))(((()()()()))())(()()(((())(()()()(((())((()))(())()())))))())(()())))(((()(()()()()()()()((((((()))()((()))(())))))())())((())))()(())()((()(()((())()))())())((())))(()()(())(()((()(((())()(())()()))))(()))(()()()()()()(()(((((())()()))))))(((((())(()(((()()))))())(((())))(((((()(((())())(()(())((())()()(()((()((()))(()()))())(())())())())))()())())()(()))))()))))()((((()()(()((((())(((((())(()())))((()((())))()((())((()()(())(())())))(())())(()())((()())(((((()((()))()))(((())())()()((((()()()))()()()(((((()(((((((()((()))))((()(()(((()()()))()))((()(())((())))())))))(((()))(()()(()))(((()()))()(()(((((()(()))()()))(()(())())(()()((((()(()(())(()(())(()())()()))()(()()()((()()(((((()(()(()()(((())(())()))))((()))))(()())(((((()(()(((()))()(()(()()))(((()((()))()))()()()((())(()())()())))()))()((()()(()()(((())))((())))()))))((())))())(()(()))()()(())()(((()))()()()))()(()))(((((())(()))())((())((())()()(()()(())(()()((()(()()))(()(())(())()((()))())())()()))(()))))()))()(()(((((()()()())(()())())()))()(())((()))))()(()((((((()())(((()(()))(()))())((()))(((((()))()())(()()((((((((()(())(()))(()))()())()((((()()(()(()))(()))))()()()))(((())))(()()()())(()((((()((())(()(((())()()()())(((((()((((((()((()()())())))((()()((())))(())((()()())((((()((((())()())()))())())))(())()(((()))())(()(())()))())())))(())())(()))(()()((()))))(())()()()((()()(()()))())()())()(((())(((()())))))())))))()((((((((())(()()()))((((()())(()(()(((())(()(()(()((()()(())())))(()())))()())))))))(((()))(()())())((((()())(()())((((()()))((()(())())))))(((())((()))))))))((()()(()())())))(()()(()(((())(((())))))))((())()((()()))(())()))()))()))))(()(((((()(()(())(()((())()()(((()))(()))))()())((((((()(()(((((())(()()()())(((()()))(()(())()(()))))())()((()(())(()()((()((()(())))))((())))))((((()(())))((()(())()(()))()))((((()())()()((())((((((())))))()))))))))())))))()()((())()(()()())())(()(((()()(()()(()()(((()))((((())(()())(((())))((((((()(()())(()()(())((())()))()()))((())()((((()())))())())(()))()(())))(()((())()())(()()())())(())))((()()))((((())()((()((((()((()(()))()()()()))()()()((()(())))()(()((())())))()())()((()(((((((()()((((())()(()((())()))())()))))())((((()(()((())))))(())(()())()()))))())()()()((()((()())()))(()((())()((((())()())()))))()()()))))((())))((()(())))())()())()((())(()()))()()))())()())((())((())(()))()()))))(())))((()((((()(()(((()))))((((()())()))()())((()(()(()))(()(((()(())))((()))(((()((()())())(()))))())))()()))))()()())()(()()()(()(()()))))(((())((())())))())(()()((()))))()))())())))))))()(()(()(()())(())())(()))()))))(((((()()()())))))))))()()(()())()((()())))()(((((())()((())())))())))())))(()())()))()))(()))((())))())())()()())))))((()))())(()(()((((())()((()))())()(()())()())(())()(()())((((((())(((())())))())())((((()())()(((())(((()((()))()(((()()(((())))))))()(()))))()())))())(()(())()())))))()(((((())())(()))())(()()(()()))()(()())))))))((()(())(())((())()))(()(())))))))()(()(()())((((()(((()))))(((()(()()()((((()()))(()(())(()))))())()()())()))))()((((()(())(())(())(()((((((())()(((())()))(((()))))))))())))))(())()))()((()()))))()))(((())))(()))())())()(()())((()))(((()())(()))()(())))()(((())))())(())()())))))(()((()(()()))()()(()()))((((()()((((((()))(()()())(())())()(())()))(((((()()))))())))()())))())(())((((())))))(())((())(((()())))()))()()(((())(())))()))(()())(()())()((()()))())())))()((())))()(()(())((())()()()()(()(()))))))((((())(()((((((((())())())(())(()())(()(((((((())((())))((()((()(())())()(())())()))(()()()(()(()))(((())((((()()))))(())())())()((
1923 2764
875 1923
875 2430
2430 2807
571 2807
571 2158
1127 2158
1127 1905
1905 2398
2398 3356
3356 3713
1826 3713
1562 1826
94 1562
94 148
148 698
698 3113
1541 3113
1541 1942
554 1942
554 1689
713 1689
713 3456
3456 4683
2130 4683
1898 2130
1381 1898
1381 3831
3831 4136
2295 4136
1939 2295
1939 4380
3070 4380
660 3070
660 2257
1371 2257
1340 1371
487 1340
487 739
739 3894
2195 3894
250 2195
250 1606
1606 3158
3158 3653
3653 4721
3856 4721
1157 3856
1157 4495
2838 4495
2838 3814
1726 3814
61 1726
61 121
121 1711
1648 1711
1648 5000
4741 5000
1300 4741
1128 1300
1128 4099
1620 4099
1277 1620
1277 1317
1317 4660
4496 4660
3740 4496
3056 3740
3056 3093
1896 3093
1896 3367
3367 4533
2363 4533
434 2363
434 4350
2839 4350
1072 2839
1072 3296
1432 3296
1432 4258
1680 4258
538 1680
538 4500
3307 4500
3307 3923
3315 3923
701 3315
701 3424
3424 3956
782 3956
782 1327
1327 4488
916 4488
916 1710
1710 4583
4449 4583
3971 4449
2468 3971
2468 3744
3744 4103
2956 4103
2956 2957
855 2957
855 2248
1817 2248
1817 1872
1872 1897
1135 1897
766 1135
766 3691
1878 3691
1188 1878
1188 4251
2782 4251
2782 4920
3455 4920
97 3455
97 570
570 1690
1690 2909
2281 2909
2281 2950
2950 3893
1691 3893
1691 2536
2536 4956
2277 4956
951 2277
951 4979
581 4979
220 581
174 220
174 1175
1148 1175
507 1148
507 4046
1752 4046
1752 4121
3343 4121
2709 3343
2709 4235
2049 4235
2049 4002
2271 4002
2144 2271
453 2144
293 453
293 3966
3941 3966
3242 3941
2337 3242
947 2337
947 2087
1357 2087
617 1357
617 1805
8 1805
8 1334
1334 3181
1551 3181
1551 1604
1480 1604
1480 4678
2854 4678
2854 3221
2730 3221
2730 4452
362 4452
362 3949
1398 3949
1398 4558
2686 4558
2514 2686
1938 2514
1362 1938
1362 3235
3235 3436
2878 3436
2878 3601
3601 3658
1049 3658
1049 2786
473 2786
473 2525
343 2525
343 3977
3420 3977
1021 3420
511 1021
511 3568
2074 3568
1091 2074
1091 3704
3704 4045
4045 4371
3145 4371
2769 3145
1567 2769
330 1567
330 2291
2291 4690
1862 4690
1862 2625
103 2625
103 4762
3064 4762
3064 4440
3244 4440
3244 3895
649 3895
649 2366
1630 2366
1630 2008
583 2008
583 3189
569 3189
569 4713
2387 4713
2387 3280
3280 4612
732 4612
732 1914
1914 2595
2360 2595
1647 2360
1647 3575
2681 3575
2681 3187
906 3187
906 2107
661 2107
661 3753
2728 3753
2728 4027
1894 4027
1894 3857
3586 3857
1228 3586
1228 4477
315 4477
315 4268
3309 4268
2245 3309
2245 4696
1450 4696
551 1450
551 3109
3076 3109
2097 3076
2097 3495
3444 3495
2798 3444
2798 2979
1765 2979
1765 4206
2200 4206
1093 2200
1093 3813
1672 3813
1672 1800
1265 1800
1265 1635
1635 1977
35 1977
35 1095
1 1095
1 451
451 2816
773 2816
773 2989
2989 4202
349 4202
349 1512
1512 4613
4159 4613
2303 4159
2303 3859
1793 3859
780 1793
353 780
353 2395
2395 4547
4547 4635
720 4635
720 2455
2455 4187
4187 4590
4590 4984
2098 4984
1289 2098
1289 1919
1919 4112
915 4112
915 3069
3069 3408
956 3408
956 1273
1273 3562
1064 3562
1064 4804
4763 4804
2834 4763
2762 2834
2762 4170
4170 4647
1123 4647
1123 4216
629 4216
629 1850
1407 1850
1407 2851
2793 2851
2475 2793
719 2475
719 2188
725 2188
448 725
448 2264
2264 3819
2357 3819
53 2357
53 4632
3285 4632
746 3285
746 1641
1641 1732
1732 4521
4521 4865
2744 4865
1159 2744
1159 1884
1033 1884
1033 1717
1717 1830
1830 3965
3965 4894
1413 4894
1413 4945
2467 4945
2467 4559
3690 4559
3690 3873
3873 4753
2862 4753
1364 2862
792 1364
792 3517
2099 3517
1374 2099
1374 2808
2808 3365
3365 4142
470 4142
470 3990
1035 3990
1035 4009
2594 4009
2209 2594
2209 3180
3180 3452
3452 4941
4843 4941
1016 4843
1016 2936
625 2936
625 3347
133 3347
133 4624
2164 4624
2164 4310
2090 4310
139 2090
139 2401
2401 3415
3415 4124
494 4124
494 4075
2687 4075
2687 4461
4461 4662
758 4662
758 4833
1834 4833
1834 3779
819 3779
819 3535
2181 3535
423 2181
423 3490
635 3490
635 1324
1324 3361
3361 4620
4620 4831
4694 4831
3798 4694
2608 3798
794 2608
794 1837
1837 4037
4037 4943
696 4943
696 4947
2336 4947
1599 2336
1599 2620
2376 2620
2376 2570
54 2570
54 1561
1561 1731
60 1731
60 2642
2642 3919
3919 4306
4113 4306
4113 4909
1946 4909
1645 1946
336 1645
336 4714
1181 4714
1042 1181
1042 4817
3698 4817
3698 4117
3033 4117
2948 3033
2948 3293
3084 3293
1225 3084
1225 3434
1814 3434
662 1814
662 1112
1112 4316
4316 4427
4427 4701
3652 4701
3652 4275
187 4275
187 3939
3593 3939
3593 3936
3146 3936
2771 3146
2771 3292
2945 3292
2945 2999
2999 4390
4182 4390
887 4182
887 1155
1155 3479
2326 3479
2326 4028
4028 4437
1577 4437
261 1577
261 4131
2351 4131
1515 2351
1347 1515
1347 4047
1844 4047
1844 2247
2247 3708
2805 3708
2805 4415
1193 4415
1193 2194
1511 2194
1511 3521
3521 4905
262 4905
134 262
134 3241
3241 4421
1637 4421
1637 3719
1656 3719
1656 1836
618 1836
618 4048
1798 4048
1798 4532
885 4532
885 4953
4015 4953
2508 4015
2508 3047
3047 4179
970 4179
970 3191
2714 3191
2347 2714
1749 2347
1749 2754
2754 4402
1602 4402
1602 2139
1272 2139
1272 2408
1266 2408
1266 3588
1992 3588
1295 1992
1295 3273
2688 3273
729 2688
284 729
284 3200
3200 4841
1111 4841
1111 1566
1566 1856
1856 4812
1519 4812
1332 1519
1332 4672
2150 4672
2150 4224
3431 4224
3431 4940
3362 4940
1244 3362
1244 2796
2278 2796
2278 2300
2300 4933
3231 4933
2096 3231
1237 2096
1237 3410
3410 4480
4152 4480
2792 4152
2142 2792
93 2142
93 1003
1003 3968
1583 3968
1583 2137
1442 2137
1442 3211
1721 3211
1721 2953
2404 2953
2404 3357
3357 4313
4140 4313
3263 4140
2984 3263
2984 4314
3028 4314
3028 4155
3072 4155
3072 3094
707 3094
707 2464
2464 4783
2032 4783
2032 4658
785 4658
99 785
99 1139
1139 2217
2014 2217
2014 2170
2170 4108
2255 4108
2255 3276
1465 3276
873 1465
873 2240
2240 2309
433 2309
433 3316
564 3316
564 1242
1242 3383
2658 3383
1346 2658
1346 2043
2043 4364
194 4364
194 4643
4239 4643
3752 4239
3752 4691
2970 4691
2970 3419
2198 3419
2198 3537
3537 4430
209 4430
209 4125
1819 4125
1819 4870
4274 4870
2152 4274
447 2152
447 4263
2795 4263
2795 3029
1770 3029
1770 3166
2708 3166
2017 2708
416 2017
416 4959
3788 4959
3788 4051
4051 4990
857 4990
857 3789
2498 3789
1810 2498
461 1810
391 461
157 391
157 4623
2544 4623
1224 2544
1224 1744
1744 4848
3645 4848
3645 3803
3803 4486
4486 4769
3208 4769
1944 3208
1944 3159
1875 3159
1875 4890
4750 4890
3128 4750
984 3128
656 984
656 1361
1361 2219
1949 2219
1949 3828
2654 3828
2654 4254
3678 4254
3678 4428
4428 4493
4023 4493
3 4023
3 3902
3902 3926
930 3926
930 3763
2159 3763
2159 2887
1441 2887
1441 2827
934 2827
934 1472
1261 1472
1261 3186
2985 3186
743 2985
743 4829
2333 4829
158 2333
158 1873
999 1873
999 4733
2659 4733
2659 4257
3839 4257
3839 4247
933 4247
933 2879
2879 3397
3397 3629
3164 3629
1595 3164
1595 3260
2897 3260
2897 3016
3016 3878
3878 4494
1078 4494
620 1078
620 3660
191 3660
191 3083
3083 3139
2029 3139
2029 3429
3429 4346
1497 4346
1497 2751
189 2751
189 1036
1036 2385
1377 2385
1377 2151
436 2151
436 1622
1622 4875
183 4875
183 235
235 4688
3522 4688
2071 3522
1701 2071
1701 2167
2167 3781
2719 3781
2471 2719
920 2471
920 1187
1187 2180
2180 2265
2265 2923
2923 4551
1644 4551
1644 3954
1685 3954
575 1685
575 2891
2814 2891
1446 2814
1446 1747
1747 4661
711 4661
680 711
680 4727
4240 4727
4096 4240
3706 4096
2315 3706
1276 2315
1276 2411
2411 3974
1144 3974
1144 4608
1314 4608
1314 1431
130 1431
130 454
454 1720
1720 2380
1612 2380
963 1612
963 2997
1291 2997
1291 1529
1529 2420
2420 2976
1705 2976
1705 2284
2284 3205
164 3205
164 4563
2759 4563
1439 2759
274 1439
274 2813
2813 3176
1017 3176
1017 1932
1932 4215
3978 4215
3978 4778
3793 4778
2 3793
2 3317
2064 3317
338 2064
338 4758
2273 4758
830 2273
830 3606
1769 3606
1769 4143
4143 4880
4391 4880
2230 4391
116 2230
116 2109
1626 2109
1626 2447
1427 2447
1427 4511
4511 4842
1998 4842
837 1998
837 2614
1684 2614
1684 4671
39 4671
39 3254
3254 4060
1628 4060
1628 1997
1397 1997
1397 2429
2244 2429
2244 4393
2558 4393
2435 2558
1121 2435
1121 1547
1547 2898
2898 4309
390 4309
390 3778
961 3778
961 4834
2765 4834
1285 2765
19 1285
19 352
352 3520
3520 3848
2386 3848
356 2386
356 1038
847 1038
847 2171
723 2171
723 2238
1298 2238
1298 2844
1153 2844
1153 2925
90 2925
90 2418
910 2418
910 1926
1926 2415
2415 4927
4020 4927
85 4020
85 4221
3861 4221
3861 4755
1158 4755
1158 1404
1404 4404
1258 4404
1258 4999
2968 4999
1537 2968
1537 1748
296 1748
296 1126
1126 3369
1423 3369
1423 2206
2206 4641
738 4641
738 4644
4038 4644
16 4038
16 2004
2004 3979
3818 3979
49 3818
49 803
510 803
510 4603
3324 4603
3324 4341
2290 4341
1676 2290
1676 4305
305 4305
305 4569
1801 4569
1801 3918
163 3918
163 4544
1974 4544
1230 1974
1230 2119
2119 3314
3314 3595
3095 3595
476 3095
476 1182
1182 4339
3382 4339
1486 3382
1486 2243
2243 3215
3215 4789
2825 4789
2825 3723
150 3723
150 1610
1594 1610
1594 4748
3389 4748
2949 3389
1426 2949
1426 4334
1885 4334
1885 3407
828 3407
828 2161
75 2161
75 4766
328 4766
328 1589
1589 4565
4507 4565
3969 4507
117 3969
117 3759
2855 3759
2060 2855
2060 2588
2588 4703
748 4703
748 2942
840 2942
840 2725
2725 4922
4667 4922
2379 4667
1542 2379
1542 2924
1708 2924
1184 1708
1184 4730
3484 4730
3484 4490
703 4490
703 3985
1406 3985
1406 1994
1994 4381
4315 4381
146 4315
146 1024
1024 2148
2148 3687
527 3687
527 4928
13 4928
13 314
314 562
562 3531
523 3531
523 2287
2287 3553
3553 4915
3468 4915
3468 3957
3957 4092
2661 4092
2308 2661
2308 4821
4614 4821
1229 4614
1229 2251
2251 4633
2852 4633
2646 2852
2618 2646
2618 4881
3067 4881
3067 4424
2847 4424
2847 4207
266 4207
266 4123
918 4123
918 1256
1256 3461
2567 3461
1961 2567
1961 2031
2031 4580
2482 4580
2126 2482
2048 2126
2048 3737
3045 3737
3045 4295
2723 4295
2723 4340
2262 4340
1501 2262
1143 1501
1143 3101
3101 3664
2296 3664
2296 3631
3631 4993
4199 4993
621 4199
621 3386
668 3386
668 3636
3636 3663
3103 3663
883 3103
883 2224
2224 4607
3880 4607
587 3880
587 3938
613 3938
613 2020
2020 3970
2966 3970
2168 2966
2160 2168
769 2160
769 3837
3837 3953
3953 4180
3922 4180
3685 3922
3685 4806
2693 4806
1196 2693
417 1196
417 1963
1963 3525
1194 3525
1194 1683
572 1683
572 4900
1267 4900
33 1267
33 1543
490 1543
241 490
241 2998
170 2998
170 1177
1177 2983
2436 2983
1000 2436
341 1000
341 4952
637 4952
637 4161
630 4161
630 1094
371 1094
371 3812
1608 3812
1608 2611
1743 2611
1743 3549
2981 3549
2981 4593
1842 4593
1842 4800
543 4800
543 1774
1774 4217
1290 4217
1290 4032
3672 4032
260 3672
47 260
47 3135
2931 3135
2310 2931
2079 2310
2079 3567
735 3567
735 4910
4859 4910
4538 4859
3505 4538
395 3505
395 1039
285 1039
285 1660
230 1660
230 1783
106 1783
106 1874
1874 1935
756 1935
559 756
559 1523
1523 3694
2579 3694
2579 4673
2425 4673
2425 3662
2292 3662
2016 2292
424 2016
424 3271
3207 3271
3207 4169
1928 4169
1928 2486
2486 3230
2406 3230
392 2406
392 2413
2413 4917
1876 4917
1876 3700
1343 3700
1343 3543
3543 4148
969 4148
969 3570
2186 3570
2186 2331
2331 2480
2480 3298
3298 3717
929 3717
929 3620
2149 3620
2149 2440
2440 2842
2423 2842
2423 4105
1028 4105
1028 1738
1738 2770
2529 2770
2529 2790
2102 2790
1232 2102
1232 2162
2162 2338
870 2338
870 3642
3435 3642
2980 3435
1283 2980
1283 1668
1668 3587
3587 4785
3398 4785
3398 4345
1195 4345
1195 3639
3639 4410
141 4410
141 3283
3283 4443
2302 4443
2302 2488
2488 4715
768 4715
768 2935
2935 4687
2481 4687
2481 4039
1646 4039
1646 3014
3014 3160
1735 3160
1725 1735
1725 2739
2739 3821
535 3821
535 3360
521 3360
521 2165
2165 2263
1065 2263
1065 3323
1839 3323
1319 1839
208 1319
208 2702
218 2702
218 4854
1026 4854
1026 4813
382 4813
382 2332
2332 4422
2131 4422
2131 4629
736 4629
736 2270
2270 3986
1013 3986
1013 1778
1766 1778
322 1766
322 3116
1459 3116
1459 3529
3529 3912
2639 3912
2639 3337
1390 3337
332 1390
332 1728
1728 2377
2377 4520
1234 4520
257 1234
257 1877
321 1877
321 1137
1137 2350
684 2350
684 3716
3498 3716
242 3498
242 3203
3203 4693
3651 4693
50 3651
50 4599
3299 4599
1419 3299
1419 1712
1712 1976
876 1976
876 3381
1437 3381
1437 3721
2501 3721
2325 2501
2325 4209
4209 4288
889 4288
889 2724
976 2724
976 3688
1183 3688
1183 2864
2864 3240
1574 3240
344 1574
344 693
693 2416
1051 2416
1051 3350
3350 4330
2647 4330
2647 3589
3589 4231
2660 4231
2660 4873
3709 4873
3466 3709
2705 3466
2553 2705
255 2553
255 3548
3548 4761
924 4761
771 924
771 4055
772 4055
129 772
129 4292
4065 4292
3616 4065
945 3616
945 4272
3999 4272
3999 4014
858 4014
596 858
596 659
659 1110
674 1110
674 2619
2619 3901
2656 3901
2656 2975
2146 2975
294 2146
294 972
972 1973
1973 2778
2778 3228
1636 3228
1636 4681
3326 4681
1554 3326
935 1554
935 4914
923 4914
923 4379
750 4379
750 4858
1085 4858
1085 4177
802 4177
802 1020
966 1020
147 966
147 4634
913 4634
491 913
491 4818
1822 4818
1822 4717
3557 4717
2589 3557
1667 2589
1352 1667
1352 4462
1960 4462
690 1960
690 2454
2454 4816
781 4816
402 781
402 3765
2604 3765
2604 3214
3214 3729
1982 3729
1009 1982
1009 2666
2666 2993
1591 2993
1591 2648
1870 2648
1870 4560
3380 4560
2173 3380
730 2173
730 1014
776 1014
21 776
21 4739
3119 4739
1981 3119
214 1981
214 2871
2871 4918
2826 4918
2826 4983
3477 4983
549 3477
549 2367
2367 3013
3013 4336
2034 4336
1581 2034
1581 3805
1262 3805
1262 4798
4185 4798
1387 4185
1387 2527
2187 2527
514 2187
514 3841
1325 3841
1325 3720
3002 3720
1417 3002
1417 2890
2890 3712
1109 3712
1109 3374
3374 4033
3580 4033
688 3580
688 1124
1124 2496
685 2496
685 2797
1699 2797
1699 1979
1979 3617
1057 3617
1057 3991
2817 3991
1025 2817
728 1025
728 1320
1320 4344
4344 4385
3550 4385
3550 4588
3224 4588
2691 3224
408 2691
408 4525
1282 4525
1282 3348
3348 4019
161 4019
161 2788
2788 3823
1444 3823
993 1444
993 2671
2671 4553
3838 4553
3470 3838
3470 4303
1052 4303
1052 3955
1087 3955
79 1087
79 2740
2695 2740
921 2695
708 921
708 3900
3657 3900
3131 3657
643 3131
643 1116
26 1116
26 122
122 1489
1489 4326
4326 4972
3000 4972
2282 3000
2282 4795
4425 4795
639 4425
639 2322
2322 2888
1532 2888
1239 1532
1239 1736
1736 2299
2299 3421
1420 3421
92 1420
92 1827
806 1827
806 2426
120 2426
120 3528
2055 3528
2055 4946
3809 4946
3809 3963
41 3963
41 4651
4458 4651
347 4458
347 1449
469 1449
87 469
87 2101
2101 2345
2261 2345
2261 2657
203 2657
203 2104
952 2104
952 2802
2802 4958
3085 4958
249 3085
249 1415
1415 1908
1908 2520
869 2520
869 1434
1145 1434
1145 1471
259 1471
259 946
946 2490
2490 3379
3379 3972
2616 3972
1321 2616
727 1321
200 727
200 3124
591 3124
591 3915
1309 3915
1309 3524
2054 3524
2054 2990
2670 2990
666 2670
666 4664
3851 4664
2653 3851
1909 2653
1899 1909
224 1899
224 3745
2810 3745
1090 2810
1090 1503
1503 3945
3726 3945
3726 4638
3486 4638
2382 3486
2382 3012
3012 4276
4276 4805
669 4805
275 669
275 4951
1893 4951
1029 1893
731 1029
731 844
844 2301
2301 3661
2578 3661
2015 2578
2015 3346
2663 3346
1131 2663
1131 4666
2875 4666
2875 3143
335 3143
335 4369
466 4369
466 1425
941 1425
941 4323
3156 4323
302 3156
302 3825
64 3825
64 833
833 2402
2402 4670
3330 4670
3330 4935
950 4935
950 4130
4130 4839
1499 4839
1499 1568
1568 2515
2515 4080
2994 4080
2994 3924
3924 4107
3269 4107
3269 4232
4232 4726
1301 4726
1301 4874
3523 4874
2474 3523
2474 2673
2673 4406
2511 4406
2511 3100
576 3100
576 4431
1716 4431
1716 2918
2918 4110
1162 4110
1162 3437
3437 3927
646 3927
646 3127
3127 4508
3126 4508
3126 3777
1174 3777
1174 2528
1220 2528
1220 4754
4609 4754
4609 4976
2597 4976
124 2597
124 742
595 742
455 595
455 3638
548 3638
548 2156
86 2156
86 484
484 2192
2192 3973
3973 4774
753 4774
753 4457
4457 4787
2545 4787
512 2545
512 3835
3190 3835
2208 3190
2208 2223
2223 3885
3443 3885
852 3443
852 1835
1835 3714
1107 3714
138 1107
138 3132
3132 4986
4193 4986
3630 4193
345 3630
345 2117
2117 2313
2313 2577
2577 3377
1130 3377
1130 2636
2636 2941
665 2941
67 665
67 2419
1757 2419
1757 3659
3172 3659
3152 3172
1015 3152
1015 3997
3997 4146
4146 4586
2818 4586
2818 4675
1134 4675
1134 2189
429 2189
359 429
359 2613
1453 2613
1453 4223
4183 4223
3082 4183
3082 3937
3910 3937
1136 3910
246 1136
198 246
198 1458
1458 4570
3959 4570
3446 3959
3291 3446
3291 3376
2348 3376
2348 3908
3030 3908
1353 3030
1353 3834
3834 3930
3626 3930
3626 4036
3649 4036
3372 3649
3286 3372
1534 3286
1534 2541
2050 2541
808 2050
808 3608
3003 3608
2372 3003
1457 2372
1457 3148
3148 3563
3563 4767
4724 4767
2069 4724
1518 2069
614 1518
614 3065
820 3065
640 820
640 700
128 700
128 1695
1695 4718
366 4718
366 568
149 568
11 149
11 4837
173 4837
173 2815
1255 2815
1255 2105
1779 2105
1779 3988
3022 3988
3022 4981
3987 4981
1889 3987
367 1889
367 763
763 4191
1207 4191
1207 1241
1241 3185
3185 3806
1156 3806
1156 2516
1514 2516
1514 3465
654 3465
654 1365
1365 3830
2417 3830
2417 4955
4513 4955
2229 4513
905 2229
905 4411
1582 4411
1582 1972
1972 4151
4151 4539
1288 4539
1288 1492
1492 2565
790 2565
790 4403
1775 4403
1775 4554
757 4554
757 2836
2836 3412
973 3412
973 1373
1373 2596
2143 2596
444 2143
444 715
51 715
51 1603
1603 4469
3392 4469
3392 4484
4484 4499
4087 4499
188 4087
188 480
480 2665
2665 4587
1948 4587
691 1948
691 3049
1818 3049
1818 4921
1311 4921
1311 1650
1650 3063
1089 3063
1089 3074
1917 3074
1917 4980
2622 4980
2622 2698
2698 4964
140 4964
140 3232
2410 3232
2410 4575
1018 4575
1018 1764
1764 2517
2517 3960
3960 4017
4017 4056
3179 4056
1008 3179
251 1008
251 1358
137 1358
137 4079
2433 4079
2433 2652
796 2652
796 1475
1475 4648
4518 4648
4518 4847
1403 4847
1403 2804
1578 2804
1313 1578
1313 3417
862 3417
862 2174
2174 2858
1768 2858
238 1768
238 3015
3015 4068
228 4068
228 2861
2861 3791
2312 3791
2312 3170
959 3170
959 1322
1322 2114
457 2114
457 716
716 733
733 1476
1476 1795
1795 2780
279 2780
279 582
582 4237
610 4237
465 610
465 1802
1802 3943
3943 4996
3167 4996
3167 4825
4353 4825
529 4353
529 1071
1055 1071
1055 2153
2153 4722
4589 4722
2084 4589
2084 2823
2823 4815
2729 4815
1651 2729
1651 3163
3163 4301
2269 4301
2269 4277
718 4277
718 4088
2108 4088
2108 4150
468 4150
468 1454
1454 4626
269 4626
269 3773
3773 4974
3898 4974
2812 3898
1218 2812
829 1218
829 2843
2843 4195
968 4195
110 968
110 4849
2095 4849
1658 2095
1658 4585
1496 4585
1496 2603
1216 2603
1216 1888
1888 3117
3117 3768
627 3768
627 1259
1259 3401
849 3401
849 4423
2715 4423
2452 2715
443 2452
443 2963
677 2963
677 1447
1447 2356
114 2356
114 2833
1538 2833
1538 3258
2937 3258
2937 4158
4158 4744
547 4744
547 4188
4188 4793
3503 4793
586 3503
586 4261
3197 4261
3197 4886
3801 4886
310 3801
310 3068
2041 3068
2041 4081
1190 4081
91 1190
91 3921
3388 3921
3388 3913
1060 3913
1060 2971
2971 3483
3483 4076
2236 4076
1857 2236
1857 4252
4228 4252
1235 4228
1235 2225
1679 2225
1679 4907
2704 4907
286 2704
286 3914
1443 3914
1443 3004
1686 3004
1686 2035
2035 3034
2369 3034
2369 3341
3341 3560
3560 4746
3561 4746
940 3561
940 3138
3108 3138
3108 4695
3872 4695
1001 3872
1001 1455
1455 2580
351 2580
351 4446
2870 4446
2870 3762
1912 3762
537 1912
537 2412
2412 3478
151 3478
151 1363
1363 4244
2442 4244
2442 4697
4517 4697
2667 4517
1723 2667
1081 1723
1081 1624
1624 1930
1930 3266
394 3266
394 612
425 612
425 1105
1105 4855
1027 4855
1027 2456
312 2456
312 1337
1337 4536
1945 4536
740 1945
740 2070
1306 2070
1306 4649
1132 4649
1132 1342
1342 4054
478 4054
478 2451
2451 4930
1750 4930
1750 4926
1993 4926
1993 3855
354 3855
354 3403
931 3403
931 4645
2215 4645
2215 4308
1303 4308
1303 3384
2391 3384
2391 3448
697 3448
492 697
492 4475
1115 4475
1115 3810
2749 3810
563 2749
563 1664
278 1664
278 4844
2441 4844
399 2441
399 1138
1138 2405
2405 4576
1108 4576
1108 2203
2203 3171
3171 4836
4546 4836
3020 4546
2103 3020
2103 3005
702 3005
702 865
516 865
516 4617
3673 4617
2340 3673
2340 4299
3099 4299
3099 4851
4420 4851
69 4420
69 2773
248 2773
248 525
273 525
273 1433
1433 2051
2051 4071
2289 4071
2289 2582
2582 4255
2460 4255
2460 3262
1217 3262
1217 4114
1129 4114
383 1129
383 4135
2396 4135
2319 2396
2319 3196
211 3196
211 960
960 1673
1673 2459
2459 4419
4407 4419
2760 4407
378 2760
378 1692
475 1692
475 1466
1466 3011
169 3011
169 3512
3512 3583
1100 3583
1100 2522
1280 2522
1280 2523
2523 4436
2932 4436
1968 2932
1968 3666
1704 3666
1675 1704
1675 3584
3584 4126
2758 4126
2758 4989
1414 4989
1414 4939
3502 4939
3502 3794
3794 4282
1785 4282
1785 3519
2824 3519
2824 4913
1863 4913
1863 2268
1006 2268
1006 3933
3933 4343
4343 4514
2761 4514
2761 4479
4479 4709
4271 4709
4271 4820
3110 4820
1199 3110
1199 4061
4061 4290
4290 4487
3946 4487
552 3946
552 995
995 1902
843 1902
223 843
223 1263
1263 1986
1627 1986
1627 4401
2789 4401
1168 2789
1168 3026
1063 3026
1063 2138
2138 3981
3981 4361
704 4361
704 3021
2320 3021
1389 2320
1389 2314
428 2314
428 2045
32 2045
32 3106
1813 3106
1485 1813
752 1485
752 2266
985 2266
985 3371
2019 3371
1652 2019
1652 4355
1333 4355
1333 3243
1564 3243
1564 4689
4642 4689
4229 4642
1421 4229
1421 3879
1665 3879
1665 4460
3055 4460
3055 4141
426 4141
426 3001
3001 3017
1409 3017
1409 4954
536 4954
536 542
542 4512
877 4512
877 1824
1172 1824
1172 3725
3614 3725
744 3614
744 3534
3233 3534
3233 4399
560 4399
560 4322
2334 4322
2334 4118
3686 4118
1133 3686
573 1133
573 4978
300 4978
300 2685
2685 3696
2637 3696
2637 4132
835 4132
430 835
430 2776
2776 4732
2510 4732
1569 2510
673 1569
673 2951
2353 2951
2298 2353
2298 2633
2082 2633
2082 3596
3596 4111
504 4111
504 3865
1164 3865
996 1164
996 2914
2428 2914
2428 3530
1211 3530
1211 2024
992 2024
751 992
751 2947
2947 3732
3732 4230
2737 4230
2737 4324
4006 4324
340 4006
340 3950
3287 3950
590 3287
590 1507
1002 1507
1002 3500
2252 3500
760 2252
760 3625
2321 3625
2321 2655
212 2655
212 1954
1954 3501
508 3501
508 1799
1719 1799
1719 4768
4735 4768
4365 4735
1781 4365
1724 1781
1724 2643
2643 2856
2856 3849
1587 3849
1587 2547
2547 3351
1385 3351
1385 4636
2211 4636
2211 2959
2555 2959
2075 2555
986 2075
307 986
307 1171
1171 1868
1868 4591
4568 4591
1076 4568
1076 2231
2231 4465
1861 4465
1861 2141
2141 3756
3756 4171
678 4171
678 4089
1160 4089
1160 1746
1746 3142
2538 3142
2538 2982
1773 2982
1773 3609
1382 3609
1382 2361
1833 2361
1833 4967
2506 4967
2506 4472
3754 4472
3754 4338
2554 4338
2554 4137
4094 4137
406 4094
406 1392
1392 2028
464 2028
313 464
313 4509
4175 4509
217 4175
217 3451
1890 3451
1890 1920
1920 2907
699 2907
699 4757
3394 4757
2584 3394
2584 2811
381 2811
381 565
565 3282
2063 3282
667 2063
23 667
23 1849
171 1849
171 3297
2132 3297
159 2132
77 159
77 396
396 2568
2568 3173
1312 3173
1312 1669
1669 4042
101 4042
101 2110
2110 3097
3097 3993
2279 3993
1698 2279
132 1698
132 681
407 681
407 2260
2260 4160
4160 4238
3154 4238
3141 3154
3141 3697
3697 3843
1788 3843
1754 1788
1533 1754
1533 2908
2908 3579
1613 3579
1613 4157
939 4157
908 939
42 908
42 867
791 867
546 791
546 1598
1205 1598
1205 4470
479 4470
479 4024
1931 4024
555 1931
37 555
37 3958
3958 4901
3539 4901
1208 3539
1208 3980
2934 3980
1616 2934
1616 2450
297 2450
297 411
411 2992
2563 2992
2403 2563
2403 4376
4376 4948
4205 4948
4205 4545
4438 4545
1841 4438
694 1841
694 1659
1659 2679
2327 2679
192 2327
192 1474
1474 2394
2394 4530
3975 4530
1380 3975
207 1380
207 4856
1791 4856
1791 3671
440 3671
440 4219
2067 4219
2067 3393
1254 3393
1254 1531
1531 3422
2465 3422
2465 3279
3279 3342
2978 3342
2978 4832
1061 4832
1061 4557
1045 4557
1045 3897
2581 3897
439 2581
439 3476
3438 3476
3438 3675
477 3675
477 3782
717 3782
717 2562
1666 2562
1666 3552
3457 3552
2571 3457
379 2571
379 1823
1823 3962
2954 3962
2954 4788
1284 4788
1284 4534
2779 4534
1918 2779
1918 4374
452 4374
166 452
166 2598
1845 2598
1845 2061
1212 2061
104 1212
104 3681
2431 3681
2431 3854
3854 4417
1355 4417
1355 2551
2551 4650
2607 4650
2607 3780
2037 3780
24 2037
24 74
74 722
722 4698
334 4698
334 4809
775 4809
775 2254
2254 3044
2341 3044
2341 4934
3863 4934
3613 3863
932 3613
932 1469
204 1469
204 3261
3261 4751
600 4751
600 4022
3787 4022
1907 3787
1907 3199
3199 4637
3339 4637
1734 3339
1734 1832
1069 1832
1069 1204
1204 3395
3395 4596
3984 4596
2294 3984
2294 3731
3506 3731
2703 3506
2703 4003
4003 4653
4581 4653
4581 4654
4654 4872
4872 4960
3889 4960
3889 4116
1141 4116
1141 1191
1191 1846
1846 4527
1339 4527
1339 2787
2390 2787
1202 2390
1202 3527
1326 3527
914 1326
914 975
975 3039
948 3039
948 1916
1916 4174
2427 4174
2427 3718
3718 3931
3931 4734
2343 4734
2343 2859
48 2859
48 1763
1763 4912
3481 4912
3111 3481
3111 3246
3246 3264
2220 3264
2220 4869
1086 4869
1086 3058
3058 3289
706 3289
706 4605
4542 4605
3202 4542
3202 3820
799 3820
799 3467
254 3467
254 1418
1418 2190
2190 3785
226 3785
226 3827
3245 3827
2368 3245
374 2368
374 534
534 3319
107 3319
107 2752
1623 2752
1623 4577
3800 4577
1762 3800
1762 2995
2995 4807
2157 4807
2157 4528
4194 4528
3195 4194
3195 3790
1297 3790
131 1297
131 2253
2253 3952
506 3952
506 3442
1892 3442
619 1892
619 4267
4267 4745
1989 4745
1989 2083
1662 2083
1662 2091
2091 2690
2690 3089
3089 4737
724 4737
724 1477
1477 1552
1552 4862
2895 4862
415 2895
415 4879
1828 4879
658 1828
658 4705
4705 4765
4400 4765
2392 4400
2392 3783
2996 3783
2996 3149
3149 3888
3888 4144
3182 4144
2933 3182
2933 3252
1933 3252
1687 1933
899 1687
899 2700
2700 4582
1865 4582
892 1865
892 2199
2199 3409
3409 4329
76 4329
76 1166
1166 3046
3046 3611
2444 3611
2444 2988
2988 4378
2610 4378
578 2610
578 3722
202 3722
84 202
84 4004
3643 4004
1140 3643
1075 1140
1075 3018
2202 3018
2202 2491
1980 2491
1023 1980
1023 4337
4332 4337
2920 4332
2920 4868
1349 4868
1349 1965
1761 1965
1761 4454
1653 4454
1491 1653
432 1491
432 3305
848 3305
848 3884
3353 3884
1096 3353
1096 1682
1682 3253
3253 3705
2042 3705
1494 2042
1494 2033
1369 2033
1369 3178
1759 3178
1759 1786
1786 4814
2235 4814
2235 4911
812 4911
812 4571
2438 4571
1840 2438
186 1840
186 3411
926 3411
926 1739
1649 1739
1649 4957
3646 4957
652 3646
123 652
123 682
606 682
606 2371
1803 2371
1803 4845
2241 4845
2241 4759
229 4759
229 1386
68 1386
68 1056
1056 4863
1079 4863
1079 3929
2307 3929
2307 4168
3684 4168
3628 3684
57 3628
57 4236
4236 4384
18 4384
18 2632
2009 2632
1953 2009
1953 3654
3654 4448
119 4448
119 767
767 4304
1688 4304
1688 3648
401 3648
401 4178
4034 4178
4034 4878
3559 4878
3559 3890
2443 3890
2443 3682
3682 4970
798 4970
798 3761
3576 3761
348 3576
348 3619
1978 3619
1978 2000
866 2000
866 912
912 1292
1292 4456
4456 4916
3784 4916
2040 3784
1990 2040
893 1990
644 893
644 4728
871 4728
871 2572
2572 4790
178 4790
178 4273
3538 4273
1044 3538
556 1044
556 4522
350 4522
350 2689
2689 3355
3355 3703
3703 4387
233 4387
233 2650
2650 2830
28 2830
28 3007
3007 4710
1147 4710
1147 2216
153 2216
153 3134
962 3134
501 962
501 1394
1394 2399
1315 2399
59 1315
59 3426
2207 3426
1625 2207
1047 1625
898 1047
282 898
282 2645
1871 2645
1871 2477
958 2477
958 1886
755 1886
755 3449
2058 3449
1959 2058
156 1959
156 1360
856 1360
856 1264
1264 2128
533 2128
533 3061
3061 4904
4011 4904
2543 4011
633 2543
199 633
199 3229
3229 3983
795 3983
795 3469
3469 3795
3318 3795
308 3318
308 3237
2591 3237
541 2591
541 2845
2831 2845
1858 2831
1858 4982
1987 4982
1987 3115
3115 4680
2484 4680
2484 4676
4294 4676
3822 4294
1787 3822
1219 1787
1219 3038
1391 3038
1391 4127
2328 4127
2328 4010
2635 4010
1904 2635
325 1904
325 1639
1639 4280
3236 4280
403 3236
403 3217
2889 3217
2889 3742
3742 4233
3213 4233
3213 4706
283 4706
283 4165
1231 4165
1231 1950
1950 2634
2634 4064
2135 4064
2135 3320
2232 3320
2232 2901
2901 3375
3375 3842
3474 3842
2329 3474
2329 2494
823 2494
442 823
247 442
247 1500
1500 2205
2205 2561
2534 2561
2233 2534
2233 3482
3102 3482
3102 4325
1882 4325
1882 3925
1579 3925
1579 4519
689 4519
126 689
126 3710
3513 3710
3308 3513
679 3308
679 709
709 2972
2972 3043
234 3043
234 1068
1068 2323
778 2323
778 1707
1495 1707
1167 1495
1167 4541
2902 4541
2902 3491
3491 3871
2059 3871
1544 2059
1544 2078
1372 2078
1372 2644
1286 2644
1286 2846
2846 4435
2052 4435
58 2052
58 1336
1336 2799
2799 4176
4005 4176
2884 4005
657 2884
657 1727
1727 4375
2172 4375
2172 4133
615 4133
615 2346
1614 2346
1614 1693
1643 1693
1643 3764
3764 4281
3866 4281
2421 3866
1098 2421
1098 4740
3053 4740
793 3053
793 2461
1034 2461
1034 3526
3526 4128
1966 4128
1966 2540
2540 3031
2743 3031
1601 2743
1601 3344
3344 4962
907 4962
907 1776
687 1776
687 4333
1957 4333
1957 2905
142 2905
142 236
236 4682
3445 4682
3445 4936
4619 4936
267 4619
267 4342
2388 4342
1524 2388
1524 3598
1384 3598
1384 3494
922 3494
922 1969
1428 1969
1428 2829
505 2829
505 4704
323 4704
323 4777
2154 4777
2154 3942
809 3942
809 2446
2446 4811
4373 4811
1956 4373
1956 4192
2638 4192
2638 3573
3054 3573
3054 4574
3239 4574
2532 3239
72 2532
72 2185
2185 4497
2781 4497
1585 2781
318 1585
318 2147
1536 2147
1536 1555
1555 2259
1640 2259
868 1640
868 3836
764 3836
764 2848
2065 2848
710 2065
143 710
143 3301
326 3301
326 459
459 1864
1864 2381
2381 3051
540 3051
540 1007
14 1007
14 2210
1535 2210
1227 1535
1227 1729
1729 4674
1436 4674
1436 2256
1988 2256
1988 2316
2316 3338
1281 3338
1281 4598
810 4598
810 990
990 2092
2092 3886
561 3886
561 783
530 783
530 3558
2397 3558
2397 4723
3982 4723
1119 3982
1119 2922
2922 4220
2178 4220
1424 2178
989 1424
989 4166
3373 4166
1083 3373
1083 3325
3325 4208
3668 4208
431 3668
431 3447
3265 3447
1169 3265
1169 4398
1718 4398
1600 1718
1600 4459
3590 4459
1179 3590
1179 3114
3114 3701
2820 3701
1807 2820
789 1807
683 789
683 1402
1402 3507
638 3507
638 1847
281 1847
281 481
481 2373
2373 4819
3555 4819
3555 4899
4799 4899
4278 4799
363 4278
363 1482
566 1482
566 2738
2738 3640
936 3640
936 4711
3998 4711
3998 4053
3996 4053
1278 3996
804 1278
804 1440
1440 4181
2987 4181
584 2987
584 1080
1080 2030
125 2030
125 4973
983 4973
983 4535
4535 4988
4492 4988
2118 4492
774 2118
774 1405
1405 2183
2183 3086
686 3086
686 3510
3428 3510
3428 4906
4615 4906
1703 4615
1249 1703
1249 2828
2828 3238
2683 3238
2683 3441
3441 4172
2365 4172
10 2365
10 3572
460 3572
460 1702
1702 3212
1790 3212
1790 4348
3896 4348
1335 3896
182 1335
182 2757
886 2757
886 1925
734 1925
734 4932
2462 4932
2462 2559
450 2559
450 676
676 2742
1571 2742
1571 4106
3359 4106
1031 3359
1031 2710
2710 4189
1678 4189
1678 3807
3556 3807
3556 3868
3868 4482
3766 4482
304 3766
304 4389
4389 4796
2601 4796
463 2601
463 4412
1999 4412
1999 3948
721 3948
721 2857
2726 2857
2726 3967
1412 3967
1376 1412
1376 3405
2735 3405
2735 4074
2518 4074
2518 4501
3272 4501
3272 4197
4197 4395
2485 4395
376 2485
376 2453
287 2453
287 1393
593 1393
593 3249
917 3249
917 3637
3637 3746
3746 4386
3826 4386
3826 3892
420 3892
420 4012
240 4012
240 2449
1592 2449
1592 3882
3882 4594
2330 4594
331 2330
331 3592
2946 3592
2946 4040
3304 4040
3162 3304
3162 3846
1525 3846
1525 2222
1438 2222
1178 1438
1178 1958
1958 3256
2676 3256
1815 2676
1330 1815
878 1330
878 3248
2692 3248
2122 2692
2122 3088
1527 3088
1054 1527
1054 2906
902 2906
902 4283
4265 4283
288 4265
288 807
807 4370
1767 4370
1767 4259
3736 4259
3107 3736
3107 4109
2106 4109
15 2106
15 2699
2699 3345
1203 3345
846 1203
846 3488
3488 3532
1484 3532
1484 1522
1522 3472
3472 4450
3599 4450
861 3599
861 3036
2605 3036
2605 3656
2212 3656
503 2212
503 3692
3692 4317
532 4317
532 2904
1041 2904
1041 2606
22 2606
22 4846
4756 4846
2592 4756
2592 3489
3489 4669
589 4669
589 2819
594 2819
594 872
872 1379
1379 4826
2227 4826
1922 2227
1922 4426
412 4426
412 3551
3406 3551
3406 4481
3615 4481
2448 3615
919 2448
545 919
545 3009
3009 4692
1753 4692
832 1753
299 832
299 1118
647 1118
647 1820
63 1820
63 3458
3458 4562
1151 4562
1151 3352
3352 3600
3600 4782
3098 4782
3098 4432
670 4432
670 4248
636 4248
636 2378
155 2378
155 3300
3206 3300
3206 4321
3396 4321
2038 3396
2038 2952
2952 3610
749 3610
749 4328
605 4328
605 911
650 911
650 3605
206 3605
206 2883
1713 2883
1713 3183
1671 3183
355 1671
355 3041
3041 3480
3480 4050
2548 4050
2548 4471
333 4471
333 4044
4044 4319
3118 4319
2766 3118
1809 2766
1809 3677
3677 4895
882 4895
882 3545
784 3545
784 1395
1395 2213
2213 4057
1165 4057
1165 1269
520 1269
256 520
256 3702
2370 3702
622 2370
622 3066
3066 3485
364 3485
364 4876
1046 4876
607 1046
607 3565
1163 3565
1019 1163
517 1019
517 1073
1073 4396
4396 4794
2134 4794
2134 4360
3711 4360
3322 3711
2242 3322
1900 2242
1900 4414
2965 4414
522 2965
522 2140
2140 3634
3634 4418
485 4418
190 485
190 2288
965 2288
965 1784
1043 1784
118 1043
118 1422
1422 3378
3378 4066
3294 4066
327 3294
167 327
167 4684
3935 4684
377 3935
185 377
185 4572
2076 4572
2076 4731
4552 4731
2086 4552
1243 2086
1243 1559
309 1559
309 4473
4473 4621
4621 4640
585 4640
102 585
102 231
231 1032
1032 3416
3416 3992
2116 3992
2116 3621
1088 3621
1088 3516
3516 4289
4289 4592
1467 4592
1467 3797
904 3797
904 2626
2626 2913
2609 2913
2609 4300
4300 4489
524 4489
524 1526
1509 1526
1287 1509
1287 3679
3226 3679
3226 3542
3462 3542
3462 3829
337 3829
152 337
152 497
497 3739
3730 3739
888 3730
888 4998
577 4998
577 1251
1251 2669
2669 4466
2821 4466
368 2821
368 1565
1565 2841
34 2841
34 3799
3799 4597
884 4597
884 3760
375 3760
375 747
747 2507
1741 2507
1741 2169
1070 2169
1070 3234
2651 3234
2651 3776
2274 3776
2237 2274
1344 2237
1268 1344
1268 1570
1570 1796
1796 4270
400 4270
400 2226
397 2226
397 1638
1638 3770
531 3770
531 553
553 4656
4656 4902
2537 4902
2537 3624
1189 3624
1189 3019
977 3019
841 977
841 4447
891 4447
891 1558
1558 2903
779 2903
779 3904
2674 3904
2674 3509
834 3509
834 3025
1318 3025
1318 2865
27 2865
27 4923
3354 4923
897 3354
897 2720
1895 2720
1323 1895
1323 2317
1451 2317
1451 2176
2176 2911
2911 4201
813 4201
813 1328
1328 3951
518 3951
518 2961
1456 2961
1456 4742
1066 4742
1066 1067
1067 4069
6 4069
6 4567
4498 4567
805 4498
805 2355
483 2355
483 2026
2026 2958
2958 4084
4084 4627
3741 4627
3741 4397
1113 4397
445 1113
445 1213
1213 2218
671 2218
671 4212
4212 4700
580 4700
580 4781
1452 4781
1452 1483
1483 2894
592 2894
592 2414
2414 3460
1722 3460
1722 1883
1883 3994
608 3994
608 1530
1530 4029
818 4029
818 3329
2470 3329
1368 2470
1368 3112
3112 4810
83 4810
83 2166
2166 3907
2182 3907
2182 4354
1852 4354
1852 3650
1843 3650
1843 3387
1222 3387
1222 3775
2115 3775
1709 2115
631 1709
631 1694
1694 2335
2335 4357
4357 4478
1572 4478
398 1572
398 2546
2546 4802
1294 4802
515 1294
515 1859
329 1859
329 574
225 574
225 4083
4083 4153
4001 4153
4001 4296
3418 4296
2929 3418
2929 3833
3833 4887
1657 4887
786 1657
195 786
195 4200
3607 4200
2969 3607
544 2969
17 544
17 1348
1348 2960
2960 3311
360 3311
55 360
55 1302
1302 2574
2574 2917
2886 2917
2469 2886
20 2469
20 210
210 2630
215 2630
215 1661
1661 3198
624 3198
624 1146
1146 4204
488 4204
488 1351
1351 4743
4026 4743
645 4026
645 4773
2457 4773
2457 3735
380 3735
292 380
292 814
814 1605
1605 1634
301 1634
301 3564
2293 3564
2293 2487
2487 3578
311 3578
311 2767
2767 4000
111 4000
111 3153
3153 3903
2339 3903
2339 3037
2712 3037
2712 4540
3867 4540
3867 4775
4468 4775
2085 4468
1308 2085
1308 4602
1714 4602
1714 1911
1911 3219
1934 3219
258 1934
4 258
4 2721
2127 2721
944 2127
944 1152
967 1152
967 2930
2930 3400
3400 3899
2734 3899
2734 4523
3079 4523
291 3079
291 471
471 1461
1461 4451
4451 4784
1250 4784
1250 2374
2374 4085
2027 4085
1706 2027
227 1706
227 3845
3845 4963
4250 4963
4250 4771
4077 4771
4077 4889
1737 4889
1270 1737
1270 3177
2478 3177
1305 2478
623 1305
623 2234
2047 2234
641 2047
641 1590
1210 1590
1210 2794
2794 4383
4052 4383
2046 4052
306 2046
180 306
180 4098
3425 4098
3122 3425
3122 3670
372 3670
372 1808
80 1808
80 1929
1929 4091
2677 4091
1758 2677
1758 4086
493 4086
493 4253
4154 4253
4154 4975
502 4975
502 3497
3497 4377
2701 4377
2701 4898
3218 4898
3218 4464
1058 4464
1058 4579
1940 4579
1940 4516
1150 4516
611 1150
611 1964
1964 2175
2175 4225
3748 4225
3591 3748
3591 4827
2512 4827
2512 3080
3080 3786
3786 3877
2874 3877
1838 2874
1838 3858
3858 4405
78 4405
78 1240
1240 3255
1331 3255
1331 2318
2318 2662
1053 2662
1053 2007
2007 2741
1246 2741
216 1246
216 3368
1411 3368
1411 2349
2066 2349
2066 3048
3048 4616
4139 4616
472 4139
472 2193
2193 2876
2876 4382
4269 4382
3850 4269
9 3850
9 987
987 1811
1811 4226
3349 4226
579 3349
579 1176
82 1176
82 653
653 2239
2239 4249
3090 4249
253 3090
253 4007
3683 4007
1510 3683
1510 1915
1084 1915
1084 2784
1410 2784
1410 1879
815 1879
714 815
500 714
500 1540
52 1540
52 1478
1478 2628
393 2628
393 4016
2892 4016
1812 2892
1550 1812
1550 4102
938 4102
938 3042
3042 4578
3832 4578
427 3832
427 3727
2249 3727
2249 3750
761 3750
761 1180
1180 2785
2785 3541
850 3541
850 3096
213 3096
213 3144
3144 4961
2080 4961
838 2080
838 4101
4101 4919
1797 4919
1797 4483
1122 4483
1122 3391
3391 3961
601 3961
601 655
489 655
489 3129
3129 4652
2549 4652
2549 3644
1383 3644
1383 2466
2466 4949
1557 4949
1114 1557
1114 4210
1891 4210
1891 2021
2021 4095
4095 4190
4190 4433
113 4433
113 880
880 2881
2881 3087
822 3087
822 2010
2010 4409
1400 4409
1400 2354
2354 3582
824 3582
824 2612
2612 3544
413 3544
413 2557
387 2557
387 1341
1341 2967
2967 4971
1161 4971
252 1161
252 2964
863 2964
863 2593
2593 3140
3140 4942
4163 4942
3632 4163
1316 3632
978 1316
978 3302
2882 3302
1983 2882
1821 1983
1416 1821
1416 3906
3493 3906
317 3493
317 998
558 998
558 2214
2214 3454
3454 4463
5 4463
5 2352
1329 2352
1329 2201
115 2201
115 3695
165 3695
165 1350
1350 1681
1681 3514
2258 3514
2204 2258
2093 2204
2093 4857
2053 4857
2053 2675
2675 4284
4284 4362
3944 4362
2768 3944
2768 3715
1307 3715
1307 4049
2755 4049
2755 3168
2727 3168
2727 4631
449 4631
449 3747
3747 4797
2590 4797
2463 2590
1310 2463
1310 3155
1619 3155
1619 3594
2977 3594
937 2977
219 937
62 219
62 3194
3194 3808
3808 4298
2472 4298
2472 4312
2880 4312
144 2880
144 4991
2640 4991
2640 3891
3423 3891
3151 3423
1901 3151
1901 4503
2915 4503
1674 2915
1674 3222
1771 3222
1771 2120
2120 4078
2362 4078
2362 4679
4352 4679
272 4352
272 831
831 2586
2586 3433
845 3433
845 4025
4025 4058
3585 4058
3585 4138
2384 4138
874 2384
874 1037
1037 4149
3366 4149
2246 3366
2246 4196
3504 4196
642 3504
642 3792
2306 3792
2306 2566
2566 3188
765 3188
765 4791
4506 4791
1488 4506
1488 3310
3310 3430
3430 4618
2624 4618
2624 3757
3757 4655
66 4655
66 2868
2868 4491
4129 4491
467 4129
467 842
842 1010
1010 1654
1654 2672
1696 2672
1696 4072
2682 4072
2682 3281
384 3281
384 1621
1621 4184
2509 4184
2509 4218
1792 4218
1792 3674
1586 3674
1586 2912
1730 2912
1730 3909
2832 3909
2023 2832
2023 2860
2860 4041
135 4041
135 4779
2025 4779
2025 4256
2432 4256
2432 3728
759 3728
759 2631
900 2631
900 4628
2955 4628
245 2955
245 4944
1430 4944
1430 1548
1548 3655
45 3655
45 3916
3275 3916
3275 4122
1260 4122
1260 3209
1556 3209
1556 3312
29 3312
29 4246
2552 4246
2552 4279
3223 4279
1274 3223
1274 3581
3581 4966
4434 4966
3150 4434
2136 3150
2136 4864
3130 4864
2678 3130
2678 3840
825 3840
825 3270
243 3270
243 1633
1633 4995
851 4995
851 2089
2089 4416
2684 4416
2684 4018
1951 4018
1951 3225
71 3225
71 4668
1545 4668
1545 1880
1880 4467
4467 4786
4537 4786
4537 4893
2375 4893
2375 2617
1742 2617
1597 1742
1597 2344
1853 2344
1853 3432
994 3432
994 2713
2533 2713
1103 2533
1103 3010
3010 4526
2272 4526
435 2272
435 3133
1985 3133
1985 2311
2311 4752
369 4752
369 1154
1154 3734
2575 3734
2575 4610
1125 4610
1125 3459
964 3459
964 3390
3277 3390
3277 3618
1663 3618
320 1663
320 3774
1593 3774
1445 1593
1445 3370
3370 3932
1401 3932
1401 4359
386 4359
386 4985
745 4985
745 4823
2250 4823
2250 4287
3192 4287
797 3192
797 4234
12 4234
12 2791
2791 4392
4030 4392
3518 4030
2850 3518
221 2850
221 3210
3062 3210
1502 3062
1502 4100
365 4100
365 4659
160 4659
160 4924
1816 4924
1209 1816
177 1209
177 3216
2072 3216
2072 4241
3331 4241
2407 3331
599 2407
599 4021
1631 4021
1631 1700
271 1700
271 1789
675 1789
675 836
836 901
100 901
100 2039
1506 2039
1506 3597
1575 3597
1575 3473
3473 4505
2479 4505
175 2479
175 1354
1354 4566
3333 4566
1794 3333
988 1794
988 4167
3123 4167
3123 3439
3439 4445
1460 4445
1460 4262
1517 4262
1517 3027
1825 3027
1825 4896
895 4896
895 4104
2939 4104
2001 2939
2001 2364
2364 2716
980 2716
896 980
896 2569
289 2569
289 628
628 1984
1984 2044
2044 4897
4716 4897
98 4716
98 4388
4388 4838
4561 4838
3496 4561
3496 4013
1829 4013
1829 4297
3332 4297
3332 3738
598 3738
598 2121
816 2121
816 1617
1617 2750
2750 3328
3328 4663
4663 4992
4860 4992
2530 4860
2530 4853
4850 4853
3869 4850
2439 3869
2439 3604
821 3604
821 4877
2696 4877
2696 4611
3247 4611
859 3247
31 859
31 70
70 3847
2018 3847
2018 3220
2191 3220
2191 4358
3533 4358
96 3533
96 2502
1050 2502
1050 1831
1099 1831
1099 2389
2068 2389
421 2068
421 1304
974 1304
974 2062
2062 3540
2434 3540
2434 2668
2668 3278
3278 4564
2163 4564
2163 4548
1848 4548
1848 4476
4476 4725
3566 4725
3566 4213
2556 4213
2177 2556
2177 4646
4646 4822
422 4822
422 2022
2022 3104
3104 4770
4738 4770
4738 4852
1854 4852
692 1854
692 2088
2088 2476
136 2476
136 3546
1206 3546
1206 2573
2573 4031
4031 4335
1142 4335
1142 3340
3340 4173
2621 4173
2621 4764
2731 4764
2731 3887
1247 3887
1247 4803
4453 4803
817 4453
817 3577
3577 4702
519 4702
519 890
890 1855
925 1855
925 3385
3385 3399
2005 3399
2005 2641
2641 3006
1772 3006
388 1772
388 498
498 1236
509 1236
509 3917
1040 3917
1040 1677
1677 4266
1470 4266
1470 2599
827 2599
827 2125
2125 4394
4394 4630
2179 4630
2179 3771
184 3771
184 2867
2867 3905
3905 4119
4119 4524
2910 4524
2910 4429
2623 4429
495 2623
495 1448
1448 2717
2717 3364
2276 3364
2276 3602
3024 3602
2576 3024
499 2576
499 3824
3751 3824
1629 3751
179 1629
179 1463
1463 1576
1576 1806
1806 3627
482 3627
482 3853
2587 3853
2521 2587
474 2521
474 726
726 1867
1867 2297
2297 3874
458 3874
458 4994
1223 4994
1223 3250
3250 4349
3060 4349
3060 4311
3175 4311
3175 3647
754 3647
754 2011
2011 2869
2869 4145
4145 4997
1468 4997
1468 3440
2736 3440
2736 4367
4331 4367
2756 4331
2756 2927
1464 2927
1464 3769
981 3769
981 4115
1233 4115
1233 4120
1618 4120
1618 1913
181 1913
181 3755
705 3755
705 4260
2535 4260
370 2535
370 550
550 3032
1971 3032
1971 3008
762 3008
664 762
154 664
154 1487
1487 2583
2539 2583
1952 2539
1238 1952
1238 3733
3733 4699
651 4699
44 651
44 193
168 193
168 1030
36 1030
36 3875
1580 3875
1580 2493
1962 2493
1962 2197
298 2197
298 3940
2746 3940
2112 2746
1655 2112
1655 3052
3052 3612
2916 3612
2748 2916
1615 2748
1615 3363
3227 3363
3227 4719
1197 4719
1197 2526
2526 4291
1186 4291
1186 2600
2600 2763
56 2763
56 3989
1173 3989
1173 1378
1378 4604
2129 4604
2129 4242
3035 4242
3035 4686
1062 4686
1062 2627
2627 4760
2877 4760
2877 3508
1869 3508
741 1869
741 860
860 4062
3075 4062
3075 3295
419 3295
419 3860
2006 3860
1253 2006
1253 1970
1970 2940
2940 3071
3071 3964
1546 3964
1546 3161
3161 4408
4408 4573
2145 4573
1117 2145
373 1117
373 4892
3050 4892
176 3050
176 2809
2809 3876
2840 3876
1215 2840
1215 4444
4070 4444
2409 4070
2409 2991
232 2991
232 265
265 1082
1082 3676
3676 4351
342 4351
342 4584
3137 4584
979 3137
648 979
648 4502
632 4502
632 3193
3193 4749
2732 4749
2036 2732
1479 2036
1366 1479
1366 3699
3204 3699
3204 3724
2943 3724
2803 2943
1539 2803
438 1539
438 4307
1004 4307
1004 3335
316 3335
316 1201
597 1201
597 982
982 1005
1005 3284
1198 3284
1198 2324
616 2324
616 3404
3404 4531
4531 4736
2837 4736
1947 2837
1947 2899
2899 4866
526 4866
526 4043
2424 4043
2424 4097
3815 4097
2445 3815
1760 2445
1760 3817
3464 3817
3136 3464
30 3136
30 2133
7 2133
7 801
801 1782
1782 3092
2560 3092
839 2560
201 839
201 1780
1780 3749
3667 3749
25 3667
25 943
943 4214
4214 4504
303 4504
303 3623
196 3623
196 513
513 3569
1733 3569
1733 3125
1338 3125
1338 4677
1399 4677
737 1399
81 737
81 441
441 4347
2753 4347
2753 2974
1048 2974
1048 3358
2873 3358
2873 3427
1248 3427
1248 1609
1609 1756
957 1756
957 2111
2111 3633
3633 4320
2866 4320
2524 2866
2524 4441
1740 4441
1740 4134
2542 4134
2542 3934
3078 3934
3078 4286
263 4286
263 1632
788 1632
788 928
928 4245
3274 4245
2835 3274
409 2835
409 2697
2697 3492
2986 3492
2285 2986
2285 3290
358 3290
358 2094
43 2094
43 2275
557 2275
557 3511
1120 3511
1120 4063
3911 4063
864 3911
105 864
105 1611
1611 4455
1903 4455
404 1903
404 1490
339 1490
339 4977
1596 4977
1596 4162
2896 4162
65 2896
65 3259
1012 3259
1012 3174
997 3174
997 1943
1943 2003
2003 4639
927 4639
405 927
405 954
954 1549
1549 1906
1906 3450
3450 3554
40 3554
40 4600
1370 4600
89 1370
89 2800
2800 3881
3881 4937
4830 4937
3073 4830
1245 3073
1245 4729
955 4729
955 4485
4067 4485
2013 4067
1910 2013
1910 1921
486 1921
486 672
672 4302
588 4302
588 3268
1528 3268
1528 2499
2499 4665
3870 4665
437 3870
437 2706
2706 3413
2519 3413
2519 4925
2077 4925
2077 3057
3057 4712
1185 4712
1185 2359
2359 4622
3743 4622
3743 4891
2722 4891
2400 2722
237 2400
237 1074
1074 4840
4824 4840
4824 4969
2489 4969
2489 3165
3165 4327
4327 4885
3257 4885
3257 4882
3883 4882
3883 4474
3201 4474
1887 3201
1887 2155
1296 2155
1296 1573
1573 4861
1299 4861
127 1299
127 1102
1102 4903
634 4903
634 2437
1396 2437
73 1396
73 2863
609 2863
609 1697
1257 1697
1257 3665
1504 3665
1214 1504
1214 2056
385 2056
385 2100
222 2100
222 1226
1226 3995
712 3995
712 2113
2113 2694
604 2694
604 4792
462 4792
462 3475
3475 3515
602 3515
602 2733
1192 2733
1192 1493
1493 4772
4772 4908
361 4908
361 4439
539 4439
539 2783
2002 2783
2002 2184
2184 4950
2483 4950
2073 2483
2073 2745
2745 2853
2853 4186
2503 4186
2503 4801
280 4801
280 4035
1777 4035
1777 3758
3758 4008
949 4008
290 949
290 496
496 2081
2081 3669
1866 3669
1866 2393
1252 2393
1252 3040
295 3040
295 2602
2602 3120
3105 3120
3105 3641
3471 3641
3303 3471
2124 3303
1851 2124
1851 3023
2280 3023
1279 2280
1279 1356
953 1356
811 953
811 1221
1221 1745
456 1745
456 2919
2919 4372
4372 4808
4442 4808
4264 4442
1429 4264
1429 3327
1359 3327
1359 4685
777 4685
777 854
854 4227
2550 4227
2550 2718
346 2718
197 346
197 2228
2228 3147
3147 4156
879 4156
879 2358
2358 4222
4222 4318
4318 4556
4510 4556
2822 4510
2822 3802
1751 3802
1751 2680
1293 2680
1293 3622
3622 4707
1104 4707
1104 2492
1481 2492
1481 3334
109 3334
109 4073
528 4073
528 1967
1967 2649
2513 2649
2513 2885
903 2885
663 903
663 4543
4543 4828
4720 4828
4720 4884
3844 4884
2057 3844
2057 4368
3928 4368
1345 3928
319 1345
319 826
826 1059
1059 4515
2801 4515
1149 2801
1149 2196
2196 3772
894 3772
894 2938
2938 4549
2775 4549
2629 2775
108 2629
108 909
909 3091
3091 3288
162 3288
162 4965
410 4965
410 3862
1560 3862
1560 4082
4082 4601
112 4601
112 2531
2383 2531
2383 4606
695 4606
244 695
244 2012
2012 2342
2342 3707
2304 3707
2304 4835
800 4835
800 2123
2123 2497
2497 4931
4285 4931
277 4285
277 1375
1375 4243
46 4243
46 3816
3816 4059
2664 4059
2664 3536
1995 3536
1200 1995
1200 2772
2286 2772
1607 2286
1607 2305
1521 2305
1521 1588
1588 2711
1936 2711
1936 3574
2928 3574
389 2928
389 2564
2564 3157
1505 3157
1505 2921
567 2921
567 770
770 3804
145 3804
145 2221
2221 3796
3796 3811
2944 3811
2944 4356
172 4356
172 2747
2747 4550
1106 4550
1106 4776
3306 4776
3306 4780
239 4780
239 1584
1584 3689
1670 3689
1670 4198
1097 4198
1097 3547
1498 3547
1498 4867
4867 4871
1520 4871
1520 2707
2458 2707
1077 2458
1077 3184
3184 4211
3267 4211
2973 3267
2973 3463
2585 3463
2585 2962
1553 2962
1553 2473
2473 3077
3077 3321
205 3321
205 1937
1937 3402
418 3402
264 418
264 4888
626 4888
414 626
414 1941
1941 2505
1955 2505
1955 3976
3680 3976
1435 3680
881 1435
881 4968
4883 4968
4555 4883
991 4555
991 4203
4203 4595
787 4595
787 3571
2422 3571
2422 3121
1563 3121
1563 3081
1101 3081
1101 3251
3251 3693
2893 3693
2893 4090
1927 4090
942 1927
942 1508
603 1508
603 4413
4413 4929
1462 4929
1462 1513
1513 1715
1715 3499
88 3499
88 1170
1170 1975
1473 1975
1473 3767
3767 4747
1924 4747
1271 1924
1271 2495
1991 2495
1642 1991
853 1642
853 2849
971 2849
971 4366
2774 4366
2504 2774
2504 4625
3414 4625
3414 3920
2872 3920
2283 2872
1022 2283
1022 3313
3313 3635
95 3635
95 2926
38 2926
38 4147
3864 4147
1011 3864
1011 4708
4708 4938
324 4938
324 2500
2500 3947
3947 4987
446 4987
446 1755
1755 2267
1408 2267
1408 4529
1996 4529
1996 2806
2806 3603
3487 3603
1275 3487
1275 3852
268 3852
268 1388
1388 4363
2777 4363
2777 3336
2900 3336
270 2900
270 1881
1860 1881
1860 4093
357 4093
357 1516
1516 2615
2615 4293
4164 4293
1092 4164
1092 3453
3169 3453
3059 3169
1804 3059
276 1804
276 4657
1367 4657
