5000
[]]][[[]]][]]]][][]]][[[][[[[][[]][[]][[]][]][[][[[][[[[[]][]]]]]][[][][]]][][][[[[[]][][[[]]][]][[[[]][[[][[[][]][[[]]][]][]][]]]][]]]]][[][[][][[[[][[[[]][[[][[][[[[]][[][][[][[][[[][[][[[]]][[[[][[][][[][][][]][[][[]][[[[][[]]][]][]]]]][[[]]][]][][][[]][][[][[][]][[][[][[[][[]]]]][[[[][][][[[[[]]]][]][][][]]]][][][][]][]]][[[][]]][[[[[]][[[[][]]]]]][]]]][]]][][][[]][[]]][[[[[]]][[]][[[[[]][][[]][][[[[][[[[[][[]][[[[]]]]]]][]][[][][[][[][[[[]]][]][[][[][][[[[[][[][[]]]]]][[][[]]]][][][[[[[[[]][[[[][]][]]][][][]][[]]]]][[[[[[[[][]][]][][]]][[[[]][[][][[[][[[]]]]]][][[[[]]]][]]]]][][[[][[]][]][[[[][[]]][[][[[]]]]]]][[][[[][][[]]]]][[][]][[][]][[[[][[[[[[[]][[[[][]][[[][][]][[[[]][[]]]]]][][[]]][]][[[[[]][[]]][[]][]]][[[[[[][][[[[[][][[]]]]]][][[]][][][[[]]][]]]]]]]][][]]][[[][]]]]][[[[]]]][[[][][]][]][[][[]]]][[[][][[]]][]]][[[]]]][[][[][[]][][][][][]]]]][]][][]][][]]][]]]]][][]][[][]][]]]]][[]][]]][[][[]]]][[]]][[[]][[][[]]]]][][[[]]][][[]][[[[[[[]]]][[[[[][[][[[][][][]][[[[[]][]]]][][[[][[[[][[[[[][[[[][]]]][[][[][[[[]]]][]][][[[]][]]][[[]]][[]]]]]][[[]][][[][][[[[[[][][]][]]][][][][]]]]][[][[[[[][[[]][]]][]]][[][]]][[]][][[[[[]][[][[[]]]]]][]][[][[[[[][]]]]]]]]]]]][[]]]][]][[]]]][][[[][[[]][[]][[[[][][[][]]][[[][]]]][[][]]]]]][]][][]]]]]]]]]]]]]]]]]][[][]][[[[[[[[][]]]]]][[[][]][[[[[][[][][][][]][][]][[[[][][][[]][[][]][[[[[][[][[[[[]][]]]]]]][[][[[[[[]]]]][[][][]][[]]]][][][[[]]][][[[]]]][]]]][[[[][[][]][[[][]][][][][[[][]]]][[[[][[]][[]][]][][[[]]]]][[]]][]][[]]]]][[[[[][]]]][[[[]][[]]][][[[[[]]][]]]][[[[][[]][]][][]][]]][]]]][][[]][][]][][]]][[]][]]]]]][][][][]]][[][][][[[][[][[[][]]]][[]][[][]][[[]]]][][]]][[][[]]]][[]]]]][[[]]][[]][[[[]][[]]]][]]]][[][[[][][][[[][[[]]][[[]][]][][]]][[]][[][][]]][[]][][]][[]]]]]][[[[][[][[[]][[][[[[[]]][[][]][][]][[[][[][]]]][[[[]]]]]]]]][[]]]][[][][][[[][][[[][[[][[]]][[[[[][[[[[][][[[]]]]]]]]][][]]][[[][][]]][][[[][][]][]]]]][[[[]][]][]]]][[[[][]]]][]]][]][][[[][][]]][[[][][][[[[[][[]]][[[]]]]][]]]]][[[[[[]]]][][]]]]]][[]]][]]][[]][][[][][[[[[[][][][[][[]]]]][[[[]][]]]]]][]][]][][]]][][][]][[[][][[[[][[][[][[[[]][][[][[]][[][[][[[[][][]][][][]]]]][][][[[[][]][[]]][[]]]][[][][][[]]][[[][][[[[[[]][[][]]]]]][[][[[][[[][][]][][]][]][[[]][[[[]]][]]][]]]]]]][[[]]]][][[[][[]]][[[][[[]][[][]]][[]][][][[]][][][]][[[]][]][[[]]][[[]]]]]][][[[[]][[[]]][][[]]][[]]]][[[[][][][[]]]][[[[][[]]][[][[][[[][[]]]][][[[[]][]]]]]][]][[[[[[[[[[[]]][][]][[][[[[[[[]]][[[[]]]]]]][][[][[[]]]][][[[][]]][[[[][[[]][[][[[[]][][]]]]]][][[[[[]]][[[[[[[]][[][][[[[][[]]]][][[]][[[][][[[[[[][[[][[]]]]][][[[[[][]][][[][[[[]][[][][[[[[][][]][][][[[][[[[][[][]]][][[[[][[]][[[[]][[[[[[][]]][]][][]]]][][[]][[[[][[]][[[[][[]][][]]]][[[]][[[]]][[]][[][[]]]][[]][]]]]]][]][]]][[][][][[[][[[[]][]]]]][[[[][][[][[[[[]][[][][][]][]]][][][]]]]]][[[][]][]]][[[[][]][][[[[[[[][[][[][[[[[[][]][[]]][[]][[][[]][]][][[[]]]][[[]]]]][[[][]]][[[]]]][[[]][][]][][[][[[[][[[]][]][[]][][][[]]][[][][[[[[[]]]]][[]]][[]][]][[[[]][[]]][][]]]][[][[[]][][[[[][[[[]]]][[[]][[]]]][][[]]][[][]]]][]][[]]]]]]][]][][[[][]]][[[]]][[[]][]]]]]][[[][[[[]][[]]]][][[][][][][[]][]]]]]][]]][[][][][[[[[[][[]]]][[][][][]]]][[][][]][]][[[][[[[][[]][]]]]][][[]][[[[[]][[[[[[[[[[[][[]][][[][][[][[][[]]]][][][]]][]]]][[[][[]][][][][]][[[]][][][[[[]][][]][][][][[[][[[[][]]][[]][[][[]]][][[[]]]]]]]][[]]]]][][[][[[[][][[[[][[[][[]]][[[][]]][]][]][]][[][[]][]][]][[][][[[][[][[][[][[[[][][[][][]]]]]]][[[]][[][][]][]]]][[[[[]][[][[[]]]][][[][][[[][][]][]][[][]]][][]]]]]][]][][]][[[][[[]][[][[[][]]]][][[[]][]]][[[[]][[]]]]][[[[[]][[[[][[][][[[[[]]][[][][]]][][]]]][[[]]][[[]][][[[[][[[]][][[][][[][]]][[[[[[][]][][][]]][[][]]][[[][[]][][[]]][]][]]]][[][]][][[][[[[][]][[[[]][][[[]][[][]][[]][][]]]][][[[[[]][[[[[[]]]][[]][][[][[][[][][[][[[[[[][]][]][]][]]]][[[[]][[][[[]]][]]][[[]]]][][[][]]]][]][]][]]]][]]]][[[[][[]]]]]]]]]][[]]]][]][[[]]][]][]][[[]][][[]]][[[]]][[][[][[[][[]][[][]][[[[]]][][][[[[]]]][[]]]]]]]][[[]]][]]][][[[]]]]][[]][]][[[[[[][[[[[[][]][][]][][[][[]][]]]]]]]]][][[]]]]]][][[[[][]]][][[[[[]][][[]]]][]][[[[[]]]][]]][]]][][][]]]][][[[[]]][[][[[]]][[]]][[[[]][[]]][[][]]]]][]]]][[][][[]][][]][]]]][]]][][]][][[]]]][[[]][[[][[[]]][][]]][[[]]][][[[][]][[]]]]]][[][][][]][[]]]]]][[][]][[[]][]]][]]]][[][[[[[[]][][[[][][[[]][[[][[[[[[[][]]]][[[[][[][]][[]][]]][][[[]][]]]][][[][[][[[[[[[]][[[[[]]]][[]][]][[]][][][[[]]][[[]][[[[][]]][[][[]]][]][][[[[]][[[[[][]]]][][]]][[[[][][[[]]][[]][[[[[[]][][][[]]][[][[[[[][]]][][[[[[]]][]][[][][[[[[[]][[[[]]]]][[][][[][]][][[[[]][][]]][][][]]][[[[[][][]][][[][[[[]]][][[][][]]][]][][[[[[[[]]]]][[]][]]][][[[[[[][][]]][][]]][[][[[]][]][]]]]]][]]][][]]][[[[[]]][]]]]][[][][[]]][]]]][][][[][][][[[]]][]][[]][]][]][][]][[][[]]][[][]][[[[[]]][][[]]][[[]][[]][[][][[[[]][[][[]]][][[[[][[][]]]]]]][[[][]]]]][[][]][][[[[[[[]][[[]]][[[]][][][][][]]][[][]]]][[]][[]][]]][][[[][]]][]][]][[]]][[][[[[[[][[[][][[[[]][][[][[[][[[][[][]][][]]]][]][[]][[]][]]]][][[][]][]][[]][[][[]][][[]][]][][[][][][][[[]]][[][[[][[[]][][][[][[][[][[]][][]]]]]]][]
3717 4118
934 3717
906 934
906 3944
1659 3944
1659 3874
1375 3874
526 1375
526 4309
475 4309
475 1069
1069 3762
3762 3774
1853 3774
1853 4770
3235 4770
3235 4601
1020 4601
1020 3646
440 3646
440 2788
1269 2788
936 1269
936 1393
1393 4704
435 4704
435 4927
191 4927
191 4936
1428 4936
1428 2257
1867 2257
719 1867
719 2425
2425 4310
4265 4310
2089 4265
1319 2089
1319 4682
786 4682
786 1205
1205 3601
1449 3601
512 1449
512 2984
61 2984
61 876
876 889
889 2975
2975 3358
2234 3358
2234 3487
3487 4065
901 4065
901 2319
2319 4143
3174 4143
3174 3682
1560 3682
1560 4825
2999 4825
2 2999
2 204
155 204
155 2996
1862 2996
1862 3969
3002 3969
3002 4797
2787 4797
319 2787
319 1762
1762 4456
4012 4456
1021 4012
1021 3657
1285 3657
1285 4898
407 4898
407 4606
2005 4606
2005 4292
1817 4292
1817 2224
2224 3559
1471 3559
1471 4830
429 4830
429 3321
2061 3321
777 2061
777 1715
1715 4924
735 4924
735 2802
2178 2802
1569 2178
1569 4680
4279 4680
1185 4279
675 1185
675 1176
1176 2886
1315 2886
506 1315
506 4280
1700 4280
1700 3862
1886 3862
1886 4643
2531 4643
2531 4813
1433 4813
1433 4287
339 4287
339 1783
189 1783
120 189
120 1397
1397 1510
1510 2326
2049 2326
442 2049
442 1735
1345 1735
1345 2566
2258 2566
2258 2715
1354 2715
632 1354
632 1060
1060 3109
3109 4127
2881 4127
2881 4651
4386 4651
976 4386
579 976
579 1716
552 1716
87 552
87 3419
2526 3419
1103 2526
1103 3454
2330 3454
105 2330
105 772
772 1187
1187 3313
348 3313
348 2915
2915 3897
832 3897
832 3825
3825 4942
3296 4942
3296 3606
3606 4036
3968 4036
1734 3968
1734 3743
2779 3743
2779 3202
2692 3202
2692 3881
1849 3881
1849 3025
3025 3931
219 3931
219 779
779 4737
372 4737
372 4600
3680 4600
1865 3680
1336 1865
1336 4081
3126 4081
213 3126
213 1422
926 1422
926 3329
3329 4997
3905 4997
1134 3905
1134 3480
3480 3766
2412 3766
244 2412
244 4565
1866 4565
1866 2524
599 2524
599 1472
1472 4387
2151 4387
918 2151
730 918
730 3001
3001 4795
2694 4795
1165 2694
1165 3793
3793 4555
1998 4555
1850 1998
769 1850
769 1497
1497 1567
591 1567
591 2345
2345 3346
1961 3346
1209 1961
1209 2281
1210 2281
228 1210
149 228
149 2371
2371 3203
3203 3503
958 3503
958 3003
2630 3003
2630 3477
560 3477
560 1913
1913 3039
3039 3716
3716 4415
4184 4415
2058 4184
924 2058
924 2728
2728 2957
2957 3769
3769 4587
1213 4587
1213 4423
3284 4423
3284 4164
557 4164
557 972
625 972
625 2448
2448 4649
3129 4649
2946 3129
2946 3259
3259 4551
3408 4551
3408 3848
1839 3848
1839 3687
3687 4148
1575 4148
323 1575
323 3418
1632 3418
188 1632
188 3062
2453 3062
547 2453
547 1810
791 1810
791 2454
2454 3816
1280 3816
1280 4583
2790 4583
825 2790
825 4685
4441 4685
1664 4441
1107 1664
969 1107
969 1841
961 1841
961 3216
1171 3216
698 1171
698 1416
1416 1818
1818 2295
2295 4484
768 4484
484 768
484 1243
911 1243
911 2078
650 2078
650 4409
230 4409
230 1507
759 1507
268 759
268 941
941 4131
4105 4131
1032 4105
656 1032
656 2726
273 2726
273 2171
1211 2171
434 1211
434 540
540 4775
474 4775
474 628
628 880
880 1372
1372 1676
1676 2353
2353 2774
844 2774
844 861
861 3088
2470 3088
1508 2470
1508 4338
1620 4338
1620 2185
755 2185
755 1074
647 1074
456 647
456 3858
208 3858
208 2861
1796 2861
1796 3688
1009 3688
1009 3823
3823 3839
714 3839
714 3624
495 3624
495 4949
1409 4949
1409 3449
1597 3449
1597 4616
2972 4616
2972 4440
479 4440
10 479
10 817
817 3510
1829 3510
806 1829
806 2169
1580 2169
1580 4438
93 4438
93 4165
2970 4165
2970 3063
2604 3063
2604 3471
3208 3471
100 3208
100 4802
1034 4802
1034 4670
3604 4670
478 3604
478 3101
25 3101
25 1549
1549 4890
3540 4890
712 3540
712 3576
3576 3591
2509 3591
940 2509
940 1040
1040 3194
810 3194
810 2437
1997 2437
1997 4407
4407 4493
2161 4493
2161 4403
3389 4403
3389 4047
1621 4047
888 1621
888 2929
2929 4870
1293 4870
1293 1605
1605 3200
3200 3964
3241 3964
3065 3241
3065 4546
2235 4546
2235 4050
4050 4073
1093 4073
1093 1141
1141 4882
127 4882
127 1051
194 1051
194 2725
179 2725
179 3163
2792 3163
2792 3702
3702 4562
3424 4562
1403 3424
243 1403
243 455
455 4137
2966 4137
1552 2966
1552 3552
867 3552
867 1033
1033 4013
2548 4013
519 2548
519 1496
363 1496
363 1963
1963 3557
3557 3660
3237 3660
263 3237
263 452
452 4153
198 4153
198 259
259 884
884 1887
1887 3730
2889 3730
387 2889
387 2421
1661 2421
1661 1825
1825 2291
2291 4511
280 4511
280 1843
172 1843
172 3047
1710 3047
1710 1751
1751 4211
2942 4211
648 2942
501 648
501 4925
166 4925
166 1937
1937 1944
1944 3705
2615 3705
111 2615
111 2731
2731 2911
2911 4485
4485 4951
3353 4951
2270 3353
2270 4527
130 4527
130 1874
1874 2958
2056 2958
2056 4695
4580 4695
4283 4580
3246 4283
3246 4208
1954 4208
1954 4344
2587 4344
2587 4475
1827 4475
397 1827
397 3152
790 3152
790 4550
3765 4550
3765 3820
3820 4129
736 4129
736 1203
1203 2547
2547 3386
838 3386
838 2819
340 2819
340 4489
1307 4489
37 1307
37 2218
505 2218
505 3150
1265 3150
1265 1421
1421 4522
2415 4522
2415 3422
3422 3898
123 3898
123 2834
65 2834
65 1509
508 1509
508 4074
414 4074
414 1934
1490 1934
1490 3612
327 3612
327 1708
1708 3361
1837 3361
1837 2125
862 2125
862 2860
2860 4952
3844 4952
337 3844
337 3205
463 3205
203 463
203 2650
2650 4178
3737 4178
3737 4357
4357 4976
4938 4976
3775 4938
3775 3913
711 3913
711 1808
124 1808
124 239
239 3024
3024 4905
2419 4905
2013 2419
858 2013
566 858
43 566
43 4168
3501 4168
2546 3501
2546 3504
3504 3827
2383 3827
2383 2684
2684 3589
3589 4990
2740 4990
808 2740
808 4982
2395 4982
2378 2395
1247 2378
1247 4188
3661 4188
3064 3661
997 3064
997 3513
312 3513
312 2976
2976 3290
1391 3290
1391 3244
1846 3244
1846 4238
4238 4642
4313 4642
4313 4879
4474 4879
460 4474
169 460
169 2028
2028 4617
165 4617
165 1252
1252 4119
2924 4119
2924 3954
3873 3954
3553 3873
3553 4762
1660 4762
1378 1660
1378 4389
1254 4389
1254 2577
2577 4421
4268 4421
4268 4479
4479 4552
3460 4552
3460 4007
1957 4007
1957 2457
1260 2457
1260 2372
1591 2372
154 1591
154 4028
2264 4028
912 2264
912 3545
3545 4124
1858 4124
1858 2488
1045 2488
1045 3878
3838 3878
2816 3838
2467 2816
1015 2467
1015 4111
1195 4111
47 1195
47 2085
1233 2085
1233 4978
1953 4978
1953 2872
2872 3876
3876 3989
391 3989
391 4266
3708 4266
395 3708
395 1623
1623 4508
1220 4508
14 1220
14 390
390 3312
3312 3821
1873 3821
588 1873
588 1058
1058 3796
3796 4068
1714 4068
1714 3417
504 3417
504 4358
4358 4398
4398 4911
1698 4911
939 1698
939 1457
771 1457
771 4554
2722 4554
2722 4070
2798 4070
2097 2798
2097 4871
2652 4871
2436 2652
2436 2757
2757 4142
1347 4142
1347 1976
1976 3777
3658 3777
3658 4948
2874 4948
2874 4833
1494 4833
1494 4713
2844 4713
1692 2844
1692 3515
3515 4725
3121 4725
624 3121
624 2305
2305 3366
1889 3366
1889 2584
2584 3414
942 3414
942 2837
60 2837
60 3772
3772 4735
3403 4735
3403 4468
4450 4468
2248 4450
1031 2248
1031 1830
1400 1830
1329 1400
1329 1815
1815 2477
354 2477
354 4923
1413 4923
1413 2162
1855 2162
1855 4920
4225 4920
3882 4225
587 3882
587 1488
1488 3380
1669 3380
277 1669
277 4429
1477 4429
959 1477
959 4393
3176 4393
770 3176
770 3319
2707 3319
2236 2707
2236 4294
3797 4294
1736 3797
490 1736
490 2091
2091 3338
3338 4197
1298 4197
1298 4615
3068 4615
2113 3068
1081 2113
1081 1505
1505 3265
3265 4730
2760 4730
2760 4032
2187 4032
2090 2187
2090 4773
1539 4773
1539 2905
2593 2905
2593 3961
2703 3961
2703 3467
3467 3633
3181 3633
3181 3571
3170 3571
1094 3170
1094 4907
1656 4907
611 1656
611 3669
1321 3669
1123 1321
1123 2656
1896 2656
1896 3611
3611 4216
4216 4590
1311 4590
1311 4304
3479 4304
2653 3479
250 2653
57 250
57 1930
502 1930
502 3596
3115 3596
2890 3115
1558 2890
1558 3631
3411 3631
2805 3411
2805 4151
3248 4151
336 3248
336 1583
1583 4963
809 4963
809 4803
2611 4803
2611 3516
2917 3516
2917 4498
1781 4498
1401 1781
1401 3506
2386 3506
2386 3427
2849 3427
2849 3755
3081 3755
3081 4075
1831 4075
1223 1831
1223 1561
1561 1802
1802 4346
1053 4346
1053 2614
2239 2614
2239 4686
2627 4686
2627 4983
1773 4983
438 1773
438 789
643 789
643 2300
1614 2300
1614 3566
1309 3566
1309 4869
4852 4869
3753 4852
2989 3753
33 2989
33 4638
370 4638
370 1607
131 1607
131 451
451 2029
631 2029
631 2072
1833 2072
514 1833
514 3114
3114 4559
3331 4559
418 3331
418 3952
1398 3952
1398 3219
3060 3219
927 3060
927 2322
2322 4259
1872 4259
1231 1872
1231 2569
412 2569
412 2242
2242 2674
1387 2674
1387 4114
4114 4186
709 4186
709 3814
2500 3814
2500 4218
616 4218
616 3122
3122 3712
2835 3712
2835 3067
2580 3067
2580 3393
2783 3393
2783 4462
4462 4641
2404 4641
2279 2404
2279 3843
3495 3843
254 3495
254 1468
1468 2824
2622 2824
2622 4858
2273 4858
2273 4434
3746 4434
3746 4463
2961 4463
406 2961
406 3030
3030 4575
2638 4575
2638 2666
318 2666
318 594
594 4814
3091 4814
1530 3091
1530 3416
2350 3416
2350 2536
1381 2536
530 1381
530 701
701 3863
3579 3863
2543 3579
1747 2543
272 1747
272 1772
1772 2474
1908 2474
1908 3871
1063 3871
1063 2925
1363 2925
1363 3511
1186 3511
27 1186
27 1740
1740 4776
103 4776
103 329
329 3570
1592 3570
1592 3786
115 3786
115 1128
1128 2843
1568 2843
1568 2177
2177 2335
224 2335
224 1748
1748 3616
3610 3616
1250 3610
525 1250
525 3527
1362 3527
1362 1446
638 1446
638 4420
2391 4420
1642 2391
1642 2786
1328 2786
1328 1584
1584 4144
1695 4144
1695 3733
3733 4766
2243 4766
2243 4102
3720 4102
3720 4454
990 4454
990 1221
1221 3288
309 3288
309 1737
1737 3609
3609 4823
3425 4823
708 3425
708 4916
3180 4916
2214 3180
2214 3597
3597 4531
4332 4531
799 4332
799 1323
1323 2710
1965 2710
1965 4906
2071 4906
2071 2742
2742 3543
3077 3543
1495 3077
1495 3674
3074 3674
642 3074
642 3196
1379 3196
1379 3637
1801 3637
1801 4964
749 4964
749 1193
1193 1461
1085 1461
831 1085
831 2856
2192 2856
1955 2192
1955 4132
764 4132
764 2317
2317 4173
2175 4173
2175 4742
975 4742
975 4171
4171 4892
2320 4892
2320 3124
3124 3175
3175 3834
890 3834
890 1793
1793 2480
1273 2480
1273 4293
3544 4293
3272 3544
1101 3272
207 1101
207 2201
2201 3257
1511 3257
655 1511
655 2377
2133 2377
403 2133
403 3807
2036 3807
1481 2036
1481 3466
561 3466
561 4724
4138 4724
1654 4138
1654 4452
2293 4452
2293 3229
3229 4599
3996 4599
3996 4771
2023 4771
114 2023
114 1340
17 1340
17 4955
3626 4955
3626 3659
1350 3659
1350 2736
2736 4639
1078 4639
1078 1200
1200 3678
3678 3940
3940 4435
2644 4435
945 2644
945 3764
3764 4656
2411 4656
2411 3883
3883 4517
1355 4517
903 1355
903 1162
1162 3160
3160 4658
1121 4658
739 1121
739 2588
2588 4384
3470 4384
649 3470
649 1717
234 1717
234 1000
1000 2839
2839 3620
2751 3620
2751 3317
2139 3317
2139 3249
2222 3249
1595 2222
962 1595
962 2065
2065 4053
605 4053
605 2491
516 2491
516 4312
1536 4312
576 1536
437 576
437 4103
966 4103
966 2624
247 2624
247 2247
569 2247
569 4954
3214 4954
652 3214
652 2473
2473 4424
846 4424
846 2600
2600 3059
1026 3059
1026 2940
31 2940
31 3383
2519 3383
2519 2711
257 2711
257 2675
627 2675
627 1883
1883 3207
1861 3207
271 1861
271 3421
3421 4063
2311 4063
2311 4038
613 4038
613 4229
3901 4229
1522 3901
1522 4525
3927 4525
1476 3927
1476 2492
2492 4392
3362 4392
3362 4675
606 4675
606 4681
1166 4681
1166 1246
1246 2699
2699 4634
598 4634
598 1728
1720 1728
1720 3071
1520 3071
135 1520
135 1603
963 1603
963 2144
92 2144
92 3204
2561 3204
84 2561
84 1529
494 1529
494 4751
4538 4751
4104 4538
1702 4104
1702 3994
3745 3994
3308 3745
3308 4621
432 4621
432 2617
2617 4220
2909 4220
778 2909
762 778
762 4052
3392 4052
1140 3392
1140 4612
636 4612
636 3182
1142 3182
1142 1848
522 1848
522 2442
2442 2992
521 2992
521 1968
929 1968
929 1528
269 1528
269 621
621 4031
1077 4031
1077 4827
4219 4827
70 4219
70 1368
1368 1918
1918 3663
3663 4402
128 4402
128 3052
1212 3052
1212 2891
2785 2891
373 2785
373 1090
1090 3822
1635 3822
1635 2006
2006 2803
328 2803
52 328
52 2658
792 2658
792 3536
2595 3536
2595 4084
2551 4084
2551 4696
1966 4696
707 1966
707 3628
3223 3628
2875 3223
1147 2875
1147 3442
1844 3442
1844 2654
2094 2654
2094 3729
1289 3729
1289 2967
666 2967
666 2323
2323 4778
4271 4778
1314 4271
1314 4505
1202 4505
77 1202
77 4986
4067 4986
4067 4726
3785 4726
3785 4786
4532 4786
3402 4532
3402 3920
3269 3920
283 3269
98 283
98 1259
1259 4739
2691 4739
2691 3198
304 3198
304 658
658 3735
3735 4622
1044 4622
330 1044
330 2555
2555 4230
3595 4230
1019 3595
1019 2549
2549 4337
4337 4568
413 4568
413 4087
3760 4087
897 3760
897 3209
3209 4563
3038 4563
835 3038
55 835
55 865
865 3694
3694 3784
1003 3784
1003 3279
1971 3279
1784 1971
723 1784
723 1163
1163 1443
1443 1484
1484 4252
2745 4252
1512 2745
618 1512
618 4784
4672 4784
227 4672
63 227
63 1297
1297 3100
3100 3590
3590 4473
3907 4473
1390 3907
563 1390
563 4895
4379 4895
3455 4379
3455 4594
3853 4594
3748 3853
3748 4592
2821 4592
815 2821
815 4690
610 4690
610 4195
3836 4195
498 3836
498 2041
1756 2041
1756 2099
2099 3884
1893 3884
72 1893
72 4244
3938 4244
1699 3938
1699 2645
2645 4543
3157 4543
3157 3643
3497 3643
3451 3497
3451 4245
2149 4245
2149 4189
4189 4336
2406 4336
300 2406
300 678
678 3123
1376 3123
129 1376
129 4227
1684 4227
1684 2132
717 2132
717 2373
949 2373
949 3665
761 3665
761 4422
872 4422
398 872
398 3243
2069 3243
1911 2069
1911 3149
1448 3149
1448 2211
2211 4130
2601 4130
1294 2601
1294 4016
1683 4016
1683 3015
3015 4472
4472 4960
2883 4960
1083 2883
1083 3016
3016 4526
4176 4526
1131 4176
1131 3305
3305 4352
3134 4352
3134 3847
64 3847
64 4721
3776 4721
2827 3776
2432 2827
240 2432
240 3936
689 3936
689 869
869 2302
2302 2991
2991 3670
2003 3670
2003 2173
2173 2367
2367 4930
4804 4930
4095 4804
4095 4539
928 4539
928 4369
1174 4369
1174 3923
3007 3923
1486 3007
1486 1797
1797 4789
4518 4789
3274 4518
1590 3274
1590 4636
3721 4636
3721 4897
3359 4897
1905 3359
1905 2897
2141 2897
2141 2382
995 2382
995 3855
2479 3855
2479 2567
1288 2567
614 1288
614 3650
1506 3650
630 1506
630 2446
2446 4377
1755 4377
1755 3178
3178 4961
3972 4961
2289 3972
2289 3406
1384 3406
1384 4033
1426 4033
1426 4405
1076 4405
1076 2329
2269 2329
834 2269
834 991
991 4329
4329 4536
2563 4536
2358 2563
2358 3525
2043 3525
1435 2043
1435 3285
3285 3286
3286 4706
342 4706
342 4571
467 4571
467 4458
1543 4458
1543 3398
645 3398
645 3945
1086 3945
634 1086
634 3707
2482 3707
2482 4610
3916 4610
1992 3916
1992 3629
3629 4059
389 4059
389 2680
2680 3429
1458 3429
1458 1604
1572 1604
1572 4900
2822 4900
2822 3465
1973 3465
1599 1973
134 1599
134 4598
4598 4640
3971 4640
1516 3971
1516 1940
1940 3405
3405 3749
3749 4361
1357 4361
1357 4564
50 4564
50 2122
2122 3373
3373 3992
7 3992
7 3532
590 3532
590 1366
1366 3186
898 3186
898 3388
3388 4750
39 4750
39 4846
422 4846
422 4834
2009 4834
2009 4754
1907 4754
1907 2851
2851 3956
3690 3956
3690 4370
4370 4981
1113 4981
1113 2669
2669 4355
4355 4419
2845 4419
1064 2845
1064 2971
1244 2971
1244 4820
2938 4820
2342 2938
2342 2613
493 2613
15 493
15 3155
1157 3155
1157 2191
1898 2191
1898 2683
2447 2683
2447 3736
3736 4613
3580 4613
1577 3580
1577 4090
1650 4090
1333 1650
1333 2642
2020 2642
1804 2020
306 1804
306 843
843 1800
1800 4970
308 4970
308 3004
1936 3004
1936 2100
1286 2100
1286 4077
4077 4674
3349 4674
3349 4940
1931 4940
1931 3082
1483 3082
1483 2959
1149 2959
1149 2981
2981 4321
1109 4321
1109 1500
1500 4732
499 4732
286 499
286 3222
2994 3222
1237 2994
1237 2724
2459 2724
2346 2459
2346 4509
3703 4509
2385 3703
1485 2385
1485 2483
196 2483
196 1207
1207 1842
1842 3297
837 3297
837 3851
1432 3851
1432 1465
1465 1701
1701 4722
3238 4722
1672 3238
1672 2623
1124 2623
1124 4214
2120 4214
2120 3132
3132 4368
574 4368
574 578
578 4679
830 4679
830 1305
1305 1863
1863 3697
2024 3697
2024 3974
556 3974
556 4079
585 4079
217 585
217 4714
22 4714
22 1105
1105 1537
1537 3268
2583 3268
2407 2583
2217 2407
1226 2217
1226 3896
2635 3896
5 2635
5 1466
1466 4017
1491 4017
1491 1770
1770 2341
2341 4671
394 4671
394 2916
1251 2916
1251 2602
2096 2602
2096 4864
4794 4864
3090 4794
857 3090
162 857
162 4947
2719 4947
235 2719
235 2252
2252 3900
1196 3900
1196 3459
2253 3459
2253 4222
2402 4222
2402 4147
2053 4147
293 2053
293 685
685 2651
2651 4659
2440 4659
1920 2440
1730 1920
1730 4873
776 4873
776 2818
2818 3780
3780 4586
836 4586
836 3410
925 3410
925 3537
2336 3537
2336 4175
3165 4175
1046 3165
1046 4096
101 4096
101 3315
3315 3644
3644 4545
2176 4545
2176 2506
2506 4262
3845 4262
3845 4246
713 4246
713 4759
3741 4759
1725 3741
1725 4888
2301 4888
2232 2301
2232 3381
2123 3381
2123 3574
3574 4390
669 4390
669 4929
16 4929
16 3578
2081 3578
2081 3685
3685 4240
232 4240
232 2854
1705 2854
1705 4781
4625 4781
2084 4625
1264 2084
275 1264
275 2111
2111 3350
2376 3350
2376 3210
2299 3210
1792 2299
1792 4987
4243 4987
4027 4243
1117 4027
1117 2776
2776 4943
3036 4943
565 3036
565 3474
2934 3474
1970 2934
1970 3012
3012 4515
4417 4515
69 4417
69 2746
2746 4994
1777 4994
1777 4046
1816 4046
428 1816
338 428
338 400
400 1017
1017 2219
2219 4273
1192 4273
90 1192
90 4861
1750 4861
1559 1750
1559 2766
2766 4607
3804 4607
2167 3804
226 2167
226 3555
3555 4374
1741 4374
1741 3252
3252 3911
2193 3911
1663 2193
1663 2534
2534 4000
4000 4569
4569 4838
4282 4838
4274 4282
944 4274
944 1881
1881 4553
2203 4553
2203 2667
2667 3904
1014 3904
1014 3812
1224 3812
1224 2333
1208 2333
1208 3327
1240 3327
1240 3811
2748 3811
2748 3840
1553 3840
1553 1678
1678 1979
1832 1979
1832 4064
3724 4064
1281 3724
1281 4818
117 4818
117 4453
1145 4453
1145 1754
914 1754
914 4984
974 4984
974 3929
2493 3929
545 2493
545 2092
2092 4205
2508 4205
583 2508
583 2681
1139 2681
1006 1139
1006 1943
1499 1943
1499 3396
2823 3396
900 2823
686 900
686 1927
1927 3037
299 3037
299 2303
2303 3841
3841 4712
3102 4712
2136 3102
2136 4056
1789 4056
1633 1789
364 1633
364 797
797 1544
1544 4719
2296 4719
358 2296
358 3615
3615 3831
3636 3831
885 3636
885 3713
362 3713
362 2582
2582 4597
4272 4597
1156 4272
1156 4250
4076 4250
3890 4076
688 3890
688 2870
1365 2870
488 1365
488 1405
1405 1447
1447 3598
2455 3598
1933 2455
1933 2982
2982 3131
3131 4856
2521 4856
2521 4397
1120 4397
1120 2107
651 2107
651 3023
3023 4627
2179 4627
2179 4763
529 4763
529 1322
1322 4747
1088 4747
592 1088
592 1628
1055 1628
1055 1493
1493 2134
335 2134
335 2817
2308 2817
2308 2357
2180 2357
2180 4743
4743 4975
2400 4975
2124 2400
826 2124
826 2361
2361 3428
3428 4495
987 4495
987 1173
1173 2339
1609 2339
1609 3630
2497 3630
2497 3275
2772 3275
2772 3260
1677 3260
1219 1677
1219 2962
2670 2962
2670 4705
2370 4705
2370 4098
4078 4098
3584 4078
2596 3584
1859 2596
1859 2735
2735 3700
1061 3700
1061 3195
3195 3230
3230 4996
2461 4996
2461 4451
2632 4451
382 2632
382 2616
584 2616
584 2557
2557 3507
415 3507
237 415
237 2021
2021 2427
2427 3502
1268 3502
1268 2397
820 2397
820 1674
1674 3044
2088 3044
2088 2426
2426 3891
2739 3891
2739 3893
3893 4845
1084 4845
1025 1084
1025 4278
3399 4278
214 3399
214 2384
536 2384
536 2978
1137 2978
1137 3433
2869 3433
2869 4049
612 4049
612 3143
2759 3143
1215 2759
1215 3623
3623 3999
3865 3999
955 3865
1 955
1 573
345 573
345 2259
2259 3651
2496 3651
2284 2496
2284 3282
3282 3523
800 3523
800 2070
2070 4822
932 4822
932 1640
1640 2697
623 2697
623 3438
3438 4687
4212 4687
672 4212
672 1255
1255 2002
1445 2002
245 1445
245 444
444 879
879 1092
1092 4885
4697 4885
1807 4697
1807 2399
1042 2399
1042 4633
3564 4633
222 3564
222 996
745 996
745 3928
2109 3928
1072 2109
1072 2608
365 2608
365 4844
453 4844
453 1392
570 1392
570 4234
1194 4234
1194 2101
2101 4842
715 4842
715 2007
1318 2007
1318 1444
1444 3073
1556 3073
1556 2405
1453 2405
1453 2541
2298 2541
1890 2298
1890 2465
2465 4734
1415 4734
1415 1459
1459 2841
550 2841
550 3301
3301 3542
2876 3542
2876 4416
4354 4416
4354 4819
1713 4819
1713 2813
1295 2813
1295 3522
3522 4958
2324 4958
1302 2324
1302 2025
2025 2607
2607 4303
4303 4541
1845 4541
1845 4215
3154 4215
3154 4745
542 4745
542 3517
2612 3517
1570 2612
1570 3485
1667 3485
1667 3193
3193 3368
3368 3886
3886 4764
4239 4764
1095 4239
1095 4547
248 4547
248 1002
125 1002
125 2830
2830 3357
3357 3450
1249 3450
1249 3008
3008 3212
480 3212
480 3950
829 3950
829 1922
1922 4491
4326 4491
3334 4326
2230 3334
2230 3698
3027 3698
813 3027
813 1962
385 1962
385 1230
457 1230
457 3066
999 3066
999 3234
3234 4026
3649 4026
1012 3649
1012 4401
1388 4401
1388 3294
3294 3621
3621 3818
2631 3818
1648 2631
1648 3632
2142 3632
2142 4574
1324 4574
1054 1324
1054 1492
1492 3500
3348 3500
3348 3925
3266 3925
3266 3787
3787 3835
3599 3835
1487 3599
1487 2268
986 2268
986 4757
721 4757
721 3937
3937 4093
3859 4093
3859 5000
2904 5000
133 2904
133 2539
2539 3781
710 3781
710 4015
1138 4015
1138 1330
1330 4331
3854 4331
2538 3854
1627 2538
1627 1775
1048 1775
1048 4306
1338 4306
1338 4632
4632 4650
4177 4650
3914 4177
2331 3914
2331 4760
1685 4760
1685 1885
1885 1888
1888 3975
121 3975
121 866
56 866
56 2351
2351 4614
143 4614
143 1303
1303 2552
2552 4516
3738 4516
1151 3738
1151 2522
2522 4149
193 4149
193 2422
2422 3635
3635 3739
2867 3739
1153 2867
938 1153
938 1098
1098 2208
2208 4003
4003 4910
2709 4910
2143 2709
2143 3280
3280 4157
46 4157
46 4125
344 4125
344 3761
410 3761
410 431
431 2277
2277 2893
2893 3310
1482 3310
1283 1482
1283 4196
1759 4196
756 1759
324 756
324 1555
23 1555
23 2647
2647 3167
2525 3167
2525 3440
2390 3440
2390 3763
3763 4101
3719 4101
3034 3719
1917 3034
1258 1917
1258 4637
1052 4637
1052 4400
4400 4939
3747 4939
3365 3747
3326 3365
2325 3326
49 2325
49 3930
3206 3930
985 3206
985 2634
371 2634
371 1197
1197 2672
2462 2672
2079 2462
2079 3880
3156 3880
2687 3156
2687 3725
3125 3725
2374 3125
1766 2374
1766 3696
3436 3696
1360 3436
68 1360
68 1229
1229 2842
1179 2842
1179 2810
1745 2810
1745 2475
2475 3133
1769 3133
1769 4135
4135 4792
4183 4792
4183 4447
424 4447
144 424
144 722
722 1474
1474 1687
1687 2444
2444 3984
3966 3984
1972 3966
1972 3278
3278 3801
464 3801
464 1525
1525 4339
3809 4339
95 3809
95 3462
2933 3462
1622 2933
1622 4524
4128 4524
684 4128
684 3404
159 3404
159 1809
1809 3189
1160 3189
1160 1952
168 1952
168 1819
210 1819
210 4860
3171 4860
3171 4668
3021 4668
3021 4413
568 4413
568 2626
1343 2626
893 1343
893 3906
218 3906
13 218
13 4430
3482 4430
2863 3482
1190 2863
1190 3184
2250 3184
2250 4199
2181 4199
2181 2995
819 2995
819 2288
2288 2858
332 2858
332 2529
2529 2576
2576 2702
1027 2702
1027 4765
2931 4765
2738 2931
2738 3728
3728 4200
2423 4200
2423 4431
4431 4700
3434 4700
1982 3434
1982 2240
2240 3949
3949 4992
633 4992
633 3867
3867 4777
2713 4777
2713 4256
2304 4256
2304 2625
2057 2625
2057 4231
3919 4231
3190 3919
2231 3190
1096 2231
1096 3347
3347 3872
8 3872
8 445
445 4314
601 4314
601 2048
2012 2048
2012 4343
4298 4343
2808 4298
2808 3788
881 3788
881 4209
937 4209
824 937
824 2590
952 2590
952 1037
1037 2095
489 2095
489 3870
1091 3870
1091 2073
1926 2073
1926 2080
2080 4863
4328 4863
673 4328
673 2197
449 2197
449 4896
841 4896
841 1108
320 1108
320 1349
1349 2349
2110 2349
2110 3803
1331 3803
1331 2452
1351 2452
1351 1518
1518 3161
3161 4932
4023 4932
4023 4040
1978 4040
1978 2679
157 2679
157 1693
1312 1693
1312 3478
2518 3478
2518 4944
3397 4944
3397 4399
2292 4399
2292 4058
1724 4058
1593 1724
1593 2781
2781 4530
905 4530
21 905
21 4136
2486 4136
2486 3183
3183 4582
1753 4582
44 1753
44 3778
1587 3778
1587 4465
4465 4718
1758 4718
1758 3231
3231 4345
798 4345
798 1043
1043 4653
727 4653
727 3164
3164 4801
4684 4801
850 4684
850 3354
3354 4881
3179 4881
3179 3333
1985 3333
1985 3452
3452 4809
496 4809
374 496
374 4109
1420 4109
1420 4037
3652 4037
2758 3652
2758 4223
4223 4380
4380 4665
4664 4665
1299 4664
1299 4728
313 4728
313 3846
2574 3846
116 2574
116 1385
1385 2274
546 2274
546 4226
639 4226
639 2570
703 2570
369 703
48 369
48 3647
1836 3647
468 1836
468 3627
3627 4549
1738 4549
1738 4396
4396 4769
3546 4769
2985 3546
640 2985
640 4501
1310 4501
1310 4066
2801 4066
2801 3087
3087 3337
3337 4334
3493 4334
3118 3493
803 3118
803 4203
4097 4203
1022 4097
441 1022
441 2233
2233 2754
2251 2754
2251 4514
1974 4514
1974 2418
2418 3856
738 3856
553 738
553 4060
4060 4902
4335 4902
2375 4335
1008 2375
1008 2714
1402 2714
443 1402
443 1579
1579 1900
1900 2693
2693 4236
3734 4236
1600 3734
209 1600
75 209
75 420
420 1127
1127 1977
1023 1977
1023 4758
2309 4758
279 2309
279 1988
1988 3963
2520 3963
752 2520
752 3990
1342 3990
1199 1342
1199 2894
2894 3413
3413 4241
2743 4241
1339 2743
1339 4811
4461 4811
350 4461
350 2795
2285 2795
2285 3754
3197 3754
3197 4979
4689 4979
295 4689
295 4185
3377 4185
3377 4646
2362 4646
2362 4953
1668 4953
1668 2998
2998 4477
2174 4477
2174 4840
1175 4840
528 1175
528 1749
1386 1749
1386 3141
2202 3141
2202 4449
4449 4723
751 4723
471 751
471 3311
3201 3311
2052 3201
2052 3521
2266 3521
2266 3618
766 3618
766 2974
2974 3572
3572 3751
3751 4039
957 4039
957 4190
3185 4190
1425 3185
1425 3432
3432 4824
4353 4824
3050 4353
1253 3050
1253 3998
2668 3998
2668 4123
3534 4123
2865 3534
1146 2865
1146 3054
3054 3412
3412 3704
3704 4395
4395 4926
2398 4926
2093 2398
2093 4831
773 4831
773 2038
2038 3798
787 3798
787 4839
262 4839
262 1291
1291 2879
1562 2879
1562 3300
2456 3300
960 2456
960 1765
1765 4967
4002 4967
2168 4002
2168 2887
1856 2887
1856 3693
3693 4848
2718 4848
1035 2718
1035 3476
3439 3476
322 3439
322 4853
4411 4853
2572 4411
1722 2572
1527 1722
1527 4439
4362 4439
2206 4362
2206 3962
562 3962
35 562
35 1065
1065 2770
617 2770
186 617
186 4323
2620 4323
2334 2620
1767 2334
774 1767
774 1768
1548 1768
167 1548
167 1731
1731 2511
2511 2866
2734 2866
2734 2847
2847 3372
3372 4703
3910 4703
3791 3910
3740 3791
812 3740
812 2505
2505 4570
3142 4570
2528 3142
1018 2528
41 1018
41 2272
2272 3055
3055 3581
3581 4030
2164 4030
2164 2973
2280 2973
1703 2280
1703 2314
2314 4201
4010 4201
2948 4010
882 2948
882 1557
1557 3926
2130 3926
816 2130
816 1813
1813 1824
1824 2637
1739 2637
1739 3107
559 3107
559 775
775 2826
2015 2826
699 2015
699 1059
1059 3561
1673 3561
1673 2127
2127 4537
1434 4537
1004 1434
1004 1571
1571 4004
1980 4004
1942 1980
1942 4318
2413 4318
1764 2413
1450 1764
1450 1834
30 1834
30 4677
4134 4677
4134 4974
1712 4974
1712 1958
1897 1958
1897 2592
748 2592
200 748
200 4021
3826 4021
334 3826
334 2366
174 2366
174 1470
477 1470
477 2558
140 2558
140 4181
4181 4935
4815 4935
992 4815
992 2499
1097 2499
690 1097
690 1545
1545 2730
2730 4701
1835 4701
1104 1835
1104 3423
2660 3423
2660 4999
2032 4999
2032 2753
746 2753
746 3247
3247 4291
4291 4448
908 4448
241 908
241 2022
249 2022
249 2010
231 2010
231 2882
1346 2882
1346 1408
296 1408
296 1437
1437 4425
733 4425
733 3322
1317 3322
1317 2764
827 2764
827 2037
2037 4557
531 4557
531 2409
1013 2409
97 1013
97 4414
3817 4414
896 3817
896 1110
1110 2559
291 2559
291 2212
2000 2212
1172 2000
1172 3364
728 3364
728 4281
138 4281
138 2780
2780 2833
1526 2833
1526 3771
2769 3771
1948 2769
96 1948
96 3526
1180 3526
1180 2369
558 2369
558 2363
2363 2717
1144 2717
1144 3481
3481 4035
4035 4604
3558 4604
2832 3558
2832 3177
3177 4054
1001 4054
1001 3666
3666 4972
3531 4972
1501 3531
1501 3577
2513 3577
965 2513
965 1374
1374 2599
1690 2599
1690 2945
2945 4108
3505 4108
1534 3505
1534 3617
1232 3617
1232 4993
3106 4993
376 3106
376 4791
94 4791
94 2207
2207 3213
2315 3213
347 2315
347 1100
1100 4503
3233 4503
481 3233
481 3691
3261 3691
1463 3261
1463 4162
343 4162
343 3967
3056 3967
2408 3056
2066 2408
2066 4710
2396 4710
2396 3028
814 3028
814 1644
1644 2983
1704 2983
1704 4880
3491 4880
1727 3491
388 1727
388 854
854 1617
533 1617
533 1334
1334 2501
741 2501
211 741
211 2943
110 2943
110 4805
794 4805
794 2026
202 2026
202 2469
2469 4779
3083 4779
3083 4540
1041 4540
1041 2403
2403 2908
2908 3343
3343 3892
2347 3892
840 2347
840 856
856 1164
913 1164
913 2487
520 2487
520 4908
205 4908
205 1969
1969 4167
3922 4167
3922 4221
1649 4221
1649 4884
1666 4884
1666 4851
1869 4851
1869 2062
2062 3603
3600 3603
2137 3600
544 2137
544 1159
1159 4711
4669 4711
3946 4669
3946 4655
1619 4655
1619 1879
1879 3727
619 3727
619 2661
2661 2701
2701 2705
2586 2705
2586 4883
4788 4883
139 4788
139 2146
2146 3335
3061 3335
3061 4166
2968 4166
2968 3070
3070 3528
11 3528
11 1794
1115 1794
1115 3508
848 3508
848 4847
2913 4847
1662 2913
549 1662
549 1540
1540 1996
580 1996
580 1456
1456 3988
3686 3988
2888 3686
393 2888
393 2641
1316 2641
1316 4071
802 4071
802 3080
2172 3080
2172 2977
2977 3420
3420 4295
2312 4295
2312 4988
360 4988
360 3159
1424 3159
1424 3917
2901 3917
2901 3947
3947 3976
3976 4437
4145 4437
4145 4428
4428 4561
693 4561
693 2254
2220 2254
922 2220
326 922
326 3273
2033 3273
2033 4340
3689 4340
988 3689
988 1999
1999 2777
2777 4738
2226 4738
2226 2690
2690 4378
1430 4378
1112 1430
1112 3043
3043 3390
79 3390
79 1541
66 1541
66 433
433 3264
2468 3264
1039 2468
1039 4445
1795 4445
783 1795
783 4644
1489 4644
1489 1655
994 1655
994 1641
1641 3169
2762 3169
1306 2762
1306 3484
3484 4086
1257 4086
1257 2926
2926 4709
2896 4709
2896 3622
763 3622
763 3426
3426 4217
4217 4497
4497 4914
2118 4914
2118 2337
886 2337
886 1752
1752 2663
2663 2838
2838 3921
1838 3921
1838 3394
404 3394
212 404
212 3498
2791 3498
513 2791
177 513
177 1645
1645 2154
2154 2912
2912 4921
2878 4921
2878 3943
1423 3943
1423 3732
3732 4528
4187 4528
2076 4187
2076 2564
2564 2947
2864 2947
2864 3192
3192 4918
2215 4918
2215 3009
2086 3009
2086 4663
4260 4663
236 4260
236 3672
1270 3672
1270 2163
2163 2182
2182 4005
4005 4121
1047 4121
859 1047
859 4945
3104 4945
3104 3810
2936 3810
1070 2936
571 1070
571 3086
2507 3086
2507 3899
1723 3899
1723 3395
314 3395
294 314
74 294
74 3879
3879 4648
548 4648
137 548
137 4480
4248 4480
4248 4506
3095 4506
3095 3866
3849 3866
24 3849
24 3842
2027 3842
2027 2922
2659 2922
38 2659
38 833
833 1806
1806 3079
331 3079
331 1287
702 1287
472 702
472 920
920 2568
187 2568
187 1688
1688 2059
2059 4442
4442 4901
253 4901
253 1371
469 1371
201 469
201 3005
3005 4581
3045 4581
126 3045
126 3250
1616 3250
1616 2665
2665 4817
2530 4817
2530 4107
3750 4107
1414 3750
1414 4191
311 4191
311 744
635 744
635 4254
485 4254
485 2031
145 2031
145 4359
1261 4359
1261 2873
2873 4116
1327 4116
1327 2267
2267 2941
1337 2941
1337 3860
3860 4356
2606 4356
2606 4022
89 4022
89 4264
977 4264
977 4140
3977 4140
3934 3977
3934 4837
4204 4837
2594 4204
2594 3303
405 3303
405 1602
303 1602
303 1245
153 1245
153 2892
2589 2892
2589 3565
346 3565
346 2152
839 2152
839 2128
2128 2194
1504 2194
1504 4089
2523 4089
2523 2581
2581 4782
2121 4782
2121 3339
379 3339
379 1262
1262 4626
3802 4626
3802 4025
4025 4715
4373 4715
2051 4373
2051 3188
3188 3401
3401 4206
892 4206
892 4513
907 4513
907 3032
2704 3032
917 2704
917 4676
2706 4676
2360 2706
1733 2360
543 1733
543 3473
818 3473
603 818
603 2848
2848 4083
1201 4083
1201 2544
2544 3894
3894 4257
206 4257
206 2368
2368 4567
1782 4567
1782 3221
3221 3267
3267 4126
4072 4126
1882 4072
1087 1882
1087 2868
1005 2868
1005 3057
104 3057
104 811
811 2204
782 2204
782 2430
1478 2430
1478 1566
88 1566
88 860
860 1828
1828 2540
2540 4228
108 4228
108 1167
607 1167
607 2610
321 2610
321 2460
2460 4768
1726 4768
1726 1892
1892 4044
2682 4044
2682 3699
2749 3699
2229 2749
1143 2229
1143 3127
2332 3127
2332 3099
3099 4232
954 4232
954 1823
1823 4342
109 4342
109 3824
2210 3824
2156 2210
195 2156
195 4057
3710 4057
2316 3710
822 2316
822 4048
4048 4161
4161 4242
3119 4242
1256 3119
1256 4275
3151 4275
3151 3613
1191 3613
729 1191
729 4042
176 4042
176 3093
3093 3316
1899 3316
1899 4523
1761 4523
1761 3378
1442 3378
1442 4154
1057 4154
801 1057
801 2646
1169 2646
620 1169
620 4404
4009 4404
3837 4009
3837 3932
659 3932
659 1341
1341 2986
2986 4998
3344 4998
743 3344
288 743
288 305
305 1658
1658 1995
674 1995
674 2103
446 2103
446 2927
2927 3158
3158 3340
3340 4989
427 4989
427 577
45 577
45 2884
2884 4100
4100 4741
4224 4741
4224 4904
4179 4904
4179 4785
1514 4785
554 1514
554 4082
2571 4082
2205 2571
2050 2205
1563 2050
1532 1563
1532 2115
2115 4866
3819 4866
3819 4444
3341 4444
3341 3342
2775 3342
700 2775
700 1778
1778 3116
1550 3116
1550 2287
1709 2287
1709 4350
1606 4350
1606 3614
3614 4106
2504 4106
2504 4263
3415 4263
2255 3415
2255 3520
2200 3520
2200 4877
3351 4877
1729 3351
302 1729
302 3554
1267 3554
1267 3567
3567 4560
3957 4560
3957 4774
2636 4774
384 2636
278 384
278 767
767 1925
1925 4235
366 4235
366 1822
51 1822
51 3547
2466 3547
2466 3677
2885 3677
1993 2885
1993 4829
1531 4829
1531 2603
2603 4957
3041 4957
3041 4893
646 4893
646 3805
2463 3805
2260 2463
2260 4928
3011 4928
3011 3271
1189 3271
1189 1959
349 1959
349 1464
1464 4410
3675 4410
3010 3675
82 3010
82 2980
2980 4085
359 4085
359 1170
1170 1279
76 1279
76 4812
3535 4812
361 3535
361 1082
1082 2294
1011 2294
757 1011
757 2643
753 2643
753 4572
3942 4572
1608 3942
1608 2082
784 2082
784 1451
1451 1854
1854 2223
2108 2223
500 2108
500 989
216 989
216 4977
3715 4977
3715 4968
3218 4968
1790 3218
233 1790
233 1188
1188 2806
2806 3108
2733 3108
2011 2733
2011 2356
2356 4198
904 4198
904 3289
3253 3289
175 3253
175 2698
1611 2698
1611 4276
1799 4276
325 1799
325 4950
626 4950
626 3379
1840 3379
1840 4578
476 4578
476 2117
2117 2744
2744 3742
3742 3830
54 3830
54 2490
2490 2899
2793 2899
492 2793
492 4894
1711 4894
1028 1711
1028 3145
3145 4322
654 4322
654 4152
1852 4152
1565 1852
1565 3254
3254 4753
1596 4753
1596 1990
1990 4529
3409 4529
3409 4117
71 4117
71 3541
256 3541
256 2441
2441 2481
2481 3137
3137 4156
3488 4156
2227 3488
2227 2579
2579 4365
2313 4365
2313 3042
32 3042
32 4520
197 4520
197 4194
4150 4194
4150 4694
1652 4694
1652 3263
3138 3263
1681 3138
386 1681
386 3634
615 3634
615 3933
2955 3933
931 2955
931 3298
3298 3619
3483 3619
367 3483
367 3587
3040 3587
3040 4891
62 4891
62 1498
1498 3058
2862 3058
2862 4120
2532 4120
2532 2784
2784 3673
3 3673
3 83
83 2542
2542 4363
3645 4363
1964 3645
1964 2286
2286 3215
3215 3371
392 3371
392 1906
178 1906
178 679
679 3228
1320 3228
1320 1981
1981 1991
1991 4286
2850 4286
1335 2850
264 1335
264 1857
1857 3314
823 3314
823 4466
4466 4667
3895 4667
3356 3895
3356 3981
980 3981
980 4729
1460 4729
1460 2389
2389 4635
2283 4635
2283 3330
2591 3330
2591 4391
3987 4391
3277 3987
3078 3277
2471 3078
2433 2471
2433 3714
2678 3714
2365 2678
2365 3539
3539 4324
3103 4324
3103 3445
3445 4210
190 4210
190 1129
158 1129
158 408
408 3199
3199 3367
2105 3367
1462 2105
1462 4859
2997 4859
2997 4855
356 4855
151 356
151 425
425 2950
2950 3813
2145 3813
2145 2184
1932 2184
1932 2147
2147 2420
1116 2420
564 1116
564 4284
1646 4284
113 1646
113 2494
665 2494
665 4174
4174 4740
1075 4740
993 1075
993 1473
1473 4913
3240 4913
523 3240
523 4854
1239 4854
1239 1513
718 1513
718 1576
1576 4088
2960 4088
2960 3986
662 3986
316 662
316 2815
2815 3560
1665 3560
691 1665
691 1721
1721 4566
497 4566
497 2434
602 2434
602 2225
2225 2696
2696 4959
894 4959
894 4261
740 4261
740 4973
539 4973
539 1581
978 1581
978 1574
1574 3995
3995 4756
4756 4931
2188 4931
285 2188
285 2478
2478 4267
4099 4267
3979 4099
450 3979
112 450
112 1238
1238 3877
3877 4821
2812 4821
2648 2812
1630 2648
341 1630
341 3585
3585 4371
2018 4371
2018 4962
2075 4962
1921 2075
1361 1921
1361 4887
595 4887
595 2712
2712 4247
3019 4247
3019 3605
1024 3605
1024 1235
1235 2618
1929 2618
1929 2765
2765 3094
1071 3094
1071 4985
2794 4985
1935 2794
1935 2575
28 2575
28 4783
4251 4783
1125 4251
1125 2431
2431 3773
439 3773
439 3146
3146 3461
2944 3461
2944 3113
1515 3113
1515 3588
2035 3588
2035 2244
2183 2244
2183 4652
261 4652
261 742
742 1891
1436 1891
1436 4348
462 4348
462 1099
754 1099
726 754
726 2354
20 2354
20 199
199 3302
973 3302
706 973
706 4816
4816 4941
2104 4941
2104 4182
4182 4699
3529 4699
1300 3529
1300 1573
604 1573
604 915
915 3013
3013 4542
2932 4542
2932 3355
3292 3355
3292 3496
2671 3496
156 2671
156 2716
1625 2716
242 1625
242 2512
2381 2512
1479 2381
1479 4576
229 4576
229 4510
2034 4510
1050 2034
1050 3958
657 3958
657 3832
3832 4300
2609 4300
2609 3908
2621 3908
2064 2621
593 2064
593 4956
2755 4956
436 2755
436 1788
1788 3309
3309 3941
458 3941
458 780
780 2515
2275 2515
2195 2275
2195 3885
1612 3885
1612 1919
1919 4051
3800 4051
3800 4018
1551 4018
1551 2087
1744 2087
1275 1744
486 1275
486 1680
238 1680
238 3489
1067 3489
1067 2799
2799 4041
2016 4041
2016 3655
3110 3655
2458 3110
2458 3731
353 3731
353 1218
1218 3889
1029 3889
1029 3227
1523 3227
1523 3642
2629 3642
2394 2629
1073 2394
1073 3258
1586 3258
1586 3648
660 3648
660 853
853 2560
401 2560
401 1895
1895 4366
2900 4366
1438 2900
1438 2186
2186 4596
2747 4596
2747 3147
3147 3464
1216 3464
1216 1227
1227 4427
26 4427
26 1380
1380 3684
252 3684
164 252
164 1062
1062 3130
2246 3130
2246 4980
4736 4980
668 4736
637 668
132 637
132 4330
1407 4330
781 1407
483 781
483 902
902 1535
1535 3239
3239 3671
1994 3671
1994 2820
2820 4577
146 4577
146 581
551 581
351 551
351 4595
3951 4595
3569 3951
383 3569
383 1454
1454 4299
1358 4299
1358 4487
1114 4487
1114 1779
1779 4351
9 4351
9 4807
696 4807
696 2344
524 2344
524 2153
491 2153
491 4619
983 4619
983 4316
4316 4320
2276 4320
2276 4733
1689 4733
1689 2578
1880 2578
1475 1880
1475 4432
4432 4588
1030 4588
1030 3538
1696 3538
864 1696
864 1369
1369 3139
402 3139
402 3075
91 3075
91 1746
971 1746
971 4630
1089 4630
1036 1089
1036 4573
4158 4573
4158 4207
73 4207
73 878
878 1928
1928 2562
85 2562
85 1675
1675 2138
142 2138
142 1248
1248 1519
1519 4333
1671 4333
747 1671
747 807
807 1877
572 1877
572 1440
1440 2763
1431 2763
1431 3789
3789 4024
378 4024
378 1923
170 1923
170 2388
2388 4317
4160 4317
4160 4288
3374 4288
641 3374
641 4297
1811 4297
1811 2498
2498 3400
1049 3400
1049 3718
3089 3718
2573 3089
2213 2573
2098 2213
107 2098
107 3681
1382 3681
1382 2241
2241 2898
2898 4591
423 4591
423 3000
3000 3965
421 3965
421 2148
970 2148
970 1912
1763 1912
1763 3014
1007 3014
1007 2438
2438 2804
2804 4826
430 4826
430 3857
671 3857
671 4688
1588 4688
1588 3639
2852 3639
2045 2852
2045 2565
2159 2565
1787 2159
1585 1787
663 1585
663 1418
1418 2030
1613 2030
1613 2472
2472 4748
1284 4748
1182 1284
1182 4492
1547 4492
1547 2545
2545 3758
3323 3758
2720 3323
2720 4455
86 4455
86 509
509 3790
3790 4341
4305 4341
185 4305
185 3568
3360 3568
1136 3360
1010 1136
891 1010
290 891
290 2695
796 2695
796 2778
2129 2778
2129 4163
3328 4163
3328 4661
793 4661
793 2880
2880 3363
1682 3363
1682 3456
375 3456
375 1904
1871 1904
1786 1871
1502 1786
1502 4504
1301 4504
1204 1301
1204 4080
246 4080
246 3549
141 3549
141 1132
1132 3291
2263 3291
2263 4934
1826 4934
1826 3592
765 3592
765 967
487 967
465 487
465 2343
2343 3245
3245 4832
3953 4832
2278 3953
2278 2964
2964 3653
3653 3980
1161 3980
1161 3783
3783 4170
1546 4170
1546 1960
1960 4693
3136 4693
3136 3668
1814 3668
1455 1814
1455 1594
676 1594
676 2949
2949 4034
750 4034
750 4780
2359 4780
2359 4584
3097 4584
2807 3097
2807 4558
3084 4558
3084 3918
3918 4464
1615 4464
916 1615
916 3437
1111 3437
1111 4327
1168 4327
1168 3664
2662 3664
2662 3519
2956 3519
943 2956
943 956
956 4296
534 4296
534 1419
1419 3384
1771 3384
1480 1771
1480 4787
355 4787
355 2237
2237 3533
2449 3533
53 2449
53 2054
795 2054
795 1271
1206 1271
1206 4796
758 4796
473 758
473 2001
2001 4548
1155 4548
1155 1947
851 1947
851 3191
1119 3191
1119 4629
1610 4629
1610 2517
1631 2517
1631 2068
2068 3187
150 3187
150 527
527 597
597 4020
2840 4020
2756 2840
1924 2756
1924 2809
1647 2809
1647 4159
2767 4159
2767 3993
3808 3993
3318 3808
682 3318
682 2825
964 2825
964 2416
1242 2416
1242 4731
4645 4731
683 4645
683 2752
29 2752
29 2919
1706 2919
1706 3864
2261 3864
2261 2414
2414 4799
3304 4799
3304 4122
3982 4122
3982 4375
3098 4375
3098 4761
4092 4761
2871 4092
12 2871
12 4237
3726 4237
3435 3726
1967 3435
734 1967
600 734
600 4937
4141 4937
2318 4141
2318 4798
1410 4798
1038 1410
1038 4307
4192 4307
3711 4192
2417 3711
2417 4471
1406 4471
298 1406
298 895
895 3232
3072 3232
3072 4946
3287 4946
3287 4767
3869 4767
1241 3869
1241 2450
2450 3939
3782 3939
1901 3782
1901 4253
377 4253
377 608
608 4019
644 4019
399 644
399 681
629 681
629 725
725 2514
537 2514
532 537
532 2859
2859 3903
3903 4011
4011 4433
3022 4433
2954 3022
2954 3562
3509 3562
3509 4673
4673 4867
1657 4867
1657 4139
2831 4139
1356 2831
1344 1356
1344 3770
1894 3770
1884 1894
1884 2685
2685 4436
4364 4436
2445 4364
2445 3166
3166 4006
1079 4006
1079 2732
2732 3135
152 3135
152 2796
2796 3641
1234 3641
1234 3625
2952 3625
315 2952
315 1578
1578 2877
1183 2877
950 1183
950 1396
1396 2988
42 2988
42 3667
2721 3667
396 2721
396 4388
3431 4388
3431 4277
3382 4277
3370 3382
3370 4865
4394 4865
4394 4744
1812 4744
1812 4654
4654 4919
1564 4919
459 1564
459 3722
184 3722
184 2495
2495 3583
2979 3583
1276 2979
1276 3458
2348 3458
1080 2348
1080 4631
899 4631
899 3018
3018 4698
4698 4966
4488 4966
2741 4488
2741 4043
281 4043
281 1878
1878 2895
2789 2895
2789 3251
1945 3251
1945 3172
2935 3172
2935 3446
3446 4521
3220 4521
3220 4311
4311 4702
3563 4702
2993 3563
2993 4055
136 4055
136 2439
2060 2439
2060 3852
2923 3852
2923 3262
3262 3586
3128 3586
1639 3128
183 1639
183 518
518 2633
1986 2633
1986 3779
3779 4602
223 4602
223 2271
2271 3020
270 3020
270 1785
1313 1785
1313 3955
3162 3955
466 3162
466 4467
737 4467
737 948
948 4886
4443 4886
3768 4443
3768 4589
4589 4915
1290 4915
1290 2918
2677 2918
416 2677
416 1389
873 1389
873 2829
2131 2829
538 2131
538 4969
3281 4969
1989 3281
1989 2553
182 2553
182 3759
1214 3759
333 1214
333 2503
2503 3306
2157 3306
2046 2157
2046 2527
426 2527
426 2556
2556 3875
2150 3875
951 2150
951 2686
266 2686
266 4382
1941 4382
1941 2855
2855 3706
3706 4155
2063 4155
697 2063
697 4611
3369 4611
282 3369
282 454
454 3168
1798 3168
1798 2126
2126 2327
1542 2327
1542 3640
870 3640
870 1697
1697 3475
2166 3475
1394 2166
447 1394
447 4349
575 4349
575 4519
3679 4519
220 3679
220 2930
1266 2930
1266 1916
1916 4868
2039 4868
2039 4486
2019 4486
2019 2290
2290 3112
3112 3469
3469 3512
192 3512
192 1352
596 1352
596 3242
3085 3242
3085 3909
1589 3909
1589 4408
122 4408
122 4113
3902 4113
1780 3902
586 1780
586 3375
3375 4874
40 4874
40 1177
1177 4691
1637 4691
1637 3448
3448 4061
2282 4061
2282 4755
1439 4755
1439 3457
1377 3457
677 1377
677 2410
1353 2410
1353 3548
3029 3548
3029 4965
3224 4965
2516 3224
1228 2516
1228 2554
2554 2664
2664 4683
3293 4683
847 3293
255 847
255 3236
3236 3767
2256 3767
2256 3096
3096 4308
4308 4678
653 4678
510 653
510 3387
2485 3387
81 2485
81 4793
1277 4793
1277 4841
4325 4841
4325 4857
2619 4857
2619 4708
3983 4708
2914 3983
251 2914
251 2484
2484 4315
2387 4315
2387 4917
4285 4917
1102 4285
1102 4850
667 4850
667 3973
1133 3973
1133 3556
3556 4727
842 4727
842 4496
1178 4496
276 1178
276 3828
1938 3828
1938 2198
2198 2828
2828 4828
3887 4828
3524 3887
2297 3524
2055 2297
2055 3447
2074 3447
1742 2074
1742 3948
265 3948
265 724
724 2245
4 2245
4 4258
2990 4258
2310 2990
1308 2310
1308 2338
2338 4418
1370 4418
1370 3307
909 3307
909 1135
1135 1411
1411 1598
1598 4512
2937 4512
2040 2937
1679 2040
1679 4483
788 4483
788 1130
1130 1158
1158 4544
2797 4544
2393 2797
2393 4534
2489 4534
2489 3709
3035 3709
3035 4692
2014 4692
998 2014
785 998
785 4662
503 4662
503 2727
1902 2727
1292 1902
1292 1946
1946 4752
80 4752
80 2939
828 2939
828 3991
3991 4502
1776 4502
1776 4255
4202 4255
2199 4202
2199 2853
1950 2853
417 1950
417 4446
4446 4459
3960 4459
3960 4806
4806 4912
2160 4912
2160 3324
877 3324
877 3453
3453 4001
3046 4001
567 3046
221 567
221 3530
3530 3692
2328 3692
2328 4620
307 4620
307 1774
1774 3226
3226 4872
3997 4872
3638 3997
3031 3638
3031 4707
119 4707
36 119
36 1395
1395 3959
622 3959
292 622
292 2379
2379 4233
2008 4233
2008 2190
2190 2963
2963 4618
3608 4618
380 3608
380 2435
2435 2928
1939 2928
1939 4660
3888 4660
2380 3888
2380 3472
173 3472
173 4115
381 4115
381 3723
1118 3723
1118 1864
1864 3607
2533 3607
2533 4460
258 4460
258 4367
2116 4367
2116 2640
2640 4045
582 4045
582 3868
1868 3868
1868 3441
3441 4213
1718 4213
1718 4360
2535 4360
297 2535
297 3861
946 3861
946 3499
933 3499
933 3756
2112 3756
1524 2112
1524 1956
1956 2306
2306 3430
1367 3430
317 1367
317 3006
1068 3006
1068 4836
680 4836
680 2550
760 2550
760 4556
3173 4556
2307 3173
2158 2307
695 2158
695 3492
1181 3492
1181 4490
2836 4490
731 2836
692 731
692 1217
979 1217
979 1601
1601 3695
1467 3695
1467 4666
3654 4666
1803 3654
732 1803
732 1106
482 1106
267 482
267 2119
1719 2119
1719 4412
2135 4412
2135 3105
1278 3105
1278 4991
160 4991
160 2140
1148 2140
1148 4372
4302 4372
3582 4302
225 3582
225 2476
2476 3092
3092 4903
102 4903
102 1643
1184 1643
1184 3757
163 3757
163 2773
284 2773
260 284
58 260
58 2340
2340 3048
1624 3048
1503 1624
1503 2585
947 2585
947 1154
1154 2655
2655 2987
2987 4481
3662 4481
3144 3662
3053 3144
3053 3573
3573 4301
1272 4301
1272 4647
3017 4647
2352 3017
910 2352
910 3794
3794 4029
4029 4593
352 4593
352 4876
4657 4876
1296 4657
664 1296
664 1670
1670 2910
2910 3153
3153 4499
1348 4499
1348 4800
409 4800
118 409
118 3140
852 3140
852 1851
1851 2649
2649 4008
670 4008
670 2657
2657 4457
4457 4482
855 4482
855 1538
1538 1732
1732 2424
1554 2424
1554 3593
3593 4624
2723 4624
2723 4623
3815 4623
716 3815
716 3701
3270 3701
6 3270
6 541
541 1304
1304 2106
2106 4749
3795 4749
1629 3795
589 1629
589 2920
2920 3912
3550 3912
3550 4249
1441 4249
1441 3970
2077 3970
2004 2077
2004 2814
2814 3518
3518 4381
1236 4381
1236 2083
1582 2083
1582 4289
448 4289
448 4180
2321 4180
2321 4720
470 4720
470 845
845 1653
1653 4478
705 4478
705 1915
1469 1915
720 1469
720 4922
1651 4922
1651 2965
2811 2965
2782 2811
2782 3391
535 3391
535 3276
2903 3276
2114 2903
1359 2114
106 1359
106 2729
1521 2729
1521 2364
517 2364
289 517
289 2189
2189 4426
147 4426
147 4933
661 4933
661 3211
148 3211
148 4383
2953 4383
1152 2953
1152 1870
357 1870
357 4469
874 4469
874 1636
1636 4500
4500 4808
2067 4808
2067 4790
3850 4790
2537 3850
2537 4406
982 4406
982 1951
1951 2737
2737 3320
411 3320
411 3033
2700 3033
59 2700
59 2464
2047 2464
2047 4014
2689 4014
2605 2689
1332 2605
1122 1332
1122 1909
1909 4875
511 4875
511 935
935 2228
2170 2228
2170 4172
4172 4608
2221 4608
805 2221
805 3225
2598 3225
2598 2673
2673 4889
4112 4889
310 4112
310 1452
1452 2216
2216 3295
1225 3295
1225 1949
1056 1949
1056 3829
704 3829
704 4091
2502 4091
2265 2502
2265 2597
2597 3676
1222 3676
1222 3514
1876 3514
1876 3345
161 3345
161 3332
1274 3332
1274 3463
3463 4849
3352 4849
3148 3352
2857 3148
1638 2857
887 1638
887 1987
1987 2044
2044 2906
2906 4385
2155 4385
2155 4603
3256 4603
2443 3256
1282 2443
1282 1983
1983 4069
1263 4069
1263 1429
1429 3833
3833 4746
1325 4746
1325 1427
301 1427
301 984
984 1984
171 1984
171 2750
2750 3744
883 3744
883 3299
3299 3376
3376 4470
609 4470
609 2355
2355 2639
2102 2639
1820 2102
1820 4533
1847 4533
1760 1847
1634 1760
1634 3752
3752 3806
3806 3935
3935 4476
968 4476
968 1618
1618 3051
2951 3051
2846 2951
1757 2846
1757 4319
821 4319
821 3575
3575 4579
4290 4579
4290 4971
287 4971
287 2238
2238 4843
4605 4843
1910 4605
1910 2907
2907 4094
3468 4094
2902 3468
2902 4169
3551 4169
3551 3924
1821 3924
1821 2196
2196 3594
3594 4376
923 4376
923 2761
2429 2761
2429 4909
4062 4909
3283 4062
515 3283
515 3111
2768 3111
2768 4628
4628 4716
2628 4716
2628 3120
3120 4835
4270 4835
2165 4270
274 2165
274 461
461 1903
1066 1903
1066 2428
2428 4507
1626 4507
1626 1860
99 1860
99 930
215 930
215 3325
3325 4899
804 4899
804 1686
34 1686
34 953
953 3486
871 3486
849 871
849 1373
1373 3683
3683 4810
1404 4810
18 1404
18 4878
1875 4878
1875 3985
3069 3985
1198 3069
1198 4717
3443 4717
1533 3443
1533 4494
78 4494
78 694
694 3915
2708 3915
2676 2708
2676 4995
2921 4995
1914 2921
1914 2800
863 2800
863 2451
2451 3656
3656 4535
3407 4535
3407 4146
2392 4146
868 2392
868 1364
67 1364
67 1412
1412 3602
3602 4772
3385 4772
2771 3385
2262 2771
1417 2262
1150 1417
919 1150
181 919
181 4110
3255 4110
2969 3255
1326 2969
687 1326
687 1399
1399 3792
419 3792
419 3026
3026 3117
1791 3117
1791 4133
981 4133
981 1517
1517 3336
3336 4193
875 4193
875 1383
1383 3049
2688 3049
2688 3444
3444 3494
3494 4609
1016 4609
507 1016
507 4862
1805 4862
1805 3490
2249 3490
2249 2401
2401 4585
1743 4585
1743 2510
2510 4347
3076 4347
555 3076
180 555
180 1694
19 1694
19 3217
3217 3978
368 3978
368 2042
1707 2042
1691 1707
1126 1691
921 1126
921 3799
2209 3799
2017 2209
1975 2017
1975 4269
