5000
}}{}}}{}}}{}}}{{{}{{}}}{{{}}}}}}}}{}}}}}{}{{{{}{{{{{}{{{{{}}}{{}}{}{{}{{{}{{}{{{{{}{{}}{{{{}}}}{}{}}}}{{}{{{{}{{{}}}{}{{{{}{}}{{{{{{{{{}}}}{{}{}{}{{}{{}}{}{}{{{{{}}}}}{{{{}}{{{{{{}}}{{{{}}}}{}}{}{{}}{{{}}{{}{{{}}}{}}{{}}{}{{{{{{}{}{}{{{}{}{}{{{}{}{}}}{}{{}{{{}}{{}{{}}{{}{}{}}{}}}{}}{}}{}{}{{{}{}{}{{{{}}}{}{{{}{{}}}}}{}}{{}{}{}}}{{{}}}{{{{}}{}{}{{{}{}{}{}}}{{}{}{}}}{}}{{}{}{{}{{{{{}}}{{{{}{{}}{{{}}{{{}}{}{{{}}{{{{}}}}{}{{}{{}{}{}}}}}}}}{{{}{}{{}{}{{}{{{{}}}}{}}}{}{{{}{}{}{{{{}}}}{{}}}}{}}}}}}{{{{{}}{}}{{{}}{{}}{}}}}{}{{}{{}}{}}}{{}{{{{{}{}}{{}}}}{}}{{}}}}{}}}}{}}}}{{{}}{{}}{{}}}}}}}}{}}{}{}{{}}}}{}{}{{{}}{{{}}{}}{{}{{{}{{}{}}}{}{}{}}{{}}}}{}}}{}}}{}}{{}}}}{}{}}{{{}{}{{}}}{{}}}{{}}}{}}}{}{}}{}{}}{}{}}}{{}}{}{{{}}{{{}}}}}}}}{{{}}{{}}{}}}{{}{{}{}}{{{}}{{}}}{}{{}{}{}{}{{}}{{{{}{}}{{{{{{}{{{}}}}}}}{}}}}}{{}}{{}{}}}}}}}}}{{{}}{{}{}{{{}{}}{}{{{}}}{}}}{}}}}}{{}{}{}{{{}}}{}}}{}{}}}{}{}{{}}{}{{}}}{}{{}{}}{{}}{{}{}}{}}{}{}}}{{}}}{}}{{}{}}}}}{{{}{{}}}{}}{}{{}{{}}}}{{{{}}}}{{}}{}{}}{{}{{{}{{{}}{{}{}}}}}{{}{{}{}}{}{}}{{{{}}{{}{}}}}{{{}}}{{{}{}}{}}{{{}{}}{}{}{{}{{{{{}{{{}}{{{{}{{}}{{{}{{}}}}{}{{}{}}{{}{}}{}}{{}}{}}{{}}}}}}}{}{}}}}}{}}{{{{}{{{{{{{{}{}{}}{{}{{}}{{}}{}{}}}{{}{{}{{}{{}{}}}{{}{{}}{}{}{{{{{}{}}{{{{{{}}{}}{{}{{{}{}}{}{{}{}}}}{}{}}}}}}{{{{}{}}}{{{}}}{{}}{{{{}{}}}{}}{}{{{{}}}}{{{{{}}{{}{{{{}}}}}{{{}}{{{{{{}{{{{{}{}}}{}{{{}{}{}{}{{{}}}}}{}}{}{}{{}{{{{{}{{{}{}{{}{{}{}}{{}}}}}{{{}}}}}}}{{{}}}{{{}{}}}}}{{}{{{{}}{}{}{{}{{}{}}}}{{{{{{{}{}}}}}}{}{{{{}}}}}}{{}}}}}}}}{}}}}}}{{}{{{}{}{}}{{}{{{{{{{}}{}{{{{}}{}{{{{}{{{}}}{}}{{}}{{{{}{{{}}}{{{}}{{{}{}{{{{}{}}}}{{{{{{{}}}{{}}{}{}{}}{{}{{{}{}{}{{{{{{}}}{}{{{}}}}}}}{}}{}{}{}{{}}}{}{}{{}}{{{}{{{{}{{}{{}}{}}}}{{{}{}}}{}}{}{}{}}{{}}}{{}{}{}}}{{{}}}{}{{{{{}}}}}}}}}{}{}}}{{{}{}{}}}}{}}{}{}}}{{}}}}}{{{{{{{}}{{{{}}{{}}}}}}{{}}{}}}{{}{{{}{}}}{}{{{}{{}{}{{{{{{}{}}}}{}{{}{{}}{{}}{{{}{{}{}{}}}{{{}}}}{{{{}{{{}}{{}{}}{{{}}{{{}}{{{{{{{{}}}{}{{}{}{}{{{}{}}{}{{}}}}{{}}{}}}{{}{}{{{{{{{}{{{}{{}}{}{{{}{{}{}{}}{{}}}{{{}}}}{}{{}{}{}{{{{}}{}}{{}{{{}}}{}{{}}}}}{{}{{{}}}}}{}{}}{{}}}{}{}}{}{}{}}{{{{}{}{}{}}{{}}}{}{}}{}{{}}}}{{}{}{}{}{{{}{}}{{}{{{{{}{}{{}}{}}{}}{}{}}}}{{}{}{}}{}}}{}{{}{}{}{{{{}}{}{}{{{}}{{{}}}}{{}}{{{}{}{}{{}}{}}}{{}}}}{{}{}{}}}}}}{{{}}}}{}{}}{{{{}{{}}}}}{}}}{{}}{}}}{{{{{{{}{{}{{}{}}{}}{{}}{{}{{}}}}}}{{}{}}}}{}}{}}{{{{}}{}}{}{{{{}}}}{}{}{{{}{}}}}{}{}{{}{{{{}}}}}}}}}{}{{}{{{{}{{{}{{}}{{}{}{}}{{}}}{{{}{}}}}}{}}{{{}{{{{}{{{}}{{{{}}{{{{}{}{{}}{}{}{}}}{{}{{}}{{}}{}}}}}}{{{}{{{}{{{}{}}}}}{}{{}}}}{{}{{{{}}}{{}{{}{}{{}{}}{{{{{{}{{}}{}}{{{{}{{}}}}}}}}}}{}}}{{}}{}{{}}{{}}{}}}}{{{{}{}}}{}{}}{}{{{{{}}{}{}{{}}{{}}}}}}{{}{{{{}}}{{}}{}{}{}}}}{}{{}}}}}{{{}}}}}}{}}{{{}{{}{{{{}{{{{}}}{}}}}{{{}{{}{}}{{{}{}{}}}{}{{{}{}{}{{{{{}{}{}}}}{{}{{}}{{{{}}}}{{}{}}}}{{{{}{}}}}{{}}{}{}{{{}}{}}}}{{}}}}}{{}}}}{}{}{}}{{{}{}{{}{}}}{}}{{{}}{{}{{}}}}}{{}}}{{}}}}}{{}}}}}}}}}}}{}{}}{{}}{}}{{{}}{}{}}{}{{{{{}{{{{}}{}{}}}{{}}{{}{{{{}{}}}}}{{}}}}{{}{}}}}}}{{{}{}}{{}}}}}{{{{}{{}}{}}{}{}}{{}{{{}{}}}}}{{}}}{{{{{}}{}{{{{{}}}{{}}{{{}}}}{{{{}}}{}}}}{}}}{}{}}{}{{{}}}}{}}}}{}{{}}{{}{{}}}{{}{{{}}{{{{{}}{{}{{{}}}{{{{}{}{{{{}{{{}{}{{}{{{{}{}{{}}{{{{}{}{{}{{}}}{{}{{}}{{{}}}{}}}}}{}}}{{{{}{}}}}}{}{}{{}}}}{}{{{{}{}}}{}{{{{}{{}}}{}{}}}{{{{}}{}{}{}}{{{{}{{}}}{}{{{}}}}{}}{}{{{}{}{}}}}}}}{{}{{}{{}{{}{{}{}}{}}}{}}{}{{{{{{}}{}{}{}{}}{{{{}}}}}}{}{{{{}{{}{}{}}{}}{{{}}}{{}{{{{}{{{{{{}{}{{{}{{}}{{}{{}{{}}}}}{}}{{{}}}}}{}}}{}}}{}}{}{}}{{}}{}{{{}{{}}}{{{{}{{{}}}}{{{{}{}{{}{}{{}}{{{}}{{{{{{}}}}{{{}{}}{}{}}{}{}}{}}}{{{}{{{}}{{}}}}{{}}{{{{{{{}}{}}}{}}{}}{}{}{}{}}}}{{}{}{{}{}}}{}}}}}}{}{{{}}{{}}{}}{}}{}}{}}}}{{}}{{}{{{}}}{{{{}{}}{{{{}{{}}}}{}{}{}{{}}{}}}}}}}}{}{}}{}}{}}}}}{{{}{{}{}{{{}}{}{}{}{{{{{{{}{{{}}{}{{}{{{{{{}}}}{}}}{}{}{}{}}{{}{{}}}}{{}{}}}{{}}{}}}{}{}{{}{}}{{{}}{{}}}}}{{}{{}{}}}{}{}}}{{{{}}}{{{{}{{{}{{{}{{{}{}}{{}{{{{{{{{{{{{}}}{}{}{}}{{{{{}{{{}}}{}}{}}{}{}}}{}}{}}}}{{{}{{}{{}{}}}{{{}{{{{}{}}}{}}}}{}{}}}}}{{}}}}}}}}}}{}{{}{{{{}{}}}}}{{{}{}{}}{{}}}{{{}{}{}{}{}}}}{}{{{{{}{}{{{}{{{{}}{{}}}{{{{}}}}}{}}}}{}}}}}{}{}{{}{}{}{}{{}{{{{{{{{}}}{}{{}{{}{{}{}}}{}}{{{}{{{}{{{}}}}{}{}{}{}}}{}}}{}}{{}{}{{{{}}}{{}{{}{}{}{{}{{{}}{}}}}{{{}}}}{}{{}}}{}{}}}{}{{{{{{{{{{{{{{{}}}}}{}}{{}}{}}}{{{{}{}{{}{}{{{}}}}}{{{}}{}{}{}}{}{{{{{{}{}{{}}{}{}{}}}{{{{{{{}}}}}}}}}{{}{}}}}{}{{}{}{}}{{}{{}{}{}}}{}{{{}}}{}{{}{{{}}}}}{}}{}{{{{}}}}}}}{}}{}}}{{{{{}{{{}}}}{{{{}}}{}{}}{{{{{}{{}{{{}}}}{}{}{}}}{{}}{{}}{}{}{}{{{{}{}{{}}{}{{{{{{}{}{{{}}}}{{}}{{{}{}}}{}}}{}{{{{}{}}}{}}}{{{}}}}}}}}{{}{}}}{{}}}{}{{{{}}}}}{{}{}}}}}{{}}{{}}{}{}}}{{{{{{}}{}}}}{{}}{{{{}}}{}{{}}}{{{{{}}}}{}}{{}{{{}{{{}}}{}}}}{}{{{{{}}}}}}}{{}{{{{{}}{}{}{{{{{{{{{}{{}{}}}{{}{}{{}}{{{{{}}}}{}{}{{{}{}{{{}}}}{}}}{{{}{{}{}}}{{{{}}}{{}{{{{{{{{{{{}}}}}{}}{}{{{{{{{}{}{{{}{{{}{{}}}}}{}{{{{}}{}{{{{}{}}{}}}}}{{{}}{{{{{}}{{{{{}{{}{}}}}}{}}{}{{}{}}{}}{{}}{{}}}{}}}}{{}}{}}}}}}{{{}{{{{}{{}}}{}}{{{}}}{}}{{}{{{}}{{}}{}}{}{{{}}{}}}}}{}}{{{}{{}{}{{{{{{{{{{}{{{{{}}}}}}}{}{}{}{{{{{}}{}{{}}}}{{{{{}{{{}{{}}{{{}}{{{{}{}}}}}}}{{}{}}{{{{{}{}{}{}}{}{}{}}}}{}}{}{}}{{{}{{}{}}}{{{}{}}{}{}{{}}}{{{}{{{{}{{{}}}{}{}{}}}}{}}}{}{}{{}}{{{}{{{{{}{}}}}{{{}}{{}{}}{}}}}{}}{
2782 4533
2395 2782
2181 2395
1607 2181
1607 2195
1823 2195
1823 3445
2543 3445
764 2543
764 2454
2454 4925
2272 4925
2272 4599
3611 4599
3611 3851
1800 3851
501 1800
501 3750
1737 3750
929 1737
474 929
474 4688
4368 4688
3201 4368
2080 3201
2080 3597
3597 4455
2498 4455
2498 3129
2347 3129
2347 3250
3250 3700
2492 3700
2492 3125
3125 3381
2536 3381
953 2536
586 953
586 2539
1614 2539
1614 1833
1833 4642
2620 4642
334 2620
334 4437
2534 4437
751 2534
751 2556
1941 2556
1941 2882
2882 4427
2980 4427
2300 2980
342 2300
342 2267
2267 4924
2849 4924
1549 2849
408 1549
408 1332
396 1332
396 1342
1342 3779
1281 3779
1281 1794
1417 1794
1417 3511
3438 3511
767 3438
767 4407
2262 4407
1187 2262
1187 4475
3911 4475
2583 3911
2146 2583
2146 4473
1158 4473
1158 2857
2857 4444
1573 4444
1573 2123
2123 3265
1248 3265
1248 4820
2930 4820
839 2930
839 2791
444 2791
444 2196
2196 3533
3533 4064
3875 4064
3401 3875
107 3401
107 375
375 4487
3186 4487
442 3186
442 4221
50 4221
50 2815
499 2815
499 2770
889 2770
889 3857
2110 3857
2110 3837
3837 4542
3193 4542
2431 3193
1030 2431
624 1030
144 624
144 3140
3140 4990
3746 4990
3581 3746
976 3581
976 1576
1576 3066
831 3066
831 1429
1429 3237
3237 3497
1742 3497
1333 1742
1333 1998
1998 2335
2335 3247
3247 3743
2537 3743
996 2537
996 3566
3287 3566
2422 3287
2422 2840
2840 3050
2995 3050
2596 2995
2107 2596
1380 2107
135 1380
135 2904
1678 2904
1678 2989
2950 2989
882 2950
882 4134
757 4134
757 4551
3255 4551
1334 3255
1334 3569
1211 3569
1211 4299
1343 4299
1343 2501
2501 3055
3055 3789
161 3789
161 2078
2078 3399
842 3399
842 2000
283 2000
283 655
655 3711
3711 4523
2925 4523
1986 2925
363 1986
363 3905
2051 3905
997 2051
997 2303
2303 4763
34 4763
34 1592
1048 1592
1048 3427
1482 3427
1482 1682
1682 4451
2021 4451
2021 2316
634 2316
634 1933
1933 3845
3845 4955
76 4955
76 567
567 3035
2597 3035
1762 2597
1762 3465
2876 3465
275 2876
275 4329
4329 4809
4512 4809
2881 4512
119 2881
119 2306
1040 2306
1040 4778
3953 4778
3672 3953
2726 3672
2081 2726
1519 2081
1519 3336
171 3336
171 4252
3744 4252
739 3744
393 739
393 4283
4283 4918
3696 4918
516 3696
516 4885
2787 4885
2787 4832
3638 4832
1543 3638
1543 2753
2753 4418
2352 4418
1018 2352
1018 3138
917 3138
917 1528
1528 3870
2688 3870
2688 2986
2986 3993
778 3993
778 3430
3430 4255
2386 4255
731 2386
731 790
790 2805
2673 2805
2673 3330
270 3330
270 3827
967 3827
311 967
311 669
669 1231
1231 1630
977 1630
426 977
426 1305
1305 2661
2661 4602
1071 4602
1071 2727
2727 3965
930 3965
930 3979
3979 4746
2136 4746
115 2136
115 1382
1382 1633
1633 4573
1154 4573
322 1154
322 712
712 2328
2328 3078
3078 3729
3729 4497
1701 4497
1701 2104
1264 2104
373 1264
373 3952
3415 3952
3415 3447
203 3447
203 4615
4615 4922
3135 4922
23 3135
23 4036
978 4036
978 4190
2329 4190
57 2329
57 2222
197 2222
197 4218
3234 4218
3234 3385
232 3385
232 3862
3795 3862
2317 3795
2317 3263
3215 3263
1602 3215
1197 1602
1197 3619
2018 3619
732 2018
503 732
454 503
318 454
318 3774
557 3774
557 4530
4478 4530
2960 4478
2960 3647
2547 3647
1478 2547
1478 1581
1581 2905
2017 2905
1027 2017
1027 3435
3435 4019
2890 4019
2012 2890
2012 3377
1299 3377
968 1299
968 1863
944 1863
944 4662
2332 4662
2332 3133
3133 4094
4094 4267
1148 4267
1148 3095
1820 3095
1820 2449
1405 2449
1405 4433
3446 4433
3446 3880
2809 3880
1353 2809
299 1353
299 4359
3114 4359
261 3114
261 3288
2407 3288
2407 3059
2219 3059
2219 4424
2952 4424
2028 2952
350 2028
350 4552
486 4552
300 486
300 1103
1066 1103
1066 2148
2148 2154
2154 4189
3012 4189
233 3012
233 470
470 4576
686 4576
686 3722
3722 4798
3579 4798
2033 3579
2033 4844
2327 4844
1758 2327
1758 3723
3200 3723
3200 3771
2565 3771
2565 4971
1802 4971
1802 3584
341 3584
341 4581
1929 4581
1929 2366
1565 2366
1504 1565
1504 2519
281 2519
281 826
826 3978
213 3978
80 213
80 3778
614 3778
614 2948
2948 3273
1404 3273
1404 4694
972 4694
302 972
302 806
806 3021
3021 4048
1005 4048
1005 1238
1238 2557
768 2557
768 1578
1521 1578
1179 1521
1179 2020
1232 2020
1232 3917
117 3917
117 2488
206 2488
206 3887
2838 3887
9 2838
9 3299
1946 3299
186 1946
186 1582
1582 3915
1590 3915
1458 1590
1458 1826
1826 3752
585 3752
585 4265
1012 4265
1012 2108
2108 2855
2005 2855
2005 2523
2523 4297
1451 4297
1050 1451
264 1050
264 2112
2095 2112
1180 2095
1180 2886
1359 2886
1359 3565
717 3565
717 3808
258 3808
258 1480
1480 3168
2027 3168
969 2027
969 3794
1484 3794
460 1484
460 987
987 3977
3909 3977
31 3909
31 4678
4312 4678
659 4312
36 659
36 134
134 808
808 946
946 952
952 3419
2761 3419
2761 3684
3145 3684
3145 4725
610 4725
610 1923
1923 3829
3829 4078
3152 4078
252 3152
252 1840
690 1840
690 4150
1894 4150
505 1894
505 3831
267 3831
267 2821
2382 2821
1419 2382
1419 4253
4253 4594
1089 4594
52 1089
52 4545
3405 4545
3405 3424
3424 3823
1981 3823
1356 1981
1356 1772
1772 4859
2443 4859
140 2443
140 553
553 3640
77 3640
77 3449
1106 3449
1106 3448
901 3448
429 901
429 3228
1056 3228
1056 3885
538 3885
538 964
964 4643
2589 4643
2589 2767
303 2767
131 303
131 730
477 730
477 2774
2774 3232
2362 3232
2362 2845
2359 2845
992 2359
992 4712
3432 4712
1304 3432
1008 1304
892 1008
892 4223
1475 4223
1475 2572
1394 2572
289 1394
289 2500
2500 2744
2744 2777
1761 2777
660 1761
660 2891
2891 3457
3457 3748
3748 4348
2521 4348
1449 2521
1449 2829
2829 4985
979 4985
919 979
919 1848
1848 4405
4108 4405
3418 4108
3163 3418
3163 4810
45 4810
45 1609
1609 4286
858 4286
858 4147
883 4147
784 883
784 3423
3423 3514
3514 4631
2162 4631
2162 4978
2228 4978
2032 2228
2032 2723
802 2723
242 802
242 3479
1548 3479
1548 3352
701 3352
701 4352
3494 4352
1767 3494
1767 3368
10 3368
10 2623
880 2623
880 2858
1984 2858
1984 3892
2742 3892
2742 2967
2413 2967
2413 3501
1207 3501
1207 4067
4067 4481
2703 4481
1680 2703
1137 1680
821 1137
821 3153
1797 3153
1101 1797
14 1101
14 3241
2765 3241
2765 2812
2812 4185
3169 4185
3169 3821
2906 3821
2906 3918
3918 4962
3492 4962
1014 3492
1014 1129
355 1129
355 4395
4395 4417
1381 4417
1381 3127
3127 3573
2309 3573
2308 2309
2308 4822
256 4822
256 4431
3411 4431
3411 4045
2180 4045
1707 2180
536 1707
536 593
593 3718
3718 4154
3974 4154
3974 4271
3030 4271
2491 3030
2491 3032
3032 3626
3626 4039
838 4039
838 2910
168 2910
168 2527
2527 4954
314 4954
314 4827
3063 4827
792 3063
792 1276
1276 4105
204 4105
204 389
389 1937
1937 2438
2438 3334
3334 4274
692 4274
675 692
675 1893
1035 1893
1035 4964
3367 4964
3367 4042
4042 4787
116 4787
116 1922
1171 1922
1171 4516
544 4516
544 4522
2388 4522
265 2388
265 1574
89 1574
89 3852
746 3852
8 746
8 3807
167 3807
167 3540
3540 4633
2074 4633
1452 2074
1452 2934
2609 2934
55 2609
55 4969
4766 4969
616 4766
616 721
721 4085
1420 4085
1000 1420
1000 1324
1324 4051
332 4051
332 1395
1395 2544
1338 2544
1338 1636
1636 2295
2295 2953
2953 3939
1799 3939
1799 4163
1041 4163
1041 1386
1386 3205
1698 3205
1698 2883
2883 4607
2507 4607
2507 4578
1560 4578
488 1560
488 3731
602 3731
602 4073
326 4073
326 1754
1754 2700
490 2700
490 4206
2680 4206
2680 4281
456 4281
456 4060
244 4060
244 443
443 909
909 3876
1159 3876
1159 2183
2183 4538
1587 4538
1587 3137
3137 4338
4338 4756
3571 4756
1706 3571
1706 2111
2111 4830
404 4830
404 935
935 4248
455 4248
455 4360
2854 4360
1534 2854
776 1534
776 2299
2299 3741
1047 3741
1047 3968
2153 3968
2153 3051
3051 4234
4234 4986
4398 4986
4398 4611
4126 4611
1074 4126
1074 2730
462 2730
462 1735
175 1735
175 1711
1711 1987
1987 4043
1739 4043
1739 3847
3754 3847
3754 4301
1063 4301
1063 1116
1116 1415
1013 1415
1013 2397
1594 2397
1594 3879
2554 3879
2554 3292
2075 3292
2075 2292
2292 3006
2313 3006
2313 2862
993 2862
993 1709
1709 4251
744 4251
744 3951
2211 3951
605 2211
605 4452
666 4452
666 4168
1421 4168
1421 4556
4091 4556
1733 4091
1498 1733
1498 2185
2185 2690
2690 2693
2693 3737
412 3737
412 3814
3814 4044
4044 4130
2169 4130
2169 2455
1279 2455
1279 1796
1796 4439
2618 4439
506 2618
506 1752
1752 2666
1654 2666
1654 4909
2094 4909
2094 2894
1818 2894
1256 1818
1256 1696
164 1696
164 2036
2036 3254
3254 3710
2908 3710
1006 2908
1006 4096
3916 4096
3916 3924
3924 4087
65 4087
65 3278
688 3278
688 862
420 862
420 4354
4093 4354
2233 4093
1393 2233
1393 2898
1239 2898
1239 4846
649 4846
649 4981
4009 4981
2900 4009
482 2900
482 961
961 1423
1423 1689
1689 4953
3728 4953
100 3728
100 2072
1229 2072
1229 4739
1769 4739
1769 3975
520 3975
520 4907
2037 4907
2037 3557
1015 3557
1015 2517
357 2517
357 875
800 875
800 3245
3245 4374
902 4374
902 2508
932 2508
932 3803
2558 3803
29 2558
29 755
618 755
208 618
208 3079
2868 3079
2868 3202
3202 3213
2672 3213
2672 4247
207 4247
207 331
331 4719
2391 4719
615 2391
615 3468
3468 4337
2772 4337
1606 2772
1606 2911
12 2911
12 3604
3604 4536
1932 4536
973 1932
973 2530
1430 2530
1430 2748
877 2748
543 877
336 543
336 3009
3009 3264
1841 3264
1485 1841
921 1485
921 2192
1766 2192
1766 4097
1502 4097
237 1502
237 3147
1684 3147
1684 1993
354 1993
354 1373
1373 2509
2509 4159
3279 4159
3279 3551
3551 3934
1459 3934
599 1459
599 3093
3093 3110
3110 4659
4371 4659
1600 4371
1600 3912
3721 3912
2363 3721
274 2363
274 4524
3645 4524
3373 3645
3373 4141
3322 4141
1927 3322
1775 1927
848 1775
848 4006
1445 4006
1286 1445
1286 4989
2924 4989
2874 2924
1024 2874
685 1024
685 3693
3693 3766
282 3766
282 4972
2475 4972
2475 3849
3849 4738
368 4738
368 2969
1483 2969
861 1483
861 3575
3575 4349
4349 4409
1433 4409
1433 4075
1468 4075
1468 2837
2837 3817
540 3817
187 540
187 4389
4001 4389
2023 4001
2023 2213
2213 2706
2706 4422
2873 4422
2873 3321
1859 3321
1859 3173
1538 3173
758 1538
90 758
90 419
169 419
169 4289
3617 4289
1384 3617
1384 4987
2178 4987
2178 3196
2077 3196
2077 3041
3041 3690
641 3690
558 641
558 4934
4008 4934
981 4008
926 981
926 2458
1977 2458
381 1977
381 3639
3239 3639
3239 4833
1855 4833
1855 4050
1107 4050
589 1107
589 1085
1085 3577
3369 3577
1533 3369
1533 2011
2011 3919
780 3919
780 1438
16 1438
16 1001
472 1001
472 1544
1544 4358
1513 4358
999 1513
118 999
118 4610
2127 4610
2127 3873
3873 4117
949 4117
949 1228
1228 3716
1688 3716
1688 4343
3101 4343
427 3101
427 2889
479 2889
479 1188
1188 1686
102 1686
102 4119
3567 4119
2984 3567
2571 2984
409 2571
409 4056
1880 4056
1880 4140
1969 4140
1969 3440
1235 3440
1235 3712
948 3712
948 3000
3000 4032
137 4032
137 1431
1431 4161
2226 4161
2226 4899
1111 4899
1111 4151
4151 4557
4557 4944
4313 4944
1462 4313
1462 1966
1178 1966
1178 3105
2946 3105
670 2946
670 4684
2091 4684
1133 2091
1133 2713
1615 2713
1615 3524
3477 3524
3477 4380
4021 4380
4021 4752
229 4752
229 2457
435 2457
435 3260
3260 3550
3128 3550
3128 3203
2001 3203
439 2001
439 1294
138 1294
138 1424
1424 4750
535 4750
535 4461
295 4461
295 551
551 3614
3614 4131
3960 4131
2640 3960
2640 4947
3574 4947
2942 3574
2942 4902
2079 4902
2079 3590
2348 3590
1860 2348
1322 1860
153 1322
153 3262
2184 3262
121 2184
121 793
512 793
512 4089
3891 4089
3830 3891
401 3830
401 3425
1947 3425
1713 1947
1713 4413
4413 4951
4890 4951
1884 4890
185 1884
185 2367
1268 2367
1268 2186
1681 2186
1681 1813
1813 4077
1741 4077
1741 4013
1907 4013
1907 2163
2132 2163
2132 2358
631 2358
98 631
98 1650
234 1650
234 708
708 2983
1121 2983
1121 2675
2675 4237
2885 4237
876 2885
377 876
377 1155
1155 1603
1603 4693
388 4693
388 518
518 4665
3485 4665
3485 4705
4606 4705
4479 4606
3564 4479
141 3564
141 639
639 1759
1759 2054
2054 4426
2464 4426
2464 3937
3937 4138
338 4138
338 2365
390 2365
37 390
37 184
184 268
268 2076
2076 4583
24 4583
24 2281
2281 2305
994 2305
994 3602
1398 3602
1398 2816
2816 4041
1053 4041
1053 2966
2966 4992
1388 4992
1300 1388
1300 1831
1831 3217
2277 3217
590 2277
590 3948
3282 3948
3282 3699
3699 4653
2024 4653
2024 4575
4264 4575
1293 4264
963 1293
963 3142
3142 3618
1674 3618
1674 2878
1601 2878
1601 4215
1291 4215
1291 4198
2245 4198
2245 3820
2622 3820
2622 4387
1925 4387
1925 2418
1368 2418
1368 2364
2364 4783
4657 4783
3045 4657
2720 3045
2720 4886
1004 4886
1004 4367
1246 4367
1246 2346
957 2346
337 957
337 1619
1619 4622
1288 4622
539 1288
539 1624
1624 4973
2584 4973
2584 3607
3607 3928
3928 3962
1873 3962
1873 4410
3653 4410
3653 3697
3212 3697
3212 3407
3259 3407
406 3259
152 406
152 4829
3349 4829
2887 3349
2606 2887
1546 2606
924 1546
259 924
259 2159
106 2159
106 3227
3010 3227
1791 3010
748 1791
437 748
437 1753
1753 3985
3985 4355
4318 4355
4318 4730
483 4730
483 3040
2209 3040
1569 2209
1569 3394
3143 3394
687 3143
687 3458
2234 3458
2234 3358
2087 3358
2040 2087
2040 2716
1870 2716
1465 1870
1465 3610
2588 3610
1259 2588
1259 2827
1991 2827
1991 2800
2800 4842
2701 4842
2310 2701
487 2310
487 2783
2783 4303
3608 4303
2101 3608
714 2101
714 2506
26 2506
26 2851
2252 2851
2252 4720
2665 4720
783 2665
696 783
696 4740
1646 4740
1646 2399
1210 2399
461 1210
461 890
890 1970
1611 1970
1611 3058
1087 3058
1087 2510
2426 2510
1783 2426
1743 1783
886 1743
886 1198
1198 2836
1391 2836
1391 2256
128 2256
128 4863
3293 4863
3121 3293
3121 4598
640 4598
640 680
680 3698
2360 3698
2360 2387
2387 3294
3294 3452
3452 4239
3967 4239
1958 3967
1958 3393
1532 3393
851 1532
851 1490
1490 2798
2798 3734
2243 3734
1703 2243
1703 1954
1954 4587
4587 4882
4272 4882
1175 4272
1175 3154
3154 4361
3027 4361
3027 3513
3513 4155
1816 4155
1816 2649
1172 2649
379 1172
379 2801
2801 4378
2957 4378
2957 4754
3337 4754
1240 3337
436 1240
436 4098
4098 4181
1362 4181
1362 2968
984 2968
984 4088
4088 4816
729 4816
729 3786
3786 4331
2976 4331
2976 3615
1335 3615
1335 3039
1551 3039
941 1551
941 1327
1327 2474
2474 3270
3270 3833
1723 3833
1723 3635
3635 3908
3328 3908
1648 3328
245 1648
245 3387
2841 3387
2841 4201
3705 4201
3705 4700
914 4700
914 2648
2648 3633
2625 3633
1950 2625
1950 4498
904 4498
904 3354
3354 3658
1638 3658
1638 2581
2581 4469
2806 4469
248 2806
248 820
820 3185
3185 3199
3199 4394
2191 4394
348 2191
348 3668
133 3668
133 2797
1599 2797
1599 2662
2662 2788
2788 3471
2861 3471
1757 2861
1051 1757
1051 4710
3131 4710
3131 4807
2158 4807
2158 4472
2378 4472
2378 4745
815 4745
815 3467
1025 3467
1025 3160
556 3160
556 1790
1790 3103
1731 3103
1731 2205
2133 2205
1339 2133
1339 2194
227 2194
227 2269
2225 2269
250 2225
250 1890
1890 2494
2494 3331
3252 3331
3252 4306
854 4306
51 854
51 3784
3784 4982
2892 4982
2892 3543
650 3543
650 4112
3493 4112
3088 3493
3088 3675
2626 3675
1435 2626
1363 1435
1363 1978
1978 3739
1062 3739
1062 4351
3482 4351
3017 3482
2803 3017
2803 2998
1272 2998
1272 4856
2247 4856
1315 2247
411 1315
411 3414
818 3414
818 1555
633 1555
633 1318
1318 4430
4430 4966
3456 4966
887 3456
887 1255
547 1255
547 4242
82 4242
82 1099
1099 3126
149 3126
149 2856
2856 4122
1512 4122
1512 2552
2552 2638
2638 3453
3076 3453
2999 3076
69 2999
69 1748
1748 1842
1842 4491
3691 4491
2207 3691
1118 2207
1118 1234
1234 3277
2417 3277
397 2417
397 2875
2875 4250
2423 4250
2423 4759
1010 4759
1010 1509
1509 1999
1851 1999
475 1851
475 4590
4590 4811
3612 4811
3612 3972
881 3972
881 980
980 4742
4408 4742
1734 4408
565 1734
565 936
936 2461
1098 2461
249 1098
249 2144
70 2144
70 2683
2683 2860
989 2860
989 4325
541 4325
541 4382
985 4382
985 2593
2593 4555
2116 4555
2116 4784
1244 4784
1244 4330
4330 4432
4003 4432
4003 4327
621 4327
621 1846
1846 2473
2473 3882
837 3882
837 1247
1247 2452
2452 3165
44 3165
44 101
101 3210
657 3210
657 733
733 2065
2065 2621
632 2621
632 3719
400 3719
400 4640
188 4640
188 2972
2972 4012
4012 4454
3628 4454
1204 3628
1204 4492
4366 4492
2141 4366
2141 2374
2374 4004
4004 4436
3990 4436
3990 4903
4903 4988
4179 4988
4179 4721
1193 4721
1193 4889
4689 4889
3841 4689
3841 3899
2619 3899
2373 2619
2246 2373
2246 2813
2813 4027
1562 4027
1562 2135
718 2135
718 2538
2538 4616
3548 4616
1196 3548
1196 4891
1039 4891
329 1039
329 3648
2781 3648
58 2781
58 689
689 1830
433 1830
433 3034
3034 4399
923 4399
923 4373
2376 4373
2376 3256
3256 4471
3503 4471
3503 4793
93 4793
93 1201
1201 1469
1469 1807
193 1807
193 2698
2698 3970
3080 3970
947 3080
947 3159
3159 4084
3717 4084
1905 3717
1905 2476
2476 3439
572 3439
572 588
588 4158
3920 4158
3920 4025
4025 4571
1821 4571
1821 4038
1067 4038
1067 1181
867 1181
867 1349
1349 3708
3361 3708
3286 3361
3286 4194
2667 4194
2667 3148
1786 3148
220 1786
220 1953
700 1953
700 2671
2253 2671
2253 4347
425 4347
425 1829
1829 2288
323 2288
323 1086
414 1086
414 4500
3927 4500
3927 4261
571 4261
438 571
217 438
217 1586
1586 3709
2912 3709
2912 3883
2289 3883
706 2289
305 706
305 2070
2070 3666
3666 4323
807 4323
807 1400
1400 3318
2769 3318
2769 3141
1260 3141
1260 3667
3400 3667
2120 3400
2120 2776
2551 2776
1157 2551
1157 2118
339 2118
339 2022
2022 2131
2131 2291
1374 2291
1374 3599
3417 3599
3417 4031
3226 4031
709 3226
709 1517
1517 2994
2994 4212
83 4212
83 4356
4165 4356
4165 4321
3749 4321
2351 3749
563 2351
291 563
291 1470
1470 1687
611 1687
277 611
277 2437
566 2437
566 2811
2811 4145
3402 4145
3402 3809
1764 3809
927 1764
927 4785
913 4785
39 913
39 2484
2484 2526
2526 3304
3304 3936
2034 3936
2034 2725
2725 3595
3595 3981
2833 3981
2833 4554
1022 4554
1022 3824
3824 4661
2796 4661
297 2796
105 297
105 201
201 2278
2278 3783
740 3783
740 1536
1536 2901
1658 2901
1658 3372
2251 3372
2251 3117
1301 3117
1301 1526
1526 3339
3339 4652
2340 4652
97 2340
97 1065
1065 2060
1126 2060
1126 4411
3594 4411
1422 3594
1422 2232
1939 2232
1939 4773
1245 4773
1060 1245
579 1060
579 2532
2532 3930
1871 3930
1871 2567
2567 3391
3391 4402
4402 4789
458 4789
458 1351
1351 4737
3156 4737
1479 3156
1479 2751
2751 4114
1114 4114
1114 2280
2055 2280
1771 2055
658 1771
658 4670
230 4670
230 4617
676 4617
676 4658
627 4658
627 1236
1236 4336
2844 4336
2404 2844
2404 4788
3588 4788
809 3588
809 1583
1583 4208
4106 4208
1425 4106
1425 4035
653 4035
653 2235
2099 2235
2099 2465
2465 2692
2692 2760
2760 4813
2919 4813
2919 2938
2409 2938
2409 3547
262 3547
262 4211
3362 4211
3362 4913
360 4913
330 360
330 2248
1306 2248
1306 2602
2602 4435
852 4435
852 3854
1202 3854
1202 1718
183 1718
183 4943
3950 4943
3950 4722
4722 4770
3327 4770
3327 3376
157 3376
157 523
346 523
346 3627
428 3627
428 794
794 3090
3090 4457
3338 4457
534 3338
534 4563
4278 4563
2266 4278
2266 4419
399 4419
301 399
301 682
682 1913
1827 1913
1075 1827
1075 4173
4173 4743
2006 4743
2006 3898
3775 3898
1918 3775
1918 3643
2663 3643
2663 3198
609 3198
609 3408
3408 4213
1694 4213
1694 2453
1045 2453
1045 2430
1347 2430
1347 1825
939 1825
939 2921
2921 3923
2696 3923
906 2696
906 1016
1016 2750
2531 2750
288 2531
288 2632
2632 4702
4614 4702
2069 4614
170 2069
170 845
845 4474
1996 4474
1996 3214
3214 4363
2533 4363
2533 4115
4115 4680
3509 4680
3509 5000
4024 5000
3694 4024
3694 4235
4235 4319
3836 4319
2758 3836
2758 4696
1309 4696
1309 1340
1340 4786
643 4786
643 4835
825 4835
218 825
218 2354
2354 3545
568 3545
568 2392
2392 4887
4874 4887
3187 4874
1227 3187
1227 2852
2852 3028
2789 3028
846 2789
846 898
898 1321
231 1321
231 4030
3568 4030
2562 3568
2562 3082
1655 3082
1655 1763
1763 2850
1539 2850
1539 2466
2466 3388
3388 3409
2823 3409
1828 2823
1828 4869
4869 4958
1712 4958
795 1712
795 3563
595 3563
139 595
139 3561
3561 4871
413 4871
413 3094
1719 3094
1719 2302
1447 2302
661 1447
661 1869
1869 3616
2057 3616
2057 2353
2353 2432
2432 4316
1507 4316
38 1507
38 781
99 781
99 2408
1336 2408
1336 4983
3158 4983
1874 3158
1874 2424
209 2424
209 4386
4386 4505
4465 4505
1488 4465
1488 4644
829 4644
829 2049
2049 3466
450 3466
450 2859
67 2859
67 3099
1352 3099
1352 4244
2290 4244
1364 2290
1330 1364
1330 2244
2025 2244
2025 4671
4282 4671
2945 4282
2945 3592
478 3592
478 3162
2379 3162
2379 4305
2402 4305
2402 4699
791 4699
791 2747
2747 3609
2283 3609
2283 2468
2468 4146
2259 4146
747 2259
747 4605
1132 4605
1132 2963
2239 2963
2239 4059
3677 4059
1537 3677
1127 1537
1127 2487
1295 2487
1295 4011
3713 4011
1325 3713
1257 1325
1257 3661
3661 3686
2601 3686
668 2601
668 3192
3192 4192
651 4192
651 2792
2792 4534
4531 4534
1795 4531
1795 3776
3070 3776
3070 4266
1879 4266
1879 4298
2124 4298
2124 3144
3144 4199
2664 4199
2664 4191
4191 4767
1486 4767
1486 2293
1434 2293
1434 2039
2039 4110
3309 4110
3309 4513
3044 4513
3044 3300
1545 3300
372 1545
372 907
476 907
476 798
798 1896
1896 2318
1432 2318
1432 3802
3348 3802
1660 3348
441 1660
441 4053
4053 4425
3768 4425
1265 3768
1265 3637
3384 3637
1882 3384
1882 4340
1566 4340
1167 1566
1167 3429
3429 4937
3130 4937
3130 4180
1348 4180
1319 1348
1319 1473
1473 1952
1464 1952
1464 4805
2047 4805
1535 2047
1535 1912
1774 1912
1411 1774
962 1411
962 4706
179 4706
179 868
868 3811
3298 3811
828 3298
828 1730
1730 3881
2865 3881
1808 2865
1387 1808
1387 2902
2736 2902
313 2736
313 1868
1868 3311
3311 4460
4277 4460
2814 4277
2814 3049
1900 3049
1900 3542
3542 3961
122 3961
122 2165
1077 2165
1077 2959
421 2959
421 3315
766 3315
386 766
386 4855
656 4855
46 656
46 1872
1043 1872
182 1043
182 1233
1233 2728
2297 2728
2297 3404
2212 3404
1911 2212
263 1911
263 2208
2208 2914
1328 2914
1328 1390
763 1390
763 3890
824 3890
824 1416
1003 1416
1003 3087
367 3087
367 4596
691 4596
691 4800
4200 4800
1070 4200
1070 1886
1886 3119
550 3119
550 4401
1721 4401
1721 3894
2467 3894
716 2467
716 2564
1341 2564
1341 4996
1200 4996
1200 3499
1088 3499
1088 2745
1898 2745
1898 2598
2598 4726
3785 4726
3785 4732
920 4732
920 4910
1506 4910
617 1506
617 2041
2041 2088
1396 2088
1396 4564
1613 4564
1613 2434
1413 2434
893 1413
13 893
13 4135
1656 4135
1656 2224
2224 3815
1298 3815
1298 3359
2915 3359
1749 2915
469 1749
469 2326
148 2326
148 911
911 4714
3092 4714
2203 3092
2203 4063
1931 4063
1931 4585
2284 4585
1716 2284
1361 1716
1361 2268
41 2268
41 942
942 2928
1307 2928
1307 2628
2628 3122
371 3122
371 4775
3067 4775
3067 3958
912 3958
912 3495
3495 4675
2810 4675
2810 4905
2053 4905
1620 2053
1620 1915
1915 4540
2956 4540
2835 2956
2835 4528
3657 4528
271 3657
271 3636
3462 3636
1151 3462
1151 4762
1212 4762
1212 3319
2985 3319
2985 4894
3537 4894
3537 3840
2119 3840
358 2119
358 1751
1113 1751
1113 2343
2343 4397
1572 4397
352 1572
352 3632
3007 3632
3007 4447
146 4447
146 3375
3371 3375
788 3371
788 2645
1140 2645
1124 1140
1124 3508
3508 4295
3075 4295
1584 3075
1377 1584
1377 1448
1448 1974
1974 2759
2759 3335
290 3335
290 2768
123 2768
123 4061
2173 4061
597 2173
597 1960
1524 1960
1524 3383
552 3383
445 552
445 775
775 3733
869 3733
199 869
199 2046
2046 2093
500 2093
500 3663
2333 3663
2333 2540
2463 2540
2463 3064
1649 3064
1649 4260
1608 4260
1608 3220
3220 3825
2674 3825
2674 3020
1666 3020
1666 4101
3434 4101
3434 3519
891 3519
191 891
191 1897
1897 3005
3005 3112
2156 3112
126 2156
126 2170
1857 2170
1857 3553
3120 3553
3120 4945
3253 4945
2344 3253
1460 2344
1460 2480
2480 4537
3089 4537
3089 3437
1316 3437
1316 4124
4124 4458
2802 4458
2802 3073
2646 3073
2270 2646
2270 2895
1985 2895
1985 4396
3431 4396
3238 3431
3238 3980
677 3980
677 1935
1935 4345
1593 4345
463 1593
463 1221
1221 2002
856 2002
601 856
601 2287
2287 3271
1805 3271
1450 1805
1450 4314
1845 4314
1845 2129
2129 2263
2263 2637
2637 4801
4127 4801
2754 4127
2754 4549
4549 4865
2282 4865
2282 3687
581 3687
581 4840
4228 4840
2503 4228
1835 2503
514 1835
514 4322
2916 4322
2916 4794
1980 4794
1284 1980
1284 3758
392 3758
189 392
189 4535
533 4535
533 1117
1117 4287
151 4287
151 181
181 3481
2871 3481
2871 4259
1477 4259
1477 1910
1910 4724
109 4724
109 4310
4310 4508
1690 4508
1690 4220
3834 4220
628 3834
628 2973
240 2973
240 4896
1270 4896
1270 4961
4076 4961
1184 4076
272 1184
272 2231
2231 2561
2561 3559
782 3559
619 782
223 619
223 3925
2773 3925
366 2773
366 1379
1379 3634
3634 4503
606 4503
606 4203
4104 4203
1806 4104
1806 4695
4695 4915
960 4915
960 4818
1481 4818
1481 2415
998 2415
998 4582
4582 4956
4579 4956
2735 4579
2735 4593
719 4593
719 3344
1360 3344
694 1360
694 4493
1020 4493
251 1020
251 1242
1242 1497
224 1497
224 4494
1982 4494
1982 3296
3296 3946
3702 3946
2063 3702
2063 4952
3029 4952
3029 4544
4249 4544
4249 4776
3398 4776
1036 3398
1036 3714
2566 3714
2566 3810
3522 3810
745 3522
745 2405
2405 4672
2888 4672
2888 3004
3004 4619
1817 4619
545 1817
545 4718
2043 4718
2043 4914
369 4914
369 1928
1928 3813
205 3813
205 3704
1203 3704
1203 2591
2591 3355
407 3355
407 1280
1280 4878
210 4878
210 3177
1376 3177
1376 2778
440 2778
440 2958
2958 4625
4625 4979
2121 4979
1437 2121
620 1437
620 4656
4018 4656
725 4018
284 725
284 955
955 4456
1529 4456
1258 1529
1258 3906
3906 4100
4100 4233
4233 4868
3280 4868
3280 4320
315 4320
315 3676
1152 3676
1152 2839
2109 2839
2109 3268
3268 4107
1147 4107
87 1147
87 3546
1622 3546
1622 3357
3003 3357
235 3003
235 4948
2050 4948
1355 2050
1355 4666
2542 4666
2541 2542
2541 4747
1865 4747
1865 2015
308 2015
308 2568
2568 4335
3631 4335
3631 3799
192 3799
192 4857
4162 4857
2100 4162
2100 3491
1217 3491
1217 2740
521 2740
521 3804
143 3804
143 1702
1702 2097
2097 2785
2785 3954
3343 3954
351 3343
351 2398
2398 3765
3026 3765
3026 4888
4604 4888
4243 4604
1378 4243
156 1378
21 156
21 1250
1250 4654
4645 4654
2342 4645
2342 2639
2639 4164
1967 4164
1967 3781
2807 3781
2071 2807
2064 2071
1889 2064
1344 1889
517 1344
517 1174
662 1174
662 3248
1037 3248
1037 4647
1948 4647
1948 2126
2014 2126
2014 4529
4529 4663
2555 4663
1463 2555
1463 1887
1887 3157
810 3157
810 2098
2098 3176
471 3176
471 4806
1530 4806
1530 1858
1858 3651
2704 3651
2445 2704
1903 2445
1903 4977
4883 4977
1131 4883
71 1131
71 3184
154 3184
154 564
564 2312
1313 2312
1313 4488
391 4488
391 1964
1205 1964
1205 2177
2177 3901
3901 4639
1514 4639
1514 4876
6 4876
6 4796
3726 4796
3606 3726
2250 3606
1627 2250
1627 2612
2612 4202
385 4202
385 1875
1446 1875
1446 3868
1218 3868
124 1218
124 4511
416 4511
416 4995
3374 4995
2499 3374
2499 3033
3033 4369
2068 4369
2068 2345
2345 3846
3306 3846
2927 3306
1653 2927
1476 1653
1476 3486
1803 3486
1042 1803
1042 3382
3382 4641
66 4641
66 2223
2223 3935
1165 3935
1165 4324
4324 4872
4362 4872
1397 4362
1397 4704
2650 4704
524 2650
524 2702
1724 2702
925 1724
925 3707
2529 3707
1495 2529
1253 1495
1253 1585
1585 4601
3761 4601
3761 4777
4777 4791
1990 4791
1990 4744
4197 4744
1499 4197
316 1499
316 4072
3378 4072
1104 3378
1104 4920
1011 4920
937 1011
937 2481
532 2481
532 1454
1454 3269
1942 3269
42 1942
42 2515
2515 3943
1589 3943
1094 1589
1094 4624
86 4624
75 86
75 4416
3956 4416
1956 3956
343 1956
190 343
190 3166
2355 3166
2355 3314
3314 3512
3512 3528
3528 4186
1552 4186
1552 4262
2824 4262
2019 2824
1944 2019
1944 2964
2964 3798
3650 3798
3650 4970
3630 4970
374 3630
374 2923
2923 3450
1740 3450
1134 1740
1134 2010
2010 3052
1453 3052
1453 4879
1494 4879
1494 2615
2421 2615
638 2421
638 1078
1078 2217
2217 2528
2528 3478
2029 3478
1634 2029
1634 3531
1254 3531
59 1254
59 63
63 4383
43 4383
43 4993
3464 4993
652 3464
652 2276
2276 4848
1542 4848
1542 2324
2324 4120
4120 4241
3624 4241
3624 4160
4160 4731
2257 4731
2257 4646
801 4646
801 1567
95 1567
95 2384
2384 3562
2227 3562
2147 2227
2147 4539
4434 4539
4434 4824
94 4824
94 3791
3316 3791
2592 3316
33 2592
33 573
247 573
247 2897
2193 2897
449 2193
449 4342
2525 4342
2525 3225
749 3225
749 1370
1156 1370
1156 4506
4506 4867
1972 4867
1457 1972
1457 2937
246 2937
246 2242
2242 4470
2031 4470
769 2031
707 769
707 970
970 2979
1064 2979
559 1064
559 1337
1222 1337
1222 4908
803 4908
803 1864
1864 4217
3342 4217
1141 3342
1141 2764
2254 2764
2254 2731
2731 4229
2853 4229
2853 4420
958 4420
958 1471
1471 1877
1877 2210
865 2210
865 1617
1617 2684
1412 2684
1412 3283
1809 3283
1809 4968
2497 4968
636 2497
636 2940
2940 2954
2954 3957
196 3957
196 4509
3888 4509
3302 3888
3302 3969
3969 4825
3863 4825
307 3863
307 4270
215 4270
215 756
583 756
583 3505
279 3505
279 4518
2563 4518
2563 3995
2448 3995
2448 2587
683 2587
683 4628
922 4628
922 2275
2275 4917
3987 4917
3987 4128
1358 4128
1358 1493
20 1493
20 494
494 1138
1138 3346
468 3346
468 1838
1838 4821
3751 4821
2570 3751
1219 2570
1219 4071
3011 4071
415 3011
415 4919
112 4919
112 4453
1492 4453
1092 1492
1092 2419
2419 2489
2489 4541
2319 4541
2319 2668
2668 3554
1033 3554
1033 2790
2790 4751
1710 4751
1710 4569
2204 4569
1798 2204
1798 2187
2187 3685
3621 3685
2775 3621
1263 2775
1263 3502
3502 4546
3853 4546
1943 3853
1943 2298
2298 3844
1597 3844
1287 1597
1287 2138
2138 4152
2206 4152
2206 3224
734 3224
734 4273
145 4273
145 3329
1695 3329
1695 3530
403 3530
403 562
54 562
54 4933
2286 4933
578 2286
578 4967
637 4967
637 2719
2719 4332
4332 4586
2113 4586
787 2113
787 1722
1722 2385
1902 2385
1902 3014
2965 3014
527 2965
527 4029
147 4029
147 3474
3474 4608
596 4608
596 1251
1251 2304
2304 4033
1195 4033
1195 3806
2975 3806
2975 3680
2766 3680
1083 2766
910 1083
910 3149
2586 3149
1058 2586
1058 1081
1081 4612
3016 4612
513 3016
513 4819
3057 4819
2261 3057
2261 3982
5 3982
5 1801
1780 1801
1780 4520
3230 4520
3230 3745
1461 3745
1461 1643
1643 4950
2416 4950
560 2416
560 2899
464 2899
464 3527
3527 3688
68 3688
68 752
752 2150
1675 2150
1675 4037
1166 4037
451 1166
451 622
622 4701
1122 4701
1122 3188
1329 3188
1329 3323
1708 3323
1708 2230
22 2230
22 4279
3787 4279
3578 3787
3578 4066
1973 4066
777 1973
777 2579
2579 4946
1269 4946
1269 2513
1292 2513
219 1292
219 847
317 847
317 4193
1685 4193
1685 3874
713 3874
254 713
254 2771
1323 2771
1323 4521
4521 4799
3008 4799
3008 4629
1108 4629
1108 3859
2414 3859
607 2414
607 3828
3828 3914
1191 3914
1191 3313
931 3313
931 2708
2221 2708
2221 3572
3109 3572
1496 3109
1496 4375
1983 4375
1983 2762
1467 2762
493 1467
493 4209
3525 4209
681 3525
432 681
432 789
789 3360
3172 3360
702 3172
702 3397
3397 4858
879 4858
879 3274
664 3274
664 3102
3102 3997
3031 3997
1744 3031
1744 4222
2083 4222
2083 4357
2189 4357
786 2189
786 4450
4232 4450
4232 4490
3164 4490
3164 3986
3986 4448
642 4448
642 3517
3084 3517
3084 4002
3812 4002
3812 4892
3984 4892
549 3984
549 1788
1788 2699
2122 2699
1789 2122
1789 2400
2400 2460
2460 2717
2717 4708
2495 4708
166 2495
166 4070
2652 4070
2652 4660
3549 4660
3498 3549
3498 4862
1214 4862
1214 3855
3855 4519
2804 4519
1850 2804
1850 4984
3605 4984
735 3605
735 1192
1192 3333
3333 4182
4182 4758
2462 4758
2361 2462
1110 2361
110 1110
110 1895
1408 1895
603 1408
603 4415
2336 4415
2336 4713
959 4713
959 966
966 3042
3042 4711
3535 4711
971 3535
971 2585
1883 2585
1883 4132
1720 4132
1720 3470
3380 3470
2130 3380
1162 2130
1162 4225
3053 4225
3053 4384
53 4384
53 1853
1853 2152
577 2152
577 727
727 2574
2574 4757
956 4757
956 3858
3858 4514
4464 4514
827 4464
827 2866
2535 2866
2535 3136
3136 3351
2044 3351
2044 4729
394 4729
394 1026
1026 3389
1371 3389
114 1371
114 2356
667 2356
81 667
81 3641
3641 3701
502 3701
502 3818
2869 3818
2869 4326
3596 4326
3596 3598
3598 4808
3 4808
3 2142
194 2142
194 4627
424 4627
424 480
480 3843
3843 4144
103 4144
103 3218
1765 3218
1765 3959
3959 4692
4388 4692
2732 4388
2732 4129
2738 4129
239 2738
239 2826
324 2826
324 671
671 834
834 4674
2817 4674
2817 3793
3793 4224
4195 4224
753 4195
753 3763
1055 3763
1055 3742
3240 3742
1443 3240
1443 4860
2171 4860
1962 2171
178 1962
178 2605
292 2605
292 770
770 3944
742 3944
742 2188
2188 3413
3413 4881
654 4881
654 3171
2320 3171
1069 2320
1069 1776
1776 4930
986 4930
986 3106
3106 4020
3759 4020
3759 3926
841 3926
841 2089
2084 2089
1919 2084
319 1919
319 3206
1531 3206
467 1531
467 2550
1320 2550
1320 1750
1274 1750
1274 1365
1365 4230
2820 4230
2820 3189
3189 3231
3231 4109
4109 4486
4486 4728
2641 4728
2641 4682
1297 4682
823 1297
225 823
225 2420
2420 3308
3113 3308
2944 3113
594 2944
594 3291
3291 3706
3706 4392
1679 4392
1679 2082
1891 2082
1891 4837
873 4837
873 1220
1220 3659
905 3659
74 905
74 4974
4364 4974
364 4364
364 697
697 3243
3243 3780
1629 3780
1357 1629
1357 2949
2949 3015
3015 4184
698 4184
698 4010
1275 4010
1275 2511
2096 2511
1704 2096
1704 4379
2932 4379
974 2932
431 974
431 4957
4592 4957
2168 4592
2168 3747
943 3747
943 1190
1190 2103
1028 2103
1028 4817
174 4817
155 174
155 2375
1961 2375
1961 3412
3412 4584
3555 4584
2401 3555
1021 2401
1021 4216
3674 4216
3660 3674
1426 3660
1426 2784
2784 3290
1936 3290
508 1936
508 4175
2197 4175
2197 4527
3735 4527
3444 3735
1164 3444
1164 2678
811 2678
811 3242
1441 3242
1441 1867
1867 4440
4406 4440
306 4406
273 306
273 546
546 934
934 4838
4421 4838
4293 4421
434 4293
434 4047
1097 4047
1097 3593
3182 3593
3182 4553
2793 4553
738 2793
738 3433
3433 4207
511 4207
511 647
647 812
812 2548
2548 4609
309 4609
309 3556
2042 3556
2042 4196
4196 4304
4167 4304
3139 4167
3139 4893
4137 4893
3504 4137
3504 3585
2149 3585
2149 3496
1082 3496
612 1082
612 1673
1673 2757
1668 2757
1668 3235
3074 3235
2522 3074
1091 2522
1091 2670
2670 3175
1784 3175
1784 2828
88 2828
88 2974
347 2974
347 2117
2117 2435
180 2435
180 4028
2341 4028
1861 2341
1861 3132
3132 4782
2469 4782
2469 4768
1161 4768
362 1161
362 587
587 3620
2658 3620
7 2658
7 1474
1474 2236
2236 3490
3490 4423
2334 4423
844 2334
844 1125
1125 1832
663 1832
663 870
870 2926
383 2926
383 3678
353 3678
353 3115
3115 3896
695 3896
695 2155
405 2155
405 3665
1059 3665
1059 4227
3976 4227
3043 3976
3043 4148
4052 4148
3732 4052
1725 3732
761 1725
761 1930
1930 4736
2470 4736
679 2470
679 3526
3473 3526
3251 3473
548 3251
548 1940
822 1940
822 1553
1553 4496
120 4496
120 2067
2067 2493
1563 2493
1563 1810
1810 4912
1369 4912
855 1369
855 1177
1177 3048
452 3048
61 452
61 4156
3973 4156
3973 4843
32 4843
32 485
485 2604
2604 3900
3580 3900
1697 3580
1697 4771
3541 4771
3541 3772
1892 3772
459 1892
459 2659
64 2659
64 1522
1522 4294
771 4294
771 2439
243 2439
243 4143
1878 4143
1878 4462
2553 4462
2553 4446
1518 4446
1518 4965
1456 4965
525 1456
457 525
457 3195
3195 4022
4022 4761
228 4761
228 4911
2220 4911
888 2220
630 888
630 1575
1575 3392
344 3392
344 446
446 4901
3649 4901
2429 3649
2429 4691
1427 4691
1427 1815
1815 4000
4000 4935
4935 4999
741 4999
741 2846
2846 4532
3312 4532
804 3312
804 990
990 4169
241 4169
241 359
359 2679
2679 4245
163 4245
163 3534
2311 3534
2311 4123
2643 4123
2643 4068
4068 4116
673 4116
673 2977
2569 2977
2569 3996
3285 3996
2655 3285
2655 2695
897 2695
897 2371
2349 2371
2249 2349
774 2249
774 4734
1023 4734
1023 2832
1631 2832
1631 2478
2478 4095
945 4095
945 3507
3507 3940
2636 3940
2636 4074
2970 4074
62 2970
62 1862
1558 1862
1558 4897
2647 4897
2105 2647
2105 3442
3442 3991
176 3991
176 4847
1076 4847
1076 2863
2863 3081
1243 3081
1243 4873
529 4873
529 3295
836 3295
836 4839
1054 4839
1054 3161
1811 3161
1811 3673
2218 3673
2218 4677
4632 4677
3738 4632
378 3738
378 3307
481 3307
481 3860
28 3860
28 2396
1052 2396
1052 2134
2134 2441
2441 4125
4125 4864
975 4864
542 975
542 4559
4334 4559
340 4334
340 3764
1290 3764
1290 4034
1249 4034
1249 2631
2631 3083
304 3083
255 304
255 635
635 3461
3461 4174
526 4174
526 3757
3757 4921
3656 4921
2660 3656
2660 3469
1282 3469
1282 3770
3770 4142
4142 4205
1401 4205
1366 1401
1366 3454
3454 4166
1888 4166
1888 3753
3753 3893
3893 4880
1854 4880
1854 2393
1652 2393
165 1652
165 507
507 4121
3999 4121
3999 4526
2446 4526
2446 3443
3167 3443
3167 4780
1102 4780
1102 4058
11 4058
11 3515
1792 3515
743 1792
743 1926
1926 3629
2307 3629
515 2307
515 2755
2682 2755
2682 3955
3884 3955
2241 3884
2241 2629
2479 2629
1580 2479
1230 1580
1230 2505
2411 2505
2411 4565
4565 4580
819 4580
819 3258
2786 3258
2786 3024
1965 3024
1145 1965
1145 1472
35 1472
35 1989
1989 3805
3345 3805
1142 3345
1142 4753
1149 4753
1149 2264
1665 2264
1665 3539
3108 3539
3108 3275
1418 3275
1418 3410
2642 3410
995 2642
995 1727
1727 4548
104 4548
104 3856
327 3856
327 2677
2677 3428
2749 3428
2330 2749
2330 3488
2389 3488
1556 2389
1556 3625
813 3625
813 4133
1119 4133
710 1119
710 4698
1311 4698
1311 2175
2175 4795
296 4795
296 4441
1635 4441
1635 2315
2315 2931
2931 4823
2600 4823
1399 2600
1399 4651
4069 4651
1677 4069
1677 3178
198 3178
198 3971
2599 3971
1173 2599
1173 1505
1505 4385
4385 4998
257 4998
60 257
60 3347
3347 4749
3249 4749
2199 3249
1523 2199
1523 4550
1520 4550
1520 2062
1949 2062
1949 2237
2237 3480
1073 3480
1073 4065
3151 4065
2746 3151
1657 2746
1657 3591
1683 3591
1683 1691
1691 4603
221 4603
221 3209
3209 4900
2545 4900
2545 3068
2008 3068
2008 2961
2961 3989
3989 4118
136 4118
136 1975
1975 4994
202 4994
202 3867
3867 3942
3942 4543
2200 4543
2200 3603
3603 4648
726 4648
726 3047
3047 4790
2052 4790
2052 4346
345 4346
345 3931
504 3931
504 3341
3341 4353
384 4353
113 384
113 3305
2073 3305
1150 2073
1150 2594
2594 3317
3317 3586
3552 3586
1909 3552
1852 1909
1852 1866
1866 3459
2935 3459
1326 2935
1326 4635
2486 4635
2274 2486
2274 4687
2831 4687
2442 2831
2442 4099
3077 4099
73 3077
73 2991
2991 3297
2987 3297
1444 2987
1444 1516
402 1516
402 4600
2681 4600
799 2681
799 2314
2314 3576
3576 3767
1921 3767
1046 1921
1046 4291
91 4291
91 3730
1169 3730
1169 3736
1610 3736
1031 1610
1031 4341
1621 4341
1621 3229
3086 3229
160 3086
160 1814
1310 1814
1310 2174
2174 4484
1906 4484
1906 3261
3261 3839
1501 3839
1501 4884
1079 4884
1079 3992
915 3992
915 3146
1920 3146
1920 2710
2016 2710
1715 2016
1224 1715
1224 4507
2834 4507
575 2834
575 1160
899 1160
899 3353
1963 3353
1963 3038
321 3038
321 4931
3257 4931
2981 3257
2634 2981
1185 2634
1185 4376
398 4376
398 4014
269 4014
269 2630
2630 2794
645 2794
645 918
918 2406
598 2406
598 2993
2145 2993
2145 2951
2951 3056
18 3056
18 4256
3221 4256
537 3221
537 3816
1061 3816
1061 2635
2140 2635
2 2140
2 4443
3670 4443
3670 3877
2971 3877
2669 2971
195 2669
195 3276
3276 3460
1777 3460
211 1777
211 2689
2689 3790
2085 3790
2085 2368
2066 2368
1296 2066
497 1296
497 1746
1163 1746
260 1163
260 3001
1455 3001
1455 4589
4176 4589
2447 4176
954 2447
954 3654
1579 3654
1579 4103
3281 4103
2337 3281
2337 4567
1389 4567
1267 1389
723 1267
723 4285
4285 4851
648 4851
648 4188
674 4188
674 1971
584 1971
584 2202
2048 2202
498 2048
498 2161
2161 4214
3107 4214
2139 3107
2139 2896
2896 3832
3506 3832
1994 3506
1847 1994
1847 3695
3695 4561
4111 4561
569 4111
569 2201
448 2201
448 3724
298 3724
298 2160
2160 4438
1084 4438
1084 4852
3796 4852
3472 3796
3472 4797
1968 4797
238 1968
238 2377
2357 2377
2357 2559
380 2559
380 1120
1120 2843
1736 2843
1736 4638
2524 4638
2524 3002
2709 3002
2709 3395
1170 3395
1170 2285
916 2285
916 4157
2656 4157
266 2656
266 3842
2943 3842
1278 2943
1146 1278
1146 3652
3652 4236
4236 4381
49 4381
49 4113
3756 4113
750 3756
750 4393
3910 4393
2238 3910
2238 4781
3520 4781
3520 3835
3835 4941
4483 4941
3325 4483
3325 3941
3941 4803
2685 4803
2685 4055
3071 4055
1183 3071
253 1183
253 2721
965 2721
928 965
928 1032
1032 2128
2128 2582
2582 2933
2933 4495
3233 4495
3233 4679
1442 4679
1442 4459
4210 4459
1527 4210
832 1527
604 832
604 1717
1717 3560
1080 3560
1080 4834
4834 4875
785 4875
785 2687
328 2687
328 1945
646 1945
646 2471
1779 2471
1779 4139
3289 4139
1428 3289
1428 4703
1729 4703
1729 2410
2410 3903
395 3903
395 1510
1510 3889
3889 4307
286 4307
286 2653
2653 4676
4568 4676
4568 4717
2428 4717
2428 4772
4311 4772
361 4311
361 410
410 2743
1096 2743
1096 2691
2691 3988
1090 3988
1090 2739
1017 2739
1017 1153
1153 3769
796 3769
796 4344
3865 4344
453 3865
453 3190
600 3190
600 1612
1612 2718
132 2718
132 554
554 2035
2035 4683
2595 4683
2595 2893
2893 3792
1747 3792
1747 4854
1402 4854
1402 2390
1002 2390
1002 4841
2009 4841
2009 4079
816 4079
816 4467
3587 4467
3587 3589
3589 4049
3216 4049
92 3216
92 1314
1314 2872
2872 4849
1 4849
1 2917
2808 2917
900 2808
900 4774
3019 4774
720 3019
78 720
78 3998
3998 4510
1787 4510
1787 3422
2920 3422
1019 2920
1019 1616
1616 4501
417 4501
417 3532
1626 3532
1626 2370
276 2370
276 2490
665 2490
665 1639
1639 3510
466 3510
466 2560
2560 4269
3529 4269
3529 4300
2607 4300
2607 4597
3181 4597
3181 4090
2485 4090
349 2485
349 4723
3949 4723
2577 3949
1571 2577
1571 3500
484 3500
484 3864
3864 4017
4017 4861
4861 4904
1745 4904
1745 3671
1714 3671
1671 1714
1241 1671
1241 2296
2296 2763
1876 2763
491 1876
491 4895
3822 4895
3558 3822
3558 4476
561 4476
561 2125
2125 4258
4258 4649
3600 4649
2996 3600
1540 2996
1540 2472
1144 2472
1144 2694
1331 2694
1331 3096
1705 3096
1705 4204
3194 4204
2323 3194
704 2323
704 2514
2514 3861
3272 3861
3272 4257
2482 4257
2482 4939
3819 4939
3819 4400
2056 4400
2056 4489
2182 4489
2182 3623
216 3623
216 2013
2013 3664
3664 4936
2737 4936
2737 2955
1908 2955
938 1908
938 2847
1756 2847
1756 2633
382 2633
382 4485
699 4485
699 3134
129 3134
129 2780
2190 2780
762 2190
737 762
737 3689
3689 4850
172 4850
172 1647
1647 4655
4302 4655
2712 4302
1271 2712
1271 3484
613 3484
613 3945
1009 3945
1009 2715
1885 2715
1885 3150
3150 4709
3788 4709
3211 3788
1640 3211
1095 1640
1095 3366
2997 3366
1793 2997
1793 3025
2907 3025
1487 2907
1487 1672
1672 1957
1957 2590
2512 2590
2512 4906
625 4906
625 3544
2483 3544
465 2483
465 2026
684 2026
684 2819
2819 3878
2705 3878
1135 2705
1135 4804
2947 4804
2947 4558
2799 4558
2799 3046
728 3046
728 4377
528 4377
528 4080
4080 4959
3679 4959
940 3679
940 4339
3872 4339
200 3872
200 4350
2427 4350
2427 3123
3123 4172
2913 4172
2913 4916
2265 4916
2265 4296
3420 4296
162 3420
162 2707
2707 3072
3072 3183
3183 3963
47 3963
47 2090
2090 2240
2240 3869
1029 3869
1029 4463
1385 4463
1385 2644
2644 3582
1547 3582
1547 2848
2848 3725
843 3725
843 4309
2922 4309
2922 3062
2825 3062
2825 3386
125 3386
125 4149
4149 4276
312 4276
312 2214
754 2214
754 4866
4187 4866
1392 4187
1392 4525
872 4525
872 1577
1577 4938
2573 4938
1136 2573
1136 4626
3356 4626
447 3356
447 3886
759 3886
759 3516
2279 3516
874 2279
874 2939
4 2939
4 2603
2578 2603
1182 2578
1182 1261
1261 2179
2179 2877
2383 2877
1995 2383
1303 1995
1303 1598
580 1598
580 2822
2822 3118
1778 3118
1778 3801
3801 3895
3895 4268
4268 4853
711 4853
711 3370
1901 3370
1901 2654
2580 2654
2580 3682
3655 3682
3655 4171
159 4171
159 1738
1738 2936
2936 3098
48 3098
48 519
519 3475
2381 3475
2380 2381
1346 2380
1346 4673
2504 4673
2504 3207
693 3207
693 722
582 722
582 3208
2733 3208
2733 4949
2676 4949
2676 4613
1123 4613
1123 4668
4062 4668
84 4062
84 3866
509 3866
509 4370
3727 4370
3727 4372
1568 4372
1568 3332
1904 3332
489 1904
489 4246
4246 4412
3850 4412
3536 3850
1503 3536
1503 2322
2322 3570
724 3570
724 3364
570 3364
570 4697
3782 4697
3782 4081
1726 4081
1726 4572
715 4572
715 1409
866 1409
866 1189
1186 1189
1186 2176
2176 3100
1034 3100
1034 2879
2879 4466
430 4466
430 3523
1955 3523
1206 1955
1206 2864
2864 3760
1312 3760
1312 4170
522 4170
522 1760
1760 4005
2273 4005
2273 3403
3403 4836
1044 4836
1044 2549
2549 2624
903 2624
365 903
365 3436
212 3436
212 4292
951 4292
951 3236
2779 3236
2779 4308
3489 4308
2260 3489
510 2260
510 3642
3642 4741
3363 4741
1068 3363
1068 2614
2092 2614
150 2092
150 2403
376 2403
376 1822
1822 1881
1881 4588
2436 4588
2436 4183
4183 4755
2576 4755
885 2576
885 1997
1781 1997
1410 1781
1410 1959
644 1959
644 3179
3179 4716
1782 4716
1237 1782
1237 2496
2496 3174
3174 3913
2215 3913
2215 2651
574 2651
574 3266
2258 3266
2258 4963
495 4963
495 4015
1199 4015
871 1199
871 1266
1266 3036
2611 3036
2611 3720
3720 4240
236 4240
236 933
158 933
158 1072
814 1072
814 4468
1837 4468
1837 3921
833 3921
833 2870
79 2870
79 1525
1525 3222
1262 3222
1262 4026
3601 4026
3601 4226
3170 4226
2216 3170
2216 2255
2255 4940
1692 4940
1223 1692
1223 4831
3365 4831
3365 4560
3476 4560
3246 3476
2546 3246
1670 2546
25 1670
25 2880
2880 3646
1350 3646
1350 4960
1951 4960
325 1951
325 3463
1439 3463
1439 4623
287 4623
287 1194
1194 3406
2992 3406
1604 2992
1604 2061
2061 2086
2086 3521
1934 3521
672 1934
672 1804
1215 1804
1215 1557
1554 1557
1554 4686
1812 4686
835 1812
772 835
772 2990
2990 4231
4007 4231
1596 4007
1596 2617
2617 4480
1591 4480
1591 4102
4102 4802
3455 4802
3455 3848
3848 4238
3922 4238
3421 3922
1176 3421
1105 1176
1105 4040
2198 4040
2198 4502
2734 4502
2734 4779
2982 4779
2982 3219
3219 3994
3441 3994
473 3441
473 863
863 2167
310 2167
310 4942
1559 4942
1130 1559
1130 2752
2752 2818
2818 4288
4288 4815
1277 4815
1277 1700
1700 2978
335 2978
335 4621
4577 4621
3396 4577
2137 3396
623 2137
623 864
817 864
817 3197
15 3197
15 3797
2903 3797
1768 2903
1768 4976
629 4976
629 4845
4685 4845
1824 4685
1824 3244
108 3244
108 1115
1115 2867
2697 2867
1625 2697
1625 3267
3267 3777
3777 3907
1367 3907
1367 1414
1414 3966
3966 4365
4365 4877
3340 4877
3340 4618
294 4618
294 2166
1992 2166
1667 1992
1667 2450
2394 2450
2394 2929
2929 4650
4290 4650
3390 4290
3390 4280
2909 4280
2909 4681
1676 4681
1676 3416
2456 3416
2271 2456
988 2271
988 3897
779 3897
779 3644
1139 3644
1139 2059
1515 2059
1515 2350
2350 4414
1728 4414
908 1728
908 4315
3740 4315
3740 3826
3826 4547
1819 4547
1819 3938
1637 3938
1637 2795
40 2795
40 2477
1899 2477
1093 1899
1093 3932
2045 3932
2045 2724
1440 2724
1440 2711
1938 2711
30 1938
30 530
530 1100
1100 3116
894 3116
894 4054
3838 4054
3379 3838
2172 3379
2172 2627
1605 2627
1605 2575
2575 3518
130 3518
130 3085
3085 4317
1550 4317
1550 3204
982 3204
982 2229
531 2229
531 4449
1564 4449
1564 3013
3013 4254
3933 4254
320 3933
320 2003
2003 4086
1595 4086
1112 1595
1112 3622
492 3622
492 1406
1403 1406
1403 2331
2331 3964
3964 4016
2157 4016
2157 4923
3583 4923
1500 3583
1500 4927
1345 4927
1345 1662
1662 2369
2338 2369
2338 3669
3669 4482
4482 4870
142 4870
142 3065
2451 3065
2451 4760
2616 4760
1383 2616
418 1383
418 1664
1289 1664
293 1289
293 797
797 3451
2007 3451
2007 4499
1659 4499
1659 4932
1007 4932
1007 4814
2106 4814
1843 2106
1489 1843
1049 1489
591 1049
591 1143
1143 3755
2004 3755
2004 4634
4442 4634
849 4442
849 2518
2518 4764
423 4764
423 1834
1225 1834
1225 3326
127 3326
127 3097
1407 3097
1407 1732
1642 1732
496 1642
496 4428
4428 4828
3301 4828
3301 4082
3155 4082
2301 3155
2301 2941
2941 4562
773 4562
773 4390
3320 4390
2440 3320
2440 4637
857 4637
857 1623
1623 4333
2294 4333
1699 2294
226 1699
226 4445
3613 4445
1669 3613
1669 3124
2516 3124
2058 2516
1641 2058
1641 3703
3703 4975
2714 4975
2714 3284
3284 4664
2842 4664
1644 2842
1644 4477
4477 4715
1856 4715
1856 3483
840 3483
214 840
214 1914
1914 4504
2114 4504
2114 3947
805 3947
805 1773
1773 4707
2613 4707
2613 2988
1588 2988
1588 2520
2115 2520
2115 4765
2030 4765
2030 4733
3426 4733
1988 3426
1283 1988
1283 3350
3350 4153
1208 4153
1208 1976
1976 4083
2884 4083
1844 2884
1844 2962
2962 3091
56 3091
56 2425
1541 2425
1541 4092
3762 4092
3762 4566
3692 4566
3692 4690
333 4690
333 859
859 1213
705 1213
608 705
173 608
173 3715
3069 3715
3069 4898
1372 4898
1372 1511
1511 2741
2741 4136
3037 4136
3037 4595
1836 4595
1663 1836
370 1663
370 3983
1057 3983
1057 1979
1979 3111
1273 3111
1273 2686
991 2686
853 991
72 853
72 3683
96 3683
96 2372
1285 2372
1216 1285
1216 2444
1839 2444
1839 3324
1308 3324
1308 4926
1226 4926
1226 4023
736 4023
736 4517
2433 4517
1354 2433
830 1354
830 2610
2610 4057
19 4057
19 626
626 4997
860 4997
860 4667
592 4667
592 4748
1661 4748
1661 3061
3061 4991
3902 4991
1645 3902
1645 2657
2657 4219
3303 4219
27 3303
27 3180
1491 3180
1491 4769
983 4769
983 4328
222 4328
222 4263
3929 4263
555 3929
555 4980
4620 4980
4620 4929
1209 4929
1209 1916
1916 2038
2038 3773
17 3773
17 878
878 4515
4429 4515
1917 4429
1436 1917
177 1436
177 1375
1128 1375
1128 1770
1770 2102
2102 2729
1651 2729
1618 1651
1618 3662
3662 4669
1849 4669
1849 2459
1755 2459
422 1755
422 2151
703 2151
703 3018
2608 3018
2608 3104
3104 4574
4046 4574
4046 4630
1302 4630
1302 3871
3871 3904
3904 4636
4284 4636
950 4284
950 2339
765 2339
760 765
678 760
678 2325
1561 2325
1466 1561
1466 2756
2756 4275
280 4275
280 1570
1570 3800
3800 4727
3023 4727
1785 3023
1168 1785
111 1168
111 4928
3054 4928
1508 3054
1317 1508
1317 3223
3223 4792
278 4792
278 3681
3022 3681
2918 3022
1632 2918
895 1632
895 2164
85 2164
85 2830
2830 3191
1693 3191
1693 4177
2502 4177
2502 4403
4403 4826
576 4826
356 576
356 2143
2143 3060
3060 4570
3538 4570
387 3538
387 4404
896 4404
850 896
850 1252
1252 2321
2321 2412
285 2412
285 4591
884 4591
884 2722
1109 2722
1109 4391
4391 4812
1924 4812
1924 4178
4178 4735
1628 4735
1628 3310
1038 3310
1038 3487
