5000
)]])])(()([()[])[])[)[)[[)[(([[[))[(([((([)()])]])[[[[(([]([][[]))(((]])[[)[)(([)()[[]])(]]]][]]][([([[)][[][[(([[([]([[[))[]([])])[(][)()()(((([(([[)(][]]])([[]]]))]]]([[[[)))(][]](([())])[(]()[)))][(]([)])[])[(](](([])[[]([((][([)[)))]])(])]]]))([](([))(][))(())](])]([))])[)]))([((()][(])((]((]()))[)(()[(]]]([[[][)))][[[[)][([][[]][[][(])(])]][[)[)(]])()([[()])[[)((([))()[())]()]]]]()(][)[([)()]])([()]][[](([([[])](]()]]))]]][]][((()[()[)][)([[[]]])([]())])[[(](()()])[)([([[[(()[]])]][))[](((])][((((][[)(]]]][)([()]]][(][([]((]])[[][)((](][(([]]([)]])](][))[)]]](](())]()][([][][][(([)[]([))(()))[](]]())))]([)))[))([(([(()]](])))()]([[)[[)))]]))[[)[))((([()[((()(])()][()()][([][)[(([([)([[)])()]())])))))])][)([][)][)[(((](()()[]((]][[(([)[[]]]))[]][)[)((()([[[[[[()]](]]()[))]][]([][(()(]))[][(())]())])()[()([())][([))]()[()][]]([()[[[[])[(]()([((()](()]]())[(([)]()]()](])[][][))][)][[()][[(([))[)()]]]])[)[[[)[(]()()]([)]([[][]()]([)(([]](]][))()(()(][)[]((](]))()()([([))][(](([[]()[])[[)[[])(()((][(([([[[((]])][[[]]][()]])])())[][)[([(])[(]](])))))]]))[)([()(](([[)]((]]][)[[]](([([)[])(][)(([]((])([)][)))][[[)([](([)))((())))]]](((((((])[[)()][])((]))))[)[][[[))())((]]]][][][(()]]]]()((]))))]))(()]](](]][))()((]()][(])])](][[[])(][)]((])[[()[])(([)[]](()))(([][()[[]([))(())(()(()[[(([[[])]])(]]][]]](()[])[(()[[[)]]][][]])[[([)]((]((](](])(])[([]])([[])]))])])((]((][[[((][[]][[][][])]()])][()]([][](([][([(()[][](]]([[)](]([]))()[[([(])][[]]](])]][((][(((]()))(]][)((]([])([]([[]]][][])(])[)(([([[[)[))([[][))[))]([(]()]))()]]([[[(]]][]]]][[)([(]])][]([)[)][)])[])[[]]]]([[[[[)[)[](])([()[))))(])])(()()[(]))([])))((]])](][](]]([([([)[))([]())]]))]]([[[[([(([)[[[))[][[](][](((][)]([[[[)(]])](]]])]))([))[)[])(]]))]]([)])((()])(]])](()[)[([[]([]])[)()]])([[)[]]](])][])[(](([))[[)[][)[)[]]()])]]][](([][[[][[]])][[()())[[[]]([[][)))((])]]][[[)(]([[)[[[[)[](][()])]()][((([]][(]]()]](][[)(](((([])])[]][)][))([[(]()))[])()))]([[[[))))))][)))([[)][)[[)](]][][]))])][)((]))](]([][]))([([())((()]]([[]])[))(]][))][)(((([])[))[]]][(](()[)[[[[)])[([)[[[])[(](([[[)][)])]](][]](](]]))((])[))])[(]())]]]]]]([[)((]))([][](]])(()]()()))([([[(()[([[]([)][])([(][[[[]](]][)(([][(]([][(])[)())[][[])]]([)][)]()[)[](]])(]([[()][)][[][[(([])]]][]]][()(]()[])]]((][[[[][((([(((]])([[]())))([]][]()(]](])[]]()[(][)]((]]]([]][[[[)][[()((]))[)(](]]]()](]((()[[[][[]]())[((][[([])[][[())][][][([[)()[[[[[(()[(][([)[)[)]([[][))((]((][]])[[([(])]))[]](][)][()[]((([)[()][()[[[((][)[)]((([[)(()))()[]][]([[([][()][]((])()[]()](])[])([[[]]))[]][((]((])([])[[)[)(][)()](())()(]([]())[(((([[[([]](()(](([][[]([][[([)](])[)])])))[[))]][](([[][[][])][]([)[)]])(]))[][[[]]))([()))[]]][())[[))[)()[])(]([)])(([]((())(][())[]]((())[[]()])()((()[[]])])]])]([]()[])[][)([[((]][]])[)[[)(]))])(])([)[))[)([]][[]((][])[()[)[[[[(())))][[)](]][[][[(][)])[])[])])])[[(]]])][(][)((]([[))([])[)(]][)])([(())(]])]][[))])[(]]))][([]))[))(])](([)[)])(](])()([()))[[(]((([)]]))(([][))]]](][][]([]]])[][([]])]][()[]([]]((])]][][([)()([[[[([)][)([])([)]([(][])()(([)(([([([)]]][])[])()(([)()))[)[)[()]]((())]])])]))[)])(]][)(][[[))[)])]])()([)()[))(([]()]][([[(([(((]]]))[])]][)](()))]]]]]((]][(]()]()])(]][))([[[)[[])([([][[](])[])]][(]](][]([][)[[[)))](]][))]()[]][(][)]]][]]][[)][])()[[([[[))(([((]]()][])[]]][[[][[)[[][(()]))((]([(((][)(()[](]])()([]][(](]][([((]))[[())((])))[)[[](]([]()[]][[([)()](]][[)(](((((][][]])]()))]][((]()([][]][[(][([([]][][[][](]])))[((([[(]]])()(]()[)]([([[[((]])([][[[[([[(()]([])[]))[)(][)]])]))()[]])[((][[[[)]((]])))()]]])((]][(()([(]]()[[))[(][[[(]]]]][)(]([))[)](])])]([([))[([)[][([]][[[]()](](](]]))][([()[)))())](])[](([][[()]))])()((][()])([[()(([[())[[[[)))[]([[[]))[](](]()]][)(([]](([[(([((()]((]([)]]([(([]([)[]()](]([]])[][(][]]][[[]])((][)[))[[(])()[[[[(]))))]([[)][][(((])][))(][(())[])[(()])((([(([[][))()[][](]))[)[)]]])(])]]][([([[(]])()([[]))[(]([]])]((][)))())]])]([()((](]][]))[]]]()]][)([)(]]]][(])([()[)()((]))))][)][))]])[[[[)(([[()[]][(][([)(()(((((([]([]([)([)([([[[[][()(((][]()[))[[(]]]()]]]([)(([(])[[])[[]]]((]]([)(([)()[[([[](()[)()](())(]((()(()](](([][((([([(]][)(]()))][)[)(][)[))[()([[](][))]]]()([((([][[(([[([])][()[]])])([[[[)]])](]([([[([[[]]][[()[]((](([))]][(]][)][))))])(]])[][()[[]([(]]](][]]])[])[][[)])((](([((((([((())()[)]][()])[)((([)()))])()[)[[(])[]([((()][[())][[)[[][)[)(]())()][)([]([(]][(([[(][(])[)][()((([])])()[][][[[][)((()[)([])([][])[[()](([))][)[]]()(([))[)])]]))))]]][]([[])(()[([[[[(]]([([]([)]]()[[)((()(])([((()[[)])]))]([[)[(])]])))()]()])(([[)(][(([[()[][)([))[)[[][)[)][[]([[(]]]()][]()])[[((())][[)[))](]([][][(][[))](])(](([[[[][])[][([)[)]()[][(][)(([])]))(]](]]((((((]])(]()]]([](([][]])[[]](]](](][][[[]([)]))(()(][[][][()))(()]([])[)][[)])(][([()()]])[()[([[]([)))[]][]]))[((]()[])]([[(([[]])(][[()[([[([(])[)]](]]))(([(]())]]()[[[[)(()][())](])()(]())[)[[))]((([)])[)[)[))[]][](])))[](((()[]]((])[[[([[(]])(()(])((]))[)[()]())]](())]]()]]()[([)]][)())]][([())]]]]([])([]])][]](]([])]((](([]))]()(]]][])()]]]](]])[
217 2911
319 2911
319 716
716 4242
722 4242
722 3466
1601 3466
1601 4827
3818 4827
3818 4192
2042 4192
307 2042
307 1119
1119 2625
2625 4226
4226 4981
65 4981
65 1507
1507 3045
2815 3045
2815 4503
1877 4503
1877 3123
3123 4366
2483 4366
1185 2483
1185 1476
1476 3374
1745 3374
1745 3647
1279 3647
1279 4496
586 4496
586 731
731 2731
2731 3039
1615 3039
899 1615
899 2674
2674 4809
588 4809
588 4853
4814 4853
1681 4814
1681 4523
4523 4623
1132 4623
1132 4004
2538 4004
2538 3355
90 3355
90 2428
746 2428
746 2379
403 2379
403 2022
2022 3416
1890 3416
1890 3026
3026 4126
3704 4126
694 3704
694 1808
487 1808
487 3575
3575 4889
1055 4889
1055 4202
407 4202
407 535
113 535
113 3278
2237 3278
2237 4007
1833 4007
232 1833
232 4076
4076 4560
1545 4560
176 1545
176 1389
1389 1534
983 1534
983 2951
2951 4976
3567 4976
3567 4121
3848 4121
3848 4943
4943 4984
2140 4984
1553 2140
1553 2634
2056 2634
2056 4069
1246 4069
1246 3074
3074 3624
376 3624
376 4842
1876 4842
626 1876
626 3679
1439 3679
1439 4819
3221 4819
3221 3705
1649 3705
1649 4131
3786 4131
3092 3786
3092 3306
3306 4952
3291 4952
1645 3291
1645 3155
3155 4185
784 4185
784 3928
922 3928
922 2426
2426 4671
2551 4671
384 2551
384 797
797 1686
106 1686
106 3388
2184 3388
2184 4826
610 4826
610 2151
2151 4346
3666 4346
1324 3666
1324 4227
979 4227
979 3900
380 3900
380 967
967 2539
1472 2539
1472 4475
1880 4475
946 1880
946 1047
1047 2231
2231 3770
3749 3770
2690 3749
2690 2896
2875 2896
2875 4049
228 4049
46 228
46 3856
3856 4916
2759 4916
810 2759
810 2970
752 2970
752 4615
2964 4615
2964 4272
4272 4647
2654 4647
2433 2654
2433 3765
1572 3765
1572 4225
3287 4225
908 3287
38 908
38 4446
2023 4446
1029 2023
1029 1995
1995 4551
4413 4551
3941 4413
2650 3941
2650 2927
949 2927
949 3110
3110 4618
2353 4618
2353 3759
2607 3759
2607 2940
2003 2940
2003 4839
2843 4839
1501 2843
1501 1997
1862 1997
1862 4966
412 4966
316 412
316 3350
2939 3350
2939 3902
3717 3902
3717 4465
3246 4465
1992 3246
1992 2376
2376 2996
1762 2996
572 1762
572 1768
1768 4466
769 4466
769 4926
4345 4926
4345 4603
3720 4603
1315 3720
1213 1315
1213 1366
1366 4403
4403 4690
2044 4690
2044 4054
2045 4054
2045 3604
2408 3604
2408 3940
2496 3940
2496 2645
1395 2645
840 1395
840 3905
3317 3905
2364 3317
2364 3639
2698 3639
2698 3385
302 3385
302 1819
1819 4824
4314 4824
4314 4949
3036 4949
3036 3452
3452 3796
372 3796
372 1978
1978 2069
2069 3031
3031 4133
1093 4133
1093 1328
1328 1558
1043 1558
1043 2165
24 2165
24 739
358 739
358 4282
4282 4834
3996 4834
1346 3996
1346 4352
997 4352
997 3247
3247 3652
1100 3652
1100 1661
1661 2871
1845 2871
1845 3715
2705 3715
1604 2705
670 1604
670 4991
30 4991
30 3834
738 3834
738 1969
1969 4164
344 4164
344 3462
2730 3462
940 2730
469 940
469 2941
2941 3538
3122 3538
3122 4715
1957 4715
1258 1957
59 1258
59 147
147 4791
596 4791
596 1606
1606 4946
3683 4946
759 3683
278 759
164 278
164 2459
2459 4045
2422 4045
2422 3561
3561 4088
3401 4088
3401 4712
2018 4712
879 2018
879 4774
1535 4774
1535 1801
1801 4790
913 4790
913 2086
2086 4008
771 4008
771 1784
989 1784
989 1782
1564 1782
1564 1626
1626 4228
2973 4228
1565 2973
183 1565
183 3558
3415 3558
206 3415
206 456
456 4651
1481 4651
1481 1569
1569 2352
2352 3537
545 3537
545 3035
2921 3035
294 2921
294 4277
1007 4277
1007 2389
1643 2389
1643 2358
289 2358
289 2468
2468 4934
3129 4934
3129 4813
1379 4813
1118 1379
753 1118
753 3181
3181 3216
3216 4558
1885 4558
1885 2916
2916 3670
2481 3670
2481 4921
2102 4921
2102 3393
3393 4880
3349 4880
2767 3349
1305 2767
1269 1305
1062 1269
800 1062
800 1061
1061 1361
420 1361
420 2596
1376 2596
1376 3176
3176 3966
993 3966
993 2290
2290 2798
961 2798
799 961
799 4935
1878 4935
1878 3946
489 3946
489 4189
2763 4189
1509 2763
1509 3141
2429 3141
2429 3387
1239 3387
1239 1370
781 1370
279 781
279 502
502 995
995 1102
1102 2706
2046 2706
2046 2620
864 2620
864 3487
3487 4375
4372 4375
1727 4372
1727 3397
653 3397
653 1677
1677 3309
3309 4753
4255 4753
2212 4255
281 2212
281 1275
1275 3020
2440 3020
2146 2440
2146 4441
2836 4441
188 2836
188 4717
1367 4717
1367 1896
1896 4818
561 4818
561 3075
2442 3075
2442 3202
2611 3202
2611 4667
127 4667
127 3551
1104 3551
1104 3283
7 3283
7 468
468 2629
1167 2629
1167 3441
3441 4863
4595 4863
4117 4595
3964 4117
3964 4979
786 4979
786 1109
1109 1122
1122 1226
1226 3829
277 3829
277 1839
1839 2407
1381 2407
1381 4621
4078 4621
2388 4078
1920 2388
325 1920
325 3126
2568 3126
2067 2568
932 2067
932 3454
3454 4782
599 4782
599 2460
1728 2460
1728 4151
2581 4151
2581 4118
3915 4118
367 3915
367 2324
2324 2942
275 2942
275 4179
4179 4264
4139 4264
3170 4139
3064 3170
3064 3816
557 3816
410 557
410 1171
1171 4163
3427 4163
2384 3427
2357 2384
2357 4515
4515 4562
3224 4562
2922 3224
1035 2922
1035 4920
1514 4920
1514 3588
3119 3588
311 3119
311 562
562 3099
2619 3099
2619 3547
2923 3547
2923 3100
114 3100
114 1533
444 1533
444 659
348 659
348 1186
1186 3166
2742 3166
2742 4231
886 4231
132 886
132 3037
3037 3612
3598 3612
1394 3598
1394 4082
1064 4082
1064 2314
2314 3641
3641 3750
1832 3750
1832 4709
2366 4709
2366 2689
577 2689
577 815
815 4188
429 4188
429 3377
256 3377
256 4427
724 4427
551 724
432 551
432 558
558 1045
1045 3500
1022 3500
1022 2787
2225 2787
1814 2225
1814 4631
1354 4631
1354 3391
2348 3391
2199 2348
173 2199
173 3396
3396 4276
4190 4276
3425 4190
1498 3425
573 1498
573 2849
2849 3149
2263 3149
1881 2263
902 1881
902 3689
1729 3689
1729 3485
2955 3485
2955 4994
3102 4994
3102 4732
1812 4732
1812 1893
1893 2472
2472 2487
2487 3331
335 3331
335 601
601 3348
3348 4679
2572 4679
142 2572
142 3204
3204 4018
764 4018
764 3997
3632 3997
1966 3632
1438 1966
1438 4686
357 4686
103 357
66 103
66 1417
1417 3728
2327 3728
2327 3744
649 3744
649 3062
2185 3062
1910 2185
1910 3655
165 3655
165 3302
1551 3302
1318 1551
446 1318
446 1234
1234 2265
575 2265
575 2651
1149 2651
438 1149
438 2640
2640 3616
2286 3616
2286 3261
2105 3261
2105 3556
1731 3556
607 1731
585 607
585 3535
3535 3745
2842 3745
775 2842
775 1972
1972 4478
3953 4478
2221 3953
1467 2221
593 1467
593 3657
970 3657
970 2074
621 2074
621 831
820 831
820 1084
1084 2245
181 2245
181 3931
12 3931
12 3015
962 3015
962 2577
1393 2577
861 1393
861 3369
2845 3369
720 2845
720 4170
2008 4170
2008 3431
3431 3703
3703 4659
4628 4659
2272 4628
2272 2424
1179 2424
1172 1179
1172 4306
4306 4454
2052 4454
2052 3340
3069 3340
3069 3630
3630 4408
4408 4451
801 4451
801 3479
20 3479
20 4566
1120 4566
1120 1580
1053 1580
1053 2089
2089 3933
2480 3933
2370 2480
874 2370
443 874
443 832
832 1906
1766 1906
1766 4025
3464 4025
141 3464
141 600
600 1494
225 1494
225 3638
3638 4342
2058 4342
826 2058
826 2059
1685 2059
1685 4719
88 4719
88 3597
2191 3597
28 2191
28 1046
742 1046
742 1155
1155 3525
3525 4159
44 4159
44 2355
320 2355
320 1624
1624 4850
4850 4970
4145 4970
836 4145
836 1152
1152 1568
1103 1568
1103 1929
1444 1929
1444 1593
1593 4015
2204 4015
2204 3472
1473 3472
1473 4442
1582 4442
977 1582
977 4203
4066 4203
843 4066
843 3577
3577 4537
657 4537
657 4398
1205 4398
1205 1266
1266 1850
1850 3469
1082 3469
1082 4195
1530 4195
1530 3863
3300 3863
1803 3300
1130 1803
1130 1760
1760 3743
3743 4838
3477 4838
3477 4278
3325 4278
3154 3325
619 3154
619 2015
1161 2015
1161 2448
2448 2883
2883 3719
1792 3719
377 1792
377 1333
1333 4436
1338 4436
1338 3274
3274 3580
3055 3580
2669 3055
2669 2717
1250 2717
1250 2969
100 2969
100 3866
876 3866
702 876
702 791
726 791
726 2419
956 2419
956 4645
1592 4645
1098 1592
1098 4476
3855 4476
211 3855
211 3566
1783 3566
868 1783
27 868
27 707
707 2193
2193 2889
1752 2889
1752 3772
3772 4695
4119 4695
1806 4119
1600 1806
284 1600
284 3041
3041 3682
3018 3682
2319 3018
1030 2319
1030 4704
1888 4704
1352 1888
156 1352
156 823
695 823
695 4945
190 4945
190 1092
1092 2648
2526 2648
2526 4807
4457 4807
714 4457
714 3484
2452 3484
1567 2452
1567 3398
3398 4741
1711 4741
1711 4107
3989 4107
2380 3989
2160 2380
2160 4051
1911 4051
1911 4247
2806 4247
2129 2806
2129 3249
3249 3956
622 3956
374 622
79 374
79 3140
3140 4104
2529 4104
2529 4388
3132 4388
466 3132
466 2537
2537 2556
1852 2556
387 1852
55 387
55 2797
1538 2797
457 1538
457 798
798 4249
4249 4706
803 4706
383 803
383 4302
2699 4302
1208 2699
405 1208
68 405
68 4232
2895 4232
1248 2895
1157 1248
234 1157
234 1650
1650 3646
2761 3646
2761 3893
119 3893
119 1299
792 1299
32 792
32 2989
1516 2989
1516 4115
1036 4115
1036 4580
4580 4746
3403 4746
1232 3403
1232 1869
1869 2048
2048 3116
1284 3116
1284 2430
824 2430
824 2123
1831 2123
1831 2532
1178 2532
1067 1178
1067 4634
2128 4634
2128 3459
945 3459
945 4443
3470 4443
2228 3470
2228 2404
2404 3563
1815 3563
1815 2445
2445 3626
2504 3626
2504 3476
3476 4332
2909 4332
2127 2909
2127 2961
2961 3157
369 3157
369 1000
1000 2288
2282 2288
639 2282
639 3156
3156 3562
3562 4933
2084 4933
2084 2235
763 2235
763 2913
2913 3281
2066 3281
1300 2066
1300 1405
491 1405
491 568
568 4743
1347 4743
782 1347
782 4867
58 4867
58 2329
1033 2329
1033 3277
3277 4750
3757 4750
3356 3757
479 3356
479 4321
633 4321
633 4928
571 4928
571 3685
1169 3685
1169 2142
2142 4473
3285 4473
867 3285
867 4754
4510 4754
252 4510
252 2793
2793 2928
1489 2928
740 1489
740 1430
830 1430
830 3189
3189 4784
131 4784
131 4737
1959 4737
1959 3827
2592 3827
1070 2592
1070 4343
2936 4343
1492 2936
1492 3135
3135 4358
850 4358
180 850
180 2802
67 2802
67 2198
1416 2198
1416 2735
2735 3207
878 3207
878 1598
1598 4663
4114 4663
3511 4114
3511 3823
2697 3823
2697 4967
4062 4967
1707 4062
1707 1709
1673 1709
1441 1673
1441 1937
1937 4874
1554 4874
1554 3420
3420 4155
2021 4155
2021 4471
4123 4471
532 4123
532 1072
1072 2632
2632 3608
1635 3608
965 1635
965 1355
629 1355
629 1359
1359 4642
2285 4642
76 2285
76 3740
1373 3740
1373 2975
615 2975
615 1404
1404 4027
327 4027
327 450
450 4948
2773 4948
2773 4830
3161 4830
3161 3179
2396 3179
385 2396
290 385
290 3767
1613 3767
1282 1613
1282 1693
1693 1747
1747 4501
4186 4501
2920 4186
2920 4063
3040 4063
3040 3147
2886 3147
2593 2886
2593 4491
3912 4491
3578 3912
2536 3578
2347 2536
2347 4311
4089 4311
2914 4089
399 2914
399 1201
1201 4599
4599 4977
1843 4977
1843 3881
3881 4851
518 4851
518 3722
2346 3722
1529 2346
1529 3068
2284 3068
2284 3173
812 3173
812 1733
1733 4459
3513 4459
2519 3513
2519 3906
3120 3906
526 3120
526 4617
3203 4617
2819 3203
1573 2819
1421 1573
1421 1651
1651 3292
875 3292
35 875
35 1695
691 1695
691 2254
2254 2547
2547 4792
1443 4792
439 1443
439 4597
4194 4597
419 4194
419 4420
3486 4420
3486 3734
448 3734
448 2296
2296 4003
2803 4003
2266 2803
2266 2479
2479 3341
715 3341
715 1680
808 1680
808 4722
2917 4722
2917 3321
1699 3321
1699 4235
4043 4235
1933 4043
816 1933
288 816
288 2443
1829 2443
1829 4557
4521 4557
3359 4521
3359 4506
3263 4506
1946 3263
483 1946
483 2451
647 2451
647 2385
1968 2385
1968 3968
318 3968
318 3904
2754 3904
2750 2754
1363 2750
1363 2605
2605 4146
1970 4146
1970 3318
3162 3318
3162 4540
3371 4540
2695 3371
2695 3272
530 3272
530 4738
244 4738
244 821
821 4527
263 4527
263 2626
2505 2626
762 2505
762 935
935 3067
1384 3067
1384 1697
1697 2567
1090 2567
1090 3028
1585 3028
1585 2101
2101 3870
2441 3870
2441 4724
1129 4724
1129 4389
654 4389
95 654
95 4176
667 4176
667 1408
82 1408
82 3952
460 3952
460 2035
1034 2035
1034 4034
3618 4034
661 3618
661 1274
1274 4542
3213 4542
2450 3213
2065 2450
2065 2934
959 2934
959 3543
3177 3543
609 3177
609 2902
719 2902
389 719
389 1816
1080 1816
1080 2772
2393 2772
2393 2723
2723 4347
4048 4347
4048 4140
2251 4140
394 2251
394 4440
3288 4440
255 3288
255 1691
287 1691
287 2222
790 2222
790 3999
3999 4886
3976 4886
2818 3976
486 2818
486 3012
3012 4734
2173 4734
2173 2757
1360 2757
1360 2892
168 2892
168 873
873 1165
1165 1371
1371 2277
1091 2277
1091 1468
1468 4571
1134 4571
1134 3654
1597 3654
1597 4380
2168 4380
1288 2168
1288 1683
1683 2271
602 2271
602 2945
2945 3316
1293 3316
1293 4685
2350 4685
721 2350
525 721
525 2736
1073 2736
1073 2599
1562 2599
1562 4361
969 4361
969 4835
2957 4835
2957 4486
83 4486
83 708
708 2279
2279 2786
583 2786
583 682
459 682
459 1203
1203 1270
1270 3255
3255 3443
3443 4831
3625 4831
3625 3817
3817 4431
4023 4431
2276 4023
2276 2320
1963 2320
85 1963
85 1837
1837 2677
2486 2677
2486 4102
4102 4796
2208 4796
2208 4940
3243 4940
3243 3554
224 3554
224 4463
3337 4463
3337 4400
2829 4400
1191 2829
1191 1798
1798 1996
1996 2985
151 2985
151 3187
3187 3860
3860 4240
4240 4730
3568 4730
3568 4154
3376 4154
2363 3376
2363 2545
492 2545
492 1428
1428 2580
2580 3004
1199 3004
1199 4504
453 4504
453 1835
1835 2980
2980 4992
4643 4992
3118 4643
2176 3118
2176 4296
3787 4296
461 3787
461 4262
2475 4262
565 2475
565 1857
903 1857
747 903
747 1285
254 1285
254 3851
1664 3851
1664 2885
2051 2885
1908 2051
1908 2177
1702 2177
645 1702
645 1770
293 1770
293 4462
906 4462
906 2132
1717 2132
1717 2770
2770 2827
2827 4864
767 4864
297 767
297 4124
1085 4124
1085 1899
1899 3883
2012 3883
2012 2974
2974 3481
909 3481
484 909
484 1720
425 1720
425 4718
345 4718
345 2804
2804 4736
3820 4736
1312 3820
1298 1312
1298 3078
1013 3078
1013 3550
3550 4425
2813 4425
2813 2869
2869 3544
3544 3733
161 3733
161 3112
259 3112
259 463
463 3736
2725 3736
2499 2725
2499 4968
2543 4968
1961 2543
1961 4650
1989 4650
1989 2709
938 2709
938 2382
57 2382
57 1865
1865 1925
1925 4213
544 4213
371 544
371 3791
2707 3791
539 2707
539 3594
598 3594
598 3695
2261 3695
208 2261
208 4990
3230 4990
3230 4854
249 4854
249 2004
2004 3653
2096 3653
1712 2096
1712 3897
1797 3897
192 1797
192 2211
2211 2978
2978 4464
2663 4464
2663 4426
3447 4426
917 3447
917 2513
2024 2513
2024 2727
2298 2727
2298 3944
3835 3944
2589 3835
1326 2589
1326 4305
4250 4305
4250 4757
2111 4757
2111 3995
174 3995
174 1581
964 1581
964 4620
3005 4620
3005 4742
2375 4742
2375 2507
2507 4283
1222 4283
14 1222
14 2230
1150 2230
1150 2643
2643 3493
3158 3493
3158 4320
3143 4320
3143 3979
517 3979
517 4073
397 4073
397 2449
2449 3223
2377 3223
2377 3271
70 3271
70 3330
3330 3552
1353 3552
580 1353
580 4012
3773 4012
3773 4636
4000 4636
1478 4000
1478 3445
2594 3445
2594 3034
337 3034
337 3275
1974 3275
1974 3688
2673 3688
1101 2673
1101 3085
1774 3085
330 1774
330 2652
1771 2652
1771 3807
2755 3807
1710 2755
1710 4330
2949 4330
1214 2949
1214 4840
2935 4840
2935 4936
4057 4936
1060 4057
1060 2642
2103 2642
2103 4604
248 4604
248 3201
3201 4002
2262 4002
2262 4481
4481 4498
664 4498
664 1108
1108 3963
3463 3963
3463 4554
4554 4983
673 4983
673 4101
3410 4101
1807 3410
1807 4248
2603 4248
2491 2603
1487 2491
1487 2291
2291 2658
2658 4619
1461 4619
1461 3507
3507 3636
2738 3636
2738 3573
84 3573
84 2574
2574 3029
3029 4766
1542 4766
1542 4103
3409 4103
897 3409
897 3536
435 3536
435 4275
1851 4275
1851 3812
2546 3812
1451 2546
1451 3697
1672 3697
1672 3607
2517 3607
511 2517
511 2014
955 2014
825 955
825 2246
2246 3635
937 3635
937 2808
2201 2808
2028 2201
2028 4861
2049 4861
2049 3370
1751 3370
1751 3840
3678 3840
233 3678
233 2684
2469 2684
47 2469
47 3918
1665 3918
1037 1665
1037 3159
3159 4639
3737 4639
862 3737
144 862
144 4692
4516 4692
806 4516
806 3432
996 3432
996 1314
1314 4592
105 4592
105 884
884 1763
1763 3244
449 3244
449 2432
2432 3981
2500 3981
2500 4039
4039 4845
3329 4845
2900 3329
905 2900
905 2130
126 2130
126 2863
2609 2863
2586 2609
676 2586
676 3199
2966 3199
25 2966
25 2187
2187 3876
3876 4173
4173 4499
513 4499
513 4982
553 4982
553 3920
3033 3920
1407 3033
1407 4860
2992 4860
1987 2992
1174 1987
1174 3545
3256 3545
3256 3576
2878 3576
809 2878
78 809
78 4670
2310 4670
2310 3308
3308 3836
1097 3836
1097 3680
3324 3680
1790 3324
1790 3775
2724 3775
1382 2724
1382 4364
2852 4364
2852 3600
3600 4744
1181 4744
1181 1647
1647 4820
2473 4820
2473 4656
2411 4656
1014 2411
1014 1894
1894 3581
1523 3581
787 1523
787 4772
1341 4772
1341 4230
634 4230
536 634
9 536
9 3239
701 3239
701 3336
3336 4452
728 4452
728 4607
3414 4607
1240 3414
1240 3602
3601 3602
2118 3601
2118 4455
4455 4923
1364 4923
1364 4925
2588 4925
651 2588
651 2560
2560 3914
3914 4156
4156 4581
3785 4581
2530 3785
352 2530
352 3799
3418 3799
1688 3418
1247 1688
1247 2692
2692 4468
2143 4468
1351 2143
1351 4009
1648 4009
1648 3438
3438 4564
793 4564
793 3882
1365 3882
499 1365
56 499
56 1622
1471 1622
1471 2063
749 2063
749 3250
1588 3250
1588 3163
1965 3163
1965 2248
2248 4084
1455 4084
1455 3323
613 3323
613 1380
1380 1496
863 1496
863 3138
2540 3138
2540 4630
1446 4630
1446 2153
140 2153
140 286
286 304
304 4458
2269 4458
2269 4284
4201 4284
2390 4201
2390 3694
415 3694
415 813
813 4644
4644 4906
1778 4906
521 1778
386 521
386 1882
1882 3887
2275 3887
1202 2275
1202 3780
1964 3780
1964 4919
1715 4919
1715 3674
3674 4795
2704 4795
2704 3853
1945 3853
1945 4526
4526 4561
3862 4561
388 3862
388 3522
3522 4587
1954 4587
1954 2908
349 2908
349 882
882 3742
2624 3742
157 2624
157 3702
3702 3978
2134 3978
2134 3093
907 3093
690 907
690 1810
1810 2550
2125 2550
2125 3228
2493 3228
182 2493
182 2040
2040 4414
4414 4927
230 4927
230 2485
2345 2485
2345 2578
2578 2948
1042 2948
1042 4418
795 4418
795 2897
2897 3947
2906 3947
1420 2906
1420 2879
2879 4641
3930 4641
3930 4716
4716 4896
2613 4896
2613 3082
1740 3082
1740 1941
1156 1941
1156 2241
2241 3448
1958 3448
1106 1958
1106 2967
705 2967
669 705
669 2326
2326 3236
3236 4913
2943 4913
2943 3017
1526 3017
1526 3584
611 3584
611 4804
2038 4804
2038 4130
2109 4130
2109 4270
2240 4270
36 2240
36 1947
283 1947
283 1283
1283 4633
2083 4633
2083 4312
2665 4312
1211 2665
556 1211
556 2790
1223 2790
1223 3769
1449 3769
1449 4399
3825 4399
1879 3825
1879 3090
1447 3090
1447 3747
3362 3747
109 3362
109 3411
737 3411
737 4747
3684 4747
2088 3684
2088 3433
3433 4536
413 4536
413 4439
1163 4439
115 1163
115 4258
4258 4640
2555 4640
2555 3555
45 3555
45 1985
1985 2234
2181 2234
1977 2181
926 1977
98 926
98 681
681 3490
3490 4373
1320 4373
1320 4681
4681 4881
4044 4881
1291 4044
1291 3549
688 3549
688 2807
2807 4941
3814 4941
3814 4206
3982 4206
1795 3982
1795 3238
587 3238
587 1765
1765 4301
3804 4301
2672 3804
2672 3590
91 3590
91 4289
1151 4289
1151 3111
2372 3111
2372 3258
3258 3983
1137 3983
1137 2297
2297 4260
117 4260
117 1732
1732 3097
3097 4817
1979 4817
1611 1979
1611 2711
939 2711
939 3253
934 3253
934 4304
2016 4304
778 2016
61 778
61 1125
1125 4357
1065 4357
1065 2220
2220 2321
268 2321
268 4152
4152 4384
1555 4384
1555 4683
3188 4683
2470 3188
2470 3520
1654 3520
1424 1654
1145 1424
1087 1145
1087 3596
3016 3596
2087 3016
2087 3587
1204 3587
1204 3282
3231 3282
624 3231
624 2722
2121 2722
1453 2121
1221 1453
16 1221
16 3852
1001 3852
1001 1190
1190 2523
533 2523
533 2418
2418 4111
4111 4360
1173 4360
1173 2124
2124 3798
111 3798
111 2569
411 2569
411 4848
129 4848
129 3290
833 3290
833 1295
1295 3661
519 3661
519 4877
2305 4877
547 2305
547 1928
1734 1928
1734 3088
3088 3837
2318 3837
1826 2318
1826 1834
351 1834
351 2226
2226 4763
4531 4763
3593 4531
3593 4052
2490 4052
2490 4855
2671 4855
2671 2890
941 2890
941 2859
2859 3345
1484 3345
1484 3342
2474 3342
77 2474
77 4878
870 4878
870 3497
3497 3972
481 3972
481 1903
1903 2465
2465 3304
1187 3304
1187 1860
1860 4765
146 4765
146 353
353 943
943 2216
2216 3212
579 3212
579 2696
2696 4816
401 4816
401 4038
1854 4038
1854 4837
1233 4837
1233 1836
1836 2312
196 2312
196 4942
1418 4942
1418 2520
2520 3660
2687 3660
2687 3871
271 3871
271 1419
1419 3412
2425 3412
1769 2425
1629 1769
1629 2778
660 2778
660 1875
1875 4951
4432 4951
3054 4432
3054 4533
1292 4533
1292 4348
3268 4348
3268 4492
2227 4492
2227 4153
1690 4153
1690 2903
2903 3334
3063 3334
3063 3205
408 3205
408 4207
921 4207
921 2502
2289 2502
1735 2289
1735 4868
2466 4868
713 2466
713 1858
1858 1921
1153 1921
1153 3234
3234 3768
3643 3768
3643 4339
370 4339
370 2662
677 2662
677 2666
1823 2666
1823 2036
2036 3693
1746 3693
1746 1840
1252 1840
523 1252
523 2881
2621 2881
300 2621
300 589
589 662
662 4160
3504 4160
3298 3504
3298 4705
2598 4705
1317 2598
994 1317
834 994
811 834
811 2615
2155 2615
2155 3060
3060 4402
3267 4402
3267 3815
3333 3815
3279 3333
3279 4215
3478 4215
417 3478
417 1799
1799 4085
322 4085
322 1358
1358 4308
1701 4308
1701 4975
2209 4975
1971 2209
531 1971
531 1400
1400 4605
1175 4605
916 1175
258 916
258 1805
894 1805
894 2918
1576 2918
1576 2965
2959 2965
2959 4019
4019 4482
2242 4482
2242 2744
2744 4729
3924 4729
264 3924
264 2017
2017 3583
736 3583
736 1772
409 1772
409 1723
1723 3193
3193 3506
355 3506
355 3502
3502 3517
3517 4445
4445 4908
3832 4908
2302 3832
2302 3640
2207 3640
2207 4513
3171 4513
3171 3510
1474 3510
1474 2025
2025 4196
1988 4196
1409 1988
1409 4041
1867 4041
1267 1867
1267 4095
4095 4680
3861 4680
1148 3861
1148 2495
2495 3474
1796 3474
1674 1796
1674 3052
527 3052
527 2542
218 2542
218 1307
1307 2157
2157 2828
1257 2828
41 1257
41 128
128 672
672 4266
202 4266
202 3542
51 3542
51 1918
1918 2037
2037 2195
2195 3077
1081 3077
1081 3169
883 3169
883 1737
1737 4280
4127 4280
1048 4127
1048 1071
1071 4161
1180 4161
215 1180
215 4553
97 4553
97 3219
522 3219
522 3991
3991 4500
2700 4500
2700 3714
3499 3714
2587 3499
2587 3098
2264 3098
841 2264
841 4783
4091 4783
1934 4091
1627 1934
1627 2047
295 2047
295 340
340 4417
4417 4911
3010 4911
1456 3010
1194 1456
1194 3699
3023 3699
2371 3023
698 2371
698 1800
1800 2820
2820 3360
1350 3360
1350 4997
2809 4997
2809 3975
8 3975
8 3139
942 3139
942 3701
2172 3701
2172 4541
1976 4541
1976 4922
4632 4922
2166 4632
2166 4767
567 4767
567 4251
3406 4251
1462 3406
1462 4669
854 4669
854 1313
1311 1313
1311 1895
485 1895
485 4368
3165 4368
1306 3165
543 1306
543 1196
1196 4028
3585 4028
1820 3585
1820 2378
1112 2378
124 1112
112 124
112 166
166 4470
2323 4470
819 2323
471 819
471 2200
2137 2200
2137 2512
1337 2512
918 1337
918 1278
1278 4799
3465 4799
559 3465
559 4129
4129 4572
4323 4572
3994 4323
1909 3994
1909 4841
2071 4841
2071 4042
2997 4042
2541 2997
2541 3351
3351 4524
4105 4524
1411 4105
326 1411
326 1323
423 1323
423 2031
1058 2031
1058 1825
1679 1825
1543 1679
1543 2779
1207 2779
1207 3998
3841 3998
3303 3841
892 3303
892 1217
1217 1510
1510 3586
3586 3954
3954 4297
4246 4297
4246 4422
4241 4422
3435 4241
3357 3435
1584 3357
1584 3973
3973 4996
4785 4996
2682 4785
1981 2682
597 1981
365 597
365 4684
2359 4684
2002 2359
2002 3260
2953 3260
2953 3776
3776 4120
3819 4120
1019 3819
1019 2771
1183 2771
1183 4575
3115 4575
3115 4825
3437 4825
346 3437
346 976
976 3442
3442 3793
3793 4390
184 4390
184 765
765 2559
2559 2737
2628 2737
1541 2628
310 1541
310 2148
508 2148
508 3503
2117 3503
262 2117
262 1372
1372 4589
2095 4589
2095 3320
678 3320
678 1897
1897 4419
3945 4419
301 3945
301 2489
2303 2489
2303 2623
2563 2623
2563 4759
171 4759
171 2775
1891 2775
1830 1891
339 1830
339 754
754 4376
241 4376
241 4271
648 4271
363 648
363 364
364 2092
985 2092
985 3392
430 3392
430 2093
2093 2497
2497 4960
2685 4960
2685 4512
2178 4512
2057 2178
2057 4654
4050 4654
1855 4050
1855 3741
3741 3916
3916 4739
4739 4810
3700 4810
2792 3700
2792 3910
958 3910
958 4055
4055 4591
957 4591
957 1757
1757 4610
437 4610
437 3460
490 3460
490 2982
2982 4147
2508 4147
2508 4257
635 4257
488 635
488 3830
2464 3830
627 2464
627 4655
2394 4655
590 2394
590 817
554 817
554 4337
4337 4892
395 4892
395 2950
1634 2950
1634 2636
331 2636
331 2162
2162 2905
2293 2905
2293 2595
1938 2595
1938 4888
3925 4888
3878 3925
2076 3878
80 2076
80 3114
3114 4060
4060 4447
4279 4447
3117 4279
1095 3117
1095 4534
2294 4534
2294 2937
2805 2937
149 2805
149 3363
3363 4519
2339 4519
2339 4333
1521 4333
1521 3131
2099 3131
2099 3319
1506 3319
608 1506
608 2253
1687 2253
1687 2232
354 2232
354 3565
200 3565
200 1738
1738 4234
2136 4234
2136 4574
3127 4574
3127 3164
390 3164
390 3197
3197 3805
3805 3939
1249 3939
1249 3215
2794 3215
273 2794
273 498
498 930
930 2821
1377 2821
1054 1377
1054 3675
542 3675
542 2180
2180 3001
3001 3986
3986 4217
366 4217
366 4832
2912 4832
2259 2912
2259 4336
3985 4336
3985 4549
2573 4549
2573 3352
1725 3352
1500 1725
447 1500
447 4489
4489 4973
505 4973
505 1422
1160 1422
1160 3009
3009 4108
1023 4108
1023 3631
3326 3631
1776 3326
1776 4787
3428 4787
3428 3457
2854 3457
1243 2854
1243 1289
1140 1289
855 1140
303 855
303 838
779 838
779 3783
2206 3783
2190 2206
2190 4902
2115 4902
1547 2115
1547 4579
4394 4579
3712 4394
442 3712
442 1254
1254 2267
1570 2267
1117 1570
1117 4216
2281 4216
2281 2801
1146 2801
39 1146
39 842
842 3724
3724 3969
3969 4315
4315 4600
2930 4600
2930 3198
3198 3515
711 3515
711 2549
2549 3322
1193 3322
1144 1193
209 1144
209 2223
2223 2726
872 2726
872 1052
666 1052
666 1111
1111 1425
1425 2857
451 2857
451 2987
1138 2987
1138 4544
2179 4544
978 2179
978 1505
167 1505
167 3748
368 3748
368 3644
2401 3644
195 2401
195 3760
2814 3760
1309 2814
1309 2670
338 2670
329 338
329 4285
227 4285
227 618
618 859
859 2306
2306 3494
3494 3726
3726 4937
3560 4937
1659 3560
1659 2091
2091 2570
2570 4779
973 4779
973 1552
1552 1767
1767 4344
1789 4344
1121 1789
1121 4953
3984 4953
990 3984
990 2501
2501 2781
2781 4274
818 4274
818 1642
1642 1898
110 1898
110 1502
1502 3708
3708 4032
1345 4032
1345 1838
1488 1838
1488 1775
1775 3846
3846 4331
2898 4331
2898 3917
2681 3917
1755 2681
1127 1755
1004 1127
1004 3299
172 3299
172 1209
1209 2467
356 2467
356 4865
1426 4865
1018 1426
63 1018
63 3800
1949 3800
1517 1949
1440 1517
1242 1440
1242 4134
4134 4758
2877 4758
2877 4505
730 4505
730 1325
1325 1497
1497 3232
11 3232
11 4859
683 4859
683 1575
1575 4944
243 4944
243 2150
2150 4660
2138 4660
22 2138
22 2236
1296 2236
1296 2072
2072 4252
4252 4329
4287 4329
3518 4287
402 3518
402 1027
1027 3874
3874 4801
3354 4801
280 3354
280 807
807 1177
1177 2139
1231 2139
213 1231
213 2846
2001 2846
2001 4904
3589 4904
1176 3589
506 1176
506 2492
2492 2630
1777 2630
1777 2258
2258 4869
1236 4869
1236 3245
1824 3245
1824 2369
2369 4522
4518 4522
1074 4518
1074 2810
193 2810
193 3908
745 3908
745 4356
3270 4356
3270 4985
1168 4985
1168 1907
696 1907
696 2816
2816 3194
3194 3211
3211 4079
3220 4079
3220 4222
1241 4222
1241 4157
1220 4157
92 1220
92 4483
2858 4483
276 2858
276 1374
15 1374
15 333
333 686
686 3709
133 3709
133 1527
1527 2078
2078 3890
1813 3890
1813 2421
2421 3081
1308 3081
788 1308
616 788
616 3379
3000 3379
2247 3000
1271 2247
1271 3286
3286 4261
631 4261
631 3065
2033 3065
2033 2680
2680 3753
3436 3753
1936 3436
1936 4487
3967 4487
3599 3967
3599 4776
4520 4776
3419 4520
2188 3419
2188 2994
566 2994
566 1005
1005 3879
2444 3879
2444 4611
718 4611
718 2082
1079 2082
1079 2597
2462 2597
2462 2688
1164 2688
1164 4099
2447 4099
2202 2447
2202 3013
1671 3013
1671 2694
2694 3649
1617 3649
1617 2120
2120 2217
2217 3690
1057 3690
240 1057
240 520
520 1811
1811 2585
2585 4903
153 4903
153 3894
704 3894
704 1262
1262 4687
4687 4995
1188 4995
1188 1229
1229 4397
4338 4397
3659 4338
3659 4622
2764 4622
2764 3850
1162 3850
1162 3044
1286 3044
951 1286
951 2152
2152 3280
3280 3763
3763 4480
1744 4480
1744 1935
900 1935
900 4901
2062 4901
1301 2062
1301 3784
3784 4096
2147 4096
2147 2427
594 2427
594 1913
541 1913
541 3610
3610 4735
3813 4735
21 3813
21 4211
2719 4211
1068 2719
1068 3942
2317 3942
2317 4112
2270 4112
1956 2270
418 1956
418 2249
1917 2249
1917 4144
2034 4144
1124 2034
1124 4958
3706 4958
3706 4664
3592 4664
2050 3592
2050 2403
2403 4601
2005 4601
187 2005
187 1953
1640 1953
1640 3400
1708 3400
1708 4675
3266 4675
3266 4291
4254 4291
2210 4254
2210 3383
3383 4022
4022 4453
2616 4453
1287 2616
1287 3932
3050 3932
1195 3050
642 1195
642 1644
1644 3178
3178 3896
3896 3949
512 3949
512 4931
1256 4931
1256 4412
3089 4412
3032 3089
3032 4652
2544 4652
2544 3450
494 3450
93 494
93 2417
2192 2417
2192 4668
4528 4668
2316 4528
2316 3732
2233 3732
524 2233
524 4324
1265 4324
1265 4559
2218 4559
321 2218
321 2870
148 2870
148 3208
3022 3208
3022 4370
4208 4370
1866 4208
1410 1866
1410 2524
2524 3184
3184 3663
2194 3663
2194 4688
1302 4688
1302 1902
925 1902
925 1184
1184 3453
2229 3453
2229 3696
3696 4555
671 4555
671 4570
4570 4930
1113 4930
1113 2075
2075 3658
3658 4546
4335 4546
3008 4335
1603 3008
1483 1603
1483 2952
2952 3094
3094 4778
462 4778
462 2728
1520 2728
1520 2667
2667 4674
4233 4674
1339 4233
1339 3130
3130 3970
3958 3970
3958 4169
1991 4169
1450 1991
1450 2946
881 2946
881 3609
2566 3609
2566 3667
1016 3667
1016 2855
1926 2855
1926 4898
2938 4898
2938 3859
3366 3859
3084 3366
3084 3531
3378 3531
3378 4961
1215 4961
1215 1625
1261 1625
1261 1268
332 1268
332 4100
1159 4100
360 1159
360 1503
1503 1556
1556 4391
33 4391
33 3980
3980 4175
2402 4175
2164 2402
2164 4293
2606 4293
2606 4665
123 4665
123 3229
2406 3229
555 2406
555 1577
1577 2558
2558 4525
3430 4525
3430 4116
3167 4116
697 3167
697 2963
1237 2963
1237 2841
2552 2841
981 2552
308 981
308 4514
440 4514
440 1944
1944 3353
1273 3353
1273 4971
2712 4971
2712 3961
3961 4392
4392 4939
4415 4939
963 4415
963 4689
637 4689
637 1901
1901 2649
154 2649
154 426
426 3059
3059 4083
2830 4083
966 2830
966 2893
2840 2893
2840 4872
3909 4872
2478 3909
2478 4479
4449 4479
3738 4449
2522 3738
2522 3144
869 3144
869 2006
416 2006
416 3002
998 3002
998 3125
1619 3125
1619 3777
888 3777
888 4720
1637 4720
1637 3087
3087 3959
3959 4040
3516 4040
1973 3516
1973 4954
4728 4954
4582 4728
4582 4764
2064 4764
18 2064
18 3310
3310 3746
3746 4768
1038 4768
1038 4495
3030 4495
2257 3030
2257 2397
2397 3104
1448 3104
1448 4106
3491 4106
3491 3802
1951 3802
107 1951
107 4956
4752 4956
4726 4752
4313 4726
2812 4313
1200 2812
1200 2703
2703 3394
2833 3394
1518 2833
1518 4590
3407 4590
802 3407
475 802
475 848
848 2525
2525 3766
2822 3766
614 2822
69 614
69 2060
2060 4021
4021 4385
984 4385
984 3488
1682 3488
1574 1682
1574 2931
2931 2990
2990 3528
1136 3528
1136 1189
1189 1818
1110 1818
712 1110
391 712
391 2656
2300 2656
2300 2796
2412 2796
2412 4253
3372 4253
1632 3372
1632 3047
1975 3047
1975 2395
1847 2395
1847 3923
2106 3923
2106 2984
2984 4036
210 4036
210 3569
1982 3569
1982 3671
1116 3671
1116 1948
1948 3382
665 3382
665 1638
71 1638
71 847
847 2691
2691 3559
2850 3559
1663 2850
477 1663
477 1219
1219 4267
204 4267
191 204
191 1586
1063 1586
1063 2081
2081 2788
880 2788
880 3297
1436 3297
751 1436
751 1490
1490 3713
1927 3713
1927 3373
2557 3373
2557 4183
3390 4183
3390 3899
2853 3899
2386 2853
2386 2760
2399 2760
2399 4150
1522 4150
658 1522
658 2713
2054 2713
501 2054
501 1856
1856 3795
1383 3795
1002 1383
1002 2664
203 2664
203 3496
194 3496
194 1281
282 1281
282 2454
138 2454
138 1781
1781 4013
1616 4013
1616 3838
3672 3838
3217 3672
5 3217
5 3603
3461 3603
2991 3461
2991 3424
1703 3424
1669 1703
1669 1889
1889 3182
500 3182
197 500
197 2907
470 2907
470 4369
186 4369
186 1628
1628 3754
272 3754
272 1466
885 1466
885 1086
1086 2683
2683 2872
2872 3921
3921 4430
4001 4430
1942 4001
1088 1942
1088 3019
1512 3019
1512 2061
1230 2061
1230 3257
1923 3257
1694 1923
1694 2313
2313 4625
1528 4625
1334 1528
1334 4635
901 4635
901 1561
1561 3091
3091 3339
3339 3842
3422 3842
2562 3422
1330 2562
251 1330
175 251
175 1255
1255 1612
1612 1998
1998 4703
2823 4703
1743 2823
1743 4379
2455 4379
692 2455
692 3252
1633 3252
1633 1785
1785 4755
1724 4755
1724 4328
2349 4328
2349 3446
3276 3446
1044 3276
1044 4182
3806 4182
919 3806
919 1349
1349 4219
1549 4219
1549 1610
1610 2554
2365 2554
1003 2365
1003 1559
1559 2751
2751 3368
3368 4856
4565 4856
971 4565
971 3381
2205 3381
1480 2205
1480 2553
924 2553
17 924
17 3492
1228 3492
247 1228
247 4909
1321 4909
915 1321
915 1398
1398 2741
1513 2741
1513 2315
2315 2398
2398 4693
1442 4693
1206 1442
1206 4494
2627 4494
507 2627
507 4281
1748 4281
1477 1748
433 1477
433 2224
2224 4912
1753 4912
1753 2362
2026 2362
2026 3344
1469 3344
1469 4676
1531 4676
1531 4355
4355 4467
3913 4467
3913 4334
169 4334
169 699
359 699
359 2085
538 2085
538 4897
2341 4897
794 2341
464 794
464 2856
2856 3265
1773 3265
1773 3137
1571 3137
1049 1571
1049 1872
1872 2299
2108 2299
2108 2635
379 2635
379 4959
4016 4959
2708 4016
623 2708
623 1277
1277 4873
3789 4873
465 3789
465 1272
1272 4797
770 4797
770 4552
3564 4552
3564 4187
1722 4187
1722 2774
1853 2774
13 1853
13 495
495 2824
1166 2824
1166 2243
2243 4149
3195 4149
2979 3195
2644 2979
757 2644
757 3907
3907 4773
3854 4773
3854 4673
152 4673
152 198
198 4316
3101 4316
3101 4138
2503 4138
2503 3444
687 3444
687 3698
1620 3698
1620 3519
3294 3519
2584 3294
2584 4535
2391 4535
1983 2391
1414 1983
1414 1719
734 1719
734 4917
2799 4917
1940 2799
1940 4517
4517 4701
1915 4701
1915 3911
3911 4862
3483 4862
2861 3483
2861 3888
299 3888
299 1692
1692 4602
2838 4602
2838 3160
2947 3160
2947 4020
4020 4171
3692 4171
1260 3692
342 1260
342 2746
1713 2746
1392 1713
1392 1870
1870 2141
2141 3868
680 3868
452 680
452 2116
723 2116
723 4777
145 4777
145 3523
3523 3739
3739 4914
381 4914
381 2409
2409 4626
2463 4626
1263 2463
1263 2301
2301 3121
3121 3423
2383 3423
2304 2383
2304 4472
4141 4472
2919 4141
2919 4212
4212 4294
3865 4294
641 3865
641 1197
1197 2073
2073 4229
772 4229
261 772
261 3426
1794 3426
1794 4236
3872 4236
871 3872
871 1922
1922 3313
1618 3313
1618 4292
2752 4292
2752 4469
4469 4696
116 4696
116 3886
1666 3886
1666 2686
828 2686
828 3006
3006 4273
4273 4340
1336 4340
1336 4833
717 4833
717 4325
773 4325
773 4433
314 4433
314 336
336 3262
3262 4974
81 4974
81 1994
1994 2710
852 2710
852 2214
1756 2214
1756 2716
1024 2716
605 1024
605 4200
4200 4811
910 4811
910 4295
497 4295
497 4727
2338 4727
1868 2338
1750 1868
1362 1750
1128 1362
1041 1128
1041 1578
1578 3509
2968 3509
2968 4191
4191 4891
1343 4891
1343 3936
292 3936
292 904
904 1607
1607 1950
1950 3990
3990 4710
3027 4710
3027 3380
3380 4614
4290 4614
3395 4290
3259 3395
424 3259
424 4158
3629 4158
406 3629
406 2094
185 2094
185 4198
1406 4198
1406 2693
2693 3128
3128 4745
236 4745
236 3546
3546 4972
134 4972
134 931
931 1508
1482 1508
1482 4649
1721 4649
1721 3467
2126 3467
2126 2535
1828 2535
1828 2367
2367 4224
3191 4224
3191 4303
3756 4303
2777 3756
2777 3480
2721 3480
2721 4884
1251 4884
421 1251
421 4181
4071 4181
2169 4071
1916 2169
674 1916
674 4132
4132 4894
4789 4894
2614 4789
2614 3651
3305 3651
1009 3305
1009 2668
2255 2668
1591 2255
476 1591
476 3307
3307 4708
49 4708
49 1021
1021 4437
632 4437
632 4265
3043 4265
1192 3043
1192 3889
774 3889
774 1684
1684 3729
253 3729
253 4269
3057 4269
362 3057
362 2971
2971 3993
685 3993
685 3136
3136 3557
1670 3557
1020 1670
1020 1962
1557 1962
1557 4658
2307 4658
2307 2795
2795 2993
2993 3828
3828 4410
3822 4410
1749 3822
102 1749
102 1218
643 1218
643 4460
1809 4460
155 1809
155 467
467 1579
1579 2929
2929 3025
1548 3025
1548 2638
2638 3070
968 3070
968 4349
504 4349
504 4762
4762 4808
2381 4808
2381 4829
4638 4829
509 4638
509 1434
1434 4218
839 4218
839 1123
170 1123
170 3811
3771 3811
3771 4646
4396 4646
4396 4545
3574 4545
3574 3950
3950 4350
2986 4350
2268 2986
2268 3751
1653 3751
895 1653
347 895
347 3248
2149 3248
2149 2590
1458 2590
1458 4053
436 4053
436 4075
3885 4075
2161 3885
2161 4341
4341 5000
758 5000
758 2145
1216 2145
1216 1754
1754 2405
2405 4538
569 4538
569 889
889 4957
1388 4957
1388 4691
1675 4691
237 1675
237 4031
727 4031
727 4184
4184 4612
804 4612
804 2435
2039 2435
2039 2278
2213 2278
2213 4497
4383 4497
2032 4383
1378 2032
1378 4239
733 4239
733 920
540 920
540 4924
2748 4924
2748 4429
3937 4429
2000 3937
865 2000
865 2114
2114 4377
3254 4377
3254 3347
3347 4857
756 4857
735 756
735 4713
143 4713
143 4899
2612 4899
2612 3413
1259 3413
1259 1319
1319 3951
1210 3951
1210 3405
3405 4210
472 4210
472 835
835 1630
1630 2122
2122 3845
3845 4866
675 4866
652 675
652 3508
2423 3508
2423 4109
3687 4109
912 3687
912 3992
2509 3992
2509 4395
4064 4395
574 4064
574 982
982 3042
3042 4017
1943 4017
1943 4286
606 4286
606 846
846 1930
1930 4406
3938 4406
3938 4136
2238 4136
2238 2260
953 2260
953 4067
3645 4067
2007 3645
829 2007
829 2361
2361 2661
2659 2661
1849 2659
1849 3809
1655 3809
1655 2924
2924 4317
936 4317
936 2325
528 2325
528 1075
1075 3076
3076 3875
3124 3875
231 3124
231 1069
1069 2020
2020 2701
2701 2848
2848 4756
4657 4756
3521 4657
1614 3521
1614 3727
3727 4409
3108 4409
1059 3108
890 1059
890 4309
3988 4309
3988 4609
4205 4609
3367 4205
3367 4093
650 4093
650 4568
4416 4568
1594 4416
1594 2832
2832 4637
3571 4637
2847 3571
2847 3364
238 3364
238 3186
2720 3186
2720 3922
1264 3922
1264 4168
4168 4613
1967 4613
1433 1967
1433 2438
516 2438
516 4740
2753 4740
414 2753
414 3987
3987 4999
2458 4999
1131 2458
1131 3455
2835 3455
2133 2835
853 2133
853 2456
2456 4080
1706 4080
1706 3579
2446 3579
3 2446
3 3880
1583 3880
398 1583
398 3650
1051 3650
1051 3071
1660 3071
1660 4938
4435 4938
3011 4435
1726 3011
1726 2515
744 2515
50 744
50 2144
23 2144
23 455
455 2511
212 2511
212 4653
4268 4653
3867 4268
3619 3867
2415 3619
2068 2415
591 2068
591 4319
1955 4319
1955 2414
1841 2414
1841 2864
2864 3548
1015 3548
1015 1083
1083 4197
3358 4197
564 3358
125 564
125 4393
159 4393
159 3801
2765 3801
235 2765
235 1546
1546 3106
3106 4177
1900 4177
1900 2100
537 2100
537 4209
3934 4209
375 3934
375 4056
1924 4056
1432 1924
603 1432
603 3096
3096 4929
89 4929
89 2335
2335 3314
3314 3429
3429 3943
2769 3943
2769 4576
2866 4576
2866 4122
373 4122
373 2256
1357 2256
1357 2332
431 2332
431 3408
866 3408
866 3514
3514 4993
2340 4993
2340 3826
2292 3826
2292 4893
1787 4893
1787 2582
684 2582
122 684
122 3327
1170 3327
1170 2413
2413 2988
2183 2988
2183 4547
4135 4547
1094 4135
1094 1475
1475 2097
242 2097
242 4090
4090 4204
2434 4204
2434 3482
3482 4723
2887 4723
2887 4879
3335 4879
361 3335
361 3758
1960 3758
1874 1960
1874 4094
4026 4094
4026 4563
2874 4563
2874 4828
2471 4828
2471 3595
2901 3595
785 2901
785 1310
1310 1595
1595 4180
3046 4180
3046 3731
986 3731
4 986
4 2077
334 2077
334 2158
2158 2944
1990 2944
1990 2110
2110 3456
2743 3456
2743 3821
3821 4220
2610 4220
2610 4511
4511 4887
3007 4887
3007 4484
4310 4484
3079 4310
1238 3079
805 1238
805 1871
1008 1871
1008 2030
2030 3152
1235 3152
1235 1658
1658 2800
434 2800
434 4661
3831 4661
52 3831
52 2080
2080 3898
3677 3898
1412 3677
1412 2203
2203 3707
2 3707
2 3142
74 3142
74 4821
3615 4821
3615 4456
4456 4871
3174 4871
3174 4771
1332 4771
1332 2027
2027 3105
3105 4263
3637 4263
3637 4070
3948 4070
2868 3948
2351 2868
2351 4307
700 4307
700 2119
2119 2548
1327 2548
898 1327
646 898
646 1026
1026 2894
2894 4586
2729 4586
952 2729
952 3014
219 3014
219 3196
482 3196
482 612
612 3824
2090 3824
2090 4407
2527 4407
2186 2527
2186 4037
120 4037
120 4988
617 4988
617 2925
529 2925
529 3312
3312 4585
4058 4585
3530 4058
2107 3530
2107 4098
350 4098
350 1912
1912 3404
3180 3404
625 3180
625 4299
2646 4299
2646 2880
427 2880
150 427
150 2342
2342 2933
929 2933
929 4843
3109 4843
1932 3109
1932 4086
445 4086
445 1375
944 1375
944 1399
1399 3434
1470 3434
1470 1515
1515 1536
1011 1536
777 1011
777 1802
1198 1802
6 1198
6 3505
3505 4769
1563 4769
1563 2831
1905 2831
1905 2860
2494 2860
285 2494
285 2910
269 2910
269 2197
2197 4401
1730 4401
1730 1884
1884 2273
663 2273
663 3617
3617 3761
3761 4371
246 4371
108 246
108 2766
2766 4781
4578 4781
987 4578
987 4707
3668 4707
1639 3668
1006 1639
1006 1066
31 1066
31 510
510 3501
3049 3501
729 3049
729 2356
2356 4354
4354 4849
4438 4849
4047 4438
305 4047
305 2608
2608 4353
2010 4353
2010 2899
2013 2899
2013 2888
2328 2888
2328 3628
3553 3628
3553 4998
725 4998
725 1089
1089 3895
3895 4072
3402 4072
1105 3402
1105 4682
4682 4844
324 4844
324 1297
703 1297
703 1718
404 1718
404 1919
392 1919
392 4011
3241 4011
19 3241
19 2956
1427 2956
1427 1623
207 1623
207 837
837 3080
64 3080
64 2009
2009 2174
96 2174
96 265
1 265
1 2631
2631 2676
60 2676
60 2637
2637 3311
1780 3311
1780 1914
534 1914
534 2915
1537 2915
948 1537
948 4097
3206 4097
3206 3778
393 3778
393 4672
267 4672
267 2834
2834 4858
2825 4858
2825 2882
2882 3669
584 3669
584 3168
750 3168
750 1652
1652 4594
2740 4594
1429 2740
1429 4588
1716 4588
1716 4593
1596 4593
1495 1596
822 1495
822 2783
2783 4677
3185 4677
3185 3233
514 3233
514 2295
620 2295
214 620
214 2019
2019 3839
3839 4963
3664 4963
1609 3664
1609 2437
741 2437
552 741
552 1464
515 1464
515 4448
1114 4448
1114 4365
1445 4365
298 1445
298 4165
4165 4172
2400 4172
1704 2400
1704 2657
2657 3227
1758 3227
216 1758
216 4608
2244 4608
761 2244
761 1465
1465 2747
2678 2747
2678 4424
655 4424
655 1050
1050 3107
1491 3107
239 1491
239 2041
1791 2041
1791 3858
3134 3858
3134 3673
1736 3673
1736 2618
1662 2618
1662 3656
3656 4629
1980 4629
1980 4760
3779 4760
223 3779
223 3214
3214 3289
3289 4964
1040 4964
1040 2043
2043 3332
3332 4815
858 4815
858 3857
2817 3857
748 2817
748 2029
656 2029
582 656
582 3072
1821 3072
1621 1821
1621 4699
26 4699
26 3021
1099 3021
1099 1369
1369 1587
1587 2252
2252 3133
177 3133
94 177
94 1524
1524 3301
400 3301
400 4550
2488 4550
2488 4143
3296 4143
3296 4193
1225 4193
1225 4359
3803 4359
1741 3803
1741 1993
1864 1993
1864 3676
3676 4256
4256 4382
4288 4382
3844 4288
954 3844
496 954
496 2215
628 2215
628 2633
1759 2633
668 1759
668 1705
1705 2477
458 2477
458 4363
1244 4363
1244 4351
503 4351
503 4761
3642 4761
595 3642
595 1904
1904 3623
3623 4905
4074 4905
3884 4074
1356 3884
266 1356
266 4298
2420 4298
72 2420
72 2839
1387 2839
1387 1608
1608 1859
257 1859
257 3606
2476 3606
2476 3974
999 3974
999 3781
2575 3781
2575 3762
3762 4802
980 4802
980 1714
1714 3209
3209 4148
604 4148
604 2962
2962 4404
296 4404
296 1739
1739 4803
4110 4803
3849 4110
1096 3849
1096 4876
3847 4876
3847 4322
1689 4322
1224 1689
1056 1224
1056 3929
3489 3929
3489 4875
2579 4875
2579 2851
163 2851
163 3919
1939 3919
1939 3755
1182 3755
1182 1779
1779 3527
3048 3527
3048 4577
4092 4577
260 4092
260 2457
2189 2457
2189 4543
4543 4694
3389 4694
1511 3389
1511 2739
2739 3534
644 3534
644 2789
2789 4725
3113 4725
2510 3113
2416 2510
2416 4548
1143 4548
1143 3797
2514 3797
2514 4890
950 4890
950 2780
1280 2780
139 1280
139 179
179 1641
1641 4870
313 4870
313 2461
178 2461
178 309
309 3273
2785 3273
2785 3226
3145 3226
118 3145
118 3237
3237 4666
760 4666
760 3218
1391 3218
1391 3172
2749 3172
1599 2749
1599 2837
2837 3524
1460 3524
1460 1788
1788 2498
2498 2506
2506 4461
222 4461
222 4584
4428 4584
4081 4428
2981 4081
1544 2981
1544 2182
2182 4822
1479 4822
1423 1479
1423 4775
4775 4806
1842 4806
1413 1842
1413 3475
3475 4059
2660 4059
2565 2660
62 2565
62 1560
42 1560
42 3864
3864 4780
732 4780
732 2576
2576 2904
2904 3346
851 3346
851 3572
3572 4567
162 4567
162 229
229 3284
3003 3284
3003 4714
3103 4714
136 3103
136 3927
2167 3927
2167 2196
2196 2782
1605 2782
73 1605
73 1631
1631 3622
2999 3622
1999 2999
1999 2972
2972 3471
3471 3792
2387 3792
2387 4223
3153 4223
53 3153
53 4493
245 4493
245 1303
1303 3058
3058 4980
382 4980
382 947
947 1886
1886 3926
3723 3926
1115 3723
972 1115
972 2867
220 2867
220 3315
135 3315
135 3451
226 3451
130 226
130 3570
3570 4450
3235 4450
3235 4237
3533 4237
2718 3533
2718 3498
3151 3498
3086 3151
2334 3086
2334 3810
291 3810
291 640
640 4046
2484 4046
2484 3375
2702 3375
2702 4474
2287 4474
2287 2602
768 2602
576 768
576 2998
2998 4798
3343 4798
3343 4733
1519 4733
1519 2113
54 2113
54 1076
766 1076
766 3691
1873 3691
328 1873
328 2154
2154 4367
1028 4367
1028 1402
1402 2756
454 2756
454 592
592 1335
1335 2360
2360 4326
2826 4326
1764 2826
1764 2308
1304 2308
887 1304
887 1390
1390 4918
2239 4918
441 2239
441 3725
3421 3725
104 3421
104 3439
3439 3716
1340 3716
1340 4035
3730 4035
3730 4721
2745 4721
2274 2745
2274 4444
1525 4444
1525 4700
2977 4700
1397 2977
1397 2336
1550 2336
1550 3901
3621 3901
2641 3621
1010 2641
1010 4986
3512 4986
158 3512
158 323
323 3711
1952 3711
1952 2055
2055 3605
2453 3605
2453 2714
221 2714
221 2070
2070 2600
755 2600
755 3591
3591 4142
1342 4142
1290 1342
1290 4955
4947 4955
4259 4947
4259 4749
2732 4749
2732 4033
4033 4627
4627 4852
3541 4852
2862 3541
1135 2862
205 1135
205 1676
1676 3782
896 3782
845 896
845 928
40 928
40 2219
2219 2533
2533 3295
250 3295
250 1540
1540 2715
2715 3066
3066 3962
933 3962
933 3627
3627 3686
2159 3686
2159 3038
3038 4244
3175 4244
3175 3242
473 3242
473 4596
4596 4770
3365 4770
1212 3365
1212 4162
3774 4162
3774 4421
1602 4421
1602 3225
2891 3225
2891 3293
1646 3293
1646 4125
2601 4125
923 2601
923 1386
1386 3634
3634 4010
2976 4010
1348 2976
1039 1348
1039 4238
428 4238
428 1141
796 1141
796 3190
3190 4662
1846 4662
1846 2758
1415 2758
1415 3384
743 3384
37 743
37 3095
1827 3095
1827 2865
1822 2865
1822 2482
2482 2784
2784 4030
3417 4030
1316 3417
1316 4624
3721 4624
2733 3721
2733 4405
4405 4751
1493 4751
1493 3833
3440 3833
3440 3540
814 3540
814 1804
378 1804
378 4005
2776 4005
2776 4847
638 4847
638 3794
1385 3794
1385 1668
1668 2333
2333 2647
29 2647
29 3790
480 3790
480 2175
1667 2175
1667 3526
343 3526
43 343
43 87
87 3869
3869 4569
4065 4569
3061 4065
3061 4532
2622 4532
2622 4846
1457 4846
274 1457
274 4167
4029 4167
1742 4029
1742 1986
1986 4006
3386 4006
1504 3386
1504 3024
3024 4748
3269 4748
3269 4529
992 4529
992 3891
2617 3891
974 2617
974 3083
1331 3083
789 1331
789 3788
856 3788
856 2322
1227 2322
1227 4907
2518 4907
1454 2518
570 1454
570 2374
2374 4883
1499 4883
1499 3473
2954 3473
2053 2954
550 2053
550 4965
2653 4965
2653 3200
3200 4485
2431 4485
2431 3073
3073 4488
2604 4488
2604 3361
3361 4381
2283 4381
2135 2283
2135 2368
2368 2436
2436 3264
3150 3264
2926 3150
581 2926
581 3146
3146 4378
4214 4378
3251 4214
3251 3648
3648 4362
3957 4362
3957 4793
4793 4885
4178 4885
4178 4606
34 4606
34 2131
2131 4812
1435 4812
1435 4978
1142 4978
1142 2983
121 2983
121 4113
693 4113
315 693
315 1861
1861 4387
2679 4387
630 2679
630 4583
4583 4989
3965 4989
3965 4327
1863 4327
1863 2876
2876 3582
2675 3582
1848 2675
776 1848
776 2762
2762 4786
474 4786
474 1322
1322 4800
1590 4800
1031 1590
1031 3960
3614 3960
3183 3614
2163 3183
2163 4882
189 4882
189 2344
2344 2995
2995 4556
2528 4556
137 2528
137 1012
1012 1931
1931 2250
844 2250
844 3210
2373 3210
991 2373
827 991
827 1486
1486 2844
636 2844
636 1636
783 1636
783 2112
2112 4509
396 4509
396 1245
1025 1245
1025 2564
199 2564
199 911
911 3633
3633 4507
849 4507
849 4950
3873 4950
3620 3873
3620 4969
3458 4969
3458 4616
317 4616
317 2531
2531 3935
3935 4530
3222 4530
3222 4434
4434 4502
1539 4502
1539 4915
4508 4915
3468 4508
546 3468
546 2343
1459 2343
1459 3877
3877 4805
4374 4805
1452 4374
1452 4386
3752 4386
3752 4174
4174 4598
4477 4598
2171 4477
2171 2516
860 2516
860 1532
1532 1887
1887 3718
2439 3718
2170 2439
2170 3532
2571 3532
2571 4788
4128 4788
1698 4128
1589 1698
1589 2330
2330 3808
3735 3808
3735 3977
2521 3977
2521 3051
1696 3051
578 1696
578 2639
2639 4014
2309 4014
2309 3240
548 3240
548 4895
4061 4895
1396 4061
1396 2958
75 2958
75 4910
4243 4910
2561 4243
1431 2561
1431 2768
2768 4711
2534 4711
2534 2873
2873 3338
1276 3338
1276 4539
4539 4731
4221 4731
4221 4932
493 4932
493 2583
709 2583
709 1437
1437 4794
422 4794
422 3764
1078 3764
679 1078
679 3328
3328 4697
857 4697
86 857
86 1984
1984 4245
988 4245
988 3148
1678 3148
1678 1761
1761 4024
4024 4648
2734 4648
2734 2791
960 2791
960 4199
2156 4199
2156 2591
1294 2591
1294 1883
1817 1883
1817 2392
1657 2392
1329 1657
1126 1329
1126 4300
1892 4300
563 1892
563 4836
2354 4836
2337 2354
1017 2337
689 1017
341 689
341 3955
3955 4423
4411 4423
3539 4411
3539 3843
3495 3843
2655 3495
2655 3665
306 3665
306 2079
2079 4702
1700 4702
1158 1700
1158 3053
1786 3053
1786 3681
270 3681
270 975
975 3710
2960 3710
2960 4318
201 4318
99 201
99 3192
3192 4137
4137 4573
2331 4573
780 2331
10 780
10 3613
1107 3613
1107 3449
1368 3449
1368 3892
1793 3892
1793 4698
1401 4698
160 1401
160 1253
1253 2410
2410 3611
3611 4077
1403 4077
1403 1844
1139 1844
1139 4962
914 4962
914 1133
927 1133
478 927
478 706
706 4987
3903 4987
1077 3903
1077 2884
2884 4087
1147 4087
560 1147
560 4490
893 4490
710 893
710 3529
1656 3529
1656 3056
2811 3056
2811 3662
891 3662
891 2932
1344 2932
1344 2011
2011 2280
1485 2280
312 1485
312 1154
1154 2104
2104 4166
4166 4900
4678 4900
549 4678
549 1463
1463 2311
2311 3399
1032 3399
1032 4823
1566 4823
48 1566
48 101
101 877
877 3971
2098 3971
2098 4068
