5000
()))))(()))((()(()(((()()()))(()()())())((()(()(((()()()())()))()(()))()())((()(())())))()()(((((()()(())(())()())(()())()())))()()(()(())((())())))()))(((()((()())(())())(()(((()(((())(())))()((()))(()()))()(()(())(((())(((())))(()())()()))(()(()(()()())())))(()))()((((())))()())(())())((((((()))((()()))))(()())()(((()(()((())()()()(())(((()((((()))(()))(((()()(()(()()))()()())())())(((()(()())())()())()))())))(()((())())()(()(()(()()(())))))))))((()))()(())(())(((((()))((()((()())(()))()(())((()))))()(((()())((()((()()))))()()())(())()))(()(())((((()))()))()(()))()))))())((())(((())))))((()(((())())(())()))(((((()))(()())))))()))))(()(()())(((())())))(((((()(()()())(()()))()(()(())))(((()())()(((((()))))))))()((())((((()(((()))(()(()()(((((())((()()((()(()()()())((())()(((()())))()()())((())(()()()(()((()(())))(((()()()((()))()()((((()())()()()))(((((((((()()((((()()()()(())))(((())()((())))))()(()(((()()(((((())(())((()()(((((((()))()((())()()()(()())))())))((((((()()((())()(((((((())((())((((()(((((()((((()(()((((()(((((())()(()(())(((((()()((())()(())((())))))(())(())(((()((((((((((()()(((())(())))(((()())()))))()())(((())(((((()()(((()(()))()((()((((((((()()(()))((())()((()(()()()()))())))(()()))())()())()(())((())))()(((()(()()(((((((())())())))(())()(((())()()(()))))))()((((())(())(()(()))((()((()))()(((((()(())())()((())))()())((((()(()))))()()))(())())()(()(())(()((()))))(()()()()))))((()((())()(()))()))()()(((()))()))()((()(()()()((()(((((()))()))))()((((()()()(())))(())()())()())))((())))(((()))()))())()((((((((()))((()))(()((((())((()(((((()()()((())(((((()((((()))()))(((()))())))()))))))())())(()(())))(()(())(())))(()(()((((((()(((())((((()((()())((()((((()())(()))()(((((()(()())))(()))())(()))))(()((()((((((((((((()(()((()())(((()))())()(()))(()())((()((())((()()()()()())())(())()))()(()(())()))(((()(())()(((()()(()()))()))(()())())((()()(()()())()())((()()((()(((((()(((()((()(()()((()(()()((()))))(()))())(((()(())(()(()()))())(())(())))()(()(()()))((((()(((())(()())))(()()((((()((((())()((((()(()))()((()((())()(((())()((()()(((((((()))))(())((((())((((()(()(((())())()((()()))()()))))(((())(((())((((()((()(()()))((()))()())(())((((()))()(()(())))()((((()))))((()((()))(()()))))))(()((()((())((((((()()(((()(()((())((()())(((()(())(()(()(())))())(())((((()((((()(()()()(((()(()())()()()(()())(((((())(())((()())()((()()(((())(((()))((((())))(((((((())()))))()(())))((()((()))()((()((()((((()(()))()(()(()((())))))(((()())(((()((((()()((())()))(()())()((()())()))(())))((())(((()))())()))()(()))()(()()()()))()(()((((((()()(()(((()()))())())(((((()())(())(()((((()())((())((((())(()(())())()(()())))(()))()()((())(((((())())))(()))))((()()((()((()(())()))()))))))())())(()(()(()))())()()(((())(((()()))()(()))((()))(()))()()((()(()((())(()((((((((()(())(((()(((((())())((())()(((())())(())))()(()))()))()((()()(()())(())()())(()(((()()((())(()()((((()()))()(()())))))()))((())((()(((()((()())))()(((())(())))()()(((((((((())(())))()))))))))(()())))(())(((((())))))()))()((((())))))))))())))())()(((()((()()()))()(((((()((()(((()())))((()))()())(((()()())(((()))())))()))((()))()()))((()(()()))())))((())()()))()()(()))())(((((((()))(((((((()))(())(()(()(((((((((((())))()(((()))()(((((())())))(((()(())))((()())()()(()(()(((())((((((())(())((()())))()(()()))(())()))()(()(()))())()((())(())((((((()))()))(()()())(((())()(((())()()(()((((())()(()()((()())))))()()))(())()(()()))))(()())((())((()(()((()))((()))()(()()))))(()))(())(())))(((()(())((()(())((((()((())()(())((())()(()()))(((()()()())())))((((()()())(()()(()))())())(()())(()(()))))()())))))())())()(()()(((()))(()())(()(()(())))))(()(()(()(()()))(()(((()())((()()(()()(()()((())(())((((((((())(((()())((()()()((())())((()))))(((()(((()()(((((())()(()()())))()())))((()()(()()(((((()()((()))()))))(()()())(()((((()(()))()((((())(((((((()((()()())()((()((()))())(())))(()((()))()((())))(()))((((()))(()())()))(()((())((((((()))))((()(())))((()((())()(()((()()()()(((())))(())(()()))())()((((((((((()())((()()())(())(()((((()((())((()()((((()(((((()((()(()()()))()))(()(()))(()(()((((((((()))())(()((()()()()())))())))()))))(((()()())())(())(((((()()()(()()(((()(())()))((((((((())()()()()))())())((()(()))())())))()(()(()))())()(())))))()()((()())()(()()((()((())((()))((()())(()(()((()))()))((())()((())))(()()(()))()(()()((()())))(())))((((()(()()()())))()()))())(((((()(((((())()))))()())((()((()()(()(((()(())()(()(()(((((()())))()))(((())((())())()()(()))))(()(())))((())(((())((())(()((()((()(())()(())(()()(((())()())())(()())))(()())))((())))(()()()()))((()(((()(())(())(((((()(())()()(()()((()()()()()()()()()((())(()))(()()(((()((((((())(()(((()()()((()((()((()(((()(()()()(()(()(()()((()()()(((()))())))(()))(()())(((()(((())())))()())())))())(()())(())())(())(()))))(())(()()())())(()((((()))))(()))())()((())))())()))((()((((()()((()()(((()(()(()()(()())())(())))(((((((((()()(()))())(()))((((()))()())))))())(()(())(((()(())(((((())(()((((((()()()()()(()(((())(()((()()(())))
1071 1268
1071 4088
1268 2817
1079 1268
1166 4088
204 4088
2359 2817
2666 2817
1079 4064
981 1079
1166 3883
1166 1319
204 4808
204 3645
1888 2359
2359 3167
2666 4349
2321 2666
949 4064
2720 4064
981 4735
590 981
2029 3883
3353 3883
1319 4538
1319 4836
1209 4808
3002 4808
1808 3645
2173 3645
1888 4971
1366 1888
3167 4217
3167 4672
667 4349
4349 4652
2140 2321
2321 2767
949 2253
949 4938
1012 2720
2720 4565
1843 4735
4048 4735
590 845
590 3553
1348 2029
2029 2721
3353 4436
1311 3353
2910 4538
2540 4538
3096 4836
4776 4836
1209 4292
1209 4915
886 3002
1303 3002
1808 3789
1808 2658
2173 4117
2173 3383
2999 4971
28 4971
1366 1959
1366 4793
563 4217
3795 4217
1191 4672
4373 4672
667 3594
667 4919
4146 4652
1375 4652
513 2140
2140 2362
2767 3003
2537 2767
2253 4524
2253 4360
2617 4938
3763 4938
1012 3995
1012 2630
3465 4565
1220 4565
1843 4347
1843 2958
3985 4048
1517 4048
845 4559
280 845
1729 3553
259 3553
1226 1348
1080 1348
2721 4785
2721 4670
4310 4436
4325 4436
1311 2148
1311 2942
780 2910
1742 2910
2540 4442
2540 3868
3096 4263
1727 3096
4207 4776
23 4776
2779 4292
2839 4292
4172 4915
3036 4915
886 1305
886 4722
1303 3878
1303 4362
897 3789
2683 3789
83 2658
2208 2658
2135 4117
3939 4117
1294 3383
1980 3383
396 2999
2113 2999
28 2327
28 1651
1867 1959
1157 1959
2157 4793
3399 4793
563 1124
563 1658
812 3795
1261 3795
1191 2184
110 1191
4262 4373
2542 4373
1123 3594
194 3594
597 4919
4189 4919
2627 4146
1301 4146
762 1375
1375 1822
513 1678
513 3522
2362 4847
1395 2362
201 3003
684 3003
1055 2537
2537 4020
2785 4524
1527 4524
2413 4360
473 4360
2617 4001
2617 4416
2995 3763
3763 4042
555 3995
3477 3995
2630 3492
2630 3056
3465 4421
3450 3465
1220 3790
1220 1755
2590 4347
2342 4347
93 2958
2560 2958
1948 3985
1172 3985
1517 4003
1517 2948
4559 4772
1040 4559
280 3087
280 2318
1729 4681
657 1729
259 665
259 565
43 1226
1226 4045
1080 1408
1080 2005
319 4785
4351 4785
282 4670
2454 4670
2156 4310
4310 4743
3098 4325
3178 4325
2148 2258
982 2148
922 2942
535 2942
780 4086
394 780
1034 1742
1742 3356
1638 4442
310 4442
3359 3868
7 3868
4014 4263
3506 4263
1727 2063
1727 2703
2144 4207
603 4207
23 1889
23 3859
867 2779
2779 4883
2839 4008
557 2839
4172 4547
3008 4172
3036 4888
3036 4431
1305 4843
1305 1560
3447 4722
1696 4722
3878 4212
3827 3878
1137 4362
332 4362
897 1281
897 3257
2683 4648
1038 2683
83 3922
83 652
2208 4645
224 2208
2135 3907
2135 4099
878 3939
2181 3939
1294 2741
1294 3943
38 1980
1312 1980
396 4083
396 624
2113 4912
2113 2914
2327 2470
2327 2486
459 1651
1651 4554
1867 4617
1867 2453
1157 3029
1157 1819
2157 3290
2157 3142
1643 3399
3399 3674
1124 3516
1124 2688
1658 1946
1658 4817
10 812
812 1240
1261 4239
397 1261
2184 4607
732 2184
110 1801
110 425
2738 4262
4262 4723
2542 4576
2141 2542
1123 4682
1123 2585
194 2283
194 3902
597 2086
273 597
4189 4940
3736 4189
2627 4960
2627 4462
1301 1553
1301 1559
605 762
762 2953
1822 4803
18 1822
1678 4853
1678 3239
3522 4441
3522 4375
3297 4847
683 4847
1395 2384
1395 3476
201 445
201 422
684 4530
684 3081
1055 3970
1055 2851
4020 4840
1500 4020
2785 2832
2785 4932
1527 1898
1527 3920
1908 2413
2413 3125
473 1944
473 3561
1950 4001
4001 4100
4416 4561
576 4416
2995 4880
2995 3833
1452 4042
2787 4042
555 3171
555 2639
3477 4218
2963 3477
3492 3802
2060 3492
3056 3300
3056 3611
3351 4421
1770 4421
3450 3909
1584 3450
3305 3790
1043 3790
1755 4326
1755 1833
2590 4084
2588 2590
2342 4178
2342 2913
93 4303
93 4076
362 2560
1163 2560
1948 3034
1948 4114
403 1172
1172 4907
1229 4003
3222 4003
2790 2948
2714 2948
754 4772
3546 4772
120 1040
1040 2493
3087 3928
1653 3087
2318 3043
58 2318
63 4681
2534 4681
543 657
657 3584
665 3571
665 4925
565 2867
565 4746
43 3013
43 2775
2649 4045
1249 4045
1408 4921
1408 2645
2005 2494
2005 3602
319 2819
319 1436
725 4351
2765 4351
282 3743
282 4757
137 2454
1760 2454
2156 4443
2156 2749
1350 4743
3322 4743
3079 3098
211 3098
1779 3178
2106 3178
1904 2258
351 2258
982 3137
789 982
922 4221
922 4613
535 2190
535 831
1051 4086
1213 4086
394 633
114 394
376 1034
167 1034
631 3356
3356 4948
1638 2332
1638 3427
310 770
310 3581
65 3359
3359 4316
7 1318
7 814
2161 4014
2293 4014
3506 4733
2282 3506
2063 2988
2063 3140
890 2703
2703 2926
2144 4619
1623 2144
603 2461
603 1026
1066 1889
1476 1889
3859 4787
1633 3859
867 3831
867 1640
4730 4883
4176 4883
3623 4008
2351 4008
557 2473
557 2848
298 4547
1604 4547
1895 3008
3008 4071
1823 4888
383 4888
3440 4431
1133 4431
4372 4843
4666 4843
113 1560
1560 4884
3354 3447
3447 4544
841 1696
344 1696
2729 4212
3057 4212
551 3827
1451 3827
1137 3090
1137 4127
332 3470
332 3655
1281 3681
1281 1433
3257 4459
3019 3257
508 4648
2510 4648
1038 1625
1038 1541
2517 3922
2760 3922
528 652
652 4134
4265 4645
40 4645
224 3133
224 4623
3316 3907
2352 3907
27 4099
566 4099
878 2825
878 2755
1065 2181
2181 2984
738 2741
2415 2741
3943 4026
3943 3964
38 3855
38 1119
1312 1482
1312 2495
3323 4083
3370 4083
624 4451
624 3880
2217 4912
3933 4912
1323 2914
292 2914
986 2470
2470 2626
2486 2792
2486 3903
459 2652
459 602
424 4554
489 4554
4460 4617
1467 4617
1178 2453
1561 2453
2223 3029
3029 4157
1819 2445
1819 2806
2131 3290
800 3290
3142 4631
3142 4916
341 1643
703 1643
3674 4490
3674 4766
2212 3516
1273 3516
1932 2688
2688 3247
1946 2238
1946 2502
1860 4817
1910 4817
10 1567
10 2104
1240 2287
743 1240
2299 4239
4239 4695
397 1372
397 2399
3865 4607
749 4607
732 2826
732 1917
1801 4277
1801 3496
425 3851
425 2103
618 2738
863 2738
1842 4723
375 4723
2955 4576
1394 4576
2141 4708
290 2141
2788 4682
746 4682
2585 3268
2585 2843
2283 4300
2268 2283
417 3902
299 3902
2086 4166
542 2086
273 1795
273 1733
1549 4940
4636 4940
3736 4669
2492 3736
3199 4960
2808 4960
783 4462
3373 4462
1553 2909
1553 4468
77 1559
1559 3425
605 4946
605 1116
2953 3917
2125 2953
3196 4803
3526 4803
18 2046
18 4107
149 4853
4835 4853
2768 3239
3239 3815
4248 4441
964 4441
1010 4375
3022 4375
1591 3297
669 3297
683 4989
683 1457
2384 3762
1009 2384
1768 3476
156 3476
445 458
445 610
422 2145
422 4882
1150 4530
4530 4717
3081 3965
2554 3081
3970 4702
3970 4899
91 2851
2851 4352
957 4840
1756 4840
1420 1500
1500 4185
2571 2832
2832 3001
1082 4932
1063 4932
1898 2973
1898 3580
3920 4889
3920 3929
1908 2697
1908 2488
3125 4354
230 3125
1554 1944
55 1944
1903 3561
1 3561
1950 2888
1950 4753
4100 4467
4100 4312
2247 4561
3822 4561
576 884
576 3692
3073 4880
2324 4880
22 3833
162 3833
1452 2735
1452 4641
2787 4057
1968 2787
2777 3171
875 3171
1039 2639
2639 4056
4031 4218
4218 4598
1955 2963
2928 2963
3802 4685
368 3802
2060 4177
2060 3921
857 3300
2091 3300
3607 3611
334 3611
207 3351
3351 4965
325 1770
1770 2066
1578 3909
495 3909
1584 2670
1584 4868
589 3305
855 3305
1043 4065
1043 2565
3321 4326
1405 4326
1833 4023
1529 1833
4084 4161
2335 4084
1937 2588
2435 2588
1847 4178
4038 4178
2857 2913
2913 3324
1148 4303
2072 4303
1635 4076
3488 4076
362 3215
362 4449
155 1163
1163 2436
1660 3034
2366 3034
3106 4114
1387 4114
403 1993
403 4295
987 4907
912 4907
666 1229
1229 2373
2107 3222
3222 3999
2372 2790
41 2790
2714 3388
882 2714
754 1995
754 1472
3546 3588
3420 3546
120 801
120 4413
1714 2493
2493 3189
2781 3928
3928 4791
1653 2479
1653 4113
236 3043
3043 4452
58 3698
58 4603
63 427
63 2358
2534 3794
1877 2534
543 2969
543 4539
35 3584
3584 4849
510 3571
1564 3571
1471 4925
1155 4925
1940 2867
2867 4502
4746 4811
1514 4746
781 3013
3013 3085
2775 3753
1632 2775
844 2649
2649 3689
1249 2420
1249 3280
3819 4921
2793 4921
2645 4665
2645 4319
2494 4523
1912 2494
3498 3602
2528 3602
470 2819
696 2819
832 1436
1436 3866
725 4477
725 4196
2277 2765
2689 2765
3743 4739
2976 3743
689 4757
3953 4757
137 581
137 4282
1760 2082
1760 4967
2090 4443
1712 4443
2749 4264
112 2749
1350 2079
1280 1350
531 3322
1390 3322
3079 4129
253 3079
211 1147
181 211
1324 1779
805 1779
1639 2106
2106 2889
756 1904
1904 2643
351 3489
351 2105
2097 3137
3137 3251
789 2610
789 1939
81 4221
4061 4221
3874 4613
3759 4613
2190 3708
2190 4536
831 2877
831 3118
1051 3005
1051 4145
1213 4797
1213 3627
347 633
511 633
114 3563
114 1680
376 4844
196 376
167 4550
167 4686
631 3732
631 1685
3558 4948
2669 4948
2332 4359
926 2332
1811 3427
2251 3427
770 4879
770 3746
3581 4281
1423 3581
65 1598
65 828
3195 4316
4316 4684
1318 2054
1318 2570
814 3778
814 1576
1167 2161
722 2161
1028 2293
1758 2293
2641 4733
3058 4733
2222 2282
2001 2282
2988 4947
572 2988
3140 4673
2080 3140
890 1443
890 4440
1918 2926
1225 2926
846 4619
4520 4619
1623 3020
1623 2576
45 2461
140 2461
1026 2143
1026 2971
1066 2471
1066 4011
1476 4073
1476 3529
4624 4787
1000 4787
1633 2056
1633 4555
2715 3831
2325 3831
1640 3863
1640 3289
4510 4730
3696 4730
3523 4176
815 4176
1004 3623
3380 3623
2351 3906
2351 3771
80 2473
2473 2632
2848 4592
283 2848
298 4227
298 1053
485 1604
942 1604
1895 2178
84 1895
4071 4763
1121 4071
1823 2992
1823 1854
383 3650
383 3214
3440 4507
3440 4030
1133 2357
777 1133
441 4372
3212 4372
2797 4666
521 4666
113 3619
113 4091
300 4884
4109 4884
460 3354
13 3354
538 4544
2094 4544
841 4526
841 1961
320 344
344 1101
2729 3432
2729 2739
2523 3057
3057 3537
551 4830
551 2347
1451 1652
1451 3540
1804 3090
3090 3263
4127 4586
4127 4628
1572 3470
2830 3470
1581 3655
3554 3655
3681 4304
3681 4294
223 1433
1158 1433
1935 4459
3531 4459
1069 3019
3019 3276
508 2101
508 1033
1444 2510
2510 3211
1625 1703
262 1625
1041 1541
1541 2206
1677 2517
1911 2517
2760 4496
2760 3134
528 4050
528 2240
3595 4134
2418 4134
601 4265
132 4265
40 2151
40 3875
2400 3133
2394 3133
2656 4623
2822 4623
1666 3316
2337 3316
2352 2614
2352 2810
27 4953
27 3203
136 566
566 1216
2825 3361
2825 4540
217 2755
2755 3334
1065 2248
1065 3221
1027 2984
2194 2984
738 2924
738 3401
2415 3566
2415 3176
1030 4026
3956 4026
3852 3964
2754 3964
346 3855
2485 3855
1119 2962
1119 1245
921 1482
1482 2345
1199 2495
2495 4253
2109 3323
105 3323
1180 3370
235 3370
1458 4451
90 4451
3880 4751
3396 3880
906 2217
1731 2217
2680 3933
3933 4638
1323 1991
1219 1323
292 4147
292 655
986 4439
986 3853
32 2626
1136 2626
1439 2792
1317 2792
3903 4144
3676 3903
2652 4287
1417 2652
602 4604
602 1367
424 1997
424 3341
489 4279
489 2751
3120 4460
1689 4460
1467 4394
1467 3143
1178 3954
1170 1178
1561 4529
860 1561
1373 2223
2223 2484
3454 4157
2038 4157
2099 2445
2445 3879
739 2806
475 2806
2131 4600
2131 3578
800 3391
800 3349
3609 4631
3299 4631
688 4916
4584 4916
341 811
341 2229
703 1035
703 4621
4215 4490
4490 4923
3264 4766
3901 4766
639 2212
2212 4284
1273 3028
821 1273
1932 4342
787 1932
661 3247
573 3247
2238 3325
2238 3126
1108 2502
1972 2502
1860 2705
1860 3415
1769 1910
1910 3089
193 1567
1567 3168
1776 2104
2104 3061
2287 3781
157 2287
743 1607
743 2089
2299 4778
101 2299
284 4695
799 4695
635 1372
1372 4343
2399 3777
2329 2399
1271 3865
2734 3865
749 4798
749 3340
2826 4553
2648 2826
1508 1917
1917 3980
1211 4277
4158 4277
1883 3496
168 3496
2169 3851
571 3851
2103 4543
843 2103
374 618
618 3992
863 3429
863 873
1842 3044
1842 4786
375 1283
375 3532
2118 2955
2955 4286
1394 3981
1013 1394
306 4708
1879 4708
290 960
290 3244
2788 3332
392 2788
746 2731
715 746
3268 3735
1346 3268
431 2843
1465 2843
1235 4300
1716 4300
2224 2268
2117 2268
417 4800
417 3896
299 4788
299 3421
406 4166
1627 4166
542 2068
542 2336
1795 4482
1795 2835
1733 2298
119 1733
386 1549
1549 3877
1322 4636
2186 4636
4669 4945
2980 4669
2492 3944
526 2492
87 3199
1985 3199
2808 4471
2808 3949
783 4541
86 783
3373 4175
3373 3572
838 2909
2844 2909
2894 4468
3669 4468
77 1945
77 2048
3425 3979
449 3425
1061 4946
938 4946
1116 3562
1116 2905
2405 3917
2514 3917
2125 3643
2125 2180
904 3196
3196 4237
3526 4824
2538 3526
2046 2338
2046 2849
215 4107
4107 4469
149 2244
149 4782
3398 4835
3549 4835
2768 3839
2768 4222
3815 3948
2584 3815
2114 4248
1278 4248
964 4903
964 1185
108 1010
659 1010
1228 3022
2243 3022
474 1591
1591 1869
669 4625
669 4864
545 4989
2520 4989
191 1457
1457 3198
2647 3762
671 3762
1009 1428
1009 3694
1768 4193
1768 1933
156 1984
156 4232
458 4589
458 4771
610 1001
610 1849
2145 2509
338 2145
1649 4882
4251 4882
1150 4929
1150 3814
1876 4717
3350 4717
1646 3965
1736 3965
2554 4908
2047 2554
3714 4702
3621 4702
2049 4899
3923 4899
91 4497
91 4833
2800 4352
673 4352
442 957
957 3534
1756 3329
1756 1814
1420 3183
1420 4956
4185 4214
4185 4615
2571 3706
2571 4509
2629 3001
3001 3629
221 1082
1082 3249
226 1063
1063 2640
444 2973
2973 4195
3147 3580
491 3580
3734 4889
3968 4889
3014 3929
3929 4320
447 2697
1655 2697
2488 2637
2488 4395
3601 4354
4219 4354
230 3550
230 4383
1554 2016
1554 2991
55 4464
55 4297
307 1903
1675 1903
1 4505
1 3483
2888 2904
2888 3807
1890 4753
1425 4753
4467 4644
1820 4467
1380 4312
823 4312
1415 2247
1702 2247
3095 3822
2227 3822
152 884
884 4513
1085 3692
1966 3692
1824 3073
3073 3479
2324 2365
2324 4762
22 3441
22 4719
162 983
162 457
2382 2735
2735 4052
4029 4641
1701 4641
3989 4057
1936 4057
1968 4199
1968 1979
1785 2777
82 2777
875 1416
875 3720
1039 4639
1039 3817
455 4056
395 4056
1483 4031
1787 4031
4518 4598
2126 4598
1955 3307
1955 3100
1293 2928
2928 3092
3695 4685
69 4685
368 2690
368 4391
1244 4177
2908 4177
3921 4994
1634 3921
857 2653
857 3362
2023 2091
229 2091
1617 3607
2959 3607
334 443
334 4881
207 1624
207 4314
4965 4974
2719 4965
325 3319
325 2490
1353 2066
2066 3031
1578 2301
263 1578
495 3657
495 1816
660 2670
2670 4074
879 4868
2979 4868
589 3705
589 2623
855 2544
855 2764
4013 4065
72 4065
679 2565
534 2565
3261 3321
1780 3321
1405 3491
1405 1603
174 4023
4023 4760
1529 2879
1529 2507
4161 4204
4161 4972
2335 4927
1518 2335
1358 1937
1937 2855
2435 4898
2435 4920
1139 1847
564 1847
4038 4401
4038 4609
1642 2857
615 2857
2983 3324
3324 3520
1148 2004
146 1148
2072 4749
2072 3972
1635 3121
1635 4366
1619 3488
3488 4549
189 3215
3215 3870
1724 4449
2541 4449
155 2334
155 3858
2436 4160
574 2436
1660 2331
1660 4596
1735 2366
2366 4492
254 3106
3106 4308
1387 1568
1387 3996
1993 2672
1993 4841
2393 4295
3453 4295
987 3628
987 3242
912 1077
912 2836
666 3418
666 3805
854 2373
2373 2633
227 2107
1437 2107
3577 3999
536 3999
2314 2372
699 2372
41 532
41 2215
170 3388
807 3388
882 3864
882 4904
1088 1995
232 1995
1472 3991
1472 3082
1389 3588
1810 3588
2074 3420
3420 4112
801 1707
801 4560
3084 4413
4128 4413
1714 2591
1714 3679
274 3189
267 3189
2781 3765
2781 3667
6 4791
4498 4791
2433 2479
932 2479
4113 4886
3718 4113
236 4720
236 4851
497 4452
1830 4452
3484 3698
630 3698
1431 4603
2712 4603
427 4322
427 2201
658 2358
131 2358
682 3794
3768 3794
1266 1877
1877 3958
2969 3471
2969 4820
2383 4539
2188 4539
35 329
35 3204
3513 4849
3384 4849
510 2292
510 2642
1564 3670
356 1564
634 1471
54 1471
1155 1954
1155 4255
1002 1940
408 1940
1630 4502
833 4502
161 4811
339 4811
350 1514
1514 4585
781 3039
781 3910
2841 3085
768 3085
3753 4534
2530 3753
1632 4355
1632 2532
844 3033
844 1164
2271 3689
2940 3689
1212 2420
701 2420
3280 3816
558 3280
287 3819
1551 3819
2793 3474
716 2793
1357 4665
370 4665
3355 4319
3950 4319
3112 4523
3626 4523
1912 2010
1912 2827
1045 3498
3272 3498
2528 2820
2528 4274
470 1496
470 2262
467 696
696 2902
832 4831
832 2198
3866 4728
3750 3866
1484 4477
4334 4477
3640 4196
1790 4196
1048 2277
414 2277
1536 2689
970 2689
1532 4739
4566 4739
1400 2976
2976 3495
689 4515
689 3154
1763 3953
3953 4105
581 1892
581 3015
713 4282
3525 4282
2082 4197
2082 3040
2239 4967
3060 4967
415 2090
2090 2601
1712 3132
1712 3227
4203 4264
164 4264
112 524
112 1242
335 2079
719 2079
1280 4454
1280 4327
531 3998
531 2599
1390 2478
544 1390
2308 4129
3402 4129
253 1826
253 3616
1147 2209
1147 1841
181 4426
181 2770
1324 4108
1324 3193
805 3727
541 805
1639 4226
1639 3146
52 2889
2055 2889
756 3468
756 3658
579 2643
2643 4121
2070 3489
3489 4711
1328 2105
2105 4470
2097 2769
1292 2097
451 3251
2154 3251
2610 3583
1746 2610
1939 3662
316 1939
81 3598
81 4236
747 4061
4061 4458
2853 3874
3874 4290
2743 3759
1515 3759
3708 4019
2226 3708
297 4536
147 4536
742 2877
2717 2877
2421 3118
1384 3118
918 3005
357 3005
3094 4145
2525 4145
2085 4797
4369 4797
3627 3876
184 3627
347 3849
347 685
486 511
511 1130
3563 5000
2572 3563
1659 1680
1680 4139
258 4844
745 4844
196 4059
196 4402
2561 4550
2546 4550
79 4686
2518 4686
3111 3732
1145 3732
798 1685
1685 2917
1737 3558
1297 3558
2669 4581
1523 2669
4359 4424
3104 4359
926 4765
794 926
1811 3936
1207 1811
2251 4822
2251 2447
548 4879
480 4879
3746 4756
456 3746
1525 4281
2782 4281
1423 4522
1423 2171
492 1598
1598 4021
828 2416
142 828
150 3195
3195 3220
628 4684
1154 4684
1868 2054
1837 2054
1386 2570
2570 4764
1134 3778
985 3778
1576 3309
1576 4634
974 1167
1167 2164
722 2709
722 1534
1028 3021
1028 3786
199 1758
1758 3820
2641 4132
693 2641
3058 3772
1052 3058
2222 4568
2222 2911
2001 2733
2001 3659
4072 4947
726 4947
572 4246
572 3614
1435 4673
3363 4673
2051 2080
1269 2080
1443 4872
1443 3776
3587 4440
4082 4440
1641 1918
1918 3713
5 1225
1225 1802
846 2606
846 2142
2369 4520
2564 4520
3020 4911
1963 3020
1159 2576
1224 2576
45 1852
45 3729
140 3231
140 1902
2143 2906
2143 4532
2971 3775
1973 2971
530 2471
2471 4877
3480 4011
3503 4011
3462 4073
487 4073
3055 3529
1797 3529
1969 4624
2460 4624
1000 1330
1000 4750
907 2056
2056 2891
4555 4827
2716 4555
367 2715
2715 3192
2325 2921
2325 2657
2175 3863
2553 3863
1538 3289
3289 3519
2266 4510
4075 4510
2377 3696
3696 4564
1313 3523
2503 3523
815 1866
815 3243
380 1004
1004 3722
1186 3380
2402 3380
3788 3906
3030 3906
3622 3771
1138 3771
80 2602
80 2636
2632 3046
2632 4167
3608 4592
321 4592
283 4371
138 283
4227 4546
3424 4227
1053 3317
1053 4367
485 1152
485 4025
942 3829
942 3414
1840 2178
896 2178
84 4245
84 1042
1721 4763
962 4763
1121 3217
1121 3730
2992 4090
2992 4141
1854 2986
529 1854
2392 3650
3599 3650
1403 3214
2936 3214
1198 4507
3327 4507
3938 4030
2706 4030
2357 3797
2357 3548
777 2524
527 777
308 441
441 4571
3212 4887
3212 3393
2797 3051
796 2797
521 1994
521 3882
632 3619
15 3619
973 4091
3915 4091
285 300
300 1223
56 4109
2539 4109
185 460
460 1530
13 4998
13 1569
538 1120
538 1263
2094 3986
2094 4997
4472 4526
2886 4526
1492 1961
1961 2710
320 2018
320 2231
1101 1396
1101 4307
3432 4234
3219 3432
2739 3557
2739 3590
2465 2523
2523 2618
560 3537
3458 3537
4017 4830
958 4830
1337 2347
2279 2347
1652 3895
1364 1652
3540 4781
2319 3540
1804 4415
1804 2165
1376 3263
3263 4420
1709 4586
1426 4586
4551 4628
413 4628
1310 1572
1572 2207
1738 2830
111 2830
305 1581
61 1581
3509 3554
1441 3554
373 4304
278 4304
4294 4930
881 4294
223 4857
223 3684
88 1158
1158 3169
85 1935
1596 1935
1284 3531
264 3531
1069 4040
1069 1352
3276 3900
1613 3276
2101 2548
2101 3012
1033 2132
1033 2187
804 1444
1444 1920
3211 3409
1562 3211
1703 2804
992 1703
262 1114
262 4126
552 1041
1041 2391
2206 2915
2206 4713
1677 4273
1677 2945
1911 1938
1911 4301
1481 4496
3738 4496
3134 4143
3134 4165
3010 4050
4050 4821
1463 2240
2240 4674
3595 4293
3595 3748
2418 3448
2418 4703
601 2698
601 4341
132 604
132 1383
381 2151
559 2151
3875 4988
3875 4599
2400 4807
2400 3524
428 2394
612 2394
2500 2656
2656 3757
608 2822
1480 2822
1666 2120
1666 4406
2337 4444
1448 2337
1962 2614
2614 2664
1377 2810
265 2810
1524 4953
3114 4953
2622 3203
1535 3203
136 2884
136 3600
1216 3074
640 1216
1286 3361
1777 3361
3575 4540
2655 4540
217 822
217 3961
3334 4104
3334 4814
2248 4570
2248 3593
1650 3221
1654 3221
1027 4162
313 1027
1241 2194
2194 4278
1827 2924
171 2924
2996 3401
75 3401
3566 4257
824 3566
585 3176
956 3176
1030 4789
1030 1699
2974 3956
2786 3956
281 3852
3428 3852
1828 2754
2754 4070
346 1782
346 2711
1775 2485
2485 4039
2962 4777
2962 4970
1117 1245
1245 2446
921 975
921 4657
466 2345
2345 2816
1199 1949
1199 1539
704 4253
3467 4253
2109 2168
748 2109
105 4491
105 1453
864 1180
1180 2354
235 286
235 3651
176 1458
1458 2155
90 1031
90 3054
2315 4751
1427 4751
210 3396
2644 3396
906 1049
906 1032
929 1731
1195 1731
2680 3170
2680 2860
2330 4638
621 4638
1429 1991
1991 4270
1219 2932
784 1219
2522 4147
3930 4147
655 2185
655 1190
1880 4439
225 4439
663 3853
3853 4370
32 3364
32 3047
1136 4611
1136 4015
1439 4382
1439 1509
1317 4474
1317 2950
1044 4144
1616 4144
1331 3676
2533 3676
1037 4287
3455 4287
1111 1417
1417 4500
522 4604
2202 4604
1367 2081
1367 1778
1997 3556
1997 4769
420 3341
2686 3341
4037 4279
1308 4279
1715 2751
2751 2960
1090 3120
2562 3120
1689 2083
1689 3773
2311 4394
1087 4394
1563 3143
3143 3984
1105 3954
3954 4275
1170 1189
1170 2511
766 4529
2692 4529
860 3834
860 3535
1373 1914
1373 3911
2484 2923
2484 3225
3454 4414
3454 4606
2038 3552
2038 3130
2099 2245
130 2099
1664 3879
3879 4726
739 4597
739 4135
475 2475
475 2474
2578 4600
1913 4600
438 3578
3386 3578
3391 4662
3391 4419
2968 3349
3007 3349
3609 4041
1260 3609
2679 3299
3299 4009
688 1807
293 688
4368 4584
4574 4584
811 2687
811 1896
2229 3861
935 2229
1035 4324
1035 4184
2218 4621
4621 4693
3719 4215
192 4215
2234 4923
3688 4923
3264 3707
1957 3264
539 3901
3901 4854
639 1952
166 639
820 4284
2845 4284
301 3028
1374 3028
821 1547
821 3824
672 4342
3392 4342
787 4894
787 3123
661 4198
661 1832
573 4238
573 1258
3325 3331
3325 4136
3126 4137
2895 3126
1095 1108
1108 4975
1083 1972
1972 4689
2705 3966
1540 2705
3415 3969
3415 3818
1769 4591
1769 2111
158 3089
3089 3716
193 3704
193 1474
3168 3881
720 3168
1645 1776
1776 2381
419 3061
266 3061
3210 3781
3781 4168
157 1466
157 3804
1607 3678
1607 2549
1851 2089
1257 2089
4778 4955
365 4778
101 523
101 4701
284 3152
284 2071
799 980
799 3747
635 2310
635 1391
1188 4343
2269 4343
67 3777
3328 3777
2213 2329
695 2329
465 1271
1271 1462
2734 3279
767 2734
1799 4798
2026 4798
834 3340
3256 3340
3613 4553
2482 4553
2648 2868
2648 3438
1508 4330
1508 4980
3766 3980
2772 3980
1197 1211
1211 1398
2069 4158
4142 4158
1455 1883
16 1883
168 3016
168 3924
2169 3357
533 2169
571 1193
571 2850
730 4543
1057 4543
843 4163
843 4826
374 3482
374 2458
3671 3992
1844 3992
3429 3579
379 3429
873 4806
873 978
3044 3442
1835 3044
2667 4786
4656 4786
1283 3151
1283 2935
3180 3532
1921 3532
1546 2118
2118 4155
66 4286
2368 4286
2930 3981
2438 3981
481 1013
1013 2385
306 680
306 1342
1489 1879
1879 4812
960 1359
960 3647
1537 3244
3244 3504
107 3332
646 3332
392 1805
392 2598
369 2731
1751 2731
348 715
715 4517
2487 3735
3660 3735
1171 1346
1346 2270
431 1781
431 984
1465 1674
1465 4676
1235 2829
1235 3832
1690 1716
1716 4818
96 2224
1621 2224
12 2117
2117 3078
1096 4800
4640 4800
3348 3896
3896 4838
1304 4788
4032 4788
1151 3421
3421 4710
406 1067
406 2264
1005 1627
1587 1627
2068 3306
2068 2159
2336 4852
2336 4173
2595 4482
3842 4482
2835 3246
2835 3973
2137 2298
1507 2298
119 4531
119 4958
386 4313
386 2742
390 3877
1050 3877
677 1322
1322 2061
2186 3186
2186 2260
1156 4945
4506 4945
1956 2980
2980 3187
3944 4149
3568 3944
526 1611
526 3586
87 2138
87 4202
1845 1985
670 1985
2419 4471
4471 4790
758 3949
2665 3949
3410 4541
3838 4541
86 2750
86 100
600 4175
1863 4175
3093 3572
609 3572
838 3101
838 2203
2844 3960
880 2844
1047 2894
1601 2894
1349 3669
1809 3669
894 1945
1671 1945
813 2048
2048 4892
868 3979
3893 3979
449 2662
449 1771
1061 2965
645 1061
938 3446
938 2811
2441 3562
3562 4562
2905 3844
103 2905
2405 3497
733 2405
2514 3889
1610 2514
1698 3643
3643 4333
2180 2374
2180 4156
904 1848
826 904
850 4237
318 4237
2575 4824
3004 4824
2538 2912
51 2538
1772 2338
2338 4977
2728 2849
2849 3342
215 3576
215 1363
382 4469
4385 4469
2244 3173
2244 4489
2466 4782
303 4782
2265 3398
3398 3542
3283 3549
2776 3549
1783 3839
1460 3839
930 4222
3091 4222
2757 3948
3948 4556
361 2584
2584 4153
1894 2114
2114 2300
727 1278
1278 3274
2192 4903
479 4903
477 1185
1185 2880
108 2685
108 3518
659 700
659 2747
1228 2933
1228 3310
2243 3745
2243 4542
474 3741
474 3037
1869 2275
1521 1869
662 4625
1210 4625
3457 4864
4494 4864
545 707
391 545
2058 2520
735 2520
191 4323
191 4748
3198 4018
309 3198
678 2647
2647 4095
671 4271
671 4093
1428 4961
1428 1434
94 3694
1605 3694
3097 4193
3835 4193
1933 3296
1933 3150
1825 1984
945 1984
4232 4516
2858 4232
2543 4589
3699 4589
1829 4771
3202 4771
1001 4188
1001 3177
1849 4336
1849 2608
825 2509
872 2509
338 1153
268 338
123 1649
385 1649
1906 4251
1438 4251
1017 4929
4186 4929
3333 3814
3814 4563
97 1876
1876 3683
3141 3350
1332 3350
1646 4043
1419 1646
1736 2869
1736 2732
1056 4908
3617 4908
2047 3344
2047 4823
3714 4966
892 3714
3472 3621
1265 3621
2049 2276
1796 2049
1060 3923
3923 3926
1872 4497
4497 4973
2515 4833
971 4833
2395 2800
2800 3444
673 2469
673 776
442 3443
442 2404
3534 4261
3382 3534
3329 4727
3190 3329
1814 2696
1814 2620
1336 3183
3183 4993
1109 4956
30 4956
734 4214
549 4214
4194 4615
2150 4615
1338 3706
2041 3706
4007 4509
2422 4509
2629 3230
1753 2629
708 3629
2285 3629
221 3207
221 2064
1571 3249
3249 3912
226 998
226 3994
2580 2640
2640 3136
444 2631
444 3885
2027 4195
2600 4195
3147 3240
3147 4400
491 1430
491 2031
2280 3734
1861 3734
900 3968
3968 4250
3014 4097
2550 3014
1740 4320
4320 4715
447 613
447 4569
64 1655
1655 1813
1884 2637
2637 3086
4395 4909
651 4395
1926 3601
3601 4738
256 4219
4219 4647
2316 3550
1748 3550
4000 4383
2348 4383
2016 3451
2016 4910
2991 4475
1329 2991
2919 4464
2529 4464
4297 4305
547 4297
307 3848
307 4405
1675 2410
1675 3175
3764 4505
1679 4505
1459 3483
349 3483
2904 4527
2189 2904
3235 3807
1422 3807
1890 4943
1890 4427
1425 3856
697 1425
2628 4644
3335 4644
1820 4664
261 1820
1380 4483
1380 2903
823 874
823 1361
1415 1475
1415 3512
806 1702
1702 2814
924 3095
2579 3095
861 2227
1503 2227
152 4119
152 2527
4339 4513
2444 4513
1085 3843
1085 3185
840 1966
582 1966
1824 3693
1824 3648
1788 3479
933 3479
2365 4653
359 2365
399 4762
2504 4762
1922 3441
1232 3441
2034 4719
1965 4719
983 3064
797 983
457 1493
457 1556
869 2382
2382 3682
4052 4378
2250 4052
1093 4029
4029 4288
1701 4620
178 1701
3226 3989
1542 3989
1936 2897
71 1936
2370 4199
3188 4199
1657 1979
312 1979
1785 3983
1785 4610
82 3248
82 2075
1174 1416
1416 4874
1750 3720
2349 3720
911 4639
2568 4639
187 3817
2818 3817
455 1570
455 1104
395 3702
395 1169
452 1483
1483 4795
802 1787
1787 4528
2204 4518
654 4518
2126 4635
2126 2387
1110 3307
3307 4005
1599 3100
1470 3100
934 1293
1293 4783
1874 3092
2722 3092
2455 3695
3695 4577
69 160
69 404
501 2690
2690 4869
2014 4391
1990 4391
1244 4632
1244 2323
180 2908
2908 4435
2634 4994
3026 4994
1634 3987
1634 4337
2653 3785
469 2653
2039 3362
3362 3723
2023 3963
1791 2023
229 785
229 1579
1617 3394
1617 2506
946 2959
2959 3555
443 3703
443 3624
750 4881
3905 4881
1624 3675
740 1624
2073 4314
2242 4314
2052 4974
2353 4974
19 2719
1290 2719
270 3319
1594 3319
2490 4433
2490 2635
596 1353
902 1353
1168 3031
3031 3615
2301 2516
1018 2301
263 2112
263 4616
3128 3657
2281 3657
1816 3680
1816 2313
660 4675
660 3560
1575 4074
764 4074
643 879
517 879
2979 3582
1992 2979
24 3705
1548 3705
1858 2623
2623 4357
2544 3139
2544 4081
1595 2764
1143 2764
1356 4013
1202 4013
72 1600
72 3672
679 3080
279 679
534 939
534 1196
3261 4745
249 3261
323 1780
1780 3668
2306 3491
2096 3491
1603 4033
690 1603
174 4995
169 174
1853 4760
2025 4760
2879 4942
2879 4918
2177 2507
2507 3270
89 4204
1354 4204
1333 4972
2796 4972
1907 4927
1692 4927
1518 3174
139 1518
1358 2898
1022 1358
2855 4963
2397 2855
3510 4898
1566 4898
118 4920
4049 4920
1139 3318
1139 1183
564 4230
564 4078
1126 4401
4401 4767
3068 4609
3946 4609
1642 2611
1642 1838
615 4092
615 2195
2983 3062
1800 2983
3045 3520
976 3520
1947 2004
901 2004
146 2182
146 4794
3898 4749
2604 4749
2799 3972
3972 4906
3121 3564
2569 3121
1757 4366
1765 4366
830 1619
1619 2459
2907 4549
1468 4549
189 3656
189 4982
2084 3870
1262 3870
106 1724
1334 1724
2541 3761
2006 2541
728 2334
2334 4054
1725 3858
231 3858
3065 4160
4024 4160
574 2078
574 1449
2331 3237
2331 3544
3731 4596
175 4596
411 1735
1735 4457
31 4492
2022 4492
254 1754
254 620
3784 4308
4308 4876
1568 2303
1568 2432
1528 3996
966 3996
1934 2672
870 2672
1074 4841
218 4841
2393 3464
2393 4055
1644 3453
3184 3453
2727 3628
808 3628
2361 3242
3242 3700
995 1077
836 1077
866 2836
2836 3654
60 3418
3418 4140
3739 3805
3805 4152
854 2053
854 3612
2633 4654
2633 2846
227 1585
227 622
1259 1437
1437 2874
1243 3577
2573 3577
536 3275
536 4716
1488 2314
698 2314
699 3347
699 2621
532 553
532 1593
2215 2339
2215 3478
170 1298
170 4205
807 1749
807 1684
3864 4456
1122 3864
4904 4944
1730 4904
1088 2320
1088 2236
42 232
232 3431
1543 3991
1744 3991
195 3082
1491 3082
1389 2505
1389 2593
1810 4485
1810 4392
587 2074
2028 2074
3661 4112
2699 4112
212 1707
1707 2892
1129 4560
2651 4560
3084 3620
3084 3997
4128 4699
4128 4345
619 2591
1015 2591
3439 3679
3679 4192
274 4171
274 500
267 2497
267 4986
915 3765
788 3765
3667 4159
3667 3733
6 496
6 1931
4388 4498
1204 4498
2433 3892
245 2433
932 4742
932 2431
3515 4886
4886 4991
760 3718
3718 4922
1397 4720
3463 4720
4805 4851
4434 4851
497 3787
497 2831
1830 2305
1565 1830
3484 3585
3484 4335
389 630
630 4779
1431 3294
1431 4478
471 2712
2263 2712
1442 4322
2007 4322
2201 4671
1964 2201
658 1107
317 658
131 3267
131 988
682 1173
682 3962
26 3768
3768 4802
1266 2964
1266 2166
3958 4437
3825 3958
3250 3471
3471 3697
3157 4820
1175 4820
183 2383
2383 4731
1161 2188
2188 3069
329 4164
329 4115
3204 4914
472 3204
1251 3513
2110 3513
340 3384
1410 3384
248 2292
2284 2292
2050 2642
507 2642
1930 3670
2596 3670
356 2304
356 4667
634 2865
634 3103
54 583
54 2812
556 1954
1954 2149
3009 4255
2346 4255
1002 2707
1002 2256
408 4862
408 4626
1630 4403
1630 1708
833 2216
833 4404
161 4363
161 2934
339 4252
339 1745
350 773
350 2761
509 4585
343 4585
2724 3039
2481 3039
3910 4890
366 3910
710 2841
1099 2841
768 3547
768 4952
4463 4534
4306 4534
2530 3800
2530 2661
1663 4355
1098 4355
2532 2746
877 2532
3033 3107
598 3033
1164 1958
1164 3403
2271 4525
1184 2271
2940 3796
2940 4208
1212 1887
686 1212
701 4417
701 2057
2200 3816
3749 3816
558 2878
558 3108
287 1176
287 4931
1551 3481
1551 4732
3474 4387
2946 3474
716 1058
716 4951
519 1357
1357 4098
370 1325
370 1388
3355 4828
3355 4935
3950 4856
3950 4106
3112 4858
2037 3112
1989 3626
2823 3626
2010 2970
2010 3728
1339 2827
819 2827
1045 3135
1045 3721
893 3272
1440 3272
1856 2820
2820 4256
2322 4274
3847 4274
1496 3677
1496 3799
2262 4380
482 2262
467 744
467 1097
2901 2902
2902 4089
488 4831
3931 4831
2198 2939
1555 2198
4614 4728
763 4728
291 3750
2020 3750
1484 1818
1484 2700
2972 4334
3610 4334
1103 3640
1230 3640
1790 3473
1790 4060
1048 4934
917 1048
414 3934
414 3957
1536 3644
1536 3293
493 970
970 3717
1237 1532
1532 1928
3941 4566
2603 4566
1400 2774
277 1400
2954 3495
2042 3495
1720 4515
3456 4515
2312 3154
3154 4622
1046 1763
1763 3528
3744 4105
940 4105
1892 2477
78 1892
2008 3015
3015 4034
713 2428
713 3265
1282 3525
2434 3525
3573 4197
4197 4618
1695 3040
723 3040
2239 2801
2239 2762
3060 4677
3060 4651
415 4377
415 1321
216 2601
2601 2691
3132 3437
1694 3132
454 3227
2784 3227
4203 4683
919 4203
164 3971
164 1941
524 3589
524 1672
1242 1710
1242 3740
335 2480
335 3025
719 2439
719 4209
4004 4454
3631 4454
4327 4873
4327 4422
2967 3998
3536 3998
1335 2599
1307 2599
2478 3625
2478 2783
544 1882
544 3260
1479 2308
2308 4241
271 3402
1289 3402
786 1826
1826 3710
2668 3616
3616 4028
1977 2209
2209 3434
327 1841
1841 2563
3685 4426
1418 4426
1711 2770
2770 4809
1250 4108
4096 4108
49 3193
2885 3193
3000 3727
233 3727
541 4138
541 4860
436 4226
4226 4579
3146 4643
793 3146
52 464
52 2567
2055 4062
1761 2055
2030 3468
1667 3468
76 3658
709 3658
219 579
579 1360
1073 4121
3904 4121
2070 4379
1691 2070
4587 4711
3862 4711
1328 4495
1328 4850
4285 4470
2872 4470
2467 2769
2499 2769
1292 2012
468 1292
451 2291
451 1200
2154 3208
2154 3634
1021 3583
48 3583
1746 2174
1746 3782
3662 4124
687 3662
316 4650
316 741
2442 3598
3598 4582
3397 4236
1222 4236
747 1764
747 3284
1315 4458
1181 4458
2237 2853
2853 4987
2255 4290
1016 4290
2743 4499
2743 4213
1003 1515
1515 1612
3166 4019
1498 4019
2226 3303
435 2226
297 3400
297 2272
147 1092
147 4595
742 1070
742 3952
2717 4567
2717 4954
1978 2421
2421 4863
1384 4663
1384 4488
918 2526
918 3050
357 518
357 3042
1036 3094
2791 3094
752 2525
461 2525
2085 3779
2085 3977
2307 4369
4369 4758
3854 3876
2748 3876
184 4704
184 817
363 3849
3521 3849
685 2386
685 4016
486 1967
358 486
914 1130
222 1130
1636 5000
4964 5000
1054 2572
2152 2572
1659 2993
1659 2449
3285 4139
1648 4139
258 3466
258 2288
745 3724
745 4058
3975 4059
4059 4361
3165 4402
862 4402
1669 2561
2561 4969
1665 2546
2205 2546
79 3145
79 3604
46 2518
848 2518
2476 3111
3111 3191
1145 4425
1145 3422
243 798
798 4941
2917 4111
1064 2917
1737 3320
1737 2214
674 1297
1297 2597
1102 4581
4581 4712
1523 4846
1019 1523
3345 4424
2191 4424
2452 3104
3104 4660
1798 4765
2756 4765
794 1520
794 1504
3725 3936
626 3936
1207 1661
1014 1207
2379 4822
3375 4822
154 2447
1399 2447
548 3052
548 4897
480 954
480 1574
4580 4756
586 4756
456 2496
456 4688
1525 4398
177 1525
2782 4707
1233 2782
1227 4522
269 4522
2171 4924
2171 4737
492 4430
492 3076
3505 4021
2003 4021
1008 2416
567 2416
142 2121
142 4321
150 3653
150 2660
1700 3220
1609 3220
628 3871
628 1497
17 1154
1154 4893
1868 4455
1868 2862
402 1837
133 1837
1386 4829
876 1386
3343 4764
1255 4764
769 1134
1134 4077
985 1406
985 3569
3309 3942
3309 4514
1075 4634
3416 4634
898 974
974 1365
1487 2164
1629 2164
1218 2709
2489 2709
1534 2123
1534 2430
1490 3021
3021 4418
2834 3786
1146 3786
199 2225
199 3049
2380 3820
3820 4978
2122 4132
1464 4132
478 693
693 952
3772 4871
2045 3772
95 1052
835 1052
98 4568
3372 4568
1412 2911
2911 4706
2733 4170
1135 2733
3659 3754
429 3659
2002 4072
1279 4072
416 726
726 4069
1597 4246
842 4246
50 3614
3538 3614
943 1435
1435 4169
3200 3363
3077 3363
2051 3387
1916 2051
1269 1647
1269 4309
3122 4872
2249 4872
1160 3776
3776 4937
3587 4780
2856 3587
4082 4590
1456 4082
1641 1970
345 1641
1206 3713
3713 4983
5 2828
5 3850
1802 1960
1802 4996
172 2606
2606 3209
1550 2142
2142 3155
2369 3664
2369 4240
2564 4047
2564 3292
1901 4911
3338 4911
1963 4407
1963 4573
795 1159
1159 2795
525 1224
1224 3813
1852 3366
1852 2854
3729 4174
21 3729
2881 3231
294 3231
1902 2508
1526 1902
2412 2906
2906 4384
2612 4532
923 4532
546 3775
33 3775
1973 3395
1973 2333
530 4225
530 1345
1287 4877
141 4877
3480 4950
3480 3845
2581 3503
729 3503
3462 4896
407 3462
289 487
487 3367
209 3055
1023 3055
1586 1797
1797 3899
1969 4266
1969 4511
953 2460
2460 4027
53 1330
116 1330
3828 4750
2457 4750
907 1697
810 907
979 2891
2891 3836
4331 4827
2613 4827
2716 4655
2716 3048
367 2966
367 3412
2246 3192
1923 3192
2921 4231
2607 2921
2657 2837
2657 4006
2175 2552
2175 4182
2553 2678
315 2553
751 1538
1238 1538
1987 3519
3519 4810
2257 2266
2266 4311
388 4075
991 4075
2377 2521
706 2377
1445 4564
1717 4564
1313 4220
1313 2789
1024 2503
999 2503
354 1866
1866 4608
3163 3243
1681 3243
380 1909
380 2815
3722 4691
2233 3722
1186 3288
1186 2982
1766 2402
2402 2566
1142 3788
3224 3788
3030 3053
2396 3030
3622 3791
3622 3884
1138 3223
1138 1177
724 2602
2398 2602
2636 4409
1248 2636
3046 4289
3046 4268
135 4167
550 4167
3258 3608
629 3608
321 2389
321 4901
238 4371
653 4371
138 2646
138 2160
1256 4546
2780 4546
1687 3424
2594 3424
2740 3317
1062 3317
1762 4367
102 4367
1152 3978
1152 3597
4025 4744
2838 4025
1789 3829
937 3829
3414 4848
2695 3414
1840 3821
1840 3205
896 1362
896 4917
295 4245
3687 4245
1042 2863
1042 3673
1721 3798
1668 1721
962 2146
962 993
3217 4259
3217 4438
3730 4981
2375 3730
2367 4090
4090 4659
997 4141
3365 4141
2986 4085
2102 2986
529 1726
213 529
144 2392
2392 3618
3599 4630
963 3599
1403 3282
1403 2821
2936 4051
2241 2936
1198 2900
1198 2129
2167 3327
2328 3327
3938 4575
3161 3938
200 2706
2706 3449
246 3797
2951 3797
1236 3548
3548 4002
2108 2524
1673 2524
527 2949
527 1871
308 1519
308 1100
895 4571
4053 4571
4819 4887
3810 4887
2153 3393
3393 4557
3051 3712
3051 3925
326 796
377 796
994 1994
568 1994
2882 3882
865 3882
632 944
632 664
15 3311
15 959
973 4148
186 973
453 3915
2977 3915
285 3891
285 514
1223 2547
1223 2098
56 4605
56 4067
2032 2539
1533 2539
185 3967
185 1794
925 1530
1530 3374
3793 4998
1718 4998
1569 3665
1320 1569
242 1120
1120 4740
617 1263
1263 2401
3715 3986
2693 3986
1385 4997
1314 4997
115 4472
4381 4472
887 2886
642 2886
1492 3385
1492 4578
2710 4080
2710 4110
1759 2018
2018 3752
606 2231
2231 3461
1396 4698
1396 1891
561 4307
483 4307
3955 4234
1752 4234
3219 4902
1919 3219
1855 3557
2794 3557
2778 3590
2941 3590
2278 2465
2465 4183
2033 2618
1086 2618
560 3500
560 3213
3234 3458
1302 3458
3067 4017
2483 4017
958 1424
958 2011
1337 2183
421 1337
2279 2296
2279 3232
3895 4594
3841 3895
1364 4521
1347 1364
4781 4855
2937 4781
2319 3071
2319 4734
512 4415
3701 4415
2165 4861
2165 2424
1376 1784
1376 2095
272 4420
3709 4420
1709 4187
1709 1773
1179 1426
1426 4679
3663 4551
3072 4551
413 2673
413 1981
1310 4254
816 1310
853 2207
2207 4272
371 1738
1300 1738
111 3099
111 3206
305 1592
305 4386
61 4583
61 1831
2065 3509
554 3509
1441 1881
705 1441
373 1025
373 3914
128 278
278 3511
2536 4930
2624 4930
881 3066
881 2737
1747 4857
3314 4857
1999 3684
3684 4450
88 2805
88 996
3169 3304
1815 3169
85 3951
85 3124
1596 3666
1596 4959
1112 1284
1284 2024
264 3023
264 3517
121 4040
4040 4799
1352 1545
977 1352
342 3900
3900 4344
499 1613
778 1613
1821 2548
2548 4533
3012 4962
3012 3352
1140 2132
2132 2616
2187 3792
2187 3988
804 1246
804 2899
1920 4612
336 1920
2309 3409
1590 3409
1562 1577
757 1562
753 2804
2019 2804
992 3113
992 2388
636 1114
1114 1495
1683 4126
173 4126
552 1925
552 3378
2391 4990
2391 4593
2915 4350
432 2915
1253 4713
2139 4713
322 4273
251 4273
2000 2945
330 2945
1247 1938
360 1938
4301 4353
2583 4301
1481 4445
1481 3490
3109 3738
916 3738
4143 4646
1741 4143
3216 4165
2040 4165
578 3010
3010 3846
3346 4821
2893 4821
1463 3633
1463 3075
3417 4674
3301 4674
4154 4293
2925 4293
3748 4283
2364 3748
1382 3448
3448 4296
3636 4703
1734 4703
1743 2698
1378 2698
3935 4341
2119 4341
604 4181
604 1704
1383 3508
1383 4508
381 393
381 2077
559 3811
559 1905
3945 4988
588 4988
3932 4599
14 4599
165 4807
3837 4807
731 3524
3524 3630
428 430
428 2116
612 827
203 612
2500 2725
2500 3990
3755 3757
950 3757
608 1774
433 608
1149 1480
1480 3006
2120 2619
2120 4773
2813 4406
1974 4406
4444 4714
4444 4504
1448 2638
1448 3389
1962 3024
1962 1982
2664 4356
2664 4328
1377 1485
1377 4484
265 4696
265 3507
1524 4318
1524 1713
3114 3756
3114 3236
2622 4094
2622 4228
1512 1535
1535 2440
909 2884
847 2884
3600 3867
2883 3600
2763 3074
3074 3339
640 2340
640 4548
1286 3637
1286 2423
1777 4210
1777 4842
3179 3575
153 3575
1277 2655
2655 3487
822 1011
822 4276
3751 3961
1899 3961
627 4104
4104 4601
3245 4814
3742 4814
1091 4570
20 4570
1803 3593
3593 4374
1650 2261
353 1650
1654 3976
1654 4411
771 4162
1215 4162
313 2718
159 313
736 1241
1241 1900
4235 4278
2350 4278
961 1827
8 1827
171 2290
171 2556
1141 2996
2996 4428
75 3780
75 1165
2468 4257
4257 4267
824 2887
337 824
585 1274
440 585
956 3501
956 3271
3281 4789
941 4789
1699 2807
1699 4895
2587 2974
2974 4784
2786 3823
2786 2929
281 4103
281 1473
3428 4389
3428 3493
1828 4866
1828 2745
2172 4070
4070 4755
1782 4036
1782 2798
2711 3273
2711 4721
1775 4680
1775 4503
2625 4039
2451 4039
648 4777
2378 4777
57 4970
1583 4970
1117 1285
1117 4408
2446 3233
2446 4465
975 2162
975 2043
4657 4865
3423 4657
466 1115
182 466
2816 4891
1544 2816
1949 3138
1886 1949
1539 4291
73 1539
704 1834
704 2802
1379 3467
2938 3467
2168 4724
2168 4133
748 775
304 748
47 4491
537 4491
1453 1688
1453 3027
864 3486
117 864
2354 2736
437 2354
286 3406
286 2376
3156 3651
2411 3651
176 2675
176 1501
2155 3485
2155 3149
849 1031
1031 2916
936 3054
520 3054
2315 2501
2315 4473
1427 4796
1427 4747
210 3162
210 3574
2644 4447
2371 2644
1049 2519
1049 4206
1032 2009
36 1032
929 3435
400 929
1195 4957
1020 1195
239 3170
398 3170
1817 2860
2860 3228
1722 2330
2127 2330
621 2297
621 2890
681 1429
1429 3691
2409 4270
905 4270
903 2932
2448 2932
784 1975
759 784
1254 2522
2522 4151
580 3930
3541 3930
502 2185
198 2185
1190 2210
1190 1786
737 1880
1880 2021
225 1217
225 889
663 1953
663 1203
2425 4370
972 4370
1132 3364
3364 4905
418 3047
1081 3047
3690 4611
244 4611
4015 4102
577 4015
1943 4382
1505 4382
1509 4068
1509 2462
4474 4637
616 4474
2950 4709
2950 3164
355 1044
490 1044
1616 2574
1616 2360
1331 3570
1331 4752
2533 4633
228 2533
1037 4079
1037 3649
702 3455
3455 3737
641 1111
1111 1486
1915 4500
2124 4500
522 1637
522 2230
2202 2771
1291 2202
2081 3379
2081 2136
668 1778
1351 1778
208 3556
3556 3760
1407 4769
1327 4769
420 4358
420 584
257 2686
1296 2686
331 4037
3088 4037
644 1308
1308 4247
1715 3897
1715 3592
2947 2960
2960 4376
1090 1878
1090 2491
2562 3974
498 2562
2083 2130
124 2083
1113 3773
3129 3773
2311 2927
2311 3769
1087 2861
1087 4501
1128 1563
1187 1563
625 3984
3984 4249
1105 3404
1105 3253
4275 4572
4275 4412
1189 3070
1189 4481
2511 3758
782 2511
188 766
766 2273
2692 2759
2692 4870
2918 3834
3530 3834
3116 3535
2059 3535
410 1914
1914 4933
506 3911
3911 4979
2 2923
2923 3159
1996 3225
3225 4678
3494 4414
908 4414
910 4606
4298 4606
2847 3552
3552 4825
2671 3130
839 3130
2245 3197
1589 2245
130 1670
130 965
1494 1664
1664 3376
1299 4726
1355 4726
1862 4597
4597 4815
2115 4135
2274 4135
29 2475
1588 2475
2474 4792
1885 2474
2578 4410
275 2578
1913 2985
1913 3083
438 2179
438 803
1897 3386
3386 4741
1078 4662
1477 4662
2615 4419
378 4419
2968 3369
2968 4243
1461 3007
3007 3041
2852 4041
179 4041
109 1260
1260 4346
1693 2679
2679 3430
4009 4697
2551 4009
1807 4022
37 1807
293 2429
293 3539
3313 4368
4368 4939
593 4574
1205 4574
2092 2687
2687 3110
591 1896
1896 2577
515 3861
3543 3861
935 4348
935 3063
2842 4324
2232 4324
638 4184
1192 4184
2218 3937
2218 3830
4552 4693
2589 4693
1859 3719
2443 3719
192 721
192 2998
2234 2752
2044 2234
3127 3688
2956 3688
1502 3707
1404 3707
1806 1957
1510 1957
539 1602
539 891
1929 4854
967 4854
1208 1952
1952 4480
166 1447
166 4642
647 820
820 1686
434 2845
44 2845
301 595
301 504
1374 2343
1374 3916
1547 3826
1547 4396
3824 3927
2100 3824
672 1924
672 4839
885 3392
3181 3392
1182 4894
2067 4894
691 3123
2870 3123
4198 4813
126 4198
439 1832
1832 3869
2289 4238
2609 4238
296 1258
1239 1258
250 3331
2840 3331
2035 4136
4136 4512
4137 4476
4122 4137
2895 4123
2895 3872
1095 1620
1095 1144
59 4975
594 4975
1083 4280
1083 4537
260 4689
3312 4689
1432 3966
3966 4200
1540 3642
448 1540
1951 3969
3888 3969
516 3818
2824 3818
4591 4801
302 4591
2111 4486
2111 4332
158 2663
158 4694
2713 3716
3716 3857
2450 3704
2809 3704
1474 1618
614 1474
3881 4984
3426 3881
720 1450
720 3302
4 1645
1645 1723
2381 3241
2381 2681
419 3559
419 3381
266 4364
266 1341
1792 3210
3210 3591
1988 4168
2017 4168
1466 3767
1466 1705
423 3804
3804 4329
2193 3678
3678 4260
2549 4063
712 2549
1851 2704
1851 4770
1257 3913
1257 1582
2876 4955
858 4955
365 1381
365 4926
523 3809
324 523
3358 4701
2961 4701
328 3152
3152 3527
2071 4211
2071 3638
980 1662
462 980
2403 3747
3747 4397
927 2310
129 2310
1391 4116
143 1391
1188 1264
1188 2833
2269 3371
2269 3326
67 4885
67 1084
2235 3328
2957 3328
190 2213
1558 2213
352 695
695 4649
465 4393
465 4118
1462 3433
163 1462
3279 4125
1326 3279
767 3408
767 1344
1799 3278
1799 3160
2026 4900
151 2026
834 2582
252 834
1986 3256
3256 3959
2498 3613
3269 3613
2482 4976
2482 2531
1068 2868
1288 2868
1864 3438
3438 3445
2087 4330
1446 4330
1706 4980
1850 4980
3254 3766
2252 3766
714 2772
1131 2772
968 1197
1197 2221
1398 2295
276 1398
1411 2069
1573 2069
1272 4142
148 4142
1201 1455
1455 1552
16 829
16 1414
3016 3144
1531 3016
3360 3924
1628 3924
2684 3357
1392 3357
533 4761
533 1865
1193 4448
1193 2555
384 2850
1295 2850
730 2723
540 730
1057 3315
1057 1998
3783 4163
3252 4163
2871 4826
4487 4826
494 3482
1893 3482
92 2458
2458 4233
3671 4120
1614 3671
1844 2407
1844 4466
599 3579
70 3579
379 2427
379 3860
570 4806
3119 4806
412 978
978 990
711 3442
3442 4315
1835 4229
1835 3295
611 2667
649 2667
2866 4656
761 4656
3151 4340
2803 3151
1194 2935
2935 3452
3115 3180
1409 3180
1921 4736
1921 4390
772 1546
1546 2463
2414 4155
2036 4155
66 899
66 3436
2368 3873
505 2368
34 2930
2512 2930
717 2438
2438 2558
481 2586
481 2987
2385 3102
1234 2385
680 989
680 1059
1342 3499
1342 3726
1489 3286
1489 3840
851 4812
1499 4812
1359 4046
1359 3158
99 3647
2896 3647
1537 4191
1537 4150
2147 3504
3018 3504
107 237
107 1557
646 1469
646 4317
1805 4936
1805 2702
2598 4775
791 2598
369 1089
369 1275
1751 2286
1029 1751
348 3182
348 4131
3551 4517
928 4517
2487 4130
774 2487
3660 4629
2875 3660
1171 3308
1171 2873
1606 2270
2270 3255
1781 4928
969 1781
145 984
984 2294
1674 4101
62 1674
2753 4676
4242 4676
2829 3153
2829 4658
3832 3982
1402 3832
1690 4845
1690 4519
3411 4818
2997 4818
96 205
96 3172
1621 4179
1270 1621
12 1522
12 4010
2758 3078
3078 4859
1096 1421
947 1096
4640 4816
1094 4640
3348 3545
1976 3348
1839 4838
2557 4838
9 1304
694 1304
1615 4032
3812 4032
1076 1151
1151 3652
2390 4710
676 4710
1067 4545
1067 2659
220 2264
2264 3919
1005 1413
1005 3533
1587 3639
503 1587
39 3306
3194 3306
2159 2730
409 2159
4852 4867
125 4852
4012 4173
3229 4173
1873 2595
1106 2595
1267 3842
3842 4992
3246 4399
3246 4774
1369 3973
2344 3973
2128 2137
2137 2701
1507 2864
1507 2766
623 4531
1214 4531
3918 4958
1371 4958
569 4313
74 4313
1739 2742
1682 2742
390 2943
390 1072
1050 2133
1050 4044
677 2170
677 3377
607 2061
241 2061
68 3186
3186 4201
1983 2260
856 2260
426 1156
1156 1340
4506 4661
104 4506
1956 4729
755 1956
2694 3187
202 3187
476 4149
1676 4149
3568 3605
3568 4299
1611 4754
1611 4479
3586 4365
450 3586
247 2138
1719 2138
837 4202
2952 4202
1845 2682
1845 3567
670 2326
670 2859
2419 3287
2406 2419
4429 4790
2535 4790
758 1846
758 3502
2665 3514
2665 4558
1006 3410
1857 3410
2545 3838
2990 3838
948 2750
2750 3646
100 2456
100 2363
600 3475
600 4535
1863 2220
1127 1863
871 3093
3093 3407
609 2076
609 1513
3101 4949
1870 3101
2203 4602
575 2203
2944 3960
3330 3960
880 3266
637 880
314 1047
1047 4687
1601 2163
1316 1601
1349 2994
3 1349
1809 1836
1809 4493
894 1401
894 2408
1671 4432
1343 1671
813 4035
401 813
650 4892
2922 4892
868 1728
868 2559
1231 3893
2676 3893
2417 2662
2302 2662
1771 3105
1771 3641
2965 4700
2965 4837
645 955
645 3603
3446 3469
2211 3446
1125 2811
2811 3131
2441 3038
2219 2441
3218 4562
2708 4562
1478 3844
1732 3844
103 2317
103 3011
3497 4087
3201 3497
733 3686
387 733
484 3889
2254 3889
1610 2773
1610 3908
1698 3262
1511 1698
2176 4333
3993 4333
2374 3801
1767 2374
3405 4156
818 4156
1622 1848
1848 2650
826 3596
826 1368
850 3459
850 1812
318 3259
318 3337
2575 4338
2575 4302
3004 4759
3004 3277
859 2912
2912 4690
51 3565
51 1506
790 1772
1772 4461
2677 4977
2654 4977
234 2728
2728 3890
3342 3460
3342 4692
3576 3632
3059 3576
463 1363
1363 4627
382 4066
382 1454
2592 4385
372 4385
3173 4913
1162 3173
311 4489
1276 4489
2228 2466
2355 2466
303 913
303 1942
931 2265
2265 3886
3148 3542
2464 3542
2605 3283
214 3283
1971 2776
1656 2776
809 1783
675 1783
1460 4999
718 1460
930 2674
333 930
2426 3091
2981 3091
206 2757
2472 2757
1516 4556
3032 4556
361 3017
361 4705
4153 4968
4153 4180
1894 3238
446 1894
2013 2300
2300 3940
727 2267
727 3117
2341 3274
2158 3274
2062 2192
656 2192
479 2356
479 2196
477 888
477 1306
2880 4258
2880 4223
2685 4878
1252 2685
3518 3606
3368 3518
700 2744
700 2920
240 2747
2747 4804
692 2933
2933 3711
1631 3310
3310 4190
3745 4588
1221 3745
2437 4542
3291 4542
3336 3741
1875 3741
2975 3037
2978 3037
134 2275
2275 4985
592 1521
1521 3298
662 779
662 2088
1210 2134
1210 3635
1626 3457
255 3457
4224 4494
4494 4718
11 707
707 3413
391 562
391 4244
883 2058
2058 4668
735 1393
735 2259
1118 4323
4323 4446
1370 4748
920 4748
2513 4018
3808 4018
309 2989
309 2093
678 1927
288 678
4095 4453
3894 4095
765 4271
3803 4271
1793 4093
197 4093
852 4961
4269 4961
1434 2726
1434 4834
94 127
94 2931
1605 4875
1309 1605
3097 4768
3097 3390
2199 3835
1580 3835
122 3296
3296 3947
364 3150
3150 3770
1825 4216
1825 3419
945 951
945 1608
792 4516
3887 4516
2858 3774
405 2858
2543 3806
2015 2543
3699 4725
3035 3699
1829 4423
1007 1829
3202 4832
2197 3202
25 4188
