5000
]]]]][]]][[]]][][]]]][][[][[[[]]]]]]]][[[[][[][[[][]]]][[[]]][][]][][][]][]][[[[]]]]][[][][][[]]]]][]]][][][[[[[[[[][[[[[]][[]]]][[[][[[[][]]]]][][[[[[][]][[[][][][[[][][][[[][[[][]][[[][]]][[[[[[][][[[][[][][[[]][]][]][[[]]]][[]]][[][][[][[[[]][][][[[[][][[]]][]]]]][[[[[[][]]]]][[[][][[[[[][[[]]]]][]]][]][][]][[]][]]][[][]][[]]]][[]][[[][[]][[[]][[[[[[[][][[][]][[]]]][[][][][[[[[][]][[[[[[][][]][[]][[[[]]]][]]]][[][[[][[][][][[]]]][[][[][[[[[]][][[[[[[[[][[][]][[][[][[[[[[[]]]][]][[[][[]][]]]][[[][][]][[[[][][[][[[[]][[[][[]][[[[][[[[]]]][]]][[[[[[][][[[]][][]]]]][]][[[[]]][[[]]][[]][][][][[[[[[[][]][[[]][]][]]][][]]][[][][][]]][[][[[[][][[][[][]]][[[[][][]][]][[][][[][[][][]]]][[][[[[[[]][[]][]]]][[[[[][[]]]][[[[[][[[]][][]]][][][[][[[[[]][[][[]][[[[[][[[][]][]]][][]]][[[][][[[[[]][][]][]]][[[[][]]][[[][[]]][[]][[]]]][]]]]][]][[[[][[[[[[][[[[][[[][]]][][][][[[[[][]]]]]][[[[]]]][[[]]][[[]][[][][[][]]][[]][]][][[[[][[]]][]][[[][][]]][[][[[]][[]][[[][]]][[][[][][]]][[[[[[[[]]][[[[[[[[[[]]]]][][[[[[][[][][[]][[[[[][]]][[][][]][[]][[[]][[[[[[[[[[[][[[][]][][[[][[]]]]][[[[[[[[[[[[]][[[[][[[[]]]][[][][[[[[]][]]]]]][[]]][[][[]][[[]]][[[][]][[[][]]]][[]]]]]][][[][][[[]]][][]]]][][][][[][[]]]]][[[]]][[][[[[[][][]][[[]][[[[][[[]][][[[[][[]][]][][[[][[[[[[][[[[]]]]][[[][][][][[][[][[[][]][[[][[[]]]][][][[[][[[][][[[[[][]][]][[[][[]][[[]][]]]][[[][[][]][[[[[[]][[[[[[]]][]][]]][[]][][[][][[][][]]][]]][][][][[[[[[[]][[]]]]][[][[[[[][]][][[]]]]][[[]][[][]][[]]]]][][]][]]]][][[]]][[[]][[[[[[[]][[[[][]]][][]]][][][][[[[]][[[[[[[[[][]][][][[[[]][[[[]]][]][]][][]]]]][[][]]]][]]]][[[][][][]]]]][[][[[[]]][[[][]][][[[]]]][][[][]][]][[]][[]][[]]][[[[]]][[]][[[[[[[[[[[[[[][]]][[[[]]]][[][]]]][[]][[[]]][[[[]][[[][[]][[[[][][[[[][[]]]][[[][][[[[[[[[]]]]]]][[]]]][[][[]]][[[[][[[][[[]][][[[[[[]][[[[][][[[][[][]]][[[[[]][[[[[[]][[[][[[[]][[][[[]][[[]][]][[][[[][[[][[[[[[]][[][[][[[[][]]]]][][[[[[[[[[[[[]][[]][][[[][]][[][[][[]][]]][]][]]][][[][[[]][[[]]]][]][[[][[][[][]][][[[[[][][[][[[[][][[[[][[[[[][]]]]]]][[]]][][]][[]][[][[[]]]][[]][[][[]]][[[[[[[[][][]]]][]][[][][[][]][[[[[[]][]]][[[][]][][[[[[][]]][][[[[]][][[[]]]][[]]]][]]]]]][[]][[[[[[[][[[][][]][[[[]]][[[[[]][[][[]][]]]][[[[][]][]][[][][[[][]]][]][[][][][[[[]][]]]]][][[[[[]][[]]][[][[][[][][[[]][[[[[[[]]]][][[[[][[][[[[[[[]]][]]][]]][[[]]][]]][[[[]][][[[[]]][][[][[]][[]][[][[][[[[][[][[[][]]][[][[[[][[]][[[[[][]][][]][[[][][]]][[]]][[[]]][[][][][[[[]]]]]][][][][[]][]][]]][[]]]][[[]][]]]]]]]][]]][[[[][]][]][[]]][][][][][[[]][]][[[]]]][[]][]]][[[[]][]][][]][][[[][[]]]][[[]][[[][[[[[[]][]][]]]][[][]]]][]]][[[[[][[][[[[[[]]]]][][]][]]]]]][[[[[]]][[][[]][]]][[[[]][]]]][[[][[]]][[][[]][[]][[[[[[][[[][[[]][][[]]][[]]][][[[][[[[[][]]][[]][[[[[][[][[[][[]]]]][][[[][[[[[[[[[[]][][][[[]]]]][]]]][[[[[[][]][][][][[[[][][][[]]][[][][[[]]]][]][][][]][[]][[][][]][[][][[[[[[]][][]]][][]][]]]]][][][[[[[[][[[[]]]][[[[[]][[[][][][[[[][[]][[[]][[[][][[[[[]][[]][[][][]][]][[[][]]][]][[[][[[[][][]]]][[][][][][[[[]]]][[[[[[]]]][[[]][]]]]]]][[][][[[[][][][[][[[[[[][]][[[]]][][[[][]]][][][[[]][]]][]]]][][][][[[[[[[[[][][][[]]]][[[[[[]]]]]][[[][][[][[[[]]]][][]]]][[[[][]][][[][[]][[]]][][]][[[[][[]]]][[]][[]][[[[]]]][[[[[[[]]][[[]]][[][][[]][[]][]][[[[][]]]]][[][][[]][[][[][][][]]][[[][][[[]][][[][]]]][[[[][]]][][]][]][[[][][]][][][[[[][[[[[[]][[]][[][][[]]][[]]]][[[]]]][[[[[[]][[[[[][]]][]][]][[][][[[[]][[][[][[][[]][[]][[][]][[]]]]]]][[]][][]]][[[][[[[]][[[[][[]]][][[[[[[[[][[]][]][[[]][][[[[]]][][[]][[]]]][[[[][[[[[[][]][[[[[]][][][[[[][[][][[[]][][[]]]]]][[][[]][][[]]][[[[]]]][[[]]][[[[[[][[][]]][[][]]][[[[][][]]]]][[[[[][[[]][][[[[[[[]][]][][[][][[[[]][[][][[][]][[[[]][[[[[[[][[][[]][][[[]]][[[[]][[]][]]]][][[[[[[][][][][][[][[][[]]][[]][]][]][][[][[[]][[[]][][][][][]][[][]][][[[[[[[][][][][[[[[][[[][]]]]]]][[]]]][][[[]]][][[][][[[[]]][[][[]]]][][[]][]][[]]]][][]]][][[[[][[][]][[[][[]]][][]][][[][]][[][]]][[[]]][]][[][]][]][[[][]][[]]][][[[]][[]]][]]]][[[[[[][[[[[[[[[]]][[[[]][[[][[]]][][][]][]]][[[][][[]][][[[]][]][]]]][]][]]]][]][][[[[][[[[]][[[[][]]]]]]][]]][][]]][[]]]][[][]]]][][[][[[[[]][]][[[[[]][[[]][]][[]][[[[][[[[][[]][]]][[]][]]][[][]]][][[[[[[][[[[][[][[[]][[[][][[[[[]]][[[][]][]]][]]]][]][]]]]][[[[[]]][]]]]]][][[[[[][][][[[[]][[[[[[[]][]][[[]]][[][[[[[][]]]][][[]][[[[[[][]][]][[][[]]][]][]][[[][[[[]][[][][[[[[[[[[[[[[]]]][[]][][][][[][]][[[[]]]]][][[[]]][]][][[]][][][][][[[]][[][[[[[[]][]]][[][[]]][]][]][[[[]][]]][[][]]][[[][][[][[][][[[]]]][[[[]][][[[[]]]][][]][]]][[]][[][]][[][[[[][[[][]]]][[[[[[[[[]][[[[[[[]]][[][[[][[[[]]]][][[[][]]][][[[[[][][[[[[[[[][[]][[]][]][[][]][[[][]]]]]]][]]][][[[[]][[[][[[][[][[[[[[]]]][][[]]][]][[[[][[]][][[][[[[]]][[[[[[[]][[][][]][][[[][][[]]]][[]]]][[[][][][[[][[[[[]]][[[][][][]][]]][[[[[[[[]][]][[[[]][][[[[[[]][[[][[[[][][[]]]][[[][]]][[[][[[[[][[]]][[]]]][[][[[[[[[][][][[[]]][[][][][]][]][][][]][[[][[[]]]][[[[[[[[[]]][][[][][][]]]]]][[[]]]][]]][[[[]][]][[[][[]]]][[][[]]]][[[[[[][]]][][[[][[[]][[[][][[]][[[[[[[[[][][]][][]][[[[]][]]][[][[]]][[[]]]][[
186 338
186 1704
338 1433
338 891
1704 3932
1704 4207
1433 4231
1433 4031
891 4894
891 4452
3932 4440
119 3932
1047 4207
1745 4207
3371 4231
4231 4996
4031 4192
4031 4654
3406 4894
1065 4894
3904 4452
2111 4452
2620 4440
4001 4440
119 2304
119 3043
1047 3958
1047 2763
138 1745
344 1745
3371 4150
3371 3480
920 4996
1496 4996
2895 4192
588 4192
3443 4654
2860 4654
3406 4867
2387 3406
1024 1065
1065 2717
3904 4107
3904 4387
2111 4550
859 2111
2620 4824
2620 4224
956 4001
2381 4001
1868 2304
500 2304
1060 3043
3043 4162
2739 3958
1109 3958
1042 2763
2763 4074
138 694
138 1006
344 3405
344 1692
2127 4150
1693 4150
189 3480
1354 3480
920 4063
920 3221
1496 3465
1126 1496
1477 2895
2895 3678
588 3062
588 1806
1074 3443
1030 3443
2860 2979
278 2860
683 4867
1122 4867
2387 2623
1254 2387
7 1024
1024 4626
2717 4634
9 2717
666 4107
3147 4107
1985 4387
3087 4387
4550 4854
1963 4550
859 3167
859 1990
4824 4838
941 4824
3041 4224
1130 4224
956 4551
956 1612
2381 3808
2381 4817
1868 4184
1868 2070
349 500
500 503
548 1060
1060 1061
4162 4919
3152 4162
2641 2739
2658 2739
1109 1387
1109 1284
1042 3852
1042 2795
2522 4074
1351 4074
694 1766
483 694
419 1006
1006 1182
329 3405
1165 3405
1692 4866
1692 4912
478 2127
1603 2127
887 1693
1693 4173
189 4863
189 2882
1354 2951
767 1354
3509 4063
2420 4063
3137 3221
1269 3221
3269 3465
559 3465
1126 3090
1126 3192
1477 2647
1477 1967
3136 3678
2628 3678
2915 3062
583 3062
1232 1806
1806 3945
925 1074
1074 2843
1030 3809
1030 1826
1237 2979
2199 2979
278 3716
278 584
382 683
683 3153
425 1122
1122 4016
86 2623
2623 2909
1254 4337
572 1254
7 3962
7 3460
4536 4626
1261 4626
4335 4634
2583 4634
9 1442
9 1609
666 1338
666 1501
200 3147
3147 4075
1985 2910
1985 3270
1825 3087
2840 3087
347 4854
3488 4854
1963 3613
940 1963
3167 3174
723 3167
1227 1990
1990 4093
2780 4838
4537 4838
941 1377
941 4605
1053 3041
3041 4101
598 1130
1130 4023
4551 4858
814 4551
1612 3442
1072 1612
3362 3808
2318 3808
3111 4817
2049 4817
1918 4184
874 4184
2070 2393
2070 3197
349 3226
349 3908
503 1315
503 1615
548 3840
548 2546
1061 1305
917 1061
2308 4919
817 4919
2312 3152
1011 3152
2641 3950
2641 3704
489 2658
2658 3910
1387 4676
868 1387
45 1284
1284 1917
3414 3852
1293 3852
1075 2795
2795 3024
704 2522
2522 4448
1351 4559
1089 1351
1533 1766
1766 2269
483 2674
483 4266
419 2718
419 3567
527 1182
1182 1534
329 1653
329 2582
1165 1802
1165 4620
3502 4866
214 4866
2606 4912
646 4912
478 3823
478 1892
1603 2597
528 1603
887 3266
608 887
3263 4173
4049 4173
1431 4863
323 4863
2076 2882
213 2882
2951 3978
1630 2951
767 4507
767 1039
236 3509
2376 3509
1466 2420
2420 3895
1959 3137
3137 4436
708 1269
1269 1968
2547 3269
3269 4396
559 3534
559 1845
1296 3090
1364 3090
670 3192
3192 4271
2647 3989
2090 2647
1967 4525
1967 2200
1193 3136
3136 3384
98 2628
726 2628
2128 2915
1571 2915
583 1469
583 4802
52 1232
133 1232
3927 3945
3014 3945
925 4430
925 4451
254 2843
967 2843
2637 3809
3542 3809
1826 2301
793 1826
1237 2736
1237 2609
2199 3726
1578 2199
61 3716
3101 3716
584 1503
584 3012
382 4327
382 2234
3117 3153
531 3153
425 2969
425 2112
1587 4016
2719 4016
86 1332
86 675
2909 4853
2189 2909
3054 4337
497 4337
234 572
572 2662
2542 3962
1651 3962
3460 3662
3460 3501
50 4536
3370 4536
1261 4130
1261 4623
83 4335
597 4335
1987 2583
618 2583
1442 1594
1442 1755
1609 3883
1383 1609
1338 1932
1338 2673
1501 4401
1108 1501
200 3673
200 2129
1687 4075
1427 4075
2910 4881
2910 4041
867 3270
2230 3270
1825 3885
188 1825
1525 2840
2840 4132
347 4463
347 1453
2946 3488
371 3488
3613 4199
3613 3855
940 2709
940 2397
3174 4086
3174 3711
723 4852
723 4172
1227 3792
1227 3057
4093 4201
4093 4277
2780 4562
2780 3555
2089 4537
3264 4537
1377 3786
1377 2029
2758 4605
279 4605
1053 4633
1053 1434
4101 4663
2565 4101
81 598
598 3216
2501 4023
4023 4377
4364 4858
4495 4858
814 3830
814 4684
3442 3470
1418 3442
950 1072
1072 1322
1286 3362
3362 3570
2318 4689
2318 3086
3111 4423
181 3111
518 2049
2049 2858
1650 1918
1918 4718
874 4667
874 1276
2393 3296
2393 4822
3197 3513
1893 3197
612 3226
1454 3226
824 3908
107 3908
626 1315
1315 1761
1615 3865
1615 2441
3840 4639
2265 3840
2373 2546
2477 2546
1305 2986
1305 2039
917 3273
917 979
2308 4607
2115 2308
817 2680
817 1333
2312 4642
1408 2312
1011 1760
1011 2821
1384 3950
330 3950
3704 4154
3258 3704
489 4064
489 3951
1070 3910
43 3910
3204 4676
4676 4791
265 868
868 1158
45 1605
45 264
1917 4477
1917 3464
771 3414
1478 3414
414 1293
1293 2777
1075 1343
1075 2729
3024 4921
3024 4967
704 1490
704 1689
2187 4448
2517 4448
3934 4559
883 4559
1089 2530
973 1089
1077 1533
1127 1533
569 2269
2269 4055
2438 2674
239 2674
1738 4266
585 4266
2718 3255
2718 4007
2684 3567
398 3567
527 1722
527 3194
1472 1534
1534 2586
1653 1961
399 1653
2582 4288
1757 2582
988 1802
1802 4521
4077 4620
4531 4620
556 3502
1910 3502
214 1865
214 3600
903 2606
2606 4997
646 1880
646 1448
3823 4194
2350 3823
1892 3651
800 1892
2597 4839
2597 3206
528 2327
238 528
3015 3266
3266 4395
608 3794
608 3250
3263 4223
3263 3796
2638 4049
1266 4049
1431 4097
1431 4960
323 743
323 2667
2076 4449
756 2076
213 3906
213 2004
3468 3978
3598 3978
1630 2865
1522 1630
4507 4797
512 4507
1039 4268
1039 2872
236 4757
236 2078
2376 3642
2376 3602
1192 1466
135 1466
2587 3895
2152 3895
827 1959
1959 2838
809 4436
2500 4436
708 1148
708 3597
1968 4554
1076 1968
1590 2547
843 2547
3158 4396
2926 4396
1461 3534
3534 4819
1413 1845
700 1845
132 1296
1296 2554
1364 1938
1364 3804
670 1969
670 4324
904 4271
2770 4271
504 3989
124 3989
125 2090
2090 4715
2219 4525
194 4525
2200 2773
564 2200
1193 2691
193 1193
3213 3384
761 3384
98 2434
98 314
726 3127
726 2057
1300 2128
2128 3196
1571 2031
1571 1856
1469 1686
1469 1852
93 4802
4802 4841
52 4501
52 3851
133 4890
133 3623
2251 3927
725 3927
939 3014
2869 3014
4046 4430
429 4430
1422 4451
4451 4786
254 3538
254 4604
967 4606
447 967
1440 2637
2637 2761
1435 3542
1735 3542
1059 2301
2301 3048
793 4574
793 4651
1281 2736
2736 3021
652 2609
2609 4742
3726 4236
849 3726
1578 1719
1578 3076
61 1500
61 1666
3101 3341
3101 3621
1503 3295
1503 2665
1551 3012
3012 4151
1558 4327
2753 4327
2234 2280
2234 4390
3117 4999
1848 3117
531 3418
62 531
1884 2969
2969 3018
2112 4302
2112 3440
424 1587
1587 1683
2227 2719
1814 2719
1332 1648
1332 1700
675 1238
675 1415
791 4853
1902 4853
2189 4528
2189 2928
609 3054
3054 4161
497 1409
497 3981
234 2290
108 234
2662 4814
2662 2711
2542 2686
324 2542
1651 4969
1651 3831
1514 3662
3662 4013
644 3501
3501 4426
50 3819
50 2925
621 3370
3370 4679
1741 4130
765 4130
113 4623
2375 4623
83 3355
83 1342
597 1705
597 1099
1987 4421
850 1987
287 618
618 1623
1594 4018
1594 1905
1755 3128
1755 1871
3516 3883
305 3883
1383 1887
78 1383
813 1932
1932 4082
2673 3579
461 2673
2851 4401
3046 4401
1108 1157
1108 4855
2034 3673
301 3673
412 2129
456 2129
1687 2721
1687 2194
1427 4883
1405 1427
383 4881
2413 4881
3114 4041
4041 4514
867 927
867 3669
2230 4215
1786 2230
1863 3885
2302 3885
188 642
188 470
1525 4138
1525 4272
1468 4132
438 4132
4463 4499
3248 4463
162 1453
1453 4314
205 2946
530 2946
371 4806
371 560
2316 4199
4199 4370
3855 4714
3077 3855
275 2709
1046 2709
187 2397
2397 3713
1584 4086
137 4086
3305 3711
1874 3711
3452 4852
1236 4852
4172 4793
3789 4172
262 3792
2695 3792
1862 3057
539 3057
4201 4241
4105 4201
2797 4277
3657 4277
269 4562
4562 4774
3555 4069
1146 3555
1492 2089
1622 2089
2930 3264
661 3264
951 3786
2614 3786
1520 2029
2029 4926
1911 2758
185 2758
279 1012
279 2225
4599 4633
1162 4633
1434 2132
1434 2157
4342 4663
393 4663
2565 4913
2565 4582
81 1033
81 1747
1313 3216
1056 3216
2501 3369
2501 2644
1526 4377
905 4377
3955 4364
1502 4364
4083 4495
3392 4495
3375 3830
3389 3830
1245 4684
2588 4684
3102 3470
2668 3470
1418 1699
1418 2544
950 3661
950 4616
1322 3055
1155 1322
511 1286
1286 3506
2558 3570
2430 3570
4549 4689
3592 4689
3086 4265
1369 3086
3834 4423
4423 4831
181 926
181 3286
518 538
518 2270
2858 3068
2858 3861
1650 4145
1650 3159
1994 4718
2766 4718
2564 4667
1878 4667
1276 3027
1276 2879
3296 4750
2117 3296
1183 4822
2676 4822
1301 3513
2483 3513
1893 3140
1498 1893
612 1664
612 4766
1328 1454
783 1454
824 3532
824 2408
107 4308
107 949
626 4988
626 1034
603 1761
1761 4699
3190 3865
2042 3865
195 2441
2441 3944
1360 4639
1092 4639
2265 4248
2265 3172
2373 4176
2373 4325
1966 2477
2477 2894
2384 2986
2986 3262
520 2039
1196 2039
1930 3273
1750 3273
928 979
979 2403
80 4607
1980 4607
2115 3325
2115 3921
2680 3345
2680 3733
1333 1723
1114 1333
2054 4642
923 4642
1408 3084
1408 1703
1760 3404
1760 3457
841 2821
2821 2944
1384 4908
1384 2366
330 1676
330 4701
2813 4154
4154 4500
294 3258
3205 3258
3672 4064
4025 4064
1045 3951
1674 3951
1070 4925
1070 2154
43 3675
43 2785
1462 3204
327 3204
659 4791
4462 4791
265 3616
265 2622
1071 1158
856 1158
1605 4021
1605 1829
264 2888
264 3010
100 4477
2527 4477
1207 3464
3072 3464
771 4032
771 3373
1478 1948
525 1478
414 4349
414 4741
391 2777
1255 2777
576 1343
1343 4437
1374 2729
1608 2729
3449 4921
3253 4921
4411 4967
4019 4967
1490 3825
1490 3699
258 1689
1689 3134
2187 3378
2187 4734
2517 2679
2000 2517
2880 3934
373 3934
458 883
883 3873
2530 4106
1115 2530
973 1792
973 2045
1077 4564
1077 3385
1127 2192
1127 1248
569 4992
569 3875
1066 4055
3212 4055
173 2438
2438 2937
239 2325
239 3233
993 1738
1738 2007
585 3820
354 585
854 3255
3064 3255
233 4007
3459 4007
2684 3364
2684 3066
342 398
398 4713
283 1722
1722 4615
3194 3732
3194 3319
1472 3925
1472 2796
1417 2586
2586 3565
1961 2292
1961 4733
399 1591
399 4313
1889 4288
4288 4753
722 1757
1757 3519
988 4410
988 2675
3338 4521
3461 4521
3725 4077
1323 4077
2539 4531
4531 4557
556 1403
148 556
1910 4950
1910 1989
1865 4472
367 1865
3155 3600
1675 3600
648 903
903 3310
1973 4997
4964 4997
1880 3252
1880 2476
1448 1834
1448 3008
963 4194
3612 4194
2350 4748
263 2350
2961 3651
3391 3651
800 4091
800 3879
2977 4839
3359 4839
3206 4989
1416 3206
775 2327
2327 3277
238 2760
238 2305
3015 3653
2164 3015
3839 4395
833 4395
370 3794
1960 3794
2377 3250
1138 3250
2065 4223
3720 4223
2578 3796
2450 3796
2121 2638
2120 2638
1266 4720
1266 2161
3795 4097
463 4097
2506 4960
14 4960
743 1035
743 2579
1628 2667
574 2667
316 4449
2934 4449
756 4234
756 811
2212 3906
3547 3906
2004 3287
2004 2747
216 3468
3468 4022
2971 3598
1849 3598
101 2865
2865 3631
1522 1601
631 1522
2323 4797
4134 4797
512 1209
66 512
2533 4268
75 4268
2872 3089
2399 2872
1573 4757
1181 4757
163 2078
2078 3975
3444 3642
3642 4492
1292 3602
2841 3602
469 1192
1192 3880
135 4928
135 3929
2587 4643
2587 4963
2152 3222
1773 2152
827 2604
827 4466
2025 2838
175 2838
482 809
809 2464
1832 2500
2500 4295
918 1148
1148 4160
1706 3597
698 3597
1016 4554
3983 4554
1076 4258
1076 2141
1590 4565
1590 4460
843 2486
843 3877
2181 3158
3158 3862
830 2926
2926 4391
1461 2677
1461 3685
3977 4819
1789 4819
1413 2303
1413 4680
700 2313
700 1657
132 4781
132 1432
2554 4777
869 2554
1938 2950
1938 4533
3141 3804
2426 3804
717 1969
1969 4273
4324 4655
434 4324
904 3220
904 2113
1836 2770
829 2770
504 4284
504 3083
124 1858
124 4438
125 3924
125 3188
126 4715
2764 4715
2219 3467
280 2219
194 2932
194 3456
2773 3271
1100 2773
564 2068
564 2574
1437 2691
2691 4780
193 4622
193 3383
1250 3213
225 3213
761 2629
586 761
863 2434
2023 2434
314 2820
314 3115
1397 3127
3127 3187
2057 3162
1176 2057
1300 2309
1300 3841
3196 3234
2978 3196
2031 2704
2031 3700
1856 4166
1856 3251
1686 1971
1686 3407
1852 3123
1156 1852
93 4952
93 1977
3035 4841
1816 4841
4501 4739
3844 4501
1388 3851
3851 4070
190 4890
54 4890
3556 3623
629 3623
2251 2906
2251 2284
725 4191
725 4158
472 939
939 3586
2869 3398
882 2869
1916 4046
3717 4046
429 3313
429 718
1422 3793
1422 4065
2752 4786
1135 4786
2190 3538
977 3538
1765 4604
72 4604
1040 4606
4359 4606
447 1559
447 513
1440 2052
1440 2531
2329 2761
2761 3508
1435 4488
1435 1729
1139 1735
1735 1914
1059 3280
1059 4683
3048 3617
1032 3048
4062 4574
4574 4833
485 4651
2942 4651
1281 4591
1281 1727
768 3021
365 3021
652 4412
652 3915
4727 4742
1574 4742
664 4236
171 4236
849 3105
849 2439
1719 2133
1719 2038
1386 3076
2834 3076
1500 3549
1500 3838
821 1666
1666 4153
3230 3341
1553 3341
378 3621
573 3621
1230 3295
3295 3321
1923 2665
2665 2859
1551 2875
1551 1876
3715 4151
410 4151
1558 3858
1558 4832
2753 3088
2753 4182
2280 3799
2280 4918
465 4390
3402 4390
1235 4999
4712 4999
1848 2229
1111 1848
1031 3418
3418 3718
62 2967
62 4321
95 1884
1884 4445
179 3018
3016 3018
3970 4302
2723 4302
3208 3440
3440 4973
424 4711
424 3563
1001 1683
1683 3871
1274 2227
2227 4645
1814 2807
218 1814
1348 1648
736 1648
1700 2321
63 1700
1238 4843
1238 3047
1415 1935
730 1415
791 2509
791 2636
36 1902
1646 1902
890 4528
2923 4528
2928 3249
2928 3146
609 2507
256 609
1018 4161
919 4161
1409 3601
1409 2596
297 3981
2927 3981
2206 2290
2290 2516
108 4253
108 1222
881 4814
480 4814
2711 3706
839 2711
2686 4291
2541 2686
324 2705
324 1618
2688 4969
3923 4969
3831 4004
1151 3831
97 1514
261 1514
2484 4013
3972 4013
644 1759
644 3227
2685 4426
4054 4426
2198 3819
3819 4530
1780 2925
2475 2925
621 3614
563 621
3814 4679
2552 4679
1741 2159
1741 3451
562 765
765 3001
113 4128
113 1831
2375 3130
932 2375
3060 3355
3355 4631
1342 1681
396 1342
1705 4098
1705 3475
1099 1402
1099 3791
1513 4421
1299 4421
37 850
850 3790
287 2955
287 1855
1623 2279
1623 3692
884 4018
2852 4018
1905 4629
1905 3963
315 3128
3128 4371
835 1871
1871 2361
3432 3516
3516 4968
305 2383
305 624
1887 3037
1188 1887
78 1171
78 2248
813 4247
813 1113
2123 4082
3731 4082
2461 3579
3107 3579
461 1575
461 2238
2851 4722
2400 2851
3046 4595
1596 3046
1157 2142
620 1157
4801 4855
4855 4920
1203 2034
2034 4949
301 3577
301 1647
412 1563
412 2878
456 4339
456 3492
2721 4740
733 2721
1696 2194
2194 4998
2999 4883
656 4883
1405 2094
1405 1926
383 1949
383 4186
1160 2413
2413 2772
1406 3114
2204 3114
3503 4514
4514 4535
3 927
828 927
55 3669
286 3669
1663 4215
4215 4760
1426 1786
1739 1786
568 1863
1863 4346
2302 4597
2302 4479
642 1701
430 642
470 3333
298 470
4138 4417
2197 4138
3540 4272
4272 4902
1392 1468
1468 4995
438 1187
438 681
53 4499
1451 4499
167 3248
2924 3248
162 4726
162 2435
4300 4314
1167 4314
205 803
205 4146
530 4590
530 1463
4264 4806
2884 4806
560 3783
560 2442
653 2316
2316 4983
169 4370
4370 4422
4714 4899
4714 4785
3077 3537
448 3077
275 2987
259 275
1046 2444
1046 3826
187 3433
187 2608
1891 3713
2812 3713
545 1584
1584 4400
137 774
137 1883
857 3305
2480 3305
1205 1874
284 1874
1560 3452
880 3452
1236 2300
1236 3681
21 4793
2210 4793
1652 3789
3138 3789
262 4796
262 1815
2695 3740
2695 3784
1625 1862
212 1862
206 539
539 2224
1198 4241
116 4241
4105 4326
4105 4333
154 2797
303 2797
2877 3657
1308 3657
269 549
269 3636
3455 4774
567 4774
433 4069
2829 4069
1146 4406
1146 3775
1492 3639
331 1492
1622 4225
1622 1642
595 2930
2930 3815
661 2683
661 4322
951 1411
951 2490
831 2614
2566 2614
1520 2188
1520 4355
18 4926
4692 4926
1911 4545
1911 3550
185 2256
185 2794
1012 4413
1012 3953
2225 3966
1363 2225
2798 4599
3316 4599
1162 1307
340 1162
2132 4624
2074 2132
2157 3198
2157 2296
4342 4755
318 4342
76 393
393 2311
3628 4913
3615 4913
4465 4582
2424 4582
1033 4516
581 1033
1627 1747
1747 2891
1313 3403
1313 1688
1056 3869
1056 1854
3369 3428
3369 3899
837 2644
2063 2644
1149 1526
785 1526
905 1857
905 1850
537 3955
3730 3955
1502 4175
326 1502
1758 4083
657 4083
3392 4200
2853 3392
3375 4830
159 3375
1517 3389
902 3389
1245 4320
1245 2920
802 2588
673 2588
3102 3489
637 3102
2668 4403
2668 4572
1699 2401
1699 3160
306 2544
1336 2544
3661 4889
3661 4045
3822 4616
1220 4616
3055 3645
1013 3055
1155 2492
1155 3149
161 511
511 1253
3506 4799
3506 4283
1430 2558
1044 2558
2430 4648
1480 2430
4345 4549
3683 4549
3239 3592
570 3592
2706 4265
2919 4265
1369 4112
1369 1523
3834 4710
1944 3834
3763 4831
88 4831
926 1358
926 4982
819 3286
309 3286
538 4573
538 1095
2270 3401
2270 3554
1913 3068
3068 4027
2071 3861
3861 4354
4145 4480
466 4145
3159 3933
3159 3219
1994 3576
1994 2431
2766 2996
2605 2766
2564 2994
2564 3400
1878 4972
1878 4216
336 3027
2185 3027
2047 2879
1344 2879
1079 4750
2669 4750
2117 2856
2117 3033
413 1183
1183 1940
2676 4892
2676 4304
625 1301
1301 1680
197 2483
2404 2483
3140 4497
754 3140
1242 1498
1498 2177
1664 2639
1664 1774
1191 4766
4260 4766
1328 2528
1328 3210
783 1404
783 3329
2098 3532
3532 4671
1504 2408
451 2408
1767 4308
2907 4308
949 2649
949 1658
2573 4988
374 4988
1034 4459
1034 3680
603 3176
16 603
2388 4699
4117 4699
647 3190
2276 3190
2042 3541
1123 2042
195 777
195 1335
3660 3944
3696 3944
32 1360
1107 1360
103 1092
1092 2066
4248 4285
4248 4842
335 3172
3172 4205
2067 4176
1168 4176
2037 4325
1078 4325
1318 1966
1966 3245
2468 2894
2894 3902
2384 3499
879 2384
699 3262
707 3262
34 520
520 2576
1196 2328
1003 1196
1930 3782
343 1930
1744 1750
744 1750
928 1598
928 4121
1443 2403
590 2403
80 3412
80 4539
1980 2386
1980 2244
3325 4206
959 3325
1106 3921
3674 3921
1204 3345
3345 4181
2195 3733
129 3733
937 1723
1080 1723
1114 3116
1067 1114
2054 4614
810 2054
923 2101
923 1764
3084 3491
13 3084
735 1703
1703 4388
3404 4433
3404 4906
2710 3457
229 3457
82 841
841 3354
1721 2944
2944 3380
1399 4908
460 4908
2366 3474
1569 2366
1676 2470
1676 3203
3058 4701
2630 4701
2813 3912
2813 2828
4037 4500
312 4500
294 3163
294 2775
934 3205
3205 3350
801 3672
3308 3672
1414 4025
4025 4886
1045 2297
1045 4210
1674 3275
1674 4901
1391 4925
1698 4925
1581 2154
2154 4468
3675 3931
3675 4168
757 2785
2611 2785
1309 1462
970 1462
327 4678
327 3829
659 3896
659 4306
2627 4462
2626 4462
2335 3616
1394 3616
2622 4943
702 2622
1071 4836
1071 1697
856 2842
856 3511
3211 4021
1861 4021
1829 2354
1521 1829
1068 2888
2888 4242
2863 3010
415 3010
100 3335
100 741
2020 2527
1817 2527
1207 1610
543 1207
2343 3072
408 3072
4032 4179
1022 4032
105 3373
70 3373
1948 4765
1948 4381
525 4826
525 2844
1005 4349
3458 4349
975 4741
4741 4910
391 591
391 3482
1255 2002
1255 3423
576 2562
302 576
3531 4437
871 4437
203 1374
1374 3344
1608 2850
1608 2559
182 3449
2560 3449
3253 4350
507 3253
3237 4411
2250 4411
3656 4019
2026 4019
1475 3825
3825 4044
808 3699
2861 3699
258 4178
258 2346
3134 3157
3134 3189
2457 3378
3378 4115
1824 4734
1186 4734
2679 4010
402 2679
325 2000
2000 4092
1049 2880
2880 3887
373 3611
373 4805
458 1756
458 4583
2109 3873
3365 3873
1933 4106
3638 4106
1115 1734
616 1115
1792 4621
1792 2998
2045 4036
781 2045
4564 4880
3843 4564
2261 3385
3385 4415
2192 4875
2192 4094
1248 2809
1248 3800
387 4992
954 4992
3422 3875
544 3875
1066 4566
1066 4367
640 3212
2295 3212
173 3996
173 2730
2937 4981
1572 2937
426 2325
2325 3326
3233 4518
3233 4458
993 4725
914 993
90 2007
140 2007
123 3820
1145 3820
354 2249
354 2689
854 4588
854 1459
3064 3901
1195 3064
233 2147
233 4767
2965 3459
990 3459
3364 3765
1410 3364
645 3066
3066 4771
342 3061
342 622
593 4713
1048 4713
283 688
283 3034
3328 4615
3387 4615
947 3732
1515 3732
3319 3352
3319 3527
499 3925
5 3925
2171 2796
706 2796
1174 1417
1417 2287
633 3565
2178 3565
2292 2488
2292 4543
3097 4733
481 4733
1591 1974
1591 4653
1543 4313
4313 4453
1889 3905
1626 1889
2599 4753
143 4753
442 722
722 2275
2571 3519
3517 3519
3079 4410
4033 4410
2675 4174
714 2675
2008 3338
3045 3338
3000 3461
2390 3461
3725 4585
3283 3725
1323 4893
1131 1323
2539 3919
1043 2539
92 4557
3118 4557
1403 2804
1282 1403
148 3891
148 3818
4828 4950
4365 4950
1989 4847
1989 4243
3698 4472
1997 4472
367 3243
367 737
2610 3155
1289 3155
1675 3744
1586 1675
648 1445
648 3096
3310 3742
2395 3310
1973 2363
1973 3309
1132 4964
1799 4964
1380 3252
3252 4039
2476 4035
1939 2476
1247 1834
1834 2299
3008 4603
2217 3008
963 3757
963 3890
1527 3612
1562 3612
4748 4869
3276 4748
263 4330
263 272
2862 2961
2961 3129
3391 4635
1217 3391
3331 4091
3242 4091
407 3879
2267 3879
1545 2977
2977 4502
2815 3359
3359 3646
4810 4989
217 4989
242 1416
1416 4613
418 775
775 1479
2263 3277
521 3277
2009 2760
2760 3878
2264 2305
2305 2570
1177 3653
1036 3653
1375 2164
2164 3663
2448 3839
2262 3839
833 2867
833 3408
370 4317
370 1000
1960 2095
1508 1960
2377 4789
1476 2377
1138 3020
1138 5000
606 2065
2065 4476
789 3720
2561 3720
2578 2887
2578 4071
2450 3420
971 2450
2121 3074
1017 2121
2120 2839
2120 4724
1389 4720
3186 4720
899 2161
1484 2161
1234 3795
3795 4527
463 4702
463 2933
1249 2506
2506 2707
14 1087
14 2077
561 1035
1035 3994
2579 4133
1243 2579
255 1628
1628 4649
574 2414
574 3842
111 316
316 1524
2340 2934
766 2934
3856 4234
1208 4234
811 960
811 2973
2212 3882
341 2212
2125 3547
3547 4262
3287 4560
3287 3438
632 2747
1853 2747
216 2001
216 4118
1597 4022
395 4022
2733 2971
1731 2971
1849 4974
1849 4874
101 2196
101 2371
2273 3631
1797 3631
1601 2990
1601 2818
631 1529
631 2281
2323 4961
2323 2370
3481 4134
2334 4134
1209 4955
1209 2968
66 762
66 942
2533 4137
2148 2533
75 271
75 972
1787 3089
198 3089
2399 4212
2399 4505
1573 3085
672 1573
1181 1843
1181 1886
163 3507
163 2046
3705 3975
3975 4211
210 3444
3441 3444
4492 4571
404 4492
1292 4827
1292 4762
983 2841
2841 3606
469 3898
469 728
1956 3880
3863 3880
3693 4928
4577 4928
604 3929
1606 3929
2671 4643
4552 4643
3553 4963
270 4963
3222 4169
2632 3222
1532 1773
1773 3367
2604 4143
2604 4195
3533 4466
3514 4466
1223 2025
1103 2025
175 2655
175 3835
482 2260
482 968
2464 4749
2464 3078
56 1832
1832 3284
445 4295
3947 4295
516 918
918 4072
328 4160
1528 4160
1706 4278
333 1706
698 3749
698 3416
1016 1796
1016 1535
2379 3983
747 3983
2326 4258
3671 4258
2141 2985
1538 2141
3562 4565
3610 4565
2005 4460
522 4460
2131 2486
180 2486
1294 3877
11 3877
2181 2819
2181 2854
2572 3862
3862 4294
830 4164
830 4895
900 4391
4305 4391
2423 2677
1811 2677
3685 4811
2755 3685
1900 3977
1507 3977
1221 1789
1789 4601
2303 3030
2303 3900
1539 4680
2351 4680
2313 2505
2313 2742
405 1657
729 1657
790 4781
1326 4781
1432 1665
1432 3094
240 4777
1679 4777
869 3381
869 4732
895 2950
1783 2950
3091 4533
4486 4533
2918 3141
755 3141
2426 3571
2426 4547
717 2551
717 1752
3306 4273
1378 4273
3297 4655
1316 4655
434 4245
434 4165
2666 3220
3220 4658
1851 2113
1450 2113
1836 2182
1836 4971
829 1867
829 3396
4284 4434
1981 4284
2767 3083
2116 3083
1858 1941
1858 2938
2538 4438
282 4438
1724 3924
3924 4946
3188 4945
1921 3188
126 2062
126 4687
2764 3689
2764 3427
3467 3626
2482 3467
280 3810
280 3126
2659 2932
2932 3920
1373 3456
3456 3634
2107 3271
3271 4435
1100 3042
158 1100
501 2068
1271 2068
2574 4180
2341 2574
253 1437
1437 3521
2591 4780
2670 4780
643 4622
2831 4622
862 3383
3383 3802
1250 1709
1134 1250
225 663
225 3854
2629 4316
2629 4568
586 776
586 2871
863 870
553 863
2023 3961
2023 2966
2820 3817
1970 2820
3115 3914
3115 4561
1397 4884
1397 2024
1050 3187
3187 4673
1252 3162
1258 3162
1176 3505
1176 4837
2306 2309
2309 4652
1711 3841
2699 3841
3234 3965
1577 3234
2978 3032
2978 4085
1499 2704
2704 4279
3700 4122
3240 3700
4166 4708
3217 4166
3251 4730
67 3251
982 1971
1971 3897
1041 3407
3407 4061
3123 3664
1008 3123
1156 4816
1156 3092
680 4952
488 4952
1977 4870
1977 4820
3035 3561
427 3035
1816 3228
1816 3778
551 4739
421 4739
964 3844
2069 3844
1388 2374
257 1388
3619 4070
2282 4070
190 4555
190 1104
54 221
54 3647
3556 4299
3556 4929
629 3257
629 2479
2392 2906
2906 4776
2284 3739
2284 2822
4191 4661
166 4191
3684 4158
4158 4292
472 1903
472 1957
2119 3586
3236 3586
358 3398
3398 3949
882 885
882 3987
1916 4962
1916 4693
3013 3717
2124 3717
3313 4563
641 3313
718 3201
718 4372
3793 4721
248 3793
1795 4065
1444 4065
2752 4217
2752 4848
1135 3293
599 1135
2190 3307
912 2190
977 1866
634 977
1765 3954
1291 1765
72 1112
72 4352
1040 1199
1040 3424
1730 4359
651 4359
1559 4127
1559 2416
513 4937
513 2372
2052 2873
935 2052
2531 3936
826 2531
2329 3688
1441 2329
957 3508
351 3508
281 4488
4488 4808
1729 4441
1219 1729
1139 2892
1139 1860
878 1914
1840 1914
3280 4379
3280 3578
3572 4683
406 4683
2080 3617
317 3617
1032 4029
1032 3625
3930 4062
1624 4062
3609 4833
2886 4833
485 822
485 630
1096 2942
2942 4905
1751 4591
170 4591
1604 1727
1727 3712
768 2593
768 4610
365 1429
365 3551
4412 4846
4412 4509
1400 3915
3635 3915
2247 4727
441 4727
1574 2110
1574 2952
664 4135
664 3484
171 2324
171 4641
2203 3105
1694 3105
1026 2439
2439 2789
2133 4282
2133 3169
147 2038
2038 4522
379 1386
749 1386
2834 4490
2834 4000
3421 3549
3549 4751
1542 3838
2601 3838
821 3724
821 2402
1341 4153
994 4153
3230 4513
3230 3543
1553 2487
1553 4627
134 378
378 3304
573 948
360 573
1230 2964
1230 4619
452 3321
1557 3321
1190 1923
1672 1923
2859 3937
2859 4825
1063 2875
1385 2875
1876 2792
1876 4900
1244 3715
1226 3715
410 4885
410 4402
938 3858
1241 3858
2180 4832
3150 4832
1882 3088
2914 3088
4182 4790
4182 4289
986 3799
3495 3799
3894 4918
4319 4918
465 3762
465 3935
3402 3469
2799 3402
1235 2243
1235 1684
4712 4783
1732 4712
2229 4250
2229 2348
1111 4660
1111 2917
1031 4155
1031 3604
3718 4706
322 3718
2967 4567
2967 4102
1206 4321
2557 4321
95 2787
95 3884
4126 4445
3232 4445
179 3926
179 4020
3016 3300
3016 4251
2769 3970
3630 3970
2473 2723
2723 2897
3208 4959
3208 4108
2681 4973
4455 4973
1401 4711
1782 4711
3285 3563
991 3563
484 1001
1001 1579
3871 4197
3539 3871
1274 3522
196 1274
4612 4645
2231 4645
2807 4933
2807 4844
201 218
218 3780
1348 3594
846 1348
109 736
172 736
2321 4081
2321 2581
63 450
63 3846
2635 4843
401 4843
2845 3047
2881 3047
1935 2700
1935 3761
730 2698
730 3649
2509 4386
1992 2509
1768 2636
582 2636
36 1710
36 3112
1456 1646
1646 2237
627 890
890 3564
2923 4227
1928 2923
3009 3249
6 3249
3146 4374
860 3146
2507 2532
2507 4281
256 3011
256 2921
1018 3485
1018 4763
919 3314
919 4309
207 3601
3268 3601
1082 2596
2398 2596
297 2833
297 3515
1984 2927
695 2927
2206 3143
2028 2206
74 2516
2176 2516
3608 4253
2617 4253
1222 3984
1222 1304
881 2625
881 2058
480 4222
480 876
1998 3706
1140 3706
839 4731
839 1419
3246 4291
2949 4291
1088 2541
87 2541
2705 4351
2514 2705
677 1618
1617 1618
2688 4897
782 2688
3923 4747
2362 3923
1844 4004
1720 4004
786 1151
510 1151
97 4385
97 475
261 575
261 3493
479 2484
1655 2484
855 3972
759 3972
712 1759
1759 3247
3227 4787
3144 3227
2685 4719
997 2685
1133 4054
243 4054
2198 3544
2198 4467
2491 4530
136 4530
815 1780
1780 3073
2475 3472
2475 3811
3139 3614
2319 3614
563 1052
563 2407
3814 4538
3629 3814
1754 2552
2552 4954
2159 4529
2159 2724
454 3451
476 3451
562 2947
562 2592
1669 3001
3001 4110
3827 4128
3430 4128
110 1831
1831 3330
3130 3259
3004 3130
715 932
397 932
3060 4221
3060 3607
617 4631
2018 4631
1681 2246
1681 3591
396 4142
396 3558
1117 4098
4098 4303
3462 3475
473 3475
49 1402
807 1402
1779 3791
3743 3791
858 1513
1513 1901
1299 3798
1299 3770
37 4089
37 1197
3790 4185
3790 4114
2955 3942
2955 3707
1855 4984
1855 1988
2279 3302
1805 2279
746 3692
1486 3692
884 1147
884 1086
150 2852
2106 2852
2183 4629
3175 4629
2072 3963
2808 3963
315 2835
315 682
4371 4927
1464 4371
835 4111
835 3860
2361 2743
2156 2361
3432 3510
353 3432
385 4968
910 4968
2383 2703
1246 2383
624 1656
624 1589
1777 3037
2474 3037
1188 3366
1188 2352
1171 1319
1171 4807
389 2248
2248 3888
3106 4247
1717 4247
1113 2096
907 1113
27 2123
2123 3853
10 3731
1200 3731
2461 2687
121 2461
3107 4600
3107 4936
554 1575
1575 4646
2238 3290
2238 3466
25 4722
2802 4722
2102 2400
174 2400
2205 4595
4357 4595
29 1596
721 1596
1846 2142
1474 2142
620 1014
192 620
2165 4801
974 4801
1803 4920
1439 4920
468 1203
1203 2672
4397 4949
1329 4949
3347 3577
3577 3637
1647 4485
1150 1647
1283 1563
1563 1885
961 2878
2878 3758
1185 4339
3496 4339
3492 4743
805 3492
2437 4740
1828 4740
733 4144
733 2984
1696 4609
1696 4637
2495 4998
2085 4998
2999 4985
2999 4249
656 2991
656 4363
2094 3202
1129 2094
1644 1926
1926 2035
1216 1949
679 1949
848 4186
2738 4186
1160 4618
1160 4503
1051 2772
2772 3095
1406 4008
1058 1406
2204 2278
2204 2741
1447 3503
1262 3503
1421 4535
202 4535
3 696
3 313
828 2087
828 2731
44 55
55 4293
286 4862
286 1793
1663 3131
1663 1904
4375 4760
2493 4760
1295 1426
1426 4066
1739 3445
1739 1925
568 2283
568 2168
2060 4346
2535 4346
592 4597
2791 4597
1895 4479
4103 4479
1701 1728
1701 2782
430 4409
430 4170
1327 3333
1576 3333
298 3059
298 4994
2652 4417
467 4417
375 2197
1213 2197
392 3540
3540 4457
3913 4902
2503 4902
742 1392
1069 1392
22 4995
2317 4995
1187 4432
1187 3748
681 4788
681 2022
53 2713
53 1357
1451 2255
909 1451
167 3595
167 2899
745 2924
2924 4792
2114 4726
1062 4726
1872 2435
2435 2827
1231 4300
3850 4300
1167 3632
1167 1996
803 2153
803 3429
3320 4146
1743 4146
2603 4590
112 4590
1463 2519
1395 1463
710 4264
1742 4264
2884 3960
2884 4275
1634 3783
2745 3783
2442 3494
2442 3728
653 4729
653 1057
4524 4983
4944 4983
169 2837
169 4677
995 4422
2048 4422
734 4899
4478 4899
2298 4785
4140 4785
2472 3537
649 3537
448 2174
448 2122
2987 4957
2987 4859
259 2825
259 1212
1136 2444
711 2444
1510 3826
3826 4636
1128 3433
1054 3433
2608 3766
1614 2608
1891 3650
724 1891
2511 2812
2812 4735
545 2569
545 4058
2167 4400
847 4400
774 2221
774 3223
1883 1912
1883 4758
857 976
91 857
2480 3776
1873 2480
1205 4668
804 1205
284 2333
284 614
1345 1560
1560 4922
880 2336
880 4446
2300 2344
1438 2300
980 3681
1726 3681
21 4353
21 474
732 2210
1819 2210
1652 2422
1652 1801
3138 4556
3025 3138
628 4796
2903 4796
1815 3082
1815 4318
2345 3740
2536 3740
3453 3784
3784 3957
1625 3348
1625 2162
212 2874
212 4665
206 981
206 3618
2224 4812
1778 2224
1198 4312
1198 4860
116 4904
116 1023
3315 4326
57 4326
2337 4333
748 4333
154 290
154 2663
303 3288
303 3764
2877 3695
89 2877
1308 3183
1308 2549
156 549
549 3342
3636 3990
3636 4073
3455 4360
713 3455
567 690
567 2458
117 433
433 2936
2656 2829
1317 2829
4406 4464
2693 4406
2624 3775
3775 4850
3639 3969
3224 3639
331 2150
331 3624
2382 4225
2471 4225
1350 1642
1642 4744
595 3719
595 3756
3815 4818
462 3815
2239 2683
2683 2980
4315 4322
77 4322
1411 2653
1411 2032
2490 4419
1116 2490
831 4240
831 3889
288 2566
2566 2983
2188 4694
2188 4657
1771 4355
1339 4355
18 2144
18 232
1449 4692
4692 4784
3512 4545
2922 4545
2394 3550
1838 3550
2256 4493
1163 2256
2794 2883
464 2794
2868 4413
2380 4413
1091 3953
1820 3953
2226 3966
1847 3966
191 1363
1363 3209
753 2798
2798 3040
346 3316
535 3316
842 1307
1307 2440
340 1556
340 3036
1259 4624
4617 4624
716 2074
204 2074
3156 3198
1536 3198
806 2296
2084 2296
3215 4755
3771 4755
318 1570
318 1881
76 3109
76 3299
2311 3340
1790 2311
3628 4328
118 3628
42 3615
3615 4923
999 4465
3545 4465
2424 2584
2288 2424
2754 4516
4341 4516
581 3478
581 1277
437 1627
390 1627
1142 2891
1991 2891
1090 3403
3403 4368
1688 3003
763 1688
1029 3869
2633 3869
1854 3760
1854 2355
3428 3980
372 3428
2172 3899
3552 3899
837 2771
546 837
2063 4738
355 2063
1149 1550
1149 3585
785 1306
785 1568
1857 4024
1857 2053
1850 2160
1850 1906
537 4935
151 537
3730 4809
1153 3730
3686 4175
4175 4188
326 432
326 3419
1097 1758
1758 3324
657 4239
657 709
176 4200
3185 4200
2853 4608
2489 2853
3938 4830
772 4830
159 2322
159 4520
1517 1800
1517 3964
902 4439
902 3390
3807 4320
930 4320
998 2920
2920 4640
177 802
802 3386
673 4939
673 4856
2272 3489
1899 3489
637 2613
637 1325
2992 4403
3599 4403
1423 4572
2725 4572
2401 3199
2401 3006
3160 4759
3160 4987
306 1645
306 4782
1336 2776
1336 4398
131 4889
1897 4889
1055 4045
3479 4045
2059 3822
1668 3822
1220 2521
1220 2890
1170 3645
440 3645
1013 1425
1013 3235
381 2492
2492 2811
30 3149
28 3149
64 161
161 2720
1253 3859
15 1253
1660 4799
2660 4799
557 4283
1955 4283
1430 1547
1430 2697
996 1044
339 1044
2801 4648
3022 4648
1321 1480
1480 3434
4096 4345
555 4345
227 3683
2524 3683
2784 3239
2701 3239
471 570
570 1540
2706 4252
1393 2706
2919 4544
2919 2958
2307 4112
3181 4112
1523 4628
1523 2064
2223 4710
4510 4710
1944 3298
1944 4209
992 3763
2682 3763
88 3497
88 4857
237 1358
1358 2331
2982 4982
211 4982
589 819
241 819
309 1025
309 1175
2708 4573
4573 4598
1095 2358
601 1095
671 3401
3401 4548
3554 4666
3554 4798
1907 1913
866 1913
1952 4027
1999 4027
2071 2496
2071 3039
2504 4354
3580 4354
693 4480
3559 4480
466 2963
466 1712
639 3933
2104 3933
1009 3219
2454 3219
3576 4042
1270 3576
2431 4546
2431 3165
1347 2996
2996 3339
2605 4213
1366 2605
492 2994
2145 2994
931 3400
2908 3400
4511 4972
3395 4972
3788 4216
4084 4216
336 4005
336 4152
2185 3939
541 2185
2047 3745
2047 3487
1344 4394
1344 1428
183 1079
1079 3415
2669 4484
1691 2669
2856 4662
2856 4993
3033 3772
178 3033
413 2202
413 2086
1940 4059
308 1940
1549 4892
24 4892
2175 4304
4304 4688
625 3734
79 625
1173 1680
1506 1680
197 4903
197 1962
2294 2404
727 2404
2836 4497
1715 4497
754 1083
754 1733
1242 4534
1242 2347
2177 3560
2041 2177
2639 4907
2639 3946
1774 2436
1774 4697
792 1191
1191 1671
4260 4286
1027 4260
1398 2528
2528 2940
1537 3210
160 3210
1404 2285
984 1404
3329 4487
149 3329
1975 2098
69 2098
4592 4671
4427 4671
1504 4431
1504 3903
451 1178
451 2900
444 1767
1767 2970
2166 2907
455 2907
1382 2649
2241 2649
1658 3546
1658 3052
985 2573
2573 4362
374 3701
374 2948
115 4459
2389 4459
222 3680
3051 3680
3176 3997
3176 4159
16 2432
16 2257
1772 2388
2388 3337
514 4117
1983 4117
647 2590
647 4958
1934 2276
417 2276
1565 3541
1064 3541
953 1123
611 1123
777 1812
157 777
1335 1879
1335 1794
235 3660
3660 4580
1288 3696
2740 3696
32 2443
32 3080
1107 4764
1107 4267
103 1038
103 1436
2066 4917
1993 2066
1986 4285
4285 4754
2995 4842
3180 4842
335 502
335 4429
3278 4205
446 4205
2067 3103
228 2067
1168 2083
1168 2737
2037 4219
2037 3805
1078 2359
1078 4310
577 1318
1318 3751
3245 4228
1837 3245
1493 2468
2468 4233
1785 3902
2208 3902
2529 3499
2866 3499
879 3536
879 3272
699 886
153 699
509 707
707 3070
34 1776
34 3164
2576 3687
2576 4829
220 2328
2328 4270
1003 3113
901 1003
3782 4695
3349 3782
343 3777
343 760
1744 2823
1390 1744
273 744
744 1870
1598 2648
1598 2916
1637 4121
2252 4121
246 1443
1443 4803
590 3948
590 3870
2193 3412
596 3412
2036 4539
533 4539
778 2386
2386 4752
2244 4052
2244 4625
818 4206
3557 4206
959 3881
48 959
1106 1965
1106 3376
1487 3674
2209 3674
1204 3023
1204 2585
4181 4632
2179 4181
893 2195
2195 4924
129 3351
129 4332
937 1748
937 1084
1080 2418
1080 3679
795 3116
3108 3116
345 1067
1067 4269
506 4614
2634 4614
810 2905
810 3737
1362 2101
2101 3812
1015 1764
1764 3581
3214 3491
1749 3491
13 1613
13 3727
735 1467
735 3605
3075 4388
1359 4388
1020 4433
41 4433
2645 4906
4491 4906
2710 3332
1763 2710
229 1154
229 2360
82 3530
82 4670
3354 3697
1215 3354
388 1721
1721 4034
740 3380
2664 3380
1399 4705
1399 2518
130 460
460 3759
3474 3973
145 3474
1569 3426
1569 3849
1555 2470
2470 4775
3203 3593
120 3203
2621 3058
164 3058
2630 4261
2630 4232
665 3912
1809 3912
40 2828
2828 3922
209 4037
1807 4037
312 2553
312 1396
3163 4523
495 3163
2510 2775
356 2775
674 934
934 1367
2904 3350
2975 3350
801 2258
801 1424
823 3308
872 3308
39 1414
1263 1414
1685 4886
1073 4886
2297 4475
2218 2297
4210 4481
4100 4210
3275 3437
1822 3275
3267 4901
2228 4901
1391 1649
1391 1833
1698 2751
1698 4581
1581 4647
1581 3940
2056 4468
894 4468
3773 3931
2953 3931
4168 4229
1716 4168
757 1302
363 757
2611 3907
2611 3643
1309 2735
1309 4482
970 4156
970 1497
2118 4678
477 4678
3829 3986
2055 3829
3896 3943
2158 3896
4230 4306
4306 4307
2627 3774
1762 2627
252 2626
2626 4119
2335 4376
2335 4471
853 1394
1394 2467
969 4943
3670 4943
702 3976
702 3425
1311 4836
268 4836
1697 3971
1019 1697
291 2842
2017 2842
851 3511
3511 3529
2712 3211
3211 4804
1861 3368
184 1861
1835 2354
2354 4456
457 1521
1521 4656
1068 3702
1068 3754
4214 4242
420 4242
366 2863
1641 2863
415 4297
415 2550
1264 3335
3335 4048
741 4380
741 2595
1947 2020
2020 4778
1365 1817
1817 4540
1610 1808
1610 4298
543 1290
543 550
2343 3184
888 2343
408 552
408 1137
4179 4675
4068 4179
875 1022
58 1022
51 105
105 1458
70 566
70 1736
3654 4765
1420 4765
2396 4381
1631 4381
352 4826
4334 4826
1172 2844
2616 2844
1005 1875
1005 2108
3458 4139
3458 3504
975 2099
975 1972
250 4910
487 4910
591 844
591 1457
2240 3482
2714 3482
2002 2768
2002 3182
3281 3423
3260 3423
2562 4977
2562 4414
302 534
302 3864
3531 4849
3531 3797
871 3640
871 1898
203 4951
203 491
2293 3344
2173 3344
1297 2850
654 2850
1101 2559
2559 4916
182 3708
182 4489
2560 4896
1725 2560
2105 4350
4350 4876
507 4976
443 507
2447 3237
431 3237
1320 2250
2250 2744
1908 3656
3656 4558
2026 4147
2026 4026
1475 2291
526 1475
3868 4044
295 4044
808 2215
808 3655
2861 3173
380 2861
1098 4178
4178 4366
668 2346
2346 3848
3157 3768
377 3157
94 3189
701 3189
2457 3486
2457 4296
2803 4115
4115 4980
1334 1824
1824 3473
1186 4940
1186 3031
2545 4010
2534 4010
350 402
402 4163
325 4768
325 1346
4092 4707
4092 4941
1049 4202
400 1049
1753 3887
3887 4311
2954 3611
788 3611
1505 4805
3071 4805
1756 3956
1756 3500
623 4583
1356 4583
2109 3454
2109 4340
3365 4129
692 3365
1640 1933
1933 3658
2211 3638
3254 3638
1734 3446
1734 1859
616 2746
616 2722
4621 4769
4090 4621
1257 2998
2088 2998
4036 4136
660 4036
781 1278
781 4682
4872 4880
1620 4880
3490 3843
3843 4504
2261 3361
676 2261
4415 4845
361 4415
4519 4875
4053 4875
987 4094
289 4094
1552 2809
2809 2912
2378 3800
2097 3800
387 832
387 1864
954 1370
954 1268
3422 4728
3422 3676
544 4703
544 4638
2268 4566
1978 4566
1951 4367
4148 4367
310 640
640 1102
139 2295
2295 2956
1919 3996
2556 3996
2520 2730
2730 4515
784 4981
769 4981
697 1572
1572 3641
426 2356
426 4717
2271 3326
2694 3326
2778 4518
71 4518
797 4458
2783 4458
3303 4725
2864 4725
638 914
914 1121
90 1607
90 1228
140 1368
140 3238
123 2027
123 4078
529 1145
1145 4088
2249 2367
944 2249
1179 2689
2689 3816
4382 4588
3038 4588
1459 4030
1459 2453
3901 4198
536 3901
106 1195
1195 3992
1915 2147
602 2147
3050 4767
1279 4767
1818 2965
2965 4596
990 3121
990 2749
3346 3765
838 3765
1410 4659
1410 2126
645 4405
645 1839
1945 4771
2006 4771
1331 3061
2974 3061
622 2981
622 752
593 600
593 1010
1048 2849
1048 2455
688 3876
688 1287
1233 3034
1927 3034
3311 3328
3017 3328
689 3387
1924 3387
947 3093
947 1093
1515 2073
1515 2830
3352 4956
251 3352
3527 4384
1118 3527
499 4171
499 3379
5 1629
5 3317
2171 3483
1654 2171
706 3154
47 706
1174 4575
1174 1355
1285 2287
2287 2577
633 4447
633 3828
2178 3691
2178 3119
2003 2488
2488 3229
1950 4543
594 4543
3097 4506
517 3097
481 2149
481 2091
1141 1974
1974 3436
4653 4834
1516 4653
1543 2254
658 1543
610 4453
4196 4453
168 3905
2643 3905
1593 1626
1626 2286
2186 2599
2599 2615
143 1661
143 3722
321 442
442 4914
1491 2275
1673 2275
1595 2571
2242 2571
3517 3690
3517 3729
1194 3079
2594 3079
459 4033
4033 4512
962 4174
916 4174
714 2715
714 4681
1085 2008
2008 3993
1670 3045
334 3045
1667 3000
2497 3000
1677 2390
1265 2390
4585 4761
540 4585
2151 3283
2734 3283
2353 4893
2137 4893
1131 1376
1131 2409
3919 4966
104 3919
1043 4383
519 1043
92 3148
92 4861
684 3118
3118 3410
2804 3104
2804 4498
165 1282
1282 4246
1781 3891
3891 4454
3382 3818
1337 3818
3665 4828
4254 4828
4365 4948
3372 4365
2555 4847
2207 4847
4243 4408
337 4243
952 3698
3698 3741
1997 4644
1997 4418
1632 3243
3243 4425
737 1821
293 737
873 2610
2610 3439
1289 2191
285 1289
738 3744
3574 3744
1586 4975
578 1586
1445 3168
1445 3583
3096 4584
3096 4343
1218 3742
2972 3742
2289 2395
1110 2395
1769 2363
2363 3358
3309 3652
3309 4259
1132 1830
1132 3648
1799 2075
1799 3982
422 1380
1380 1982
4039 4157
3918 4039
453 4035
1931 4035
1939 2896
1939 2421
1247 4709
1247 2369
114 2299
1827 2299
4603 4650
17 4603
2217 4526
2217 3191
3757 4149
3056 3757
3723 3890
2902 3890
1527 2330
409 1527
1562 3007
758 1562
1600 4869
2826 4869
3276 3413
3276 3781
4330 4877
4330 4938
272 2898
272 946
2862 4407
2862 4979
1621 3129
3129 4570
4067 4635
1 4635
1217 4393
1217 3125
3331 4593
1635 3331
1633 3242
3242 4630
407 3806
407 1125
142 2267
2267 4470
1545 2957
1545 2478
889 4502
1942 4502
2332 2815
2815 4813
1841 3646
2410 3646
2277 4810
141 4810
217 4737
217 691
242 558
242 4532
3633 4613
4187 4613
418 1702
418 3892
731 1479
1479 1690
1888 2263
2263 2939
521 1272
521 4674
1021 2009
2009 4347
739 3878
3878 4348
1267 2264
2264 3523
2570 2870
2570 4204
1166 1177
1177 3471
1036 2913
1036 4399
1375 2960
1375 1530
3356 3663
2315 3663
2448 2462
2448 3026
267 2262
2262 2537
2726 2867
2654 2867
423 3408
1909 3408
812 4317
908 4317
1000 1788
1000 1519
1936 2095
1583 2095
852 1508
1489 1508
3622 4789
4373 4789
1476 1979
1476 2512
2774 3020
613 3020
304 5000
1446 5000
606 2702
606 4287
4276 4476
787 4476
789 1239
789 4494
2561 2945
2561 3589
2762 2887
1120 2887
2805 4071
3620 4071
3420 3893
1007 3420
971 4865
971 2349
2494 3074
1588 3074
1017 3177
1017 2385
35 2839
2310 2839
1714 4724
369 4724
685 1389
1389 4746
2600 3186
3186 3837
899 4685
899 1381
1484 2405
244 1484
1234 4109
38 1234
2081 4527
2941 4527
1713 4702
4443 4702
46 2933
2933 3568
655 1249
1249 3603
2707 3291
1746 2707
1087 1094
4 1087
2077 2502
505 2077
561 3289
561 4050
2012 3994
3994 3995
3005 4133
2010 4133
1243 1638
1243 2146
255 4991
255 3959
1224 4649
1554 4649
2414 4323
2414 4444
3842 3911
2138 3842
111 4873
111 4051
1524 3256
542 1524
2016 2340
1004 2340
766 989
766 4542
2140 3856
65 3856
1208 2832
1208 4125
678 960
960 2885
2973 3535
319 2973
31 3882
224 3882
341 3200
341 3857
2125 2481
2125 2976
4076 4262
3587 4262
1643 4560
1159 4560
3438 4255
1460 3438
632 2499
632 2642
1853 4040
1853 4392
2001 3750
245 2001
2274 4118
2810 4118
1597 1784
1597 4576
60 395
395 2607
2733 4517
2050 2733
1731 4226
498 1731
924 4974
3282 4974
1737 4874
307 4874
2196 2235
2196 4800
2079 2371
2371 3218
1298 2273
1566 2273
1797 4015
1797 3769
2990 3667
2990 3161
2170 2818
2818 2931
1529 2824
1529 2342
2281 4898
2281 4990
635 4961
2757 4961
2370 3145
2368 2370
3481 3596
3481 4840
2334 2786
2334 4878
4450 4955
2526 4955
2338 2968
416 2968
762 3752
762 1371
127 942
942 4274
4137 4473
2563 4137
2082 2148
2148 2523
271 3431
271 2846
972 1483
972 4686
1787 4931
1473 1787
198 1946
198 1718
2589 4212
99 4212
3294 4505
4505 4772
2716 3085
3085 4006
672 2508
672 2748
296 1843
523 1843
933 1886
1886 2040
3507 4978
2364 3507
2046 3845
2046 4835
3411 3705
247 3705
4211 4700
1105 4211
210 3476
20 210
2690 3441
3441 3721
1169 4571
3999 4571
404 2901
320 404
1954 4827
3241 4827
2893 4762
1124 4762
983 2266
983 2222
3606 4909
3081 3606
750 3898
3898 4009
19 728
728 2651
1280 1956
1956 3363
3151 3863
3863 4965
1639 3693
3693 3833
1511 4577
4116 4577
604 3399
436 604
230 1606
1606 2451
615 2671
2445 2671
636 4552
332 4552
1037 3553
2419 3553
270 299
270 4203
3991 4169
3779 4169
703 2632
2632 4698
1532 3388
1532 3528
1349 3367
3367 3627
2618 4143
3450 4143
3755 4195
3357 4195
669 3533
2429 3533
1512 3514
3514 4017
1223 2155
102 1223
1103 2465
1103 1976
2655 4461
1324 2655
3301 3835
2136 3835
357 2260
1582 2260
968 2498
12 968
4672 4749
508 4749
3078 4238
825 3078
56 1412
56 4218
2911 3284
2449 3284
445 2163
445 3832
2692 3947
2061 3947
516 720
516 897
4043 4072
277 4072
328 4358
328 2650
1481 1528
1528 4189
1028 4278
3569 4278
333 3874
333 1202
2790 3749
3584 3749
3416 4871
2929 3416
1796 4113
1161 1796
1535 4378
1535 2781
1544 2379
2379 4060
747 3044
747 4124
1340 2326
2326 4141
1619 3671
3520 3671
2985 3170
580 2985
1538 4911
1275 1538
3562 3588
3028 3562
2019 3610
2661 3610
2005 3178
1471 2005
522 1372
522 834
1869 2131
2131 3100
180 3279
180 3353
1294 3261
565 1294
11 2139
11 1659
1303 2819
449 2819
2854 3133
2657 2854
2572 3374
794 2572
2855 4294
292 4294
2093 4164
3166 4164
2043 4895
208 4895
900 2456
900 1273
2415 4305
816 4305
2423 4947
249 2423
1811 3343
1811 4795
579 4811
4716 4811
2755 2876
33 2755
1900 2044
1900 4002
1507 4167
1507 2011
705 1221
1221 3847
199 4601
2425 4601
3030 4745
3030 4579
3900 3985
1798 3900
1539 2014
1539 4336
2351 2756
411 2351
1211 2505
2466 2505
1251 2742
2365 2742
405 2612
405 2806
729 3573
729 3525
790 2184
790 1488
394 1326
1326 1548
1665 1894
1665 2540
1567 3094
3094 3968
240 384
240 3738
1679 2463
1679 3801
864 3381
3381 4934
1842 4732
3244 4732
895 3886
895 3292
607 1783
1152 1783
605 3091
3091 3120
966 4486
3274 4486
1791 2918
2918 3746
755 2314
755 913
2816 3571
2857 3571
4369 4547
2213 4547
2551 4257
26 2551
1752 4120
1752 3736
2427 3306
587 3306
219 1378
1378 2646
1214 3297
3297 3703
1316 4794
1316 1330
958 4245
532 4245
3019 4165
4165 4953
2666 4868
929 2666
4104 4658
3524 4658
1851 2631
1851 3360
1450 3318
1450 3065
2182 3122
1929 2182
403 4971
2051 4971
1775 1867
1867 2446
3396 4131
1180 3396
4434 4773
8 4434
1813 1981
1981 3447
2767 3582
2134 2767
386 2116
2116 2548
1941 4290
1941 2339
2938 2993
2938 4696
2525 2538
892 2538
282 4416
282 2214
1724 2433
571 1724
524 4946
3067 4946
1225 4945
1143 4945
1921 4888
1921 2021
2062 4420
978 2062
840 4687
3110 4687
3689 4779
3689 4361
3225 3427
3393 3427
3626 3998
3626 4003
2482 3747
1958 2482
3810 4736
2015 3810
2143 3126
3126 4028
2659 4469
2659 4177
3002 3920
955 3920
1373 3334
667 1373
2959 3634
1465 3634
439 2107
2107 2567
3974 4435
3803 4435
3042 4586
2460 3042
158 4038
158 3171
501 4057
501 2800
1271 4428
1271 3909
3644 4180
3312 4180
2341 3063
2341 2779
253 4664
253 2103
1452 3521
3521 3526
515 2591
2591 3029
915 2670
1494 2670
643 4193
643 2220
23 2831
779 2831
862 2678
862 3659
3802 3866
3802 4569
1709 4942
773 1709
945 1134
1134 2092
663 4483
663 2459
3854 4263
1707 3854
2216 4316
2935 4316
1695 4568
486 4568
776 4887
776 3714
2 2871
2871 4930
870 3785
870 2515
553 4891
553 1210
3677 3961
1877 3961
226 2966
2966 4338
3817 4208
2357 3817
1970 3668
1662 1970
3914 3967
3914 4496
4190 4561
3767 4561
3135 4884
1485 4884
1953 2024
2024 4602
798 1050
1050 4474
2469 4673
1260 4673
1252 4864
84 1252
1258 3916
144 1258
780 3505
3505 4882
4099 4837
4770 4837
2306 3193
300 2306
4301 4652
4652 4851
1711 4389
965 1711
2699 3142
2699 4087
3965 4331
1531 3965
1577 3195
1577 2848
2391 3032
1144 3032
2201 4085
861 4085
1379 1499
1482 1499
3463 4279
2452 4279
223 4122
4079 4122
362 3240
1943 3240
2988 4708
2640 4708
3217 4970
1922 3217
4123 4730
896 4730
67 4442
67 428
982 1119
982 1229
3098 3897
1189 3897
865 1041
1041 2568
128 4061
3867 4061
152 3664
1636 3664
820 1008
1008 4932
3682 4816
496 4816
3092 4244
921 3092
680 2169
680 4256
488 3336
488 650
4508 4870
2411 4870
2135 4820
4056 4820
1740 3561
2417 3561
427 1995
427 3124
662 3228
3228 3417
3397 3778
1407 3778
551 2543
551 2320
421 2943
421 845
964 4879
964 2728
376 2069
266 2069
2374 3323
2233 2374
257 2602
257 3710
3619 4553
3619 4815
2282 2750
348 2282
1810 4555
493 4555
1104 4691
1104 3753
221 4915
221 4183
215 3647
719 3647
2962 4299
2732 4299
1616 4929
3409 4929
3257 3377
1081 3257
2479 3836
2479 4690
1890 2392
2392 4356
1823 4776
4237 4776
1509 3739
276 3739
1201 2822
1561 2822
59 4661
3049 4661
166 2817
166 3917
2236 3684
911 3684
2259 4292
2033 4292
311 1903
1903 3477
877 1957
1957 2696
2119 4404
2119 3941
1602 3236
3236 3566
358 3735
358 1184
1470 3949
3949 4014
96 885
885 2889
3231 3987
1585 3987
2759 4962
3821 4962
1353 4693
4280 4693
3013 4011
2575 3013
2124 2793
936 2124
3435 4563
2788 4563
368 641
641 1937
2580 3201
3201 3498
2727 4372
1240 4372
2847 4721
1682 4721
248 1256
248 260
1795 4723
906 1795
1444 2232
1444 1708
2245 4217
435 4217
3099 4848
1564 4848
155 3293
799 3293
599 3952
599 1599
3307 3694
1592 3307
494 912
912 1164
1866 3575
1678 1866
359 634
634 770
836 3954
3954 4095
1291 4047
1291 4080
1112 4704
1112 1518
3824 4352
1896 4352
1199 3979
1199 2412
1361 3424
364 3424
1730 4587
1730 4756
651 2485
651 1546
3265 4127
2997 4127
85 2416
687 2416
796 4937
4594 4937
751 2372
274 2372
2619 2873
2873 3448
935 4821
935 3322
3787 3936
619 3936
826 2513
826 3928
1314 3688
3688 4669
1441 3872
1441 1964
957 4235
957 1611
351 686
351 2406
281 2100
281 3666
4611 4808
1002 4808
2765 4441
4441 4823
1219 4986
1219 2989
1310 2892
922 2892
1860 2428
943 1860
878 1541
231 878
1840 2814
1840 4589
1770 4379
3988 4379
73 3578
3207 3578
1312 3572
1455 3572
406 1580
406 3132
2080 2598
764 2080
317 490
317 898
3069 4029
4029 4344
3625 3709
3394 3625
3548 3930
3930 4220
1624 3813
1624 4012
2130 3609
3518 3609
146 2886
1920 2886
822 4541
822 1495
630 1804
68 630
1096 4578
547 1096
2030 4905
3053 4905
1751 4424
1751 3327
170 2253
170 4329
1352 1604
122 1604
3179 3712
3590 3712
2013 2593
