5000
{}{{}{}{}{{{}{{{}{{{}}{{{}}}{{{{}{{{}{}}{}}}}}{{{}{{{{}{{}}{}}}{{{{{}{{{}}{{}{}}{}{{}{}{}{}}{{{{{}}{{}}{}{}{}{{}}{{{{{}{{{}}{{{{{}}{{{{}}{}{{}{{}{{{{}}{{{}}{}{}{{}}}}{}}{{}}}}{{}{{}{}}}{}{{}}}{{}}}{}{}}{}}}}{}{{}{{{{{{{}}}}}{{}}}}{}}}}{{{{{{{}}}}{}}{{}{}}{}}{}{}}{{{}{}{{{{}}{}}{{}{}{}}{{}}}}{}}}}{{}}{}{{{}}{{{{{}{}{{}}{}}{}{}}}{}}}{}}{}}{{{{{{}{{}{}{}}{{{{{{{{}{{{{}{}{{{}{}{{{}{}{{}{{}}}}{{{{}}{}{}}{}{{{{}}}}}}}{}}{}{}{{{{{{}{}{{{{{}}{}{{{{{}}{{{}}{{{}}}{}}{{}{}}{}}{}{{}{}{{}{}}}}{{{}}{{{{{}}{}{}{{}}{}{{{{}}}}{}{}{{{{{{{}{}}{{{{{}{{}{}}}}}}}{{{}{{{}}}}{}}}}{}}{{}}}}{{{{}{{{}{}}}{}}}{{}}}}{}}}}}{{{{}{}}{}{}{}}{}{{{}{}{}{{{}}}{{{}}{}{{}{}}{}{{{}{}{{}}{{}{{{}{{{}}{{}{{{{}{{}}{}}{}{}}}{{{{}}}{}{}}{{}}{{}}}}}{{}{{}{{}{}}}{}}}}{{{}}{{{{{}{{}}}{{{}{{{}}{}}}}}}}{{}{{{}}}}{{}{}}{{}}}}}}}{}{{{{}{}{{{{}{{{{}}}}}{{{{}{{}}}}}}{{{{}{{}}{}{{}}}{}}}}}{{}}}}}{}}{{}}}{{{}{{}{{}{}{{}{}{{}}{{{{}}{{}{{}}{{{}{}}}}{}}}{{}{}}{}{}{{{{{}{{{}{{}{}}{}{}}{}}}}{{}}}{{}}}{}}{}}{{{{{}{}}{}{{}{}}{{}{{}{{{}{{{}}}{{{{{}{}{}{{{{}{{{{{}}{{}{}{{{}}{}}{{}{{{{{}{{}{}{{{}{}{{}{}{}}{{}}{{}}}{}{{{{{{}{{{}{{{}{{}{{}{}{}}}}{{{{}}{{{{{}{}}}{{{}}}{}{{}}{{}}{{{{}}{}}}}}}}}{{{}{}{{}{}}}}{}}{{}}}{{{{{}}{}}{{}{{}{{{{}}{}{{}}{{{}{{{}}}}}{{{}{{}}{}{{}{{{{}{}}}}{}{}{{}{{}{}}}{}{{{{}{}{}{}}}}}}{{}{}{}}{{{{{}}}}{{{}{{{{{{{}{}{{{{}}{}}}{{}}{}}{{{{}}}{{}}}{{}}{{}}{{}}{{}{}{}}}{{{{}}}{{}{{}{}{{}{{{{{{}}{}{}{{{}{{}{}}}}{}}}}{}}{}}}{{{}{{}{{{{{{}}{}}{{}}}}}{{{{}}}{}}}{}{}}{{}{}{{{{{{}{{{{}}{{}}}}}{{{{}}}}{{{{}{}}{}}}}{}}}{{}}}}}{{{{}{{{{}{}{{{{{}{{{}{{}{{}{{}}}}}{}}{}}{}{{}}}}{{}}{{{{}}{{{}}}}}}}}}}}{{}}}{}}{}{{}}}{{}}{}{{{}}}{{{{{}{{}{}{}}{}{}{}{{{{}}}}{}{}{{{}}{}}{}}{{{{{{}{{}{{}}{}}{{}}}}{}{}}{{{}{{{{}}}}{{{{{{{{{{}}}}{{}}}{}{}{}}}}{}{{{{}{{}}{}{{{{{{{}{}{{{}}{{{{}{{}}{{}{}}}}{{}}}{{}{{{{{{}{}{{}{}}{}{{{}}{}}}{{{{{{}{}{}{}{}{}{{}{{{{{}{}{}{{{}}{{{}}}}}{}{{}{}}}}}}{{}}}{{{}}}{{}}}}}}}{}}}}{{{}{}{{}{{{{}{}}}}{}}{{{{}}}}{{{{{{}}}}{}{}{}{{{{}}{{}}}{}}{{{{{{{{{}{}{{{{{}{}}{}}{}{{{}{}}{{}}}}{}}}}}{{{{{}}}{{{{}{{}}}{}{{}{{}{{}{{{}}{{}}}}{}{{}}{{{{{{{}{}}{}{}}{}}{}}}{{{{}}{}}{{{}}}}{{{{}{{}{{{{{}{{}{{{}{}}{{{{}{{{{{{{}}}{}{{{}{{}{{}{{{}{{{}}{}}{{{{}{}}{{{}}}}{{{{{{}{}}}}}}{}}}}}{}}{}{{{{}{{{}}}{{}}{{{{{}{}}}{{{{{{}}{}{{{}{{}{}{{{{}}{{{{}}}}{{{{{{{}}{{}}}{{{{{}}}{{{{{}{{}}}}}}}}{}}{{{}{}{{}}}{{}}{}}}}}}{}{}{{{}{{}}}{}}}{{{}{{{}}{{{{}{}{{{}{}{{}{{{}}}{{}{{{}{{}{{{{{{{{}}{{{{{}}{{{{}{{}}}{{{{}{}{}}}}{}{}{}}{{}{{{}{}{}}{}{{}{{{}{}}}{{{}}{}{{{{{{}{{{}}{}}{{}{}{}}{{}}}{{{}}{}{}{}}{}}}}{{{{{{{{{}}{}{}{{}}{{}}{{{{{{{{}{}}{}}{{}{{}{{}}{{}{}}}{}{}}}{}}{}{}{{{}}{}{}}{{{{}}}{{{{{{{{{}{{}}{{}}}{{{{{}{{{{{}{{}{{}}}}{}{{}{}{}}{}{}{}}}}}}{}{}}}{{}{{}}{}}{}{}}}}}{}{{{{{{{}}{{{}{{}}}{}{}}}}}{{}}{{}{}{}}{}{{}{{}}}}}{{{}}}{}}{}}}{{{}}{}{}}{{{{{{}}{}{}}}}{}{}{}}{{}{{{{}{}}{{}}{{}{}}}}{}}}}{{{{}{{{{}}{{{}{{{{{}}}{}}}{}}}{}{{}{}}}}}}{{{{{{{{{{{}{}}}{{}{{}}}{{{{}}{}{{}{{{}{}{{}}{}}}{{}}}}{{{}{{}}}{}{{{{}{{{}{{}}}}}{}}}}{{}}}}}{}{}{}{}{{}}{}{{{}}}{{}{{{}}{}{{{}}}{{{{{}{}}{{}{{}{{}{{{}}{}{{}{}{{{{{}{}{}{}}{}}}}}}{{{{}{}{{}{}}{}{}{{}}{{}{{{{{{}}}}}}}{}{{{}{}{{{}{}{{{}}{{}{}{}{{}}{{{}}}{{{}{{}}{}{{{{}{{{{{{}{}}}{{}{{}{{{{}{}{{}}}{{{{}}{}{{}{{{{}}}{{{{{{}}{{{}{{{}{}{}{{{{{{{{{}}{}{}}}{{{{}}}{}{{{}}}{{}{}}{{}{}{}{{}{{}{}{}{}}{}{{}{}{{}{{{{}{{}}{{}}{{{{}}{{{{}{{{}{}{}{{}{{{}}{}{{{{}{}{}{{{{{{{{}{}}{}{{}}{{{{}{}{{}}{{}}{{{}}{}}}}{}{{}{}{{{{}{{}{{{{}}{{{}}{}}{}{}{}}}{{{}{{}}}}}{}{}}{{}}}}}{}}{{{{{}}{}{}}{}{{}{{{}}}}{}{}}}{{}{{{{{{{{}{}}{}{}}{{{{{}{}{}}}{{{{{{}{{{{}}{{}{}}{{}{}}}{{{}}{}}{}}{{}}{}{{{}}{{}{{{}{{{}{{{}}{{}{}{{{}}}{{{{{{}{{{{{{{{}}}}}{}{{{}}{}{}{}{{{}}{}}}{{{{{{}{}{{{}}{}}}{}{{}{{{{}{}}{{}{{{}{{{}}}}}{{}}{}{}}{}{}{{}}{{{}}{{{}}{{{}}}}}{}}{{{{{}}{{{}}}{}}}{{}{{}}{{{}{{{}}{}{}}{}}{{{}{{{}}}{}{}{}{}}{{{{{}{{{{}}{{{{}}{}{}}}}{}}{{{{{{}{}{{{{}{}{}{}{}{}{{}}}{{{{}{}}}{}}{{{}}}{}}}}}{{{}{{}}{{}{{}{{}}{}{{}}{{}{{}{}{{}{}{}{{{{{{{}{{}}{{}{{{}}}{{{}}{}{{}}}{{{{{{{{{{{}{{}}}{{}{{{}}{}{{}}}{}{}{}{}{}}}{}}{{{{{}{{{{{}}}{{{}}}{{}}}}{{}{{}}{{}{{{}{}{{{}{{}}{{{{}{{{{{{}{{}{{{}}{{{}{{}{}{{{}{{}{}}}{{{}}{{{{{{{{}}}{}{}}}}{{{}{{{{{{}{}}{{}{{}{}{{}}}}{{}{}}}}{{{}}{{{{}{{{{{{}{}{}}{}{{}{}}}{{}{}}{{{}{{}{}}{{}{{}{{}{{}{{{}}}{{}{{{}{{}}{{}}{}{{}{{}}{}{}}}{{{}}}{}{{{}{{}{}}}{{}}}{}}{{{{}{{{}}{}{}{}{{{{{{}}}}{}}{{{{{}{}}}{}{}{{{}}{}{}}}}}{{}}}}}{}}{}}}{{{}{{{{}}}{{{}{{{}{{}{}}{{{}{{}{{{{{{{{{}{}}{{{{{}{}{}}}{{{{{{{{}{}{}{}{{{}{}{{{}}}{}}{}}{}{}}{{}{{}}}}}{{}}}{{{{{{}{}{}{}{}{{}{}}}{{{{}}{{}{{{{}}}{}{{}{{}}{}}{}}}{}}{{{{{}{{{{{}{{{}}{{}{{}}{}{}{}}{}{}}{{}}}}{}}}}}}{}{}}{{{}{{}{{}{{{}}{{}}}{{{}}{{}{}{{}{}}{}{{{{{{{{{}}}{}}}{{{{{{{}}{{{}{}{{{}}}{}{}{}{{}{{}}{}}{{{{{{}{{}}}{{{}{}}}}{}{}{{}{}}}{{{{{}{}{}{{{{{}{{}{}{}{{}{{{{{{}{}{}{{}{{{{}}{{}{{}{}}{}}{}{}}}{{}}}}}{}}{}{{}{{{{}{}{}{}{}{}{{}{}}{}}{{{{}}{}}{}}{{}}{{{}{{{}}{}}{}{}{{{{{}}{{}}}}}}}}}}{}}}}}{{}}}}}{}{{{}}{{}{}{}{}{}{{{}{}}{}}}{{{}{{{}}}{}{{{{}}}{}}{{{}}}{{{{{{}{}{}{{{}{{{{}{}}}}}}}{}}{{}{}{{}{{}{{{{}{{}{{{}}}}}{{}{{}}{}}}}}}}}}{}}{}{}{{{}}{{{}{{{{{{{{{{{}}{{{}{}{{{{}{}{}{{}}{}}{}{{{}{}}}{{{}{}{{}{}}{}{{{}{}}{{{{}}}{}}}}{{}{{}{}{{{{{{{}{}{{}{{}}}{}{{{}{{{{}}{}{}{
1415 3668
129 3668
1415 3131
1415 3313
129 2112
129 3283
86 3131
3131 4378
3313 4331
770 3313
2112 3219
1321 2112
1868 3283
1298 3283
86 1835
86 3953
3416 4378
3598 4378
4331 4844
3669 4331
770 2332
770 2511
447 3219
570 3219
1321 2791
1321 3703
1868 3319
1489 1868
822 1298
758 1298
1361 1835
1835 4007
3623 3953
3953 4949
2040 3416
3416 4000
703 3598
2122 3598
2563 4844
3951 4844
1092 3669
3669 4589
2332 2423
2332 3060
2511 3424
2511 4988
447 3404
447 3946
570 3821
570 4549
2791 3202
2260 2791
3537 3703
2016 3703
3319 4884
3319 4829
1489 4424
1489 4260
822 3570
822 1603
758 4272
758 3502
1361 2265
1361 3035
1881 4007
4007 4202
2878 3623
3339 3623
4875 4949
2926 4949
2040 2871
26 2040
2381 4000
4000 4721
703 2456
703 4928
2113 2122
2122 4858
724 2563
1905 2563
1149 3951
2292 3951
1092 3934
1092 4413
4140 4589
27 4589
2423 3341
2423 4504
2692 3060
3060 3753
1862 3424
1277 3424
1825 4988
3349 4988
3404 4935
759 3404
1382 3946
3123 3946
327 3821
2543 3821
1584 4549
2609 4549
2369 3202
3202 4235
2260 4059
2260 4648
3537 4699
3537 4951
2016 2577
2016 4866
1620 4884
955 4884
2115 4829
4460 4829
1154 4424
2264 4424
4215 4260
3111 4260
1564 3570
2898 3570
1603 3092
1026 1603
3448 4272
1356 4272
3502 4324
3454 3502
887 2265
1105 2265
3035 3203
2334 3035
1881 2375
552 1881
548 4202
685 4202
1363 2878
1950 2878
1053 3339
1074 3339
3100 4875
1987 4875
2926 3253
2926 2967
2474 2871
792 2871
26 1072
26 4425
441 2381
2381 2965
4561 4721
2159 4721
2456 2669
506 2456
4502 4928
1784 4928
1088 2113
2113 3979
4046 4858
1759 4858
724 4746
724 4893
1905 1971
1229 1905
1149 4762
1149 3692
1762 2292
2292 4133
1003 3934
3934 4268
478 4413
4413 5000
1309 4140
2978 4140
27 2233
27 2631
3040 3341
936 3341
4504 4825
1865 4504
2692 2963
2692 4334
1710 3753
3753 4316
1862 4992
1862 3793
1277 3700
1277 3410
1825 4468
14 1825
3260 3349
1302 3349
1330 4935
3730 4935
759 2256
759 3257
947 1382
1382 3694
2105 3123
153 3123
68 327
327 1807
2543 4152
2543 3571
1584 2467
1090 1584
2609 3435
2609 3052
2369 4659
428 2369
4235 4349
1889 4235
3358 4059
4059 4061
341 4648
1951 4648
3135 4699
4699 4969
3366 4951
1770 4951
1338 2577
2577 4254
4625 4866
2168 4866
666 1620
1620 3675
284 955
955 1684
264 2115
127 2115
1246 4460
2777 4460
1154 3348
1154 1734
2264 4388
692 2264
3572 4215
3195 4215
2959 3111
2961 3111
1564 3621
1564 2998
2286 2898
2898 2930
1970 3092
3092 3894
1026 1392
1026 4021
403 3448
549 3448
1356 1716
1356 3067
4324 4685
2727 4324
2018 3454
1167 3454
887 1263
887 2944
1105 3166
1105 4843
3203 3403
3203 4924
2334 3418
2334 2753
89 2375
1164 2375
552 4781
552 915
548 4729
102 548
556 685
685 1811
1363 2445
1363 3911
1950 3326
1950 2121
1053 3444
1053 4720
1074 2074
1074 2792
3100 3768
2006 3100
1987 4129
1563 1987
3253 4694
2909 3253
2967 2989
2104 2967
2474 2481
1699 2474
792 2663
792 860
1072 3264
107 1072
2949 4425
1587 4425
441 2351
441 2991
2965 3455
2228 2965
784 4561
4072 4561
877 2159
755 2159
1753 2669
2046 2669
506 3578
506 1984
437 4502
191 4502
1784 4032
1784 3630
1088 2811
1088 2560
1576 3979
2825 3979
3163 4046
1633 4046
221 1759
1759 4211
2499 4746
2660 4746
4179 4893
175 4893
1971 4580
1971 2480
725 1229
1229 3010
245 4762
2828 4762
3692 4675
3405 3692
1762 3473
1366 1762
4133 4818
896 4133
598 1003
1003 1704
2904 4268
3184 4268
349 478
478 3078
2212 5000
4852 5000
316 1309
1309 3155
222 2978
2978 3984
2233 2677
2233 2531
2631 4273
385 2631
3040 4321
3040 3363
936 4879
936 1332
339 4825
3417 4825
1865 4808
1865 2808
2963 3009
2963 4009
1230 4334
2720 4334
1710 3071
1710 3893
836 4316
1075 4316
2724 4992
4822 4992
1469 3793
3548 3793
1849 3700
1136 3700
2303 3410
2298 3410
716 4468
1468 4468
14 1907
14 1297
346 3260
397 3260
1302 4557
483 1302
1330 4730
1330 3153
2001 3730
3110 3730
2256 2850
712 2256
1772 3257
3257 3412
947 4933
947 4627
3551 3694
3694 3744
2105 3849
2105 2513
153 2689
153 431
68 2036
68 2014
1807 4370
1807 2676
4147 4152
4152 4198
3571 3831
1225 3571
77 2467
2467 4304
1090 3814
1090 4551
1255 3435
2522 3435
3052 4835
3052 3787
4529 4659
3652 4659
428 4104
428 3057
2646 4349
1877 4349
1714 1889
1889 2405
2585 3358
1974 3358
3626 4061
2971 4061
283 341
323 341
1951 3573
195 1951
2786 3135
2752 3135
475 4969
4830 4969
2620 3366
1630 3366
1770 4664
1562 1770
751 1338
5 1338
1417 4254
992 4254
710 4625
412 4625
2168 3346
975 2168
666 3664
666 854
3675 3764
3675 4231
284 1096
284 3452
1684 3973
1684 4448
264 3587
264 336
127 2595
127 4027
1246 4652
1246 4724
1467 2777
2777 3127
2246 3348
2372 3348
205 1734
1734 2290
4388 4916
1744 4388
692 2288
363 692
3572 4930
2277 3572
2581 3195
396 3195
169 2959
1028 2959
1439 2961
2181 2961
2624 3621
3616 3621
763 2998
1822 2998
2286 4626
808 2286
291 2930
249 2930
970 1970
1970 3807
3894 4532
1165 3894
1392 3987
1392 2032
3608 4021
1174 4021
403 2561
403 2025
164 549
549 2206
1716 4640
1716 2153
1579 3067
645 3067
820 4685
1783 4685
230 2727
856 2727
2018 3352
1892 2018
1167 1943
1167 4548
1107 1263
665 1263
2944 3886
2944 4847
2196 3166
52 3166
193 4843
1549 4843
3403 4053
3403 4783
406 4924
1671 4924
3418 3914
143 3418
2753 4641
2454 2753
89 832
89 4484
1164 2905
1164 2321
4473 4781
2442 4781
915 3272
915 1812
3733 4729
1322 4729
102 265
102 2244
556 1719
556 2301
1811 2172
463 1811
2445 4940
1488 2445
3800 3911
2462 3911
1372 3326
242 3326
2121 2338
2121 4024
2532 3444
3444 4732
3687 4720
1046 4720
2074 3016
1184 2074
911 2792
1182 2792
2137 3768
4 3768
1608 2006
2006 4931
2548 4129
3438 4129
610 1563
1563 2107
4694 4885
4102 4694
2110 2909
897 2909
2989 4937
2989 3788
2104 4689
1538 2104
2084 2481
987 2481
1699 4559
1699 3910
330 2663
2287 2663
860 4095
860 1685
3264 4839
3264 3717
107 4467
107 2550
2833 2949
216 2949
1587 3650
1587 2539
1008 2351
1055 2351
2933 2991
2991 4593
3455 3873
3455 3506
927 2228
2228 3158
667 784
784 1886
1037 4072
3593 4072
877 4161
210 877
755 4780
755 2253
1753 2354
965 1753
250 2046
1292 2046
238 3578
627 3578
1984 3525
352 1984
437 2057
437 4297
191 2169
191 2527
704 4032
4032 4409
3630 4472
2491 3630
2811 3187
188 2811
2560 2766
661 2560
1576 4478
807 1576
2790 2825
2825 3097
898 3163
1651 3163
1633 2389
1633 1821
75 221
221 1473
1768 4211
2838 4211
2499 4646
2499 3447
2660 4042
2126 2660
170 4179
4076 4179
175 3918
175 3605
3055 4580
1876 4580
797 2480
1535 2480
725 1982
725 2368
3010 4605
3010 4485
245 2397
245 2952
2828 3808
2734 2828
2437 4675
4675 4895
1990 3405
3359 3405
3024 3473
3226 3473
133 1366
1366 2020
3816 4818
4752 4818
896 1601
896 2891
598 3853
598 864
1034 1704
1704 2353
819 2904
2904 3233
1610 3184
1450 3184
349 2682
349 2486
1816 3078
487 3078
2078 2212
2212 3611
2111 4852
2658 4852
316 4089
316 827
358 3155
2309 3155
222 1612
222 1030
3984 4836
1998 3984
1617 2677
2677 3084
2525 2531
425 2531
4273 4511
4273 4740
385 1648
385 3468
147 4321
2152 4321
386 3363
3363 4148
3003 4879
738 4879
1332 3145
1332 2856
339 3397
339 2023
51 3417
3417 3662
3507 4808
554 4808
1912 2808
18 2808
3009 4596
1020 3009
1113 4009
3739 4009
1230 3505
1230 4109
2720 3235
2720 4649
288 3071
1814 3071
1150 3893
768 3893
518 836
836 3001
1075 4036
1075 3986
1819 2724
2724 4614
3266 4822
4421 4822
1469 2346
1469 3090
1179 3548
3258 3548
1849 2417
1849 3200
1136 2854
1136 4669
2303 3381
1180 2303
2298 3309
117 2298
716 2915
93 716
1273 1468
1468 2929
1907 4513
1907 2737
1297 2484
1297 3861
346 1898
346 2064
397 3251
397 4397
115 4557
4390 4557
483 2504
483 4236
3044 4730
3128 4730
3153 3786
1547 3153
476 2001
1023 2001
3110 4961
2895 3110
2732 2850
2850 3906
712 2135
712 1220
226 1772
591 1772
3412 4918
3412 3720
1001 4933
4804 4933
4088 4627
3561 4627
2385 3551
899 3551
3490 3744
2607 3744
1422 3849
3849 4927
2513 4280
2513 3645
492 2689
2282 2689
431 1463
431 3655
510 2036
2036 2114
491 2014
2014 2621
48 4370
1349 4370
2676 4001
53 2676
1712 4147
4147 4523
2945 4198
2173 4198
3439 3831
3831 3976
625 1225
1225 1285
77 802
77 1624
3939 4304
1672 4304
1773 3814
1403 3814
3961 4551
4293 4551
1255 2636
1255 4594
2522 4261
369 2522
1631 4835
2414 4835
360 3787
3787 3834
3472 4529
4529 4688
3652 4703
2523 3652
4104 4897
4104 4902
398 3057
2923 3057
982 2646
2318 2646
1877 3887
1877 2333
1714 4784
1714 4657
118 2405
1637 2405
2193 2585
999 2585
1974 3855
1073 1974
3331 3626
3626 4195
2322 2971
462 2971
283 2635
56 283
323 495
323 4430
3573 3627
3573 4775
195 2313
195 2377
1640 2786
2786 3658
2752 3560
348 2752
475 2364
475 4576
3020 4830
1995 4830
1989 2620
2620 4754
1630 4867
1630 4607
309 4664
3240 4664
364 1562
394 1562
751 3776
751 1700
5 4263
5 629
1417 4877
995 1417
992 3094
992 2800
710 2765
710 1161
412 3399
412 3858
2192 3346
2596 3346
975 3932
975 1952
1365 3664
3664 4400
854 3033
854 4876
2687 3764
3764 4500
240 4231
448 4231
1096 2063
520 1096
3452 4199
596 3452
2769 3973
3973 4439
2611 4448
1996 4448
663 3587
2221 3587
336 2004
336 4668
1129 2595
2085 2595
189 4027
2224 4027
1013 4652
1583 4652
1785 4724
3749 4724
628 1467
122 1467
865 3127
3127 3504
2118 2246
494 2246
1586 2372
2372 2671
205 578
144 205
1954 2290
2290 4894
2813 4916
3432 4916
1744 4677
1744 3600
2288 3648
2054 2288
363 1678
363 654
1742 4930
83 4930
94 2277
361 2277
2581 4690
2581 3663
396 1443
396 4300
169 4442
169 1937
1028 3532
132 1028
1439 4389
1439 2970
1078 2181
20 2181
2097 2624
532 2624
1462 3616
1682 3616
763 1738
763 2866
1822 1866
1822 4169
4626 4986
3880 4626
808 4035
808 3698
291 4086
291 4660
249 4880
249 1506
970 3794
970 3823
2117 3807
1279 3807
4532 4789
2584 4532
1165 3715
1165 1595
603 3987
534 3987
886 2032
359 2032
3460 3608
3608 4332
1174 2088
1174 1895
2561 3151
795 2561
1634 2025
2025 4681
164 2391
164 4079
343 2206
2206 2479
2438 4640
4398 4640
25 2153
2153 3770
1579 1928
893 1579
645 4939
128 645
820 4255
820 1334
1039 1783
1783 2207
230 1516
230 3809
856 2744
856 3061
1913 3352
1980 3352
149 1892
1892 4010
1943 2528
1943 3026
3270 4548
3653 4548
1107 3996
1107 3844
665 949
665 1265
1341 3886
1171 3886
278 4847
3522 4847
2196 4200
2196 4874
52 1674
52 2140
193 4656
193 1623
1549 4731
1549 3891
944 4053
1064 4053
4325 4783
2276 4783
406 2035
406 1591
1671 4303
1493 1671
929 3914
87 3914
143 1258
143 572
61 4641
4058 4641
2454 4631
1826 2454
832 2713
615 832
3241 4484
1606 4484
937 2905
1857 2905
1663 2321
2321 4113
4473 4661
1228 4473
2442 3037
2442 3039
480 3272
3272 3632
1812 4205
1498 1812
2061 3733
3733 4477
1322 1390
1322 1429
265 1717
265 314
2244 2395
233 2244
1719 3847
1719 3990
2301 4203
2301 3723
2172 2859
1935 2172
463 4632
463 470
4855 4940
496 4940
1488 4782
1111 1488
3154 3800
690 3800
1618 2462
2053 2462
1372 4150
1372 4245
242 4386
242 4963
2338 4944
2338 3767
2 4024
2392 4024
2532 3434
43 2532
1893 4732
3651 4732
1457 3687
137 3687
1046 3515
1046 4638
415 3016
869 3016
1184 3731
1184 2198
911 3635
911 3866
1159 1182
1182 3520
2137 2147
285 2137
4 1749
4 2948
1608 4474
1608 2593
3759 4931
2495 4931
702 2548
2548 4275
3438 4461
1476 3438
610 839
610 3161
2107 3032
2107 2700
2094 4885
3531 4885
3261 4102
63 4102
1142 2110
2110 3691
320 897
897 4427
791 4937
2393 4937
3788 4350
2703 3788
597 4689
185 4689
1538 3868
994 1538
297 2084
21 2084
497 987
165 987
4091 4559
2966 4559
3721 3910
3656 3910
330 4634
330 3367
1240 2287
2287 2398
2477 4095
2076 4095
1685 1702
1426 1685
1774 4839
4839 4911
197 3717
1521 3717
2390 4467
3021 4467
2550 3231
2550 4131
2316 2833
2833 3401
216 1526
216 3614
3650 3790
3650 4173
2539 3142
1268 2539
1008 1629
1008 1089
1055 3147
1055 3449
2933 2981
2536 2933
464 4593
3752 4593
762 3873
1836 3873
888 3506
3506 4276
927 4999
927 3279
192 3158
3158 4438
667 1947
667 1032
1886 2492
903 1886
1037 2747
542 1037
2436 3593
2541 3593
653 4161
2124 4161
210 4827
210 746
335 4780
3056 4780
2253 4193
2253 4985
2354 3174
2354 4128
965 1351
965 3511
250 608
250 3519
631 1292
1292 2968
238 1241
238 2148
627 2718
627 3597
3525 3870
292 3525
352 1057
119 352
2057 3322
764 2057
3848 4297
1386 4297
2169 4302
2169 3613
1885 2527
228 2527
704 772
704 3795
3176 4409
1315 4409
3736 4472
2603 4472
2491 4709
1095 2491
1066 3187
2319 3187
188 2165
188 583
2766 4722
1858 2766
661 4687
661 4459
1847 4478
467 4478
807 2310
807 810
2790 4047
2790 4741
942 3097
204 3097
898 2129
898 1141
1651 1914
1651 4601
1809 2389
2389 2746
1821 3172
1673 1821
75 4286
75 1625
1435 1473
1473 2600
1768 1833
1175 1768
809 2838
695 2838
391 4646
1065 4646
173 3447
3295 3447
1646 4042
1152 4042
993 2126
2126 2902
170 4619
170 2590
3879 4076
2013 4076
2553 3918
1823 3918
3605 4049
1565 3605
3055 4343
109 3055
1876 4431
872 1876
797 4145
797 2151
1535 2780
1535 2659
857 1982
657 1982
2368 4479
2368 2860
290 4605
2473 4605
3512 4485
4288 4485
2397 3875
1619 2397
1834 2952
745 2952
1004 3808
499 3808
319 2734
847 2734
1193 2437
1706 2437
1676 4895
13 4895
565 1990
1990 3340
3359 4697
736 3359
2996 3024
3024 3530
3226 4012
2625 3226
133 1163
133 3356
2020 4373
2020 3262
1693 3816
1732 3816
812 4752
1527 4752
1601 2360
726 1601
2891 4863
2891 4429
668 3853
2986 3853
864 3099
864 3679
1034 4712
1034 2740
1703 2353
2353 3618
701 819
819 4553
1923 3233
729 3233
91 1610
1610 2848
1450 2273
1450 2037
2682 4490
2682 3217
2486 4307
156 2486
948 1816
1816 2722
487 3676
487 945
2078 4590
1068 2078
3611 4983
3007 3611
780 2111
660 2111
2658 4779
539 2658
512 4089
2325 4089
827 1653
294 827
358 2735
358 3048
2309 2654
2309 4494
774 1612
1612 4065
1030 1962
1030 2222
4836 4981
2512 4836
1998 2245
9 1998
1617 1852
150 1617
3084 4175
2901 3084
1541 2525
2525 3659
425 4982
425 4682
2924 4511
3101 4511
783 4740
4740 4797
1648 1690
1648 2849
3025 3468
3468 4377
147 4432
147 3697
2152 2938
2152 2768
386 731
386 2144
3509 4148
4148 4298
3003 4382
1387 3003
738 1253
404 738
3145 4522
3145 3636
850 2856
2856 4122
2345 3397
269 3397
1116 2023
1118 2023
51 1569
51 3558
3662 3991
411 3662
866 3507
1416 3507
554 3872
554 972
112 1912
1912 2022
18 3565
18 3218
1918 4596
2373 4596
1020 1824
44 1020
286 1113
248 1113
1843 3739
3739 3908
2715 3505
2261 3505
2493 4109
3685 4109
637 3235
3235 3459
289 4649
1474 4649
288 960
288 4212
1814 4426
1814 2188
1150 1574
1150 4508
618 768
768 4003
518 3577
517 518
2214 3001
3001 4860
2289 4036
4036 4716
2835 3986
2171 3986
1819 1838
1819 3330
1531 4614
1127 4614
2774 3266
3266 4271
4006 4421
2881 4421
390 2346
2346 2424
3090 4713
1094 3090
438 1179
1179 1933
3258 4849
2376 3258
1147 2417
2417 2745
223 3200
2820 3200
80 2854
2854 3461
3234 4669
2517 4669
2736 3381
883 3381
1180 3091
504 1180
585 3309
1218 3309
117 1867
117 2189
1340 2915
1433 2915
93 3458
93 2420
1192 1273
1273 3300
2883 2929
1539 2929
1949 4513
2249 4513
2737 3362
2737 4339
1420 2484
1561 2484
3031 3861
3861 4989
1898 4410
1898 4440
2064 3291
1375 2064
3251 4666
3251 3382
174 4397
651 4397
115 1393
115 2750
2371 4390
1369 4390
2504 2875
2504 2956
4236 4380
3443 4236
1534 3044
2002 3044
1052 3128
1781 3128
1307 3786
3786 4312
1547 4975
1547 1613
476 3706
476 4138
1023 2128
1023 3743
584 4961
4956 4961
2895 3146
28 2895
1491 2732
2732 4159
2236 3906
1213 3906
2135 2533
2135 2973
457 1220
1220 4923
226 4819
226 1257
591 4650
591 1668
1484 4918
389 4918
699 3720
3615 3720
1001 4622
1001 3430
456 4804
844 4804
1209 4088
1746 4088
3561 4942
1566 3561
429 2385
530 2385
899 2138
899 1186
3293 3490
2910 3490
2607 2619
59 2607
1422 4842
308 1422
187 4927
4679 4927
1427 4280
2051 4280
3645 4403
2406 3645
492 4599
492 1223
507 2282
2101 2282
1463 4756
1463 2362
2052 3655
3655 4609
510 2098
510 3758
2114 2378
1725 2114
491 2542
491 2627
961 2621
1632 2621
48 1880
48 840
1349 3962
1349 2294
4001 4759
4001 4368
53 303
53 1853
1712 2227
1712 2251
4420 4523
1394 4523
581 2945
1803 2945
295 2173
1505 2173
1525 3439
3439 4107
2130 3976
3976 4229
418 625
625 1299
1285 1335
1285 2010
802 3491
802 4542
1624 2638
1624 4417
3469 3939
2446 3939
1672 2725
1347 1672
1773 2154
62 1773
1403 2889
833 1403
3961 4574
1128 3961
4220 4293
2583 4293
1043 2636
136 2636
410 4594
3355 4594
785 4261
4261 4610
369 3500
369 1260
1296 1631
1631 2367
2414 4495
2414 2851
360 2748
360 1731
50 3834
984 3834
3268 3472
1395 3472
3701 4688
2145 4688
1304 4703
3104 4703
2523 3859
2523 2655
1960 4897
1779 4897
4585 4902
4815 4902
398 3053
398 4555
401 2923
2248 2923
982 4018
982 1238
1226 2318
2318 3820
1289 3887
2606 3887
2293 2333
1611 2333
2413 4784
3431 4784
1570 4657
2925 4657
118 4191
118 594
798 1637
1204 1637
458 2193
2193 2844
999 2602
999 1946
3783 3855
3855 3905
1073 2784
1073 1602
3331 4892
3331 4189
2837 4195
4195 4516
2150 2322
1524 2322
462 1481
462 1486
2635 2650
1558 2635
56 2029
56 4323
495 2841
258 495
2643 4430
3329 4430
155 3627
243 3627
3227 4775
2509 4775
2313 2455
1425 2313
2377 2410
1479 2377
934 1640
489 1640
3334 3658
2308 3658
577 3560
1737 3560
348 611
348 4218
2364 2490
2364 2794
2843 4576
589 4576
3020 4658
1530 3020
1466 1995
1995 4033
1794 1989
166 1989
545 4754
595 4754
616 4867
2519 4867
2831 4607
1201 4607
309 1580
309 1842
3240 4633
380 3240
364 2974
220 364
394 2156
394 2440
3477 3776
803 3776
1700 3047
1700 2191
2281 4263
2033 4263
629 3903
422 629
2279 4877
599 4877
995 2972
995 4743
3094 4017
817 3094
824 2800
2733 2800
2765 3549
760 2765
1161 1659
1161 4616
830 3399
2266 3399
3858 4714
374 3858
630 2192
2192 2693
1259 2596
2596 3581
1968 3932
2711 3932
1952 4672
254 1952
124 1365
1133 1365
2887 4400
3619 4400
2758 3033
3033 4493
1747 4876
1528 4876
2687 3238
1083 2687
2653 4500
4092 4500
240 722
92 240
45 448
448 4418
2063 3780
469 2063
520 2177
520 4075
4199 4296
3223 4199
596 2427
452 596
37 2769
2769 3657
2588 4439
4439 4643
212 2611
2505 2611
1996 3248
103 1996
663 677
663 1009
908 2221
2221 3974
2004 3827
1741 2004
4668 4787
1215 4668
1129 4110
1129 4197
787 2085
1545 2085
189 1818
189 3287
2224 3660
2224 3580
1013 2702
1013 1461
1583 3239
1583 3563
1785 2161
1785 3199
2108 3749
1021 3749
628 4695
628 1599
122 4422
122 4604
865 4023
865 4328
1157 3504
3504 4057
402 2118
2118 3969
494 2242
494 1448
485 1586
1586 3741
2671 4898
2671 3928
578 2254
578 3191
144 4728
144 3824
644 1954
252 1954
3612 4894
1518 4894
2008 2813
541 2813
2934 3432
267 3432
3631 4677
935 4677
1879 3600
257 3600
3648 4913
3648 4249
2054 2964
2054 2496
1139 1678
1678 3074
654 2070
654 705
1742 2818
224 1742
83 201
83 501
94 1782
94 2388
361 2935
361 3406
988 4690
2810 4690
1981 3663
954 3663
1443 4583
1443 3579
3229 4300
1764 4300
3086 4442
3915 4442
1937 2205
1419 1937
1837 3532
3532 3904
132 244
132 4455
601 4389
113 4389
2970 4570
2764 2970
1078 2840
571 1078
20 1557
20 4345
1156 2097
2097 2597
532 1778
532 1752
1462 3400
1462 3897
1410 1682
1682 4456
1738 4525
1738 2123
2866 4510
1331 2866
227 1866
1866 3186
841 4169
1551 4169
1643 4986
2622 4986
1319 3880
3880 4777
2886 4035
2223 4035
2775 3698
145 3698
2166 4086
33 4086
2892 4660
2951 4660
3437 4880
1402 4880
417 1506
544 1506
3794 3852
2688 3794
466 3823
3823 4673
2117 3081
2117 3189
1279 4838
1279 4543
1482 4789
399 4789
2584 2778
1592 2584
1863 3715
2275 3715
1117 1595
1595 4950
603 2530
603 3639
534 1817
534 1454
886 1953
886 3318
359 4384
359 1766
1308 3460
1102 3460
547 4332
3892 4332
2088 3941
664 2088
1895 4064
1895 4014
3151 4760
3151 3634
795 4562
795 3305
1634 3857
821 1634
2776 4681
1552 4681
2391 2918
843 2391
1276 4079
683 4079
343 1412
343 1305
2479 4264
728 2479
2438 3337
2438 4277
3670 4398
1091 4398
25 331
25 4489
3770 4635
600 3770
1503 1928
1928 4322
893 3513
893 4367
4786 4939
2647 4939
128 2691
128 4952
74 4255
4255 4903
593 1334
332 1334
168 1039
1039 3799
46 2207
2207 4994
1516 3678
1318 1516
3797 3809
490 3809
2744 3825
639 2744
1120 3061
3061 4715
1913 2067
1913 2441
845 1980
1047 1980
149 3585
149 4824
3384 4010
514 4010
1604 2528
900 2528
105 3026
206 3026
1328 3270
2535 3270
3653 4329
3653 3862
3480 3996
2640 3996
3844 4041
1777 3844
949 4011
648 949
1265 4463
416 1265
1341 2187
1341 1718
1171 4700
1171 1698
278 744
278 4266
2419 3522
2514 3522
2559 4200
4200 4926
337 4874
4793 4874
1674 4776
1674 3557
2140 3737
580 2140
4656 4888
2422 4656
620 1623
162 1623
2591 4731
1722 4731
964 3891
3865 3891
944 3712
923 944
1064 3550
1064 4826
3546 4325
3930 4325
2276 4972
2276 4736
2035 2049
179 2035
186 1591
910 1591
3828 4303
4163 4303
1325 1493
1493 2327
929 3523
929 4248
87 208
87 4586
1258 3917
1258 4177
572 1887
572 1368
61 1513
61 3595
1357 4058
3453 4058
2401 4631
2623 4631
1826 2772
1826 3303
116 2713
2175 2713
615 3023
615 2459
1396 3241
3198 3241
963 1606
1606 3335
937 2019
937 4186
1857 4097
1857 3889
1377 1663
1663 1957
3317 4113
1532 4113
2184 4661
2839 4661
16 1228
1228 4869
1447 3037
2139 3037
443 3039
3039 4360
480 4526
480 3705
3632 4501
1973 3632
424 4205
256 4205
161 1498
1498 2576
1839 2061
2061 4854
379 4477
4477 4761
1390 2039
1390 4444
1429 4735
1429 2893
326 1717
1717 4581
314 3310
314 2899
1252 2395
340 2395
233 1248
233 1846
3159 3847
996 3847
3990 4156
1188 3990
4080 4203
2931 4203
76 3723
427 3723
2072 2859
1069 2859
1935 4034
1935 2336
2756 4632
4632 4665
470 1404
470 524
1483 4855
985 4855
496 3476
496 3677
57 4782
304 4782
1111 3822
1111 1939
3154 4172
863 3154
690 814
690 4620
1618 3134
1618 4085
2053 4904
2053 4201
3285 4150
1804 4150
1969 4245
4237 4245
3221 4386
740 4386
1696 4963
2614 4963
3301 4944
1680 4944
573 3767
152 3767
2 2827
2 30
1729 2392
835 2392
3434 3998
2712 3434
43 2444
43 4608
1893 2208
979 1893
3651 4947
3651 3936
237 1457
1457 4506
137 3977
137 2605
434 3515
1059 3515
1266 4638
2429 4638
415 721
415 1231
869 3190
748 869
1121 3731
1176 3731
959 2198
12 2198
3635 4251
2799 3635
141 3866
2816 3866
1159 4831
1159 2396
362 3520
1874 3520
1993 2147
2147 4925
285 1820
285 2804
1749 4170
1749 2407
2948 4356
2201 2948
3926 4474
3815 4474
806 2593
1906 2593
1577 3759
1344 3759
2495 4541
311 2495
702 3975
702 3883
916 4275
1221 4275
679 4461
3860 4461
1476 3850
1476 1799
638 839
839 3501
3161 3882
2103 3161
1373 3032
1132 3032
805 2700
1705 2700
930 2094
2094 2243
1728 3531
2239 3531
3261 4313
3261 4022
63 1596
63 4575
1142 3408
1142 3804
1598 3691
488 3691
320 3130
320 1087
1735 4427
635 4427
791 2075
791 4004
2069 2393
2393 2994
2174 4350
687 4350
670 2703
906 2703
419 597
435 597
185 355
185 1908
3564 3868
3840 3868
994 3835
994 3773
297 1287
297 465
21 324
21 1605
497 849
497 4338
165 4269
165 2942
1692 4091
4091 4726
2966 3947
717 2966
2731 3721
3299 3721
3170 3656
2940 3656
1709 4634
2080 4634
873 3367
3367 4579
1240 2134
180 1240
2398 4066
2398 4527
1827 2477
1509 2477
2076 3173
2076 3034
1702 2834
1702 2073
1426 2508
1426 4912
1774 3708
1774 3312
2927 4911
3214 4911
197 1191
197 3798
96 1521
1521 2704
2390 4505
2390 4959
2017 3021
775 3021
1845 3231
3231 4416
1195 4131
649 4131
2316 4029
880 2316
1670 3401
1401 3401
1526 2552
1526 3376
293 3614
2709 3614
650 3790
1850 3790
4173 4232
4173 4707
3142 3964
528 3142
378 1268
1268 3922
1629 3826
1629 4406
1089 4498
1089 3347
2807 3147
2158 3147
3449 3628
3449 4267
1317 2981
2947 2981
1358 2536
2164 2536
464 4090
464 3022
3629 3752
3752 3851
737 762
762 1645
691 1836
1628 1836
888 3028
888 3896
4276 4751
1529 4276
4588 4999
3710 4999
3279 4301
3279 3646
192 1423
192 4068
310 4438
24 4438
1947 2943
1947 4704
1032 3981
1032 2995
2055 2492
2492 2900
903 4070
903 2215
1146 2747
2747 4194
542 2551
225 542
2436 3988
2436 4099
2541 4796
2541 2817
653 3960
653 2225
799 2124
2124 3812
3132 4827
2217 4827
746 3474
746 2666
335 1333
335 1449
3056 3136
3056 4048
2759 4193
3140 4193
4253 4985
2770 4985
3174 3422
3174 3709
2163 4128
989 4128
1351 3126
1351 3462
2096 3511
3511 4800
516 608
608 3185
682 3519
890 3519
631 3457
631 3175
2968 4943
2589 2968
1241 4584
1241 1446
884 2148
634 2148
213 2718
831 2718
1756 3597
3333 3597
3803 3870
2936 3870
292 4573
292 522
1057 4333
1057 1224
119 3838
119 2430
2238 3322
1589 3322
764 1875
247 764
3045 3848
2263 3848
723 1386
1386 2832
1135 4302
3529 4302
3613 4446
2100 3613
1885 4013
1885 3113
228 2571
228 3742
772 4134
772 2696
3421 3795
1411 3795
2109 3176
2587 3176
1315 2695
1315 2297
3503 3736
3083 3736
215 2603
2603 3688
3076 4709
3096 4709
1095 1864
1095 3316
1066 2545
1066 2059
2319 3041
8 2319
2165 4976
2165 3895
583 1109
583 749
3284 4722
652 4722
918 1858
1858 3445
2572 4687
3470 4687
1284 4459
4459 4568
1206 1847
493 1847
467 901
467 503
2310 2330
2310 2408
810 4702
810 3583
1983 4047
3617 4047
299 4741
1010 4741
942 1237
942 4547
204 4437
204 1499
2066 2129
1775 2129
1141 1582
1141 2754
1914 4915
1914 2280
1502 4601
1293 4601
1364 1809
1345 1809
481 2746
2746 3271
219 3172
2347 3172
1673 3957
1673 2977
1051 4286
2003 4286
1374 1625
1625 2210
1262 1435
1435 4381
2600 3375
486 2600
1833 3539
1554 1833
1175 4183
1175 3388
809 3224
97 809
695 1572
259 695
391 1018
391 2675
1065 3843
1065 4889
173 3395
154 173
3295 3938
2418 3295
1646 4392
1438 1646
479 1152
1152 2708
966 993
315 993
2857 2902
1616 2902
3755 4619
2773 4619
1514 2590
743 2590
3879 4674
2267 3879
64 2013
1871 2013
2553 2573
2553 3463
619 1823
1823 4996
3978 4049
381 4049
1565 4243
662 1565
4234 4343
3833 4343
109 922
109 4958
1555 4431
3002 4431
872 1196
872 2296
3609 4145
4145 4612
1594 2151
2151 3541
2780 4872
1208 2780
1006 2659
2659 3789
857 4611
857 1832
586 657
384 657
2048 4479
4246 4479
2860 4765
2860 2863
290 4098
290 3999
2473 4645
2473 3568
3247 3512
3512 4359
2157 4288
790 4288
3105 3875
167 3875
1619 3806
454 1619
270 1834
1834 3527
745 2262
745 3620
1004 3286
1004 2125
499 1683
499 941
319 3256
319 1011
847 4369
847 991
1193 2879
1193 4530
1706 4785
1706 4507
1676 2767
1676 2529
13 2311
13 4105
148 565
200 565
1406 3340
393 3340
273 4697
1370 4697
736 4834
736 1271
2996 3116
2996 4974
1076 3530
3530 3982
1627 4012
2957 4012
2625 4450
2625 3332
1040 1163
140 1163
500 3356
3356 4725
4373 4475
3963 4373
3262 3354
1022 3262
1693 2258
344 1693
1732 1931
371 1732
812 3909
812 4157
828 1527
1527 4763
678 2360
694 2360
726 3323
726 1958
3150 4863
3486 4863
4429 4792
1440 4429
668 1270
668 2785
2337 2986
2986 3390
3099 3521
3099 3374
3679 4948
459 3679
1878 4712
4257 4712
159 2740
2740 3943
1703 3769
1703 4662
3242 3618
3618 4538
701 2578
612 701
3115 4553
2760 4553
1923 4970
1923 2106
729 1787
729 739
91 715
91 2987
2415 2848
2848 4521
2273 3225
2273 3724
1713 2037
2037 4228
4490 4873
4490 4578
2432 3217
2012 3217
1963 4307
1681 4307
156 3475
156 279
948 1972
948 1353
2637 2722
2722 3588
2694 3676
3232 3676
266 945
945 1214
1329 4590
2220 4590
1068 2062
81 1068
2500 4983
4837 4983
2990 3007
2399 3007
780 3750
564 780
660 1269
660 4153
574 4779
4114 4779
539 2312
539 4221
512 3836
203 512
2325 4821
848 2325
1653 2089
1653 4282
294 1926
294 673
2735 4987
1198 2735
3048 3255
3048 4056
2654 4067
2654 3077
3243 4494
924 4494
774 2960
774 4031
4065 4820
1615 4065
1962 2176
1962 4016
2222 2326
2222 3971
4355 4981
3165 4981
2512 3954
2512 3796
718 2245
2245 3801
9 913
9 29
1852 3391
1852 2618
150 1806
150 474
4175 4250
2615 4175
2901 3540
576 2901
1541 3124
1541 2797
829 3659
1641 3659
1114 4982
2199 4982
2567 4682
753 4682
2924 3671
2612 2924
2087 3101
3101 3746
783 3152
783 3228
1312 4797
1437 4797
1690 2009
1690 3641
1600 2849
2645 2849
676 3025
3025 4414
3467 4377
1405 4377
4432 4693
4432 4600
3697 4771
1035 3697
2938 3121
106 2938
2304 2768
2768 4452
731 1925
526 731
2144 3065
2144 4008
1512 3509
31 3509
4298 4372
714 4298
2683 4382
2549 4382
1387 2386
1387 3693
1210 1253
1200 1253
404 3069
404 2412
1444 4522
1 4522
1733 3636
3636 4180
850 2705
850 2447
34 4122
1810 4122
2345 4137
700 2345
269 1247
269 1940
1116 2000
1116 4497
1118 2814
436 1118
1569 4908
921 1569
1162 3558
3336 3558
793 3991
3494 3991
411 3102
411 4030
866 1543
866 1236
1416 1927
1416 2723
2329 3872
3364 3872
972 2946
972 2317
112 727
112 4496
2022 4233
1897 2022
3565 4767
400 3565
3218 3518
1005 3218
750 1918
1647 1918
157 2373
2373 2463
1739 1824
1824 2011
44 2566
44 801
286 3302
286 4447
248 3122
248 3320
1843 4342
1730 1843
3908 4039
3908 3966
2715 3307
2537 2715
2099 2261
1679 2261
1280 2493
445 2493
2865 3685
3685 4980
637 4279
637 4967
3459 4684
3245 3459
289 607
289 3606
1464 1474
1474 2056
960 1170
960 2999
990 4212
4212 4984
3633 4426
4426 4946
455 2188
2188 2443
837 1574
1574 4964
2162 4508
2714 4508
618 1148
618 1471
1795 4003
2081 4003
3577 4299
3577 3682
517 2547
517 1622
2214 2379
2214 4934
732 4860
1548 4860
1644 2289
2230 2289
4716 4966
4015 4716
2835 4326
2835 3683
2171 3952
2171 4464
1838 4569
498 1838
3330 3450
3160 3330
1531 4886
1531 3050
1127 1626
214 1127
439 2774
2774 4470
95 4271
4241 4271
1720 4006
4002 4006
2881 4258
2881 3543
390 4708
390 3498
693 2424
2424 3765
2520 4713
2869 4713
1094 1501
1094 3837
438 4083
438 2787
1933 3514
60 1933
218 4849
1183 4849
10 2376
1243 2376
1147 2565
1147 3995
2204 2745
2742 2745
223 974
135 223
2820 3517
1131 2820
80 4270
80 442
1306 3461
765 3461
2634 3234
3234 3854
2517 4602
2517 2569
271 2736
931 2736
883 2554
883 1932
3091 4308
3091 3538
504 3667
504 4184
585 4977
585 1873
1218 2661
1218 3197
1867 3004
1867 4909
1071 2189
1219 2189
345 1340
1340 4906
90 1433
1433 1496
3458 3813
1470 3458
2420 2846
2420 4353
875 1192
1192 4533
1500 3300
3300 4790
1421 2883
2883 2922
1539 2383
1539 3888
32 1949
1949 4462
2249 3210
2249 2953
1508 3362
1045 3362
239 4339
2674 4339
1420 3294
1420 2701
1561 2632
1561 3095
3031 4881
1517 3031
633 4989
4371 4989
2980 4410
3488 4410
4440 4567
317 4440
1207 3291
182 3291
1375 4190
1375 3728
134 4666
3686 4666
1048 3382
2719 3382
174 2985
174 2307
651 2203
651 1575
1393 4305
1393 2540
377 2750
1303 2750
800 2371
2371 3722
1369 3673
1369 4227
2875 4734
2510 2875
2460 2956
1786 2956
2021 4380
4380 4537
3443 3972
956 3443
698 1534
1534 4346
2002 3392
2002 3072
1052 2633
1052 3114
1781 2489
1781 4168
1307 1921
1307 3082
36 4312
1362 4312
2160 4975
3596 4975
1613 2544
1613 2657
395 3706
2120 3706
3137 4138
3327 4138
2128 2958
2128 2868
531 3743
3087 3743
584 3640
584 3496
1870 4956
781 4956
1522 3146
1014 3146
28 4143
28 3428
946 1491
1491 4208
826 4159
1708 4159
2236 4281
2236 4670
1213 1398
1213 1942
859 2533
2533 2805
2973 3396
794 2973
457 4402
457 4222
3216 4923
2240 4923
2363 4819
3120 4819
313 1257
1257 1723
2836 4650
2465 4650
1668 4802
1668 2558
1484 3761
1484 4094
389 1295
389 3839
699 2921
699 3762
3562 3615
3615 4340
4622 4887
3103 4622
3430 4701
3430 4481
456 2939
456 4766
844 2416
844 3907
1209 2955
1209 3066
1746 4644
1746 4623
3117 4942
4385 4942
1254 1566
1566 4115
429 4374
429 453
530 568
530 1122
885 2138
2138 2178
67 1186
1186 4396
3293 4774
1808 3293
2910 4823
2910 4405
2619 3867
2478 2619
59 3666
59 3547
1666 4842
4375 4842
308 4443
308 2642
187 4043
187 2331
1999 4679
1763 4679
1427 3017
1427 4546
2051 3884
2051 4044
4403 4794
3479 4403
2406 3681
433 2406
2928 4599
4599 4742
1223 3993
1223 3869
507 4401
507 2299
2101 2564
741 2101
1597 4756
655 4756
537 2362
1721 2362
2052 4192
1934 2052
3499 4609
3394 4609
1343 2098
2098 2501
3758 4598
1567 3758
2218 2378
1050 2378
1725 2315
1725 1776
1062 2542
2542 4864
2627 3901
938 2627
961 4655
961 4327
1632 2853
347 1632
1880 3107
997 1880
840 2451
111 840
2355 3962
1537 3962
769 2294
1456 2294
3842 4759
3536 4759
3171 4368
2755 4368
303 4181
303 450
1853 3711
1031 1853
2227 3236
2227 4801
2251 3781
1497 2251
1103 4420
4420 4748
1394 4278
1394 4051
581 4647
581 3411
1063 1803
1755 1803
295 4719
295 4603
1505 1507
1097 1505
367 1525
408 1525
2348 4107
4107 4671
2130 3180
2130 2271
1379 4229
2026 4229
418 1414
418 980
1299 2343
1299 4112
855 1335
1335 4850
2010 2483
2010 2155
357 3491
582 3491
1081 4542
816 4542
146 2638
2409 2638
1665 4417
1082 4417
473 3469
3469 4591
876 2446
1523 2446
2725 4449
2725 3369
1347 2366
1347 4167
2154 3306
1520 2154
62 1173
62 4791
523 2889
2824 2889
833 928
833 4698
4136 4574
54 4574
1128 3249
365 1128
2305 4220
4220 4817
2507 2583
2583 3933
1043 1290
1043 4289
136 2864
136 3805
410 1916
410 2984
2992 3355
1211 3355
785 2662
785 4419
2472 4610
3923 4610
1084 3500
198 3500
1260 4154
1260 2885
1296 3304
1296 3192
2194 2367
1888 2367
1504 4495
101 4495
2851 2907
2851 3068
298 2748
1286 2748
1731 3372
605 1731
50 1452
50 421
984 3014
984 4453
217 3268
1282 3268
231 1395
1395 3080
3701 4054
3516 3701
2145 3441
2145 2629
1304 3167
1304 2873
3104 4285
3104 3574
3601 3859
3193 3859
1487 2655
1667 2655
1960 3970
1960 3265
1408 1779
983 1779
4458 4585
3058 4585
2906 4815
2047 4815
121 3053
641 3053
1350 4555
4336 4555
35 401
401 2359
2065 2248
1199 2248
88 4018
1765 4018
1238 3433
1238 2781
782 1226
1226 2197
818 3820
3062 3820
1289 1707
1289 2757
2606 4483
2606 3206
2293 4487
2293 3528
1611 2842
1611 4807
2413 2579
525 2413
2449 3431
3254 3431
1570 2821
1570 3900
2598 2925
1924 2925
2690 4191
2870 4191
594 4226
594 2342
798 1726
798 2284
1204 2461
1204 1510
458 920
458 2403
2488 2844
2844 3360
2602 4798
2570 2602
1946 3311
590 1946
3108 3783
373 3783
171 3905
3905 4287
1736 2784
1278 2784
1058 1602
1602 4111
3029 4892
933 4892
508 4189
754 4189
1316 2837
2837 3133
3112 4516
778 4516
104 2150
2150 2470
1524 2707
1524 3006
1481 3881
1288 1481
1486 2762
1486 3478
2300 2650
2400 2650
671 1558
1558 4630
1948 2029
2029 3779
752 4323
3464 4323
708 2841
1397 2841
258 4118
258 2761
2643 2672
2643 3817
3329 4319
1788 3329
155 3877
155 4284
243 2516
243 276
1614 3227
1194 3227
2509 2897
2509 2555
2455 3980
2455 3785
1425 1743
1425 4217
2086 2410
973 2410
1234 1479
1479 3782
934 3997
881 934
489 1311
489 3719
1805 3334
1389 3334
2308 3591
321 2308
577 1294
577 1098
1737 3766
1737 3567
611 4750
611 3456
4218 4848
1642 4218
2490 2771
2278 2490
2382 2794
2794 3237
2843 4739
2843 4696
19 589
553 589
2232 4658
838 4658
236 1530
1465 1530
1466 2937
998 1466
3931 4033
3209 4033
1445 1794
1794 3763
166 1904
166 1758
383 545
545 1655
575 595
595 3610
511 616
616 4106
2519 3935
1428 2519
2831 4558
2831 3695
1201 3622
1201 2726
1580 2136
757 1580
1842 3576
1842 2119
3726 4633
2749 4633
380 3213
380 4391
733 2974
318 2974
220 4871
220 2219
2156 4582
1272 2156
2440 2809
870 2440
3477 4841
2083 3477
538 803
803 3802
3047 4806
858 3047
533 2191
2191 4595
2281 3471
2132 2281
423 2033
2033 3252
3419 3903
65 3903
422 1239
422 4805
2279 4744
177 2279
599 3315
599 4259
1024 2972
2972 4554
272 4743
2241 4743
4017 4968
1475 4017
817 4362
817 971
813 824
824 1434
211 2733
2733 3005
3549 4165
1042 3549
760 4512
760 4565
1659 4617
734 1659
1750 4616
2209 4616
646 830
830 2387
2266 4256
2257 2266
550 4714
70 4714
374 3296
374 3575
630 4486
630 2475
2693 3920
2693 3089
1259 2741
1085 1259
3581 4124
3581 4929
1968 4828
350 1968
1360 2711
1342 2711
2912 4672
4274 4672
254 3149
254 4840
124 2847
124 3276
1133 2237
1133 1938
126 2887
674 2887
41 3619
3619 3959
1992 2758
2758 4139
4082 4493
2861 4493
1747 2487
1177 1747
66 1528
1528 1830
1494 3238
1780 3238
1083 2788
1083 1767
1550 2653
1027 2653
604 4092
1910 4092
722 1216
722 868
92 430
92 3413
45 2133
45 4773
120 4418
951 4418
3344 3780
1691 3780
469 871
469 2031
268 2177
2177 3263
4075 4577
602 4075
3030 4296
2546 4296
3138 3223
2231 3223
1686 2427
2427 3554
452 1911
452 720
37 3409
37 444
3657 4482
3657 4566
2588 2681
1896 2588
3497 4643
11 4643
212 4071
176 212
2015 2505
2505 2852
3183 3248
1677 3248
103 305
103 4283
78 677
677 3277
1009 1929
1009 2434
908 4615
306 908
1144 3974
2903 3974
3827 4833
3156 3827
1741 3085
1741 4890
3079 4787
3281 4787
1215 3164
1007 1215
2340 4110
3018 4110
878 4197
617 4197
787 4899
787 2464
1545 4291
1545 3740
509 1818
1818 4991
3287 3371
1578 3287
2575 3660
521 3660
1355 3580
3580 3751
2291 2702
2146 2702
312 1461
1126 1461
2979 3239
110 3239
2350 3563
2884 3563
2161 4335
2093 2161
3199 3393
1261 3199
2108 3791
2108 3051
1021 2806
1021 3772
4556 4695
4636 4695
1588 1599
426 1599
842 4422
3420 4422
2738 4604
3415 4604
3559 4023
1899 4023
4328 4540
2095 4328
1077 1157
1157 4394
1283 4057
3738 4057
287 402
100 402
3969 4120
659 3969
2242 4499
2242 3649
1448 4240
1448 3383
485 3046
485 2216
643 3741
3644 3741
3402 4898
2485 4898
3928 4971
2320 3928
2254 4592
1894 2254
71 3191
3125 3191
3423 4728
3624 4728
2358 3824
804 3824
644 2182
644 3357
252 1352
252 366
1217 3612
3612 3661
1400 1518
1099 1518
194 2008
2008 4125
541 4073
541 4519
2341 2934
47 2934
267 2370
267 3556
3631 4412
3063 3631
935 3387
935 1662
1879 4395
1125 1879
257 2041
257 1168
3937 4913
1424 4913
1233 4249
2183 4249
2964 3890
449 2964
2496 4882
2496 2823
1139 2801
1139 1977
334 3074
3074 4247
2070 4196
2070 3495
705 968
705 3230
15 2818
253 2818
224 3070
224 4990
201 540
201 614
501 1590
501 1130
1782 3945
1782 4207
623 2388
2388 4454
38 2935
372 2935
2034 3406
1104 3406
988 3201
988 3680
342 2810
2028 2810
1981 3775
1981 4480
954 3342
766 954
1760 4583
2268 4583
3579 4883
282 3579
3229 4347
621 3229
1764 2482
1764 4130
3086 4941
2185 3086
1945 3915
2829 3915
1883 2205
2205 2830
658 1419
1419 1639
1044 1837
1837 3846
1802 3904
3689 3904
244 3244
244 3429
4126 4455
2730 4455
601 1917
601 894
84 113
113 3718
302 4570
1336 4570
2421 2764
2764 3871
2840 3489
2840 2982
571 3325
571 4962
1557 2594
1557 2911
986 4345
2803 4345
1156 1407
1156 1936
2597 4851
2597 3732
1745 1778
1778 4809
1752 2038
1455 1752
1033 3400
3 3400
3897 4606
471 3897
1410 1638
6 1410
1451 4456
1859 4456
4364 4525
3545 4525
2123 3924
108 2123
138 4510
2295 4510
1151 1331
1331 2503
227 4642
227 4629
3186 3599
2365 3186
841 1250
72 841
1551 4063
405 1551
1245 1643
407 1643
2622 4363
375 2622
1319 4294
1319 2339
3638 4777
3269 4777
1106 2886
2886 3508
2223 4488
2223 3289
2775 4639
2775 3829
145 1791
145 2498
392 2166
2166 3942
33 2186
33 962
2044 2892
2822 2892
1153 2951
2466 2951
1669 3437
3437 4921
1402 2914
1402 2538
417 3483
417 1442
544 1012
241 544
1761 3852
356 3852
2688 4651
1930 2688
466 3177
466 2497
4545 4673
4673 4917
3081 4534
3081 4653
3038 3189
1844 3189
3220 4838
4317 4838
3205 4543
3426 4543
1472 1482
1482 2079
399 3845
399 2651
1432 2778
2778 4344
1592 3604
114 1592
1863 2229
776 1863
2275 4524
2275 4832
1117 3054
815 1117
4571 4950
2664 4950
1751 2530
2306 2530
3639 4311
1100 3639
1817 2356
1817 4223
1454 2699
1454 3665
1953 2349
1519 1953
1793 3318
976 3318
3713 4384
952 4384
1766 3280
1478 1766
1308 2916
1308 3222
1102 4536
1102 1190
547 3427
547 3582
2649 3892
3892 4901
1495 3941
1829 3941
664 1797
664 4354
1979 4064
251 4064
1264 4014
387 4014
3407 4760
1310 4760
3634 3955
3634 4238
4365 4562
4562 4953
2127 3305
3305 4037
567 3857
3841 3857
821 1119
821 3036
926 2776
2706 2776
1552 4878
1376 1552
2802 2918
1568 2918
843 3927
843 2190
1276 3586
1276 4686
683 1978
683 2919
1412 2534
1412 3637
125 1305
1305 4101
4264 4457
2283 4264
559 728
728 2394
2071 3337
535 3337
3178 4277
4158 4277
2872 3670
3181 3670
1067 1091
1091 2798
331 3143
331 1080
1724 4489
3940 4489
4635 4757
2729 4635
600 1115
600 2068
1503 2586
1503 1789
1801 4322
4322 4993
2721 3513
3513 4077
2950 4367
4367 4919
2060 4786
3916 4786
2202 2647
2647 4214
2691 4295
1815 2691
1851 4952
2494 4952
74 4680
74 3297
1222 4903
4171 4903
593 4132
593 1326
332 1070
280 332
168 2641
168 2644
1185 3799
3139 3799
46 49
46 1660
4535 4994
3446 4994
1166 3678
3678 4517
1318 4151
261 1318
2426 3797
1840 3797
490 3106
490 675
1384 3825
3825 3913
639 2102
639 4932
468 1120
1120 3215
4509 4715
4320 4715
2067 4979
2067 4492
2441 3684
1017 2441
845 4998
845 1145
432 1047
1047 3361
23 3585
3585 4182
640 4824
707 4824
3384 4040
3274 3384
514 4900
514 3950
1604 4225
502 1604
900 1654
900 4408
105 4060
105 579
206 1544
206 867
1036 1328
1328 3484
1553 2535
2535 3994
1158 4329
1169 4329
3862 4144
891 3862
3480 4637
2993 3480
2640 4149
2007 2640
1187 4041
2678 4041
761 1777
1515 1777
3011 4011
3989 4011
648 851
648 1771
2686 4463
232 4463
416 3690
416 529
1533 2187
2187 3757
1718 1884
1718 3207
4423 4700
4239 4700
413 1698
1698 4141
609 744
744 1337
3343 4266
4266 4357
2419 2941
2419 3874
1546 2514
2514 4910
1256 2559
2559 4209
2743 4926
1571 4926
337 1108
337 4862
3876 4793
1381 4793
909 4776
779 4776
3557 3647
2574 3557
2580 3737
2613 3737
580 4265
580 4123
4813 4888
3194 4888
2422 4868
2422 2888
620 3075
620 4435
162 3625
162 1041
2591 4853
2591 3902
1722 4676
1722 4755
964 1882
964 4050
1941 3865
1688 3865
3712 3944
3712 3771
923 2557
923 1137
2425 3550
2616 3550
2582 4826
199 4826
3546 4705
1324 3546
3707 3930
3930 4020
3487 4972
4135 4972
4204 4736
823 4736
1581 2049
1956 2049
179 4005
179 2270
186 420
186 3774
910 4052
910 2005
789 3828
1790 3828
3012 4163
919 4163
1061 1325
1325 3013
2327 4628
2327 3919
3168 3523
3523 4621
4248 4411
4248 4330
208 3109
208 4028
1203 4586
689 4586
3917 3948
2874 3917
1965 4177
3019 4177
1887 3832
1887 4891
1368 4758
1368 1828
592 1513
1513 4166
3378 3595
440 3595
1357 3141
1357 4093
1477 3453
1757 3453
943 2401
2401 3702
587 2623
328 2623
2772 4717
2352 2772
932 3303
2648 3303
116 1172
116 3386
2175 3985
558 2175
1900 3023
862 3023
680 2459
353 2459
255 1396
1396 2468
555 3198
3008 3198
963 1409
963 3555
307 3335
3335 4358
2019 3350
1540 2019
2457 4186
747 4186
4097 4727
950 4097
3889 4597
1658 3889
1377 1656
515 1377
1957 2862
706 1957
3317 3542
3317 3481
1532 3642
1532 1922
2184 3196
123 2184
606 2839
624 2839
16 711
16 2402
4811 4869
879 4869
1447 4155
1447 4618
2139 3119
742 2139
443 4846
443 4936
3967 4360
2234 4360
2450 4526
642 4526
1134 3705
2608 3705
1556 4501
3308 4501
681 1973
1973 4922
424 2226
424 2976
256 2867
256 4078
161 3968
39 161
2576 3784
2042 2576
977 1839
613 1839
3088 4854
1966 4854
379 3169
379 4337
2259 4761
978 4761
1480 2039
472 2039
3745 4444
4219 4444
3000 4735
1458 4735
2893 4379
209 2893
326 3379
326 4514
3603 4581
756 4581
183 3310
1002 3310
2899 4733
2899 3760
1252 1314
669 1252
340 882
340 4778
1015 1248
1248 3436
562 1846
1846 2665
1664 3159
636 3159
996 1975
996 2024
4025 4156
482 4156
1188 4262
1188 3553
202 4080
2626 4080
1902 2931
1431 2931
76 1413
76 4905
427 4503
427 4074
1212 2072
2072 4550
1069 2592
1069 2698
4034 4812
3365 4034
697 2336
2336 4772
2506 2756
260 2756
1986 4665
969 4665
1404 4955
1404 3129
524 905
524 4290
1483 4162
1483 4749
811 985
985 2877
786 3476
1964 3476
907 3677
3492 3677
57 3188
57 1101
304 1143
304 4753
3822 3885
3822 4476
1232 1939
1939 3273
1542 4172
4172 4310
863 2428
863 2149
814 2556
814 1861
2167 4620
4062 4620
3134 3282
3134 3204
1291 4085
3533 4085
477 4904
2890 4904
461 4201
773 4201
3285 3440
160 3285
1251 1804
730 1804
1969 2272
1969 4469
967 4237
2717 4237
3049 3221
1060 3221
740 3566
740 4213
1696 4434
1696 1841
2614 4960
2452 2614
3301 4788
3301 4019
1636 1680
351 1680
573 2739
573 1391
152 4407
152 3672
2827 3182
2827 4216
30 939
30 4938
1697 1729
1729 3093
151 835
835 4945
1359 3998
1189 3998
771 2712
382 2712
1202 2444
2058 2444
2920 4608
3810 4608
2208 2324
1909 2208
979 2880
979 2815
1831 4947
3754 4947
3275 3936
1244 3936
237 4466
237 1227
1348 4506
3592 4506
3977 4146
130 3977
2605 3983
1459 2605
434 1313
434 4252
1059 1695
1029 1059
902 1266
1266 2357
2429 3451
2429 3246
370 721
721 2476
1231 4081
1231 4026
1701 3190
1915 3190
748 1235
748 1593
1121 3544
1121 3466
277 1176
1176 2302
281 959
959 3956
12 3493
12 557
1138 4251
3949 4251
2799 3073
2435 2799
141 2793
141 1536
1267 2816
2816 4471
2751 4831
1178 4831
2396 4563
2396 4244
362 3589
362 2628
1874 2335
892 1874
1748 1993
889 1993
1418 4925
3292 4925
1820 2670
1820 2518
2804 4710
2804 3064
940 4170
4170 4441
2407 2599
184 2407
1300 4356
1661 4356
2201 4185
79 2201
3926 4737
3926 4857
3815 4428
2652 3815
806 3965
806 3425
42 1906
1906 3321
1577 4387
1577 4069
1344 1385
1344 3377
3584 4541
1511 4541
311 4341
311 735
22 3975
1621 3975
656 3883
3883 4663
916 3535
916 2917
1221 2328
98 1221
460 679
679 1054
3042 3860
3860 4206
229 3850
2639 3850
1301 1799
626 1799
638 3278
638 904
686 3501
2050 3501
3345 3882
3267 3882
1891 2103
2103 4445
1373 4520
1373 4100
1132 3298
1132 2667
696 805
805 2213
17 1705
1705 3098
73 930
930 1460
451 2243
2116 2243
1560 1728
1728 1855
2239 3370
846 2239
2988 4313
1492 4313
1155 4022
543 4022
1596 3288
1596 4859
684 4575
3353 4575
2684 3408
3408 4178
2617 3804
3804 3898
788 1598
1598 1800
488 4436
488 3526
3130 4174
3130 4845
1087 4997
1087 2211
527 1735
1735 2819
635 3118
635 1019
2075 4907
2075 3465
2812 4004
4004 4587
82 2069
505 2069
895 2994
1769 2994
2174 2411
2174 2269
687 3338
687 4995
566 670
670 4711
906 2789
906 1919
419 4770
419 3925
435 4383
435 1754
355 3482
355 4667
1908 1991
1908 4087
1371 3564
1197 3564
3607 3840
1860 3840
513 3835
3835 4544
3773 4187
2274 3773
1287 1327
1287 3328
465 4539
465 4188
324 2082
324 777
322 1605
1605 2252
849 1798
849 3811
1715 4338
1110 4338
446 4269
3524 4269
2285 2942
2431 2942
1692 2250
1692 1961
914 4726
301 4726
3947 4803
3947 4224
717 1430
717 2515
1920 2731
1559 2731
3299 4399
1792 3299
3170 4306
2524 3170
1607 2940
1890 2940
1709 4564
338 1709
1275 2080
2080 4117
873 1000
873 3716
958 4579
3912 4579
2134 3380
2134 3157
180 546
180 3734
2170 4066
672 4066
560 4527
4527 4528
1827 2610
874 1827
1509 4314
561 1509
3173 4865
3173 3777
3034 4769
3034 4552
2834 3179
2834 3699
2073 4745
1388 2073
2361 2508
1657 2508
2568 4912
1323 4912
3708 4531
2779 3708
2458 3312
85 3312
2927 3212
172 2927
3043 3214
2439 3214
1191 4176
1191 3250
3798 4965
2469 3798
96 2913
96 2314
2704 3534
2704 3792
2200 4505
2255 4505
2954 4959
796 4959
2017 3643
2017 3569
775 2448
69 775
1845 1901
767 1845
4416 4768
2630 4416
1195 4518
1195 3148
649 1346
563 649
2521 4029
4029 4856
880 1652
880 4465
1670 3590
1670 1675
1401 1687
1401 3602
2092 2552
2143 2552
3376 4914
3376 4351
293 2962
293 4103
2697 2709
55 2709
650 3992
650 3389
1850 2404
1850 4861
3899 4232
3290 4232
2679 4707
3398 4707
852 3964
2344 3964
158 528
528 3696
378 2680
378 2601
1988 3922
2374 3922
1694 3826
3826 4613
1994 4406
1383 4406
3373 4498
2235 4498
2380 3347
1740 3347
300 2807
1049 2807
1242 2158
2158 3921
834 3628
3628 4433
1367 4267
2453 4267
1317 4096
1317 3929
2091 2947
235 2947
1358 4142
1358 1585
2164 4692
1848 2164
647 4090
709 4090
1872 3022
3022 3654
3629 4978
296 3629
3851 4870
3851 4678
737 2141
354 737
1645 3485
1645 4348
691 2384
7 691
1628 2908
1628 4683
2673 3028
1016 3028
2782 3896
3896 4572
1025 4751
4038 4751
1529 4718
1378 1529
2668 4588
3510 4588
2526 3710
333 3710
953 4301
1274 4301
3646 4764
3442 3646
58 1423
588 1423
4068 4973
861 4068
310 3385
310 2656
24 263
24 1903
1124 2943
1079 2943
139 4704
1086 4704
2471 3981
1955 3981
2995 4116
2995 4315
2055 4814
1320 2055
917 2900
2900 3714
2716 4070
3314 4070
2215 4292
2215 4415
1146 1985
1146 3756
3324 4194
3856 4194
1436 2551
2551 3819
225 981
225 368
3988 4799
713 3988
1123 4099
4099 4920
1711 4796
234 4796
2817 4706
131 2817
3960 4361
2975 3960
2225 3259
1635 2225
163 799
799 1856
2027 3812
3144 3812
3132 4121
3132 4451
1573 2217
1944 2217
2763 3474
1854 3474
2666 2783
2666 2728
1333 1441
1333 2180
190 1449
688 1449
3136 3674
40 3136
569 4048
1727 4048
2759 2894
2043 2759
3140 3818
2247 3140
414 4253
1490 4253
1249 2770
2195 2770
3422 3748
519 3422
3709 4896
3709 4160
2163 4810
142 2163
989 4108
989 1485
2795 3126
551 3126
2685 3462
3462 4366
2096 3414
262 2096
325 4800
3864 4800
516 2030
274 516
2855 3185
3185 4560
682 2876
682 3958
890 2433
890 2896
3368 3457
3457 4318
1181 3175
1650 3175
1609 4943
1056 4943
957 2589
1399 2589
1796 4584
4491 4584
1446 3830
1446 3704
884 1140
484 884
634 3027
634 1967
213 3211
213 4376
831 4309
831 4738
196 1756
207 1756
1112 3333
3333 4210
1038 3803
3552 3803
2936 4957
825 2936
3725 4573
4230 4573
522 3059
522 4127
4333 4352
1160 4333
1224 1959
1224 4654
925 3838
3838 4954
912 2430
1689 2430
1339 2238
2238 2969
853 1589
632 1589
1875 4795
1093 1875
247 2090
247 4816
329 3045
3045 3735
2263 2997
2142 2263
723 1354
723 2845
2604 2832
1649 2832
1135 2323
178 1135
3529 3778
3529 3727
1453 4446
4446 4723
275 2100
2100 4084
4013 4624
3729 4013
181 3113
3113 3878
1205 2571
1869 2571
3351 3742
2562 3742
1976 4134
2858 4134
2696 4045
2696 2826
3015 3421
2983 3421
1411 4242
1411 3863
246 2109
2109 4747
2587 3747
2587 2882
2179 2695
2695 4164
2045 2297
2297 2710
719 3503
2131 3503
1813 3083
1997 3083
215 2796
215 3594
3688 4119
3688 4404
2932 3076
99 3076
3096 4691
3096 4515
536 1864
1864 2502
376 3316
3162 3316
1281 2545
2545 4055
2059 2077
1380 2059
388 3041
3041 3208
8 622
8 409
4393 4976
