5000
[[[[[[[[[[[[[[[[[[[[[[[][[[[[[[[[[[[[[[[[[[[[[[[[[[[[[[[[[[[[[[[[[[[[[[[[[[[[[[[[[[[[[[[[[[[[[[[[[[[[[[[[[[[[[[[[[[[[[[[[[[[[[[[[[[[[[[[[[[[[[[[[[[[[[[[[[[[[[[[[[[[[[[[[[[[[[[[[[[[[[[[[[[[[[[[[[[[[[[[[[[[[[[[[[[[[[[[[[[[[[[[[[[[[[[[[[[[[[[[[[[[[[[[[[[[[[[[[[[[[[[[[[[[[[[[[[[[[[[[[[[[[[[[[[[[[[[[[[[[[[[[[[[[[[[[[[[[[[[[[[[[[[[[[[[[[[[[[[[[[[[[[[[[[[[[[[[[[[[[[[[[[[[[[[[[[[[[[[[[[[[[[[[[[[[[[[[[[[[[[[[[[[[[[[[[[[[[[[[[[[[[[[[[[[[[[[[[[[[[[[[[[[[[[[[[[[[[[[[[[[[[[[[[[[[[[[[[[[[[[[[[[[[[[[[[[[[[[[[[[[[[[[[[[[[[[[[[[[[[[[[[[[[[[[[[[][[[[[[[[[[[[[[[[[[[[[[[[[[[[[[[[[[[[[[[[[[[[[[[[[[[[[[[[[[[[[[[[[[[[[[[[[[[[[[[[[[[[[[[[[[[[[[[[[[[[[[[[[[[[[[[[[[[[[[[[[[[[[[[[[[[[[[[[[[[[[[[[[[[[[[[[[[[[[[[[[[[[[[[[[[[[[[[[[[[[[[[[[[[[[[[[[[[[[[[[[[[[[[[[[[][[[[[[[[[[[[[[[[[[[[[[[[[[[[[[[[[[[[[[[[[[[[[[[[[[[[[[[[[[[[[[[[[[[[[[[[[[[[[[[[[[[[[[[[[[[[[[[[[[[[[[[[[[[[[[[[[[[[[[[[[[[[[[[[[[[[[[[[[[[[[[[[[[[[[[[[[[[[[[[[[[[[[[[[[[[[[[[[[[[[[[[[[[[[[[[[[[][[[[[[[[[[[[[[[[[[[[[[[[[[[[[[[[[[[[[[[[[[[[[[[[[[[[[[[[[[[[[[[[[[[[[[[[[[[[[[[[[[[[[[[[[[[[[[[[[[[[[[[[[[[[[[[[[[[[[[[[[[[[[[[[[[[[[[[[[[[[[[[[[[[[[[[[[[[[[[[[[[[[[[[[[[[[[[[[[[[[[[[[[[[[[[[[[[[[[[[[[[[[[[[[[[[[[[[[[[[[[[[[[[[[[[[[[[[[[[[[[[[[[[[[[[[[[[[[[[[[[[[[[[[[[[[[[[[[[[[[[[[[[[[[[[[[[[[[[[[[[[[[[[[[[[[[[[[[[[[[[[[[[[[[[[[[[[[[[[[[[[[[[[[[[[[[[[[[[[[[[[[[[[[[[[[[[[[[[[[[[[[[[[[[[[[[[[[[[[[[[[[[[[[[[[[[[[[[[[[[[[[[[[[[[[[[[[[[[[[[[[[[[[[[[[[[[[[[[[[[[[[[[[[[[[[[[[[[[[[[[[[[[[[[[[[[[[[[[[[[[[[[[[[[[[[[[[[[[[[[[[[[[[[[[[[[[[[[[[[[[[[[[[[[[[[[[[[[[[[[[[[[[[[[[[[[[[[[[[[[[[[[[[[[[[[[[[[[[[[[[[[[[[[[[[[[[[[[[[[[[[[[[[[[[[[[[[[[[[[[[[[[[[[[[[[[[[[[[[[[[[[[[[[[[[[[[[[[[[[][[[[[[[[[[[[[[[[[[[[[[[[[[[[[[[[[[[[[[[[[[[[[[[[[[[[[[[[[[[[[[[[[[[[[[[[[[[[[[[[[[[[[[[[[[[[[[[[[[[[[[[[[[[[[[[[[[[[[[[[[[[[[[[[[[[[[[[[[][[[[[[[[[[[[[[[[[[[[[[[[[[[[[[[[[[[[[[[[[[[[[[[[[[[[[[[[[[[[[[[[[[[[[[[[[[[[[[[[[[[[[[[[[[[[[[[[[[[[[[[[[[[[[[[[[[[[[[[[[[[[[[[[[[[[[[[[[[[[[[[[[[[[[[[[[[[[[[[[[[[[[[[[[[[[[[[[[[[[[[[[[[[[[[[[[[[[[[[[[[[[[[[[[[[[[[[[[[[[[[[[[[[[[[[[[[[[[[[[[[[[[[[[[[[[[[[[[[[[[[[[[[[[[[[[[[[[[[[[[[[[[[[[[[[[[[[[[[[[[[[[[[[[[[[[[[[[[[[[[[[[[[[[[[[[[[[[[[[[[[[[[[][[[[[[[[[[[[[[[[[[[[[[[[[[[[[[[[[[[[[[[[[[[[[[[[[[[[[[[[[[[[[[[[[[[[[[[[[[[[[[[[[[[[[[[[[[[[[[[[[[[[[[[[[[[[[[[[[[[[[[[[[[[[[[[[[[[[[[[[[[[[[[[[[[[[[[[[[[[[[[[[[[[[[[[[[[[[[[[[[[[[[[[[[[[[[[[[[[[[[[[[[][[[[[[[[[[[[[[[[[[[[[[[[[[[[[[[[[[[[[[[[[[[[[[[[[[[[[[[[[[[[[[[[[[[[[[[[[[[[[[[[[[[[[[[[[[[[[[[[[[[[[[[[[[[[[[[[[[[[[[[[[[[[[[[[[[[[[[[[[[[[][[[[[[[[[[[[[[[[[[[[[[[[[[[[[[[[[[[[[[[[[[[[[[[[[[[[[[[[[[[[[[[[[[[[[[[[[[[[[[[[[[[[[[[[[[[[[[[[[[[[[[[[[[[[[[[[[[[[[[[[[[[[[[[[[[[[[[[[[[[[[[[[[[[[[[[[[[[[[[[[[[[[[[[[[[[[[[[[[[[[[[[[[[[[[[[[[[[[[[[[[[[[[[[[[[[[[[[[[[[[[[[[[[[[[[[[[[[[[[[[[[[[[[[[[[[[[[[[[[[[[[[[[[[[[[[[[[[[[[[[[[[[[[[[[[[[[[[[[[[[[[[[[[[[[[[[[[[[[[[[[[[[[[[[[[[[[[[[[[[[[[[[[[[[[][[[[[[[[[[[[[[[[[[[[[[[[[[[[[[[[[[[[[[[[[[[[[[[[[[[[[[[[[[[[[[[[[[[[[[[[[[[[[[[[[[[[[[[[[[[[[[[[[[[[[[[[[[[[[[[[[[[[[[[[[[[[[[[[[[[[[[[[[[[[[[[[[[[[[[[[[[[[[[[[[[[[[[[[[[[[[[[[[[[[[[[[[[[[[[[[[[[[[[[[[[[[[[[[[[[[[[[[[[[[[[[[[[[[[[[[[[[[[[[[[[[[[[[[[[[[[[[[[[[[[[[[[[[[[[[[[[[[[[[[[[[[[[[[[[[[[[[[[[[[[[[[[[[[[[[[[[[[[[[[[[[[[[[[[[[[[[[[[[[[[[[[[[[[[[[[[[[[[[[[[[[[[][[[[[[[[[[[[[[[[[[[[[[[[[[[[[[[[[[[[[[[[[[[[[[[[[[[[[[[[[[[[[[[[[[[[[[[[[[[[[[[[[[[[[[[[[[[[[[[[[[[[[[[[[[[[[[[[[[[[[[[[[[[[[[[[[[[[[[[[[[[[[[[[[[[[[[[[[[[[[[[[[[[[[[[[[[[[[][[[[[[[[[[[[[[[[[[[[[[[[[[[[[[[[[[[[[[[[[[[[[[[[[[[[[[[[[[[[[[[[[[[[[[[[[[[[[[[[[[[[[[[[[[[[[[[[[[[[[[[[[[[[[[[[[[[[[[[[[[[[[[[[[[[[[[[[[[[[[[[[[[[[[[[[[[[[[[[[[[[[[[[[[[[[[[[[[[[[[[[[[[[[[[[[[[[[[[[[[[[[[[[[[[[[[[[[[[[[[[[[[[[[[[[[[[[[[[[[[[[[[[[[[[[[[[[[[[[[[[[[[[[[[[[[[[[[[[[[[[[[[[[[[[[[[[[[[[[[[[[[[[[[[[[[[[[[[[[[[[[[[[[[[[[[[[[[[[[[[[[[][[[[[[[[[[[[[[[[[[[[[[[[[[[[[[[[[[[[[[[[[[[[[[[[[[[[[[[[[[[[[[[[[[[[[[[[[][[[[[[[[[[[[[[[[[[[[[[[[[[[[[[[[[[[[[[[[[[[[[[[[[[[[[[[[[[[[[[[[[[[[[[[[[[[[[[[[[[[[[[[[[[[[[[[[[[[[[[[[[[[[[[[[[[[[[[[[[[[[[[[[[[[[[[[[[[[[[[[[[[[[[[[[[[[[[[[[[[[[[[[[[[[[[[[[[[[[[[[[[[[[[[[[[[[[[[[[[[[[[[[[[[[[[[[[[[[[[[[[[[[[[[[[[[[[[[[[[[[[[[[[[[[[[[[[[[[[[[[[[[[[[[[[[[[[[[[[[[[[[[[[[[[[[[[[[[[[[[[[[[[[[[[[[[[[[[[[[[[[[[[[[[[[[[[[[[[[[[[[[[[[[[[[[[[[[[[[[[[[[[[[[[[[[[[[[[[[[[[[[[[[[[[[[[[[[[[[[[[[[[[[[[[[[[[[[[[[[[[[[[[[[[[[[[[[[[[[[[[[[[[[[[[[[[[[[[[[[[[[[[[[[[[[[[[[[[[[[[[[[[[[[[[[[[[[[[[[[[[[[[[[[[[[[[[[[[[[[[[[[[[[[[[[[[[[[[[[[[[[[[[[[[[[[[[[[[[[[[[[[[[[[[[[[[[[[[[[[[[[[[[[[[[[[[[[[[[[[[[[[[[[[[[[[[[[[[[[[[[[[[[[[[[[[[[[[[[[[[[[[[[[[[[[[[[[[[[[[[[[[[[[[[[[[[[[[[[[[[[[[[[[[[[[[[[[[[[[[[[[[[[[[[[[[[[[[[[[[[[[[[[[[[[[[[[[[[[[[[[[[[[[[[[[[[[[[[[[[[[[[[[[[[[[[[[[[[[[[[[[[[[[[[[[[[[[[[[[[[[[[[[[[[[[[[[[[[[[[[[[[[[[[[[[[[[[[[[[[[[[[[[[[[[[[[[[[[[[[[[[[[[[[[[[[[[[[[[[[[[[[[[[[[[[[[[[[[[[[[[[[[[[[[[[[[[][[[[[[[[[[[[[[[[[[[[[[[[[[[[[[[[[[[[[[[[[[[[[[[[[[[[[[[[[[[[[[[[[[[[[[[[[[[[[[[[[[[[[[[[[[[[[[[[[[[[[[[[[[[[[[[[[[[[[[[[[[[[[[[[[[[[[[[[[[[[[[[[[[[[[[[[[[[[[[[[[[[[[[[[[[[[[[[[[[[[[[[[[[[[[[[[[[[[[[[[[[[[[[[[[[[[[[[[[[[[[[[[[[[[[[[[[[[[[[[[[[[[[[[[[[[[[[[[[[[[[[[[[[[[[[[[[[[[[[[[[[[[[[[[[[[[[[[[[[[[[[[[[[[[[[[[[[[[[[[[[[[[[[[
940 3757
3757 4673
745 940
940 3683
2307 4673
534 4673
745 1758
745 1620
24 3683
2448 3683
2105 2307
2307 3338
534 3164
534 2798
1758 4711
1758 4104
1620 4176
1620 2670
24 4815
24 201
405 2448
2448 2727
2105 3726
684 2105
1945 3338
3338 4113
2782 3164
1594 3164
827 2798
2798 4201
66 4711
402 4711
3006 4104
1795 4104
4176 4216
681 4176
2670 4792
2670 3981
2080 4815
4494 4815
201 1494
201 3146
405 2649
405 3898
252 2727
2597 2727
2795 3726
456 3726
684 1093
630 684
257 1945
1945 4309
1382 4113
992 4113
2782 4471
2644 2782
1594 2740
1594 3700
827 1678
827 1482
3422 4201
3814 4201
66 720
66 2642
402 566
402 1974
3006 4204
3006 3599
1015 1795
468 1795
4216 4470
1072 4216
681 1608
681 1174
3251 4792
3839 4792
1965 3981
3981 4900
1631 2080
1031 2080
1078 4494
4494 4760
1494 3966
1494 1670
483 3146
3146 3661
700 2649
2403 2649
3873 3898
1669 3898
252 4310
252 1610
1852 2597
2597 4638
2795 2894
2795 3514
456 1767
456 1923
1093 4690
284 1093
630 1510
630 4929
257 322
257 3166
1529 4309
4309 4553
1181 1382
1382 3308
992 3217
992 1979
1396 4471
3294 4471
2391 2644
2605 2644
1458 2740
2740 4514
2102 3700
556 3700
1678 1797
1678 3982
1333 1482
1482 1554
3406 3422
65 3422
3814 4205
2703 3814
720 1260
720 2355
1141 2642
1185 2642
78 566
566 4979
1270 1974
1974 4229
4204 4714
3153 4204
3599 3858
281 3599
1015 1808
1015 3671
468 1481
468 3236
4470 4612
2158 4470
1072 3396
1072 1728
1608 2117
1608 4276
359 1174
1174 2335
2379 3251
3251 3876
1537 3839
3839 4610
1249 1965
1965 4784
4795 4900
1468 4900
1631 2340
970 1631
1031 1704
1031 3869
1078 2898
1078 4728
1763 4760
2581 4760
1196 3966
3966 3971
1670 4498
1151 1670
483 656
483 3013
2078 3661
388 3661
700 3777
9 700
2262 2403
760 2403
3344 3873
1101 3873
1669 3064
1669 3780
677 4310
1256 4310
1610 4209
798 1610
1852 4967
1852 3061
4638 4835
4638 4825
84 2894
2894 2939
1971 3514
2154 3514
1767 4748
1128 1767
828 1923
1923 4891
3947 4690
298 4690
284 3078
284 1047
1510 1963
1510 1769
4174 4929
4704 4929
322 1928
322 2143
3166 4345
3032 3166
1529 2428
1529 2475
1359 4553
2022 4553
1181 1568
1086 1181
3308 3799
3308 4981
110 3217
1524 3217
1979 4004
1979 2838
1375 1396
1396 4267
3294 4531
2943 3294
2391 3502
2391 2764
502 2605
1956 2605
614 1458
1458 1910
1506 4514
1455 4514
563 2102
1368 2102
556 756
556 3440
1797 2616
1797 2028
3982 4070
303 3982
1090 1333
1333 2787
1554 2034
1554 2700
3406 3729
2437 3406
65 401
65 4620
3282 4205
3342 4205
2703 4464
2703 4116
1007 1260
1260 3184
2355 4609
2355 2371
1141 1440
1141 4484
1185 4045
1185 2775
78 3731
78 2615
50 4979
1982 4979
1270 2574
94 1270
3963 4229
321 4229
1905 4714
2281 4714
3153 4482
3153 3395
2839 3858
3858 4739
281 2820
281 411
1808 4786
1808 4727
3671 4384
3671 4053
1481 3949
1046 1481
3236 3752
1516 3236
3841 4612
4612 4814
2158 2496
1448 2158
2815 3396
2031 3396
1728 4545
1728 1997
477 2117
2117 2461
379 4276
1052 4276
359 496
359 2191
1619 2335
1203 2335
1029 2379
120 2379
3499 3876
2981 3876
1537 1814
1537 4589
865 4610
872 4610
335 1249
1249 1655
4784 4855
612 4784
969 4795
3537 4795
1468 2241
1468 1731
2340 2641
2340 3341
970 2900
970 4667
1372 1704
1704 3022
2746 3869
1504 3869
2898 4277
2898 3796
2388 4728
2594 4728
1763 2228
1763 3648
2581 4750
1490 2581
1196 3851
1196 2014
2427 3971
1369 3971
49 4498
135 4498
1151 2300
1151 4488
656 4655
656 1652
2285 3013
241 3013
2078 4947
2078 4707
388 579
388 655
714 3777
3777 4349
9 2203
9 21
2262 4834
2262 4086
760 2283
760 3233
531 3344
441 3344
1101 4818
1101 2576
3064 3935
3064 4809
3780 4564
2116 3780
677 4869
677 3103
1256 1730
436 1256
53 4209
2061 4209
798 4670
267 798
4866 4967
2733 4967
2468 3061
98 3061
4675 4835
4353 4835
3142 4825
695 4825
84 3656
84 360
1911 2939
2939 4150
1971 4634
1971 2722
2154 4735
337 2154
3411 4748
3265 4748
749 1128
111 1128
828 1657
420 828
3988 4891
4190 4891
3947 3967
3947 4813
298 4238
298 1377
2685 3078
13 3078
153 1047
1047 4703
1939 1963
1963 2395
1769 2637
1769 4180
519 4174
4174 4499
4661 4704
1330 4704
790 1928
1928 2510
2143 3896
1517 2143
3795 4345
4345 4712
1318 3032
367 3032
737 2428
2337 2428
2364 2475
2429 2475
1257 1359
1359 3676
726 2022
2022 3890
1568 4848
151 1568
1086 3312
944 1086
654 3799
1742 3799
659 4981
1706 4981
110 430
110 4265
1524 4232
576 1524
3769 4004
2083 4004
2838 4894
2838 3318
1375 1846
1375 3031
2431 4267
637 4267
2120 4531
1822 4531
2497 2943
2943 3148
162 3502
542 3502
1969 2764
1827 2764
502 3223
502 2739
1956 3881
1956 4926
440 614
614 750
642 1910
1910 3116
1506 3366
1506 1844
458 1455
10 1455
563 2016
239 563
764 1368
1161 1368
756 3221
756 2317
497 3440
306 3440
2616 3587
2362 2616
2028 4421
832 2028
4070 4429
202 4070
303 1226
303 2856
1090 3323
1090 4774
1183 2787
2787 3272
2034 4985
1842 2034
2700 4688
2700 3601
3353 3729
3729 3875
2437 4123
1017 2437
401 4617
401 2976
4261 4620
1542 4620
1766 3282
3133 3282
1381 3342
751 3342
485 4464
4464 4559
2666 4116
3203 4116
1007 1142
1007 4731
3184 3473
2575 3184
1177 4609
4609 4720
2371 4065
1811 2371
1440 2926
38 1440
1599 4484
1253 4484
282 4045
3298 4045
1431 2775
2742 2775
804 3731
3263 3731
2615 4800
2615 4419
50 3920
50 4608
1982 2009
1982 3044
2574 3145
1135 2574
19 94
94 4903
223 3963
450 3963
321 2150
321 4319
1462 1905
1905 3999
2281 2363
668 2281
1567 4482
1198 4482
3073 3395
1079 3395
1176 2839
813 2839
823 4739
4397 4739
555 2820
649 2820
411 1834
59 411
1391 4786
48 4786
3024 4727
3474 4727
2436 4384
3693 4384
415 4053
1823 4053
1986 3949
1001 3949
179 1046
707 1046
643 3752
908 3752
554 1516
487 1516
1245 3841
1087 3841
602 4814
183 4814
2496 4007
2496 4030
160 1448
1448 3705
1459 2815
2197 2815
604 2031
1478 2031
641 4545
4545 4821
1235 1997
882 1997
477 4301
197 477
1840 2461
2461 4220
379 2586
144 379
1052 1228
1052 2279
496 4316
496 938
1204 2191
2191 4719
1579 1619
392 1619
1203 2945
936 1203
1029 4080
1029 1871
120 1901
120 2863
3499 4644
2684 3499
2446 2981
1865 2981
1814 4196
1814 3204
47 4589
3535 4589
865 2766
452 865
872 2837
872 2189
335 447
335 2829
1655 2955
1655 2938
3034 4855
3305 4855
276 612
344 612
969 4550
969 3913
482 3537
224 3537
1241 2241
142 2241
1731 4839
41 1731
2641 3654
112 2641
3341 4228
1265 3341
2900 4810
2900 2905
11 4667
132 4667
1372 3016
1372 3345
1322 3022
919 3022
1930 2746
1755 2746
1262 1504
1504 3908
4277 4960
1786 4277
2996 3796
2123 3796
2388 3329
2388 4779
187 2594
1552 2594
2228 4066
2228 3582
705 3648
702 3648
130 4750
1227 4750
1490 4962
1490 3756
3574 3851
408 3851
2014 4145
550 2014
2427 3025
2427 3921
1369 4077
1369 4468
49 2311
49 305
135 4391
135 3185
2300 2941
2300 3241
2704 4488
1409 4488
3168 4655
1152 4655
1652 1854
80 1652
445 2285
2285 4082
241 4079
241 3962
1918 4947
2026 4947
1626 4707
1511 4707
579 4830
579 2398
655 2159
655 2513
714 2333
714 4460
3309 4349
1022 4349
2203 4972
2203 2620
21 3325
21 4769
2439 4834
1352 4834
2122 4086
1775 4086
2283 4500
2283 2297
2638 3233
2227 3233
531 3218
391 531
441 4298
441 3304
3489 4818
3770 4818
886 2576
2576 3191
2372 3935
838 3935
4459 4809
4264 4809
664 4564
4564 4822
722 2116
2116 4155
4579 4869
4379 4869
2101 3103
3103 3937
1730 2923
1730 4089
436 4341
140 436
53 2683
53 2831
2061 2951
2061 3416
1269 4670
653 4670
267 4606
267 1290
1285 4866
548 4866
2415 2733
1757 2733
1747 2468
2468 3884
98 3619
98 1280
4619 4675
2879 4675
2072 4353
907 4353
773 3142
3142 3738
178 695
695 1080
3566 3656
1764 3656
360 4314
360 2309
1911 2526
588 1911
307 4150
1563 4150
1315 4634
835 4634
2722 3494
2065 2722
2075 4735
2721 4735
337 2036
337 1681
1643 3411
3411 3765
874 3265
3265 3927
749 3260
234 749
111 1878
111 4717
1657 1736
843 1657
420 1102
420 3834
1083 3988
3723 3988
2555 4190
4190 4846
3967 4844
242 3967
2037 4813
4766 4813
4238 4574
4225 4238
1377 4273
225 1377
2685 3446
2685 2871
13 2476
13 4244
153 414
153 4593
4322 4703
2010 4703
905 1939
1939 4522
2395 4607
2395 3425
1877 2637
2637 2778
4180 4398
1442 4180
519 3534
519 2170
4499 4520
2965 4499
1186 4661
683 4661
1330 2260
2 1330
790 3106
790 2253
2396 2510
1820 2510
2265 3896
3896 4883
1450 1517
1517 3155
1739 3795
3795 4684
3099 4712
2049 4712
1318 1536
846 1318
97 367
367 3878
319 737
737 2633
2337 3914
76 2337
564 2364
2364 3956
615 2429
2327 2429
1257 1934
131 1257
954 3676
889 3676
726 1627
726 1831
552 3890
3712 3890
1787 4848
1880 4848
36 151
151 1732
2271 3312
3312 4832
944 1853
944 2874
654 1530
654 3455
1742 2345
1742 4175
659 2713
659 1695
464 1706
1706 2348
430 1361
430 3894
2935 4265
3165 4265
3126 4232
3377 4232
576 1261
576 3432
3769 4887
3769 4833
752 2083
2083 2432
955 4894
4385 4894
2556 3318
3318 3483
1846 3276
150 1846
3031 3845
1936 3031
2431 2983
2431 2895
637 4952
637 3351
644 2120
2120 4416
671 1822
1602 1822
2111 2497
2497 4188
3148 4013
2134 3148
162 176
162 2875
542 1492
542 2208
1969 4457
1969 4307
1425 1827
1827 1883
287 3223
3223 4543
2483 2739
2739 3694
3237 3881
2351 3881
3792 4926
989 4926
440 4474
440 3360
750 3297
341 750
642 1143
301 642
3116 3788
528 3116
3366 3732
1692 3366
1719 1844
1773 1844
458 4951
458 1338
10 2269
10 3014
2016 4200
2016 4817
239 2830
239 1427
92 764
764 1346
1161 3903
1161 3143
2752 3221
3221 4215
822 2317
2317 3541
497 1973
255 497
306 3746
306 1210
650 3587
1414 3587
2362 4636
1389 2362
2636 4421
3054 4421
832 3772
832 3983
2210 4429
3332 4429
202 2828
82 202
1226 2797
1226 4038
2856 3057
2382 2856
1673 3323
3323 4909
3117 4774
744 4774
1183 2118
1183 3856
639 3272
3019 3272
2218 4985
2229 4985
1842 3046
1842 4074
616 4688
270 4688
3601 4163
3601 4687
3353 3602
1522 3353
3875 4660
3875 4008
3704 4123
839 4123
1017 4037
1017 4437
1467 4617
4245 4617
2976 3563
1096 2976
645 4261
3110 4261
467 1542
1542 3195
1766 4595
1766 2299
3133 4722
803 3133
1381 1580
1381 4956
751 3536
533 751
485 2272
485 3583
1807 4559
2320 4559
743 2666
2666 3069
175 3203
325 3203
1142 1868
875 1142
329 4731
776 4731
3473 4018
3473 4423
2575 3717
2575 4001
1177 2296
1177 3666
3586 4720
1860 4720
3742 4065
1977 4065
1811 2868
470 1811
1781 2926
2926 3211
38 3256
38 2933
1599 2417
1599 4557
1149 1253
674 1253
282 2312
282 567
339 3298
3298 4290
959 1431
1431 1705
2742 3562
2742 4279
804 3846
716 804
3263 3518
1103 3263
524 4800
4613 4800
4419 4440
4199 4419
100 3920
2759 3920
3642 4608
1748 4608
2009 2454
2009 4772
3044 4299
475 3044
2888 3145
3145 4036
1135 4286
1135 2416
19 2677
19 3926
2453 4903
2890 4903
26 223
223 2090
450 1066
450 4532
538 2150
2150 4357
72 4319
758 4319
600 1462
1462 2318
3802 3999
3137 3999
2363 2506
2363 3115
668 4085
668 3590
1092 1567
33 1567
1198 2192
1198 2326
2368 3073
3073 3085
1079 2242
1079 2988
826 1176
1176 4571
813 3820
813 2548
539 823
823 1534
18 4397
652 4397
555 723
555 2568
649 1286
649 2193
1834 3803
1834 2062
59 2774
59 3210
1084 1391
1391 4191
48 107
48 4663
920 3024
253 3024
1168 3474
3474 3774
1724 2436
2205 2436
932 3693
3693 4801
415 2904
415 3576
1275 1823
1823 2825
1986 4469
1986 3625
1001 2816
755 1001
179 2232
179 4509
189 707
707 3990
643 1874
643 1218
908 3114
332 908
554 2772
554 903
487 4281
487 2058
783 1245
1245 1937
1087 4346
1087 4280
602 4378
602 4912
183 3467
183 1202
1410 4007
3242 4007
2167 4030
698 4030
160 3359
160 1243
3705 4718
1863 3705
1459 2259
1459 2623
2197 4584
1059 2197
604 2313
604 4202
1478 4582
1478 4804
641 967
641 3238
4162 4821
2216 4821
1235 3247
1235 2409
882 2236
75 882
4301 4486
2628 4301
197 1855
197 2580
1840 2851
1840 3687
1659 4220
4220 4524
772 2586
1927 2586
144 2088
144 1395
1228 4026
1228 3005
2279 2664
2279 4658
1575 4316
442 4316
938 3319
938 1329
1204 4592
406 1204
4719 4953
1544 4719
324 1579
974 1579
392 4501
392 3567
119 2945
1722 2945
315 936
936 3961
1885 4080
409 4080
1871 3220
1871 2584
1901 2915
374 1901
2863 4039
1085 2863
2250 4644
734 4644
1796 2684
559 2684
463 2446
2446 4751
1865 2889
718 1865
3659 4196
4196 4768
1127 3204
3204 3306
47 4441
47 4510
1571 3535
2794 3535
1217 2766
2298 2766
452 1229
452 2057
2151 2837
2517 2837
2189 3343
2189 4132
447 1344
447 2211
1700 2829
2012 2829
2955 4527
1581 2955
275 2938
1582 2938
3034 4257
2288 3034
1685 3305
1623 3305
43 276
276 2660
344 2444
344 3807
4550 4749
1264 4550
1598 3913
3727 3913
482 3692
482 1949
224 890
224 4530
1241 3952
1241 4467
142 4262
142 4356
3936 4839
3420 4839
41 273
41 2536
1303 3654
2266 3654
112 4773
112 1862
2126 4228
3362 4228
1265 4946
1265 4451
443 4810
1593 4810
2905 4664
2905 3987
11 3882
11 2319
132 3964
132 1843
1154 3016
3016 3678
3345 3740
3345 3374
1322 2672
1322 1904
833 919
919 960
1930 3542
1930 2553
1755 3431
665 1755
1262 2000
1262 2377
3908 4721
1561 3908
3718 4960
3284 4960
1675 1786
1786 4755
2996 4371
2996 4127
1723 2123
290 2123
3329 4005
3329 3398
1240 4779
3835 4779
187 1972
187 4789
618 1552
1552 1925
4066 4458
1157 4066
1191 3582
2263 3582
705 1070
705 3470
702 3141
702 3457
130 3053
130 236
1227 3206
1227 1876
4950 4962
3547 4962
1830 3756
2788 3756
1821 3574
801 3574
408 963
408 4923
1297 4145
1272 4145
550 1569
550 1366
888 3025
3025 4392
3686 3921
3724 3921
1268 4077
4077 4580
624 4468
1014 4468
2311 3107
2311 4977
305 3273
305 748
3161 4391
438 4391
3026 3185
1751 3185
2033 2941
1451 2941
56 3241
1197 3241
2704 3892
1050 2704
1409 2786
1409 4092
2166 3168
3168 3669
634 1152
1152 3618
1854 4777
1854 2848
80 2200
80 1206
445 3532
445 1365
3027 4082
2085 4082
4079 4268
1057 4079
492 3962
3962 4477
1918 4311
280 1918
976 2026
2026 3581
1626 4904
1140 1626
1511 2076
1511 2048
1060 4830
3905 4830
2398 3992
2342 2398
2159 3369
2159 2508
1899 2513
192 2513
2212 2333
2333 2893
4017 4460
3302 4460
3309 4754
1234 3309
1022 3822
947 1022
580 4972
4828 4972
1935 2620
2620 4925
3325 4122
1666 3325
426 4769
981 4769
1223 2439
2439 4738
1352 2433
1352 2577
2122 2225
2122 2673
1775 2706
571 1775
4500 4924
215 4500
316 2297
2220 2297
2502 2638
2638 3448
2227 2386
2227 4461
1654 3218
3218 4142
391 3643
391 2094
2930 4298
3861 4298
3304 4964
3304 3754
3489 4136
2330 3489
1873 3770
2804 3770
886 2195
886 3941
3191 3794
3191 4326
2372 4756
2372 4858
838 3423
838 3950
3584 4459
2487 4459
819 4264
1770 4264
664 1587
664 2530
1445 4822
4282 4822
722 2137
722 3399
2511 4155
3122 4155
4579 4642
3573 4579
3685 4379
4379 4725
206 2101
1345 2101
3274 3937
1159 3937
432 2923
1990 2923
3904 4089
4089 4917
911 4341
2071 4341
140 1540
140 2392
2683 3677
2215 2683
2831 4671
2831 4740
1759 2951
2951 4697
1371 3416
3119 3416
693 1269
679 1269
653 3658
61 653
2750 4606
2520 4606
1290 3493
1290 3628
1285 3315
1285 3811
548 3591
548 3943
2415 3160
2415 4271
1219 1757
1757 4025
1121 1747
114 1747
3023 3884
1405 3884
2188 3619
2172 3619
1280 2315
1280 1309
3513 4619
3434 4619
304 2879
1473 2879
2072 2144
2072 2632
907 4511
198 907
773 3830
773 4686
1288 3738
2791 3738
178 4382
178 4170
1080 3004
1080 3985
3089 3566
952 3566
1764 4364
1764 1900
2015 4314
633 4314
2093 2309
902 2309
2526 3056
1838 2526
588 1782
588 4274
307 2059
307 3253
1563 4161
1563 3506
1315 1556
1315 4179
835 2278
835 4569
3494 4430
958 3494
220 2065
2065 4605
771 2075
2075 4242
2721 4975
578 2721
2036 3554
837 2036
1681 2709
1681 4682
1643 1924
358 1643
2671 3765
1156 3765
874 4726
180 874
558 3927
3927 4533
3260 3469
3260 4483
234 4706
234 3441
1878 4192
1878 4689
4014 4717
3429 4717
1736 2501
587 1736
843 4851
68 843
1102 3667
1102 2688
561 3834
2334 3834
1083 1271
317 1083
1418 3723
2803 3723
847 2555
2067 2555
1805 4846
3484 4846
1804 4844
1439 4844
242 3051
242 3020
1590 2037
2037 3222
1310 4766
1955 4766
4340 4574
4574 4693
3734 4225
4225 4948
712 4273
3915 4273
225 2365
225 2780
413 3446
3446 4599
233 2871
2871 3219
2476 3179
2476 4394
4244 4455
221 4244
414 2168
414 4987
2937 4593
1429 4593
2998 4322
4147 4322
2010 2053
1622 2010
500 905
905 2563
4275 4522
3230 4522
1546 4607
4266 4607
3425 3922
3387 3425
1877 4649
1877 2811
2778 3084
2201 2778
715 4398
2455 4398
212 1442
1442 4585
2667 3534
2882 3534
1616 2170
2170 2223
1992 4520
4520 4685
2965 3763
2965 3530
1186 2106
1186 4906
683 4516
683 3633
861 2260
2260 3910
2 1436
2 4121
2658 3106
2383 3106
2253 4560
2253 4042
1642 2396
2396 2516
1215 1820
1820 3520
670 2265
1644 2265
1948 4883
2619 4883
1450 3444
399 1450
2621 3155
2712 3155
1739 3991
1739 1917
1139 4684
4480 4684
3099 3180
1573 3099
1357 2049
2049 2961
1536 3973
1536 4865
846 1094
846 4120
97 3809
97 1938
2473 3878
1097 3878
319 1063
319 2282
2633 3551
2284 2633
802 3914
3914 4318
76 2153
76 2378
564 4096
564 4986
2113 3956
1941 3956
615 894
615 1098
2185 2327
592 2327
1934 4207
1934 4782
131 855
131 3244
954 3538
182 954
889 3548
407 889
1627 2650
1627 2989
1831 3507
1831 3352
79 552
552 3641
383 3712
3712 3857
1787 4880
1502 1787
1880 2450
1880 4538
36 2404
36 4432
1732 4849
1302 1732
1861 2271
2271 3490
4481 4832
2985 4832
128 1853
1853 4730
2874 3055
1386 2874
1530 4240
1530 3363
3433 3455
562 3455
925 2345
1697 2345
1282 4175
778 4175
2713 2792
2713 3132
1695 3592
1695 1952
464 3066
464 3821
2273 2348
347 2348
1361 4172
296 1361
3894 3916
365 3894
2935 3198
877 2935
1387 3165
3165 4611
3126 4629
1768 3126
3377 4068
956 3377
1261 2214
423 1261
1383 3432
2857 3432
2493 4887
4031 4887
842 4833
3880 4833
752 1474
752 3333
2432 4019
433 2432
955 1071
139 955
610 4385
4062 4385
2146 2556
2249 2556
1829 3483
356 3483
70 3276
2873 3276
150 3995
150 2069
3845 4034
3845 4770
1936 2813
1936 2066
1595 2983
2983 4635
1397 2895
1991 2895
2286 4952
3199 4952
3351 3589
3351 3613
644 3368
644 660
3979 4416
123 4416
671 4775
671 3437
1601 1602
1225 1602
410 2111
1913 2111
435 4188
4188 4615
3957 4013
3970 4013
2134 2592
1495 2134
176 2728
176 2500
2875 2901
721 2875
1492 4138
1492 4540
2208 3496
1420 2208
1836 4457
2631 4457
754 4307
2711 4307
1425 4650
1247 1425
672 1883
1172 1883
287 3860
287 547
971 4543
3386 4543
1003 2483
1505 2483
2302 3694
1735 3694
739 3237
3237 4344
1788 2351
2351 3893
2656 3792
218 3792
989 4519
989 3510
766 4474
1435 4474
2130 3360
581 3360
1583 3297
1886 3297
341 4534
341 3544
1143 3525
1143 3783
301 2990
301 1074
999 3788
105 3788
528 2323
528 1100
3255 3732
2495 3732
1692 3287
1692 2569
1719 4417
1719 2532
1773 4794
1773 3049
1175 4951
913 4951
330 1338
1338 4787
2269 4231
1336 2269
1354 3014
30 3014
3135 4200
526 4200
3631 4817
4438 4817
2830 4479
1255 2830
1427 2639
1427 4594
92 608
92 3977
1346 2376
1346 4060
3903 4021
3903 4698
3143 4473
3143 4521
46 2752
1558 2752
864 4215
4215 4861
363 822
822 912
2394 3541
2880 3541
1973 3300
1274 1973
255 2912
255 4485
3746 4393
3240 3746
1210 4466
1210 3739
650 3968
650 3324
1414 2469
1414 1712
3361 4636
3170 4636
1389 2907
1389 2855
222 2636
200 2636
2238 3054
3011 3054
883 3772
622 3772
521 3983
258 3983
2210 2462
1081 2210
152 3332
3332 4243
2828 4048
2828 3616
82 4389
82 394
2763 2797
2797 4452
3928 4038
3675 4038
498 3057
2465 3057
2382 2761
2350 2382
1673 3139
22 1673
3003 4909
1701 4909
106 3117
1858 3117
744 4303
744 4539
2118 4954
2118 2477
2419 3856
3174 3856
639 3413
639 2135
2622 3019
3019 4626
753 2218
2218 4724
2229 2405
2229 3481
867 3046
2572 3046
1125 4074
4074 4439
616 2523
616 1607
270 1006
270 4971
4163 4563
3339 4163
386 4687
2918 4687
590 3602
735 3602
808 1522
1522 1785
289 4660
4660 4859
2796 4008
2390 4008
2522 3704
3690 3704
839 4137
86 839
3426 4037
4037 4093
4288 4437
880 4437
77 1467
1467 4158
2248 4245
948 4245
873 3563
924 3563
597 1096
1096 2038
645 1036
645 3261
3110 4623
380 3110
467 857
467 3063
3195 4109
2589 3195
3235 4595
817 4595
2032 2299
1919 2299
728 4722
3246 4722
803 3600
803 1677
1580 3498
1580 3404
1691 4956
933 4956
1707 3536
3536 4901
533 2853
533 1551
2272 3316
892 2272
3583 4094
327 3583
1807 4916
1807 3101
2320 4785
2043 2320
507 743
743 986
3069 3443
3059 3069
175 428
175 797
325 3310
325 2237
586 1868
1606 1868
875 1519
585 875
329 4576
329 4998
776 3365
776 2479
2301 4018
1998 4018
2755 4423
294 4423
1020 3717
2842 3717
1959 4001
4001 4548
759 2296
860 2296
3577 3666
2770 3666
3586 4372
3586 3672
424 1860
1860 2239
3742 4465
3742 4890
195 1977
1977 4566
2504 2868
1499 2868
470 2081
470 4146
1781 2261
1781 4128
881 3211
3211 4734
1771 3256
3256 3350
1144 2933
2933 3885
2417 3043
2328 2417
811 4557
2867 4557
1149 2095
1149 3673
674 1729
674 1334
648 2312
1403 2312
567 595
567 3840
339 384
339 1636
769 4290
4290 4889
250 959
896 959
1705 3439
1705 2899
2451 3562
3102 3562
4279 4320
4237 4279
434 3846
437 3846
164 716
716 2736
2599 3518
1503 3518
1 1103
1103 4415
168 524
524 3552
4613 4765
669 4613
582 4440
4440 4518
1668 4199
973 4199
100 3177
100 2020
2759 4836
1402 2759
3642 4633
2494 3642
1748 3854
1314 1748
2255 2454
29 2454
1592 4772
3526 4772
2920 4299
897 4299
475 2531
475 1994
2888 3497
400 2888
3410 4036
2491 4036
740 4286
1035 4286
2416 3118
2416 2540
1798 2677
2677 4905
3372 3926
2039 3926
2453 3192
663 2453
2091 2890
2783 2890
26 4983
26 2749
2090 3925
2090 2691
1066 4091
1066 3959
4532 4646
1099 4532
538 3464
538 4386
851 4357
3689 4357
72 1408
72 3417
758 1674
758 4942
600 4133
600 3478
2318 3267
2318 2974
3646 3802
3802 4149
3137 4819
3137 3945
1337 2506
2506 4820
1690 3115
3115 3447
4085 4908
1164 4085
1637 3590
193 3590
1092 3719
1092 1800
33 785
33 4258
982 2192
1615 2192
2326 3580
505 2326
1350 2368
2368 2588
1817 3085
704 3085
900 2242
2242 2367
2988 3533
2988 4590
826 2082
826 2877
382 4571
2833 4571
570 3820
2653 3820
1689 2548
2548 2849
539 4845
539 2011
1430 1534
1534 4260
18 3151
18 2373
652 2156
274 652
723 1124
723 1117
2568 4741
1178 2568
1286 4256
199 1286
2193 4233
2193 4762
2840 3803
1993 3803
2062 3838
2062 4715
2089 2774
1033 2774
3210 3668
879 3210
1084 1921
1084 3292
3208 4191
1727 4191
107 1859
107 3790
4157 4663
1258 4663
920 3630
920 4427
253 3930
253 4529
1168 4218
527 1168
724 3774
603 3774
1724 3491
395 1724
1317 2205
2205 3477
932 4251
932 1765
3293 4801
4801 4850
1501 2904
2904 4399
2344 3576
279 3576
141 1275
1275 2346
262 2825
377 2825
2854 4469
2127 4469
710 3625
3475 3625
1696 2816
2690 2816
755 2902
755 3716
2232 4376
2232 4373
4509 4736
1130 4509
189 3998
189 2697
3657 3990
1879 3990
216 1874
1874 4691
1218 1967
1218 1441
2499 3114
412 3114
332 3549
332 473
779 2772
2772 4588
903 2112
156 903
4281 4723
2648 4281
1293 2058
854 2058
783 2019
159 783
884 1937
1214 1937
387 4346
3888 4346
3897 4280
691 4280
2892 4378
2657 4378
4362 4912
3157 4912
3467 4253
2758 3467
1202 4181
1202 2336
1410 3144
190 1410
1718 3242
2006 3242
2167 4236
2167 4424
698 2687
698 1038
2668 3359
3200 3359
706 1243
1243 2682
4223 4718
2909 4718
472 1863
987 1863
1679 2259
2259 2339
2623 3823
288 2623
2246 4584
4584 4841
1059 4614
1059 3980
1672 2313
780 2313
4202 4996
4202 4976
980 4582
1710 4582
2252 4804
4323 4804
967 4733
636 967
606 3238
3213 3238
2571 4162
4162 4843
2216 2240
2216 3844
2152 3247
133 3247
2254 2409
2409 4317
2236 4110
2236 4695
75 4783
75 1625
4222 4486
3557 4486
2445 2628
732 2628
1855 4713
553 1855
2580 3320
2580 2590
2851 4456
909 2851
3687 4168
3259 3687
1603 1659
1040 1659
3901 4524
3243 4524
772 4313
286 772
1927 2440
1912 1927
2088 4300
1745 2088
108 1395
1395 4512
4026 4672
136 4026
3005 4056
1779 3005
1684 2664
1171 2664
2676 4658
2583 4658
1575 3965
1575 4213
442 1380
442 978
2044 3319
3319 4493
1329 4984
1329 4652
2624 4592
3879 4592
406 3703
406 3608
551 4953
1521 4953
489 1544
1544 3550
324 343
324 4802
974 983
974 1651
3886 4501
1456 4501
1734 3567
3567 3828
119 2178
119 2244
1722 3917
1663 1722
315 2665
315 1316
3158 3961
58 3961
1885 4753
915 1885
409 1237
409 2971
3220 4999
3220 3453
1896 2584
2040 2584
2915 4321
2915 4974
374 1515
374 4051
1489 4039
2447 4039
1085 3370
1085 1374
2250 2310
2250 4135
734 4837
734 1284
1394 1796
1796 1962
559 1533
229 559
463 1648
463 840
2293 4751
3743 4751
2889 3637
2052 2889
718 2507
718 1932
488 3659
3659 4270
4447 4768
4058 4768
1127 4838
1127 1726
3306 4165
2963 3306
4441 4840
3201 4441
1091 4510
1222 4510
1571 3378
1571 4351
2794 4567
594 2794
962 1217
1217 3156
1507 2298
2298 3128
1229 3268
1229 2518
520 2057
265 2057
2151 4295
15 2151
2517 4758
2517 2593
3336 3343
1030 3343
3722 4132
713 4132
1344 4645
1344 2074
2211 2505
856 2211
1700 2421
1700 4995
2012 2535
2012 4776
1828 4527
770 4527
185 1581
1581 2087
275 4492
275 3127
1401 1582
1582 3215
393 4257
692 4257
2288 2936
2288 4743
495 1685
381 1685
1623 3487
1623 4302
43 4164
43 1406
2660 2779
404 2660
736 2444
1155 2444
729 3807
3178 3807
2927 4749
4187 4749
1264 2209
849 1264
1598 4324
1598 2056
3727 3797
725 3727
975 3692
2183 3692
680 1949
1949 2097
890 3173
890 2984
1660 4530
2969 4530
1898 3952
3952 4893
868 4467
4103 4467
4262 4806
1089 4262
1780 4356
2942 4356
3109 3936
457 3936
3420 3773
3379 3420
273 2717
273 2800
2045 2536
2536 3627
1303 3028
1303 3060
278 2266
2266 3569
2519 4773
818 4773
145 1862
74 1862
1475 2126
2126 3407
3362 4978
1632 3362
1069 4946
3227 4946
2560 4451
1248 4451
443 3278
443 3944
328 1593
1593 4640
2726 4664
673 4664
124 3987
1465 3987
1472 3882
820 3882
2109 2319
2319 3281
3964 4414
302 3964
1843 2765
1843 4325
1154 2544
1154 4239
565 3678
2110 3678
1762 3740
2753 3740
901 3374
1300 3374
1658 2672
2002 2672
626 1904
1744 1904
833 1605
833 2481
960 3415
126 960
1200 3542
3542 4495
2553 3640
2553 4778
3431 3747
3431 3902
560 665
510 665
2000 3485
2000 3076
2377 2640
2377 2488
3753 4721
2343 4721
1561 3279
1561 2844
3092 3718
293 3718
2729 3284
3284 3622
1675 3346
514 1675
1586 4755
3392 4755
2617 4371
1005 4371
397 4127
1321 4127
1723 2222
1723 4881
290 3545
290 2198
2338 4005
1618 4005
685 3398
37 3398
1240 4542
1240 3017
3750 3835
1358 3835
1972 3311
1972 4374
493 4789
3334 4789
618 2953
618 1320
499 1925
1497 1925
2635 4458
3558 4458
544 1157
1157 1525
1191 3140
1191 1825
2263 3275
536 2263
1070 4732
1070 4291
934 3470
3470 4526
993 3141
3141 3349
1523 3457
67 3457
1277 3053
1682 3053
236 3286
236 928
1061 3206
2289 3206
245 1876
1876 3863
2084 4950
4449 4950
261 3547
2979 3547
1830 4699
1830 3428
2788 4882
2352 2788
1821 3427
1355 1821
801 949
801 1890
963 1933
963 1789
4115 4923
1434 4923
1297 3819
1297 4982
1272 1477
1272 1891
1569 2270
1569 3745
1366 3585
1366 2245
888 1126
362 888
2452 4392
4392 4656
3588 3686
3686 4339
371 3724
988 3724
1268 3632
89 1268
3289 4580
532 4580
624 2443
624 3091
1014 2817
1014 4807
3107 4641
2025 3107
1129 4977
1564 4977
2004 3273
3273 3701
748 3296
748 4338
1433 3161
3161 3951
438 1216
438 1108
1566 3026
3026 4578
155 1751
1751 3041
858 2033
2033 3855
501 1451
1451 4355
56 509
56 3786
1197 4918
741 1197
640 3892
3288 3892
1050 3614
1050 2162
2786 4118
465 2786
2235 4092
2557 4092
461 2166
2166 3280
3669 4767
3669 4054
634 1208
634 2492
249 3618
3394 3618
4777 5000
775 4777
2725 2848
2848 4525
2200 4263
2200 3911
1206 4856
1206 1388
3532 4315
1803 3532
895 1365
71 1365
3027 4997
1251 3027
2085 3033
1043 2085
1671 4268
4097 4268
1057 3874
1057 1983
492 1362
492 2802
4477 4622
3764 4477
3295 4311
2881 4311
280 4278
280 1107
976 4936
976 1190
259 3581
870 3581
984 4904
3833 4904
1140 1849
418 1140
2076 2441
355 2076
2048 2807
1296 2048
1060 1645
231 1060
3074 3905
3905 4012
1847 3992
2896 3992
2342 2546
2021 2342
1687 3369
3369 4551
2508 2950
2508 2654
1899 4503
1810 1899
192 372
192 1958
2212 2647
809 2212
149 2893
2893 4189
782 4017
1042 4017
2872 3302
518 3302
2163 4754
4696 4754
1234 4472
1234 4072
3822 4654
3150 3822
947 4010
947 2595
580 4857
580 4388
2206 4828
4791 4828
1935 4892
1935 4234
2164 4925
1324 4925
943 4122
2466 4122
1399 1666
1666 2790
426 2399
426 4331
981 2596
981 3800
103 1223
1223 3317
1212 4738
4616 4738
2433 2630
2433 3529
1233 2577
657 2577
2225 3680
2225 4798
1526 2673
2480 2673
2706 3047
2706 4183
214 571
571 1641
2743 4924
2934 4924
215 2169
215 2042
316 646
316 1259
310 2220
2220 2705
2502 3812
2502 4289
3448 4496
2509 3448
2386 3385
2386 3331
2723 4461
3212 4461
1654 3382
557 1654
3171 4142
3409 4142
1305 3643
1160 3643
2094 2959
2094 2538
2139 2930
1461 2930
3196 3861
1514 3861
3381 4964
1869 4964
3754 4604
627 3754
2627 4136
1741 4136
1656 2330
2330 4812
1873 3383
1873 3827
1527 2804
2804 3517
2195 2710
1784 2195
1791 3941
3077 3941
3794 3864
3794 4140
248 4326
4326 4637
186 4756
3996 4756
2234 4858
314 4858
3423 4101
2133 3423
2767 3950
3216 3950
800 3584
2561 3584
607 2487
535 2487
476 819
819 1699
1770 2267
1770 3072
1587 4067
1587 3036
795 2530
807 2530
1445 1818
1445 3418
2834 4282
2381 4282
1193 2137
2137 4139
863 3399
1826 3399
2511 3958
466 2511
2539 3122
3122 4100
4642 4921
3029 4642
1325 3573
2086 3573
3685 4716
3685 4129
3787 4725
4186 4725
206 4955
206 763
1345 2459
1345 3805
991 3274
3226 3274
1159 3480
1159 4583
432 1419
87 432
117 1990
1990 2824
2092 3904
2366 3904
3650 4917
719 4917
911 3512
911 3760
767 2071
545 2071
1540 3762
1540 4627
478 2392
1783 2392
3367 3677
3677 4076
1307 2215
1984 2215
2836 4671
4671 4949
3781 4740
4740 4872
1759 3094
244 1759
4444 4697
3572 4697
1371 1373
1371 4124
3119 4920
3119 4803
693 4061
693 2643
291 679
679 1915
3658 4628
2204 3658
61 4536
61 1010
2750 3688
2750 3108
396 2520
2520 3638
3493 4327
3493 4679
1946 3628
1894 3628
2695 3315
3 3315
761 3811
3159 3811
163 3591
3007 3591
3943 4453
2060 3943
3160 4254
3160 4350
4271 4528
699 4271
1219 3112
1219 3571
4025 4561
1777 4025
1121 3553
1121 4063
114 4119
114 3176
3023 3877
2681 3023
1405 4049
1405 1597
611 2188
1578 2188
2172 3523
2172 4603
1299 2315
2315 3037
1309 3330
1133 1309
3513 4886
1148 3513
3434 3662
3434 4022
304 4112
304 4166
1473 3714
1473 1887
1694 2144
1306 2144
2632 4269
453 2632
3486 4511
2675 4511
198 3080
198 3436
3442 3830
2612 3830
2604 4686
3202 4686
1288 2435
977 1288
2791 2843
1165 2791
503 4382
662 4382
3167 4170
3655 4170
3004 3771
2978 3004
1970 3985
2108 3985
834 3089
2757 3089
952 3120
952 4572
2793 4364
2196 4364
504 1900
1900 2041
2015 2587
2015 4871
633 2287
633 2474
2093 2295
2093 3239
902 3847
902 1802
787 3056
3056 3578
1838 4099
1034 1838
444 1782
1347 1782
4274 4958
4274 4517
1870 2059
1464 2059
3224 3253
1851 3253
2696 4161
4161 4250
2277 3506
792 3506
1556 4932
1556 1702
1077 4179
3810 4179
1138 2278
2278 4621
3408 4569
3451 4569
1647 4430
3978 4430
460 958
300 958
220 1570
220 4363
3539 4605
4203 4605
771 4895
771 3955
3050 4242
4242 4737
4450 4975
830 4975
578 781
578 898
1145 3554
3554 3597
837 3067
837 3424
2709 3266
2347 2709
799 4682
480 4682
1924 2860
308 1924
358 4994
358 2393
1560 2671
353 2671
1156 4476
137 1156
2407 4726
2810 4726
180 4502
180 1173
558 1528
558 3194
1693 4533
104 4533
2760 3469
1013 3469
2679 4483
3623 4483
2194 4706
4706 4873
1635 3441
2651 3441
146 4192
4192 4428
852 4689
4689 4831
12 4014
4014 4757
1415 3429
3429 4009
2501 4154
1207 2501
587 2565
587 2035
3696 4851
4851 4938
68 4249
68 4868
2748 3667
3667 3682
2688 2883
916 2688
561 2618
561 2161
2334 2422
2334 4780
1271 4852
1271 2663
317 2423
317 2768
1418 4410
1418 3620
1109 2803
2803 3843
847 4919
847 3994
2067 2411
1105 2067
1805 4677
1805 2230
3484 3611
3484 3870
1804 3595
1799 1804
1110 1439
1439 1562
995 3051
2175 3051
3020 4360
251 3020
1590 2715
1590 3001
3222 4487
1498 3222
1310 1772
1310 3503
1588 1955
1955 2430
3358 4340
1279 4340
3098 4693
2801 4693
1760 3734
2136 3734
631 4948
1417 4948
712 2460
232 712
2771 3915
6 3915
1837 2365
2365 4125
2780 3836
2780 4361
413 4114
413 2292
2514 4599
4304 4599
233 3695
233 2906
3219 4885
451 3219
2125 3179
3179 3465
3445 4394
2174 4394
2689 4455
1908 4455
221 494
221 1639
2168 3492
1376 2168
1432 4987
1443 4987
805 2937
340 2937
1429 2512
1429 4370
2998 4152
1453 2998
1393 4147
3010 4147
515 2053
2053 3505
1622 3328
964 1622
500 3335
500 3761
2563 3254
2023 2563
628 4275
1531 4275
1437 3230
1106 3230
1546 2426
1546 3402
957 4266
3355 4266
3264 3922
3922 4933
3387 4586
3111 3387
2919 4649
2280 4649
796 2811
2811 3504
569 3084
266 3084
1112 2201
2201 3087
715 3337
715 3651
2455 3018
1555 2455
212 4860
212 1025
2357 4585
4585 4875
1950 2667
2667 2789
2882 4577
207 2882
1596 1616
115 1616
1518 2223
2223 2732
1011 1992
81 1992
4685 4902
4685 4965
3763 4556
3763 4126
3530 3561
170 3530
2106 4059
285 2106
4184 4906
2776 4906
4235 4516
3909 4516
2324 3633
1194 3633
861 2946
861 4558
1246 3910
584 3910
1436 3131
1436 2947
422 4121
1548 4121
2658 2966
2243 2658
2383 4332
2383 4939
1019 4560
1147 4560
4042 4347
4042 4506
1642 3784
1199 1642
831 2516
1613 2516
1215 2402
1215 2614
1413 3520
3520 4598
623 670
670 1064
1644 2294
1644 3124
1948 3593
1948 2611
2619 2864
2306 2619
3444 3728
3444 4896
399 697
271 399
1975 2621
2621 4027
572 2712
1944 2712
3991 4003
2745 3991
1917 2007
866 1917
1139 3097
1139 3214
3172 4480
4480 4729
1875 3180
3180 4016
138 1573
1573 3609
421 1357
1357 3891
2442 2961
2961 4878
1367 3973
3973 4555
3817 4865
4221 4865
1094 3104
1094 2073
3842 4120
3245 4120
2818 3809
2542 3809
1342 1938
1938 2077
2473 4032
998 2473
1097 2928
1097 3149
917 1063
1063 2138
2282 3373
2282 2701
2478 3551
3551 3975
2284 4336
687 2284
802 4153
802 3540
194 4318
1667 4318
2153 4877
2153 4475
1752 2378
2378 2944
3039 4096
2184 4096
1470 4986
2268 4986
2113 2360
2113 3322
1941 2645
283 1941
894 3283
894 4761
1098 2835
1098 4874
2185 3681
2185 3364
592 1557
592 4937
1914 4207
2731 4207
1864 4782
1480 4782
855 1169
855 3629
3193 3244
3244 3354
2176 3538
2400 3538
182 730
182 1614
3548 3837
1469 3548
407 4537
407 2027
2650 4050
2650 4970
2989 3940
1242 2989
2470 3507
203 3507
2529 3352
1942 3352
79 1220
79 762
1428 3641
844 3641
383 2903
383 2165
1612 3857
3857 4105
2762 4880
4497 4880
1502 3000
1502 4354
1539 2450
1341 2450
3515 4538
4535 4538
2404 4375
2404 3852
4432 4546
3468 4432
20 4849
292 4849
1302 3403
1302 4422
1861 4913
373 1861
1232 3490
2179 3490
541 4481
3565 4481
1565 2985
2985 3113
128 3250
128 4910
4296 4730
4117 4730
238 3055
2870 3055
320 1386
1386 2707
4240 4587
2716 4240
1466 3363
1703 3363
2610 3433
3433 4988
562 845
562 2567
689 925
925 1370
1697 3357
1697 2385
1282 1929
1282 4020
778 1980
118 778
2524 2792
1211 2792
1746 3132
853 3132
3592 4426
3340 3592
1952 4523
1952 3699
2406 3066
3066 4842
1591 3821
3821 3997
295 2273
836 2273
347 2018
347 1476
4057 4172
3782 4172
296 2100
296 4602
313 3916
1585 3916
299 365
365 1916
3198 3546
1385 3198
877 1134
877 3163
1267 1387
1387 3974
3189 4611
4071 4611
1016 4629
4507 4629
376 1768
696 1768
264 4068
4068 4618
956 2489
956 1037
765 2214
2214 3923
423 4973
423 4407
312 1383
1254 1383
2857 3476
1812 2857
2493 4367
1538 2493
3183 4031
1294 4031
842 1416
842 4052
3880 4151
3880 4549
1474 1832
1474 2601
3333 4044
613 3333
3849 4019
4019 4160
433 2573
433 1115
1071 4368
1071 2911
139 829
139 3698
610 1379
610 1572
625 4062
1422 4062
1633 2146
246 2146
2249 3187
2249 4935
17 1829
1829 4651
356 4568
113 356
70 4648
70 3946
2873 2982
1263 2873
1841 3995
2866 3995
2069 2608
63 2069
2221 4034
731 4034
3461 4770
1957 4770
2550 2813
169 2813
2066 2869
2066 3605
814 1595
69 1595
177 4635
3479 4635
1397 4446
1397 2846
1991 3508
1985 1991
73 2286
2286 3652
2913 3199
2958 3199
985 3589
1943 3589
568 3613
357 3613
3368 3405
2142 3368
660 4601
660 3697
2814 3979
2832 3979
123 1976
123 2987
1411 4775
1182 4775
3437 4928
471 3437
1601 2698
1308 1601
1225 2115
1225 1423
410 3986
410 601
378 1913
1913 2182
435 2603
435 3895
2128 4615
4615 4897
3808 3957
2233 3957
3932 3970
2809 3970
2592 4212
2525 2592
1132 1495
147 1495
2728 4308
1412 2728
55 2500
1452 2500
2901 3100
1920 2901
721 3735
721 3068
2291 4138
4138 4312
3460 4540
688 4540
3496 3663
1041 3496
1420 2024
621 1420
1836 3438
1836 4210
1857 2631
2631 3516
754 3058
754 3291
923 2711
2711 3042
4541 4650
2155 4650
1247 3867
1247 2754
672 1039
672 4156
1172 2490
1172 1454
1640 3860
2960 3860
547 3912
547 2384
971 3471
971 4064
2257 3386
1239 3386
1003 3933
899 1003
1505 2566
1505 1906
605 2302
2302 4006
1735 3257
968 1735
739 4033
739 1479
2625 4344
2303 4344
1788 4252
666 1788
3825 3893
2375 3893
1646 2656
217 2656
218 3670
218 4680
1493 4519
3401 4519
3510 4177
2738 3510
766 1266
766 4764
227 1435
1435 2551
2130 2822
419 2130
581 4600
581 2967
1583 2957
1583 4570
1886 3755
599 1886
2354 4534
1384 4534
204 3544
3544 4941
2823 3525
1119 3525
2545 3783
2932 3783
2626 2990
2990 4348
1074 2806
841 1074
352 999
999 3071
105 4911
105 4573
2323 3615
2323 3082
1100 1926
57 1100
2859 3255
3255 4442
2495 3575
2495 3604
3287 3610
2962 3287
2173 2569
2569 2680
486 4417
1289 4417
2532 2865
885 2532
2948 4794
3824 4794
3049 3768
2634 3049
8 1175
1175 2995
209 913
913 2068
330 1816
330 1617
2629 4787
3708 4787
1509 4231
4043 4231
812 1336
1336 2891
1354 3277
1354 1550
30 3015
30 891
3048 3135
2055 3135
526 1076
526 708
1815 3631
1491 3631
3207 4438
2533 4438
2202 4479
4029 4479
574 1255
816 1255
7 2639
1535 2639
1790 4594
3270 4594
608 1056
608 4383
1026 3977
1301 3977
2376 2503
277 2376
747 4060
4060 4404
2463 4021
3081 4021
4668 4698
2331 4698
3919 4473
167 4473
3088 4521
3559 4521
46 825
46 3789
154 1558
1558 3684
864 1720
864 3389
2147 4861
323 4861
62 363
363 3079
912 1866
93 912
2394 4870
2394 2799
1824 2880
1004 2880
3299 3300
703 3300
1274 1680
1274 1348
2361 2912
2003 2912
4485 4957
2258 4485
4195 4393
3052 4393
3240 4876
2467 3240
2321 4466
416 4466
3739 4435
2549 3739
1114 3968
311 3968
1989 3324
1018 3324
2469 4662
2469 2606
1712 3813
240 1712
161 3361
709 3361
3170 3793
862 3170
350 2907
1717 2907
1407 2855
2541 2855
222 3829
222 2114
200 3271
200 1252
1721 2238
2238 3065
914 3011
549 3011
883 1611
883 2537
622 4035
211 622
521 2702
521 4575
258 4692
258 1961
1960 2462
513 2462
1081 1486
1081 2256
152 2389
152 620
309 4243
619 4243
1332 4048
1738 4048
788 3616
1447 3616
686 4389
2486 4389
394 2369
394 4632
2763 3603
1189 2763
4452 4683
921 4452
517 3928
2425 3928
3675 4547
3675 4631
498 4194
498 4292
2465 2777
2465 4491
2761 4669
784 2761
2350 2914
2350 2908
3096 3139
1733 3139
22 2325
22 4710
2724 3003
479 3003
491 1701
1701 2005
106 4581
106 1360
1446 1858
1858 3154
4303 4744
1273 4303
4335 4539
157 4539
318 4954
3674 4954
1968 2477
2477 3321
1136 2419
994 2419
598 3174
2646 3174
3175 3413
3413 4702
2135 2730
1095 2135
2527 2622
2622 3090
1231 4626
678 4626
42 753
753 3038
3918 4724
2124 4724
2405 4144
2405 3607
3481 4630
3459 3481
88 867
867 2534
1065 2572
210 2572
1125 1888
1125 2370
4439 4504
4439 4944
2523 4597
2523 3002
52 1607
1276 1607
1006 1054
667 1006
3948 4971
4943 4971
368 4563
2418 4563
2699 3339
3339 4847
386 1000
386 403
2918 3045
1392 2918
590 4106
590 1319
448 735
336 735
808 2064
808 1390
1785 3639
1785 4434
289 793
289 4108
2046 4859
348 4859
2796 4219
929 2796
351 2390
2390 4333
635 2522
2349 2522
1008 3690
2107 3690
3929 4137
1162 4137
86 2719
86 1848
3426 3527
2964 3426
4093 4431
3960 4093
632 4288
893 4288
880 1488
880 2841
77 3414
77 575
1122 4158
1634 4158
2248 3644
2248 2694
948 1951
948 4829
873 3182
873 4816
924 2884
924 2131
597 2149
597 4478
60 2038
1988 2038
1036 4352
1036 1312
3093 3261
3261 3347
469 4623
2845 4623
380 3225
380 690
857 4811
857 2993
385 3063
3063 3205
931 4109
3472 4109
1287 2589
2589 4130
3235 4788
127 3235
817 2308
817 3815
1238 2032
1295 2032
45 1919
1919 3524
728 2756
728 4927
3246 4781
1404 3246
573 3600
3600 4445
1677 1743
1677 2408
629 3498
2805 3498
3404 4674
3129 3404
945 1691
1691 3621
933 2472
933 1021
997 1707
1438 1707
64 4901
1398 4901
2247 2853
2853 4230
364 1551
1104 1551
2129 3316
3316 4329
892 2812
892 4966
4094 4247
2607 4094
327 429
327 4554
4864 4916
2132 4916
1629 3101
2420 3101
4358 4785
1378 4785
727 2043
2043 2999
507 3612
507 4167
109 986
658 986
235 3443
3443 3488
3059 3883
2171 3059
428 3804
428 2970
122 797
797 821
3310 3741
3186 3310
2237 3531
1897 2237
586 1343
586 4489
1606 3252
1606 4746
1519 1819
953 1519
585 4169
585 3709
172 4576
3862 4576
2678 4998
768 4998
3365 4940
3365 4305
2479 3969
1686 2479
1902 2301
2301 2401
1998 3993
102 1998
2755 3232
2755 4409
294 3707
294 4980
1020 3831
1020 4343
2842 4930
2842 4024
1959 4400
31 1959
158 4548
3397 4548
759 4224
759 4401
794 860
860 2521
742 3577
425 3577
454 2770
269 2770
3248 4372
1549 4372
1179 3672
3672 4969
268 424
424 638
2239 4596
1356 2239
2359 4465
3070 4465
2413 4890
3720 4890
195 1363
195 1421
2949 4566
2579 4566
2187 2504
173 2504
1499 4197
1499 3269
427 2081
2081 4884
4146 4412
2001 4146
2261 4028
2261 3086
4128 4403
4128 4625
881 1201
85 881
859 4734
2387 4734
1771 2471
1638 1771
174 3350
1292 3350
1144 3871
1144 1698
1118 3885
1584 3885
96 3043
711 3043
961 2328
1323 2328
811 876
811 3400
1051 2867
966 2867
2095 2734
1806 2095
3390 3673
2099 3673
254 1729
1729 4095
1334 4081
1334 1966
648 3249
354 648
1048 1403
786 1403
595 1088
595 733
116 3840
2274 3840
384 1283
384 4395
1636 4418
1012 1636
769 2148
523 769
2921 4889
3134 4889
250 2231
250 4408
896 3190
896 3393
3439 3779
1444 3439
54 2899
1708 2899
230 2451
2451 4653
2456 3102
3102 4425
589 4320
1809 4320
3412 4237
1045 4237
434 3848
389 434
437 3314
437 2290
164 2458
164 1895
1335 2736
2736 3348
1661 2599
2013 2599
1503 1987
1503 4208
1 99
1 256
1547 4415
3748 4415
168 1978
168 2886
2954 3552
484 3552
3826 4765
3419 4765
669 4206
669 1801
361 582
582 2662
4515 4518
3751 4518
1668 2017
1668 3152
973 1471
973 4211
3177 4433
3009 3177
2020 2952
2020 3482
3775 4836
3197 4836
1402 3290
951 1402
90 4633
2199 4633
2304 2494
32 2494
1055 3854
2931 3854
1314 3463
1314 1737
2255 3989
2255 3030
29 3721
29 148
543 1592
1592 3942
3083 3526
3526 4111
2920 3972
1426 2920
897 1023
897 3758
2531 2714
2332 2531
1994 3509
1630 1994
3497 4294
2558 3497
400 2322
400 3733
1024 3410
2213 3410
1716 2491
2491 3262
740 3327
740 2226
583 1035
1035 2051
1609 3118
3118 4922
2540 3105
2540 4159
462 1798
1798 3624
1889 4905
4824 4905
3372 4226
3130 3372
2039 2217
2039 2940
3192 3953
3192 4888
663 2975
663 1513
2091 4390
1250 2091
682 2783
2783 4705
1163 4983
1893 4983
1954 2749
2564 2749
1964 3925
2741 3925
1460 2691
1776 2691
2669 4091
1351 4091
1113 3959
3307 3959
918 4646
1192 4646
346 1099
1099 3706
3464 4914
490 3464
1559 4386
2251 4386
851 4413
851 1120
3689 4377
3326 3689
1408 2924
1408 2693
2582 3417
848 3417
1674 3384
1674 4899
1150 4942
34 4942
4133 4709
2264 4133
2276 3478
3478 4366
922 3267
1577 3267
651 2974
2974 3062
3646 4657
2720 3646
3759 4149
1856 4149
23 4819
4330 4819
3945 4000
2910 3945
1337 1892
1337 2878
1940 4820
3816 4820
508 1690
334 1690
3138 3447
3447 4090
676 4908
3859 4908
95 1164
1164 4259
1637 4171
1637 3450
193 4436
193 3766
3719 4665
1487 3719
1800 4742
1800 3376
785 3954
785 2585
459 4258
3303 4258
982 2424
982 4069
1615 2449
1615 2578
1298 3580
1180 3580
505 577
39 505
609 1350
1350 1543
2588 3976
2070 2588
345 1817
1817 3645
704 3710
704 3564
900 2897
900 4284
2367 4406
2367 4255
1589 3533
3533 3798
2554 4590
3737 4590
2082 3021
2082 2887
2877 4337
2877 3258
382 4041
382 1457
1483 2833
2484 2833
570 4293
570 4328
2653 2785
1683 2653
27 1689
1689 1850
2849 3501
2849 4088
3188 4845
3801 4845
906 2011
272 2011
1430 3231
1430 2543
4148 4260
2674 4260
1073 3151
83 3151
774 2373
1835 2373
1600 2156
25 2156
274 3725
274 3466
738 1124
455 1124
530 1117
101 1117
5 4741
1049 4741
1178 1953
1178 3865
4256 4808
2773 4256
199 3388
199 4141
2314 4233
540 4233
2991 4762
1881 4762
2840 4002
1778 2840
1993 2414
1993 2096
3702 3838
1872 3838
1331 4715
2063 4715
2089 3229
2089 4198
1033 1813
1033 4463
375 3668
1062 3668
879 2598
879 3850
1921 4420
1170 1921
3292 3924
2862 3292
3123 3208
3208 4854
1727 1882
1727 2434
1859 4178
1859 4931
3790 4046
342 3790
196 4157
1158 4157
546 1258
1258 2973
3630 3776
3630 4759
2850 4427
2826 4427
1146 3930
1756 3930
2515 4529
2224 4529
4218 4676
481 4218
527 3785
527 1907
724 4862
724 1327
603 4359
603 3939
1111 3491
2819 3491
395 3653
121 395
1317 2956
1317 2600
717 3477
1833 3477
1774 4251
941 4251
1765 4084
188 1765
1604 3293
3293 3872
1184 4850
4369 4850
1501 2735
1044 1501
1400 4399
661 4399
1653 2344
2344 4078
279 1485
279 4745
141 2591
141 4797
1167 2346
516 2346
262 3012
262 1650
247 377
377 3495
2854 4879
1749 2854
2127 2821
2127 3664
710 4934
710 4989
1340 3475
2104 3475
525 1696
806 1696
1754 2690
2329 2690
2902 2929
2902 3832
208 3716
3568 3716
2482 4376
1839 4376
213 4373
4373 4490
4334 4736
4227 4736
1130 3136
1130 3665
226 3998
3998 4443
2697 3234
2697 3594
3657 4131
3462 3657
1879 2861
1879 3454
216 4790
216 3008
529 4691
4562 4691
369 1967
1715 1967
1441 4214
1441 1792
2180 2499
2499 4826
412 927
412 3095
1188 3549
789 3549
473 2562
473 4396
779 2916
779 4040
2992 4588
3984 4588
2112 4505
2112 3162
156 1058
156 522
2751 4723
3617 4723
2648 2661
2648 3579
1293 4411
1293 3075
854 4763
854 3555
2019 4075
2019 3452
159 3934
159 946
243 884
884 2485
1214 2140
1214 1922
387 2925
387 965
3888 4246
1326 3888
506 3897
2570 3897
691 3711
691 4591
815 2892
942 2892
1709 2657
537 2657
1541 4362
3522 4362
1574 3157
1304 3157
260 4253
950 4253
647 2758
2758 3313
2602 4181
4181 4402
1221 2336
2336 3715
972 3144
2356 3144
190 869
190 331
1053 1718
1718 3147
1664 2006
2006 4381
3228 4236
2852 4236
757 4424
1278 4424
2687 3598
1496 2687
1038 1576
44 1038
2157 2668
2668 3528
228 3200
2528 3200
706 2181
706 2718
1209 2682
2609 2682
1291 4223
990 4223
2909 3887
2909 4771
472 1628
472 4853
987 2498
987 4508
1679 1711
1679 4102
2339 4193
2339 3519
1947 3823
3691 3823
288 4666
288 4448
2246 2858
1166 2246
4285 4841
3778 4841
297 4614
2655 4614
1794 3980
926 3980
617 1672
596 1672
780 2380
780 3421
4643 4996
2207 4996
937 4976
1665 4976
980 3125
980 2747
326 1710
1710 1725
2252 3889
263 2252
338 4323
694 4323
1339 4733
171 4733
219 636
636 2769
606 935
606 3853
3213 4867
2977 3213
1224 2571
887 2571
2079 4843
3647 4843
2240 3679
2141 2240
1067 3844
2145 3844
1740 2152
2029 2152
133 2358
133 4107
1075 2254
2254 3430
3868 4317
1621 4317
4110 4863
2781 4110
3907 4695
2177 4695
370 4783
2972 4783
1625 4963
1520 1625
181 4222
2275 4222
449 3557
791 3557
1995 2445
2445 2613
732 2341
732 4805
4713 4752
3818 4713
553 1153
553 3169
3320 3596
3320 4182
2590 3806
1281 2590
4011 4456
3626 4456
909 2121
909 2050
3570 4168
1845 4168
1082 3259
1032 3259
1603 4915
1603 1753
1040 1116
1040 4544
91 3901
3901 4624
3243 3713
2008 3243
1349 4313
1311 4313
286 3899
286 939
2440 4823
1999 2440
910 1912
1002 1912
1981 4300
417 4300
1745 1903
1745 3736
108 4991
108 1123
4454 4512
1353 4512
591 4672
2827 4672
136 1761
136 1909
2547 4056
2876 4056
1779 3391
1779 4023
1684 3511
1684 4513
1171 4945
1171 1187
1449 2676
439 2676
2583 4283
2583 2980
1213 3965
2464 3965
3767 4213
1750 4213
1380 2652
1380 4681
978 3556
978 4647
2044 4565
165 2044
4098 4493
2708 4493
1131 4984
3635 4984
3209 4652
3636 4652
1424 2624
2624 4217
3879 4287
996 3879
1244 3703
2219 3703
3121 3608
2986 3608
551 4342
551 4827
1521 2054
184 1521
489 2103
489 3375
593 3550
2316 3550
343 4793
343 2847
474 4802
930 4802
983 3906
701 983
1651 3301
1651 2659
3886 4796
333 3886
1456 3285
1456 4134
1734 1793
431 1734
2047 3828
1027 3828
2178 4143
2178 3866
1068 2244
125 2244
2885 3917
2784 3917
777 1663
349 1663
2665 4185
2559 2665
1316 4747
1205 1316
675 3158
1884 3158
58 904
58 237
4694 4753
205 4753
915 3931
915 4405
1237 4297
1237 4248
2190 2971
1500 2971
3181 4999
2186 4999
191 3453
2160 3453
1896 3521
1896 2098
1236 2040
2040 4961
16 4321
4321 4959
3634 4974
3449 4974
1515 1931
1313 1515
2968 4051
51 4051
878 1489
1489 2808
2447 3791
1545 2447
3370 4047
3370 4272
1137 1374
1374 2997
850 2310
1867 2310
2410 4135
2353 4135
4241 4837
3749 4837
1284 4898
1284 1364
1394 1676
1394 4992
511 1962
1962 4700
1484 1533
28 1533
229 4087
229 979
1648 3649
1648 4701
840 4552
840 3040
166 2293
2293 2692
1328 3743
143 3743
390 3637
3637 4968
1624 2052
2052 4990
2397 2507
2457 2507
1932 4462
1932 4799
488 3500
488 4387
4270 4907
4270 4993
1463 4447
2119 4447
366 4058
1996 4058
746 4838
1028 4838
512 1726
1726 3606
3371 4165
1688 4165
2963 3543
2917 2963
4659 4840
4 4840
824 3201
2438 3201
1091 1532
1091 4678
1222 1713
1222 1714
2552 3378
3378 4708
3458 4351
2686 4351
2744 4567
4380 4567
594 4055
40 594
398 962
962 3456
446 3156
3035 3156
1507 3660
1195 1507
2737 3128
129 3128
1512 3268
1009 3268
2518 4073
871 2518
520 1649
520 3380
265 2030
265 3900
134 4295
35 4295
15 1662
15 1508
4365 4758
810 4758
2374 2593
1553 2593
1230 3336
3336 4173
1030 3435
14 1030
3722 3938
2922 3722
713 3744
713 4015
3730 4645
2994 4645
2074 2412
2074 3560
2505 3356
2505 4639
856 4306
856 2305
2421 4083
