5000
{{{{{{{{{{{{{{{{{{{{{{{{{{{{{{{{{{{{}{{{{{{{{{{{{{{{{{{{{{{{{{{{{{{{{{{{{{{{{{{{{{{{{{{{{{{{{{{{{{{{{{{{{{{{{{{{{{{{{{{{{{{{{{{{{{{{{{{{{{{{{{{{{{{{{{{{{{{{{{{{{{{{{{{{{{{{{{{{{{{{{{{{{{{{{{{{{{{{{{{{{{{{{{{{{{{{{{{{{{{{{{{{{{{{{{{{{{{{{{{{{{{{{{{{{{{{{{{{{{{{{{{{{{{{{{{{{{{{{{{{{{{{{{{{{{{{{{{{{{{{{{{{{{{{{{{{{{{{{{{{{{{{{{{{{{{{{{{{{{{{{{{{{{{{{{{{{{{{{{{{{{{{{{{{{{{{{{{{{{{{{{{{{{{{{{{{{{{{{{{{{{{{{{{{{{{{{{{{{{{{{{{{{{{{{{{{{}{{{{{{{{{{{{{{{{{{{{{{{{{{{{{{{{{{{{{{{{{{{{{{{{{{{{{{{{{{{{{{{{{{{{{{{{{{{{{{{{{{{{{{{{{{{{{{{{{{{{{{{{{{{{{{{{{{{{{{{{{{{{{{{{{{{{{{{{{{{{{{{{{{{{{{{{{{{{{{{{{{{{{{{{{{{{{{{{{{{{{{{{{{{{{{{{{{{{{{{{{{{{{{{{{{{{{{{{{{{{{{{{{{{{{{{{{{{{{{{{{{{{{{{{{{{{{{{{{{{{{{{{{{{{{{{{{{{{{{{{{{{{{{{{{{{{{{{{{{{{{{{{{{{{{{{{{{{{{{{{{{{{{{{{{{{{{{{{{{{{{{{{{{{{{{{{{{{{{{{{{{{{{{{{{{{{{{{{{{{{{{{{{{{{{{{{{{{{{{{{{{{{{{{{{{{{{{{{{{{{{{{{{{{{{{{{{{{{{{{{{{{{{{{{{{{{}{{{{{{{{{{{{{{{{{{{{{{{{{}{{{{{{{{{{{{{{{{{{{{{{{{{{{{{{{{{{{{{{{{{{{{{{{{{{{{{{{{{{{{{{{{{{{{{{{{{{{{{{{{{{{{{{{{{{{{{{{{{{{{{{{{{{{{{{{{{{{{{{{{{{{{{{{{{{{{{{{{{{{{{{{{{{{{{{{{{{{{{{{{{{{{{{{{{{{{{{{{{{{{{{{{{{{{{{{{{{{{{{{{{{{{{{{{{{{{{{{{{{{{{{{{{{{{{{{{{{{{{{{{{{{{{{{{{{{{{{{{{{{{{{{{{{{{{}{{{{{{{{{{{{{{}{{{{{{{{{{{{{{{{{{{{{{{{{{{{{{{{{{{{{{{{{{{{{{{{{{{{{{{{{{{{{{{{{{{{{{{{{{{{{{{{{{{{{{{{{{{{{{{{{{{{{{{{{{{{{{{{}{{{{{{{{{{{{{{{{{{{{{{{{{{{{{{{{{{{{{{{{{{{{{{{{{{{{{{{{{{{{{{{{{{{{{{{{{{{{{{{{{{{{{{{{{{{{{{{{{{{{{{{{{{{{{{{{{{{{{{{{{{{{{{{{{{{{{{{{{{{{{{{{{{{{{{{{{{{{{{{{{{{{{{{{{{{{{{{{{{{{{{{{{{{{{{{{{{{{{{{{{{{{{{{{{{{{{{{{{{{{{{{{{{{{{{{{{{{{{{{{{{{{{{{{{{{{{{{{{{{{{{{{{{{{{{{{{{{{{{{{{{{{{{{{{{{{{{{{{{{{{{{{{{{{{{{{{{{{{{{{{{{{{{{{{{{{{{{{{{{{{{{{{{{{{{{{{{{{{{{{{{{{{{{{{{{{{{{{{{{{{}{{{{{{{{{{{{{{{{{{{{{{{{{{{{{{{{{{{{{{{{{{{{{{{{{{{{{{{{{{{{{{{{{{{{{{{{{{{{{{{{{{{{{{{{{{{{{{{{{{{{{{{{{{{{{{{{{{{{{{{{{{{{{{{{{{{{{{{{{{{{{{{{{{{{{{{{{{{{{{{{{{{{{{{{{{{{{{{{{{{{{{{{{{{{{{{{{{{{{{{{{{{{{{{{{{{{{{{{{{{{{{{{{{{{{{{{{{{{{{{{{{{{{{{{{{{{{{{{{{{{{{{{{{{{{{{{{{{{{{{{{{{{{{{{{{{{{{{{{{{{{{{{{{{{{{{{{{{{{{{{{{{{{{{{{{{{{{{{{{{{{{{{{{{{{{{{{{{{{{{{{{{{{{{{{{{{{{{{{{{{{{{{{{{{{{{{{{{{{{{{{{{{{{{{{{{{{{{{{{{{{{{{{{{{{{{{{{{{{{{{{{{{{{{{{{{{{{{{{{{{{{{{{{{{{{{{{{{{{{{{{{{{{{{{{{{{{{{{{{{{{{{{{{{{{{{{{{{{{{{{{{{{{{{{{{{{{{{{{{{{{{{{{{{{{{{{{{{{{{{{{{{{{{{{{{{{{{{{{{{{{{{{{{{{{{{{{{}{{{{{{{{{{{{{{{{{{{{{{{{{{{{}{{{{{{{{{{{{{{{{{{{{{{{{{{{{{{{{{{{{{{{{{{{{{{{{{{{{{{{{{{{{{{{{{{{{{{{{{{{{{{{{{{{{{{{{{{{{{{{{{{{{{{{{{{{{{{{{{{{{{{{{{{{{{{{{{{{{{{{{{{{{{{{}{{{{{{{{{{{{{{{{{{{{{{{{{{{{{{{{{{{{{{{{{{{{{{{{{{{{{{{{{{{{{{{{{{{{{{{{{{{{{{{{{{{{{{{{{{{{{{{{{{{{{{{{{{{{{{{{{{{{{{{{{{{{{{{{{{{{{{{{{{{{{{{{{{{{{{{{{{{{{{{{{{{{{{{{{{{{{{{{{{{{{{{{{{{{{{{{{{{{{{{{{{{{{{{{{{{{{{{{{{{{{{{{{{{{{{{{{{{{{{{{{{{{{{{{{{{{{{{{{{{{{{{{{{{{{{{{{{{{{{{{{{{{{{{{{{{{{{{{{{{{{{{{{{{{{{{{{{{{{{{{{{{{{{{{{{{{{{{{{{{{{{{{{{{{{{{{{{{{{{{{{{{{{{{{{{{{{{{{{{{{{{{{{{{{{{{{{{{{{{{{{{{{{{{{{{{{{{{{{{{{{{{{{{{{{{{{{{{{{{{{{{{{{{{{{{{{{{{{{{{{{{{{{{{{{{{{{{{{{{{{{{{{{{{{{{{{{{{{{{{{{{{{{{{{{{{{{{{{{{{{{{{{{{{{{{{{{{{{{{{{{{{{{{{{{{{{{{{{{{{{{{{{{{{{{{{{{{{{{{{{{{{{{{{{{{{{{{{{{{{{{{{{{{{{{{{{{{{{{{{{{{{{{{{{{{{{{{{{{{{{{{{{{{{{{{{{{{{{{{{{{{{{{{{{{{{{{{{{{{{{{{{{{{{{{{{{{{{{{{{{{{{{{{{{{{{{{{{{{{{{{{{{{{{{{{{{{{{{{{{{{{{{{{{{{{{{{{{{{{{{{{{{{{{{{{{{{{{{{{{{{{{{{{{{{{{{{{{{{{{{{{{{{{{{{{{{{{{{{{{{{{{{{{{{{{{{{{{{{{{{{{{{{{{{{{{{{{{{{{{{{{{{{{{{{{{{{{{{{{{{{{{{{{{{{{{{{{{{{{{{{{{{{{{{{{{{{{{{{{{{{{{{{{{{{{{{{{{{{{{{{{{{{{{{{{{{{}{{{{{{{{{{{{{{{{{{{{{{{{{{{{{{{{{{{{{{{{{{{{{{{{{{{{{{{{{{{{{{{{{{{{{{{{{{{{{{{{{{{{{{{{{{{{{{{{{{{{{{{{{{{{{{{{{{{{{{{{{{{{{{{{{{{{{{{{{{{{{{{{{{{{{{{{{{{{{{{{{{{{{{{{{{{{{{{{{{{{{{{{{{{{{{{{{{{{{{{{{{{{{{{{{{{{{{{{{{{{{{{{{{{{{{{{{{{{{{{{{{{{{{{{{{{{{{{{{{{{{{{{{{{{{{{{{{{{{{{{{{{{{{{{{{{{{{{{{{{{{{{{{{{{{{{{{{{{{{{{{{{{{{{{{{{{{{{{{{{{{{{{{{{{{{{{{{{{{{{{{{{{{{{{{{{{{{{{{{{{{{{{{{{{{{{{{{{{{{{{{{{{{{{{{{{{{{{{{{{{{{{{{{{{{{{{{{{{{{{{{{{{{{{{{{{{{{{{{{{{{{{{{{{{{{{{{{{{{{{{{{{{{{{{{{{{{{{{{{{{{{{{{{{{{{{{{{{{{{{{{{{{{{{{{{{{{{{{{{{{{{{{{{{{{{{{{{{{{{{{{{{{{{{{{{{{{{{{{{{{{{{{{{{{{{{{{{{{{{{{{{{{{{{{{{{{{{{{{{{{{{{{{{{{{{{{{{{{{{{{{{{{{{{{{{{{{{{{{{{{{{{{{{{{{{{{{{{{{{{{{{{{{{{{{{{{{{{{{{{{{{{{{{{{{{{{{{{{{{{{{{{{{{{{{{{{{{{{{{{{{{{{{{{{{{{{{{{{{{{{{{{{{{{{{{{{{{{{{{{{{{{{{{{{{{{{{{{{{{{{{{{{{{{{{{{{{{{{{{{{{{{{{{{{{{{{{{{{{{{{{{{{{{{{{{{{{{{{{{{{{{{{{{{{{{{{{{{{{{{{{{{{{{{{{{{{{{{{{{{{{{{{{{{{{{{{{{{{{{{{{{{{{{{{{{{{{{{{{{{{{{{{{{{{{{{{{{{{{{{{{{{{{{{{{{{{{{{{{{{{{{{{{{{{{{{{{{{{{{{{{{{{{{{{{{{{{{{{{{{{{{{{{{{{{{{{}{{{{{{{{{{{{{{{{{{{{{{{{{{{{{{{{{{{{{{{{{{{{{{{{{{{{{{{{{{{{{{{{{{{{{{{{{{{{{{{{{{{{{{{{{{{{{{{{{{{{{{{{{{{{{{{{{{{{{{{{{{}{{{{{{{{{{{{{{{{{{{{{{{{{{{{{{{{{{{{{{{{{{{{{{{{{{{{{{{{{{{{{{{{{{{{{{{{{{{{{{{{{{{{{{{{{{{{{{{{{{{{{{{{{{{{{{{{}{{{{{{{{{{{{{{{{{{{{{{{{{{{{{{{{{{{{{{{{{{{{{{{{{{{{{{{{{{{{{{{{{{{{{{{{{{{{{{{{{{{{{{{{{{{{{{{{{{{{{{{{{{{{{{{{{{{{{{{{{{{{{{{{{{{{{{{{{{{{{{{{{{{{{{{{{{{{{{{{{{{{{{{{{{{{{{{{{{{{{{{{{{{{{{{{{{{{{{{{{{{{{{{{{{{{{{{{{{{{{{{{{{{{{{{{{{{{{{{{{{{{{{{{{{{{{{{{{{{{{{{{{{{{{{{{{{{{{{{{{{{{{{{{{{{{{{{{{{{{{{{{{{{{{{{{{{{{
3415 4571
1183 4571
3415 4684
1198 3415
1183 1311
1183 2317
2461 4684
913 4684
887 1198
1198 1693
37 1311
1311 2288
2317 4448
434 2317
2342 2461
303 2461
913 2738
913 4121
887 3769
887 1623
1129 1693
1544 1693
37 1404
37 1227
148 2288
2288 3416
4448 4794
2896 4448
434 2595
32 434
735 2342
2342 3507
303 4013
303 1116
2738 2761
2738 3598
2232 4121
4121 4432
188 3769
2955 3769
1623 4073
1623 2481
1129 3459
46 1129
1544 2600
1544 2652
1404 2292
1404 3197
1227 4827
1227 3805
148 1913
148 849
3416 4063
1441 3416
874 4794
2772 4794
2896 4802
1787 2896
2595 3494
1189 2595
32 493
32 3038
735 2023
735 2118
278 3507
3245 3507
4013 4049
4013 4853
1116 1188
986 1116
2761 2986
1427 2761
2642 3598
494 3598
2232 4687
1989 2232
85 4432
4432 4436
188 4210
188 4072
2506 2955
2955 3783
1628 4073
1266 4073
2481 2931
2481 4127
3459 4633
539 3459
46 783
46 708
1303 2600
905 2600
448 2652
1695 2652
1195 2292
2292 3148
1939 3197
2878 3197
2789 4827
741 4827
1922 3805
2336 3805
1913 2554
1913 2163
849 2468
849 2646
324 4063
3854 4063
1441 1658
1441 2907
533 874
679 874
2772 3586
1912 2772
3092 4802
2852 4802
1787 4274
1787 4818
1608 3494
789 3494
1189 4700
424 1189
493 2921
493 2893
3038 4877
2283 3038
2023 4528
2023 2810
2118 3741
1485 2118
278 4540
278 335
1355 3245
3245 3635
4049 4730
4029 4049
2949 4853
2829 4853
1188 2262
1188 1657
986 1923
986 1407
2986 4153
2986 4468
1090 1427
257 1427
2642 3835
1100 2642
494 3091
494 2550
1994 4687
4161 4687
1989 4699
1989 2622
85 3758
85 997
4436 4502
618 4436
4210 4592
2874 4210
2041 4072
136 4072
2506 4380
460 2506
1095 3783
1536 3783
1628 1946
1628 3580
948 1266
1266 4263
2931 3944
2569 2931
16 4127
2168 4127
1058 4633
2515 4633
539 4848
539 1434
783 1597
263 783
708 3063
492 708
1303 2658
1037 1303
905 2095
905 3159
448 3352
448 604
1695 2301
1695 4811
1195 3928
1195 4906
2519 3148
3148 3263
1939 3566
1939 2395
1138 2878
1241 2878
760 2789
2789 4496
741 4485
446 741
1041 1922
1922 2333
2336 2560
2336 3812
2457 2554
2554 4682
1099 2163
2163 4755
968 2468
2468 4803
2646 3641
2646 4801
324 3727
324 4645
68 3854
1459 3854
1419 1658
1658 4757
2907 3258
2907 3203
533 2300
533 3590
679 1612
679 1648
1919 3586
1493 3586
1843 1912
956 1912
1709 3092
706 3092
1015 2852
2852 3571
4274 4866
4042 4274
1490 4818
1483 4818
1608 1992
1608 4222
789 3766
789 3677
290 4700
827 4700
424 2948
424 1150
2921 3975
641 2921
1706 2893
831 2893
1879 4877
3954 4877
447 2283
1162 2283
1301 4528
3246 4528
2810 4447
2226 2810
3741 4175
2112 3741
1485 3473
1485 3739
2100 4540
4524 4540
335 3503
335 3960
676 1355
1355 4896
2489 3635
3635 4910
4730 4766
4411 4730
1543 4029
4029 4363
781 2949
1390 2949
2829 2860
342 2829
2262 3898
72 2262
1657 4497
1657 3253
1732 1923
1923 3624
1407 2205
1407 3468
125 4153
305 4153
3675 4468
4468 4493
1090 3555
1090 1615
257 3248
257 4231
3609 3835
3835 4668
1100 2685
1100 2017
428 3091
2885 3091
2550 2678
2550 3088
1994 3294
149 1994
4161 4202
3427 4161
2045 4699
2265 4699
484 2622
2622 3097
1827 3758
3758 4944
997 4358
207 997
2651 4502
4251 4502
595 618
618 2724
579 4592
4110 4592
2874 3213
115 2874
2041 4418
2041 3714
136 1841
136 2681
235 4380
657 4380
460 2525
460 4486
258 1095
1095 3090
1510 1536
1536 2463
1017 1946
1946 4998
2312 3580
3580 3659
499 948
948 3288
65 4263
3435 4263
3944 4211
3944 4941
2569 3830
2569 4008
16 3265
16 3017
472 2168
1111 2168
182 1058
1058 4397
2515 4823
2515 3763
1647 4848
4848 4962
1434 4598
1434 2077
1597 2562
1597 1982
263 3557
263 922
1307 3063
307 3063
492 3743
492 3885
2658 4047
2658 3518
1037 1909
1037 4795
862 2095
2095 4890
2559 3159
1199 3159
2814 3352
3352 3686
604 1077
604 2458
2301 4102
795 2301
1126 4811
2899 4811
2770 3928
2920 3928
4741 4906
2742 4906
2081 2519
1761 2519
161 3263
271 3263
3566 4662
2198 3566
2395 3447
2395 3430
190 1138
212 1138
889 1241
1241 1480
760 882
625 760
3567 4496
2785 4496
2981 4485
4485 4733
446 3408
446 2713
1041 2425
228 1041
2333 2493
1727 2333
2560 3893
1814 2560
3812 4033
2 3812
2271 2457
1802 2457
4543 4682
900 4682
1099 2347
1099 1569
4755 4869
1154 4755
968 2741
968 4705
4803 4907
4739 4803
1951 3641
408 3641
642 4801
3993 4801
3727 4370
82 3727
4173 4645
221 4645
68 4672
68 1398
1459 2212
1459 2692
593 1419
1419 4955
2718 4757
2791 4757
2054 3258
2547 3258
3203 4893
3203 4744
2300 2844
1389 2300
3590 4223
1566 3590
1612 2177
1612 4647
1648 2113
1648 4019
1919 4267
421 1919
1493 3401
1493 3818
1527 1843
1843 3515
272 956
956 1979
1709 4608
1709 4017
706 1230
706 1339
1015 2962
1015 2002
86 3571
1064 3571
3487 4866
4443 4866
925 4042
2845 4042
210 1490
1310 1490
95 1483
1483 3625
1433 1992
764 1992
1192 4222
4222 4810
1910 3766
523 3766
2502 3677
3050 3677
290 2243
290 540
827 1193
827 2947
2948 3391
2948 3523
1150 3448
1150 4389
2865 3975
2200 3975
641 1681
641 1703
1706 4272
1706 3170
831 4099
439 831
1879 4048
319 1879
2928 3954
2334 3954
447 2990
447 656
1162 3491
485 1162
1301 4926
1301 3145
1380 3246
744 3246
3132 4447
325 4447
1754 2226
2226 3058
2319 4175
699 4175
2112 3920
823 2112
998 3473
2137 3473
3739 4066
3739 3923
2100 2156
20 2100
3343 4524
773 4524
474 3503
249 3503
202 3960
842 3960
676 1166
676 1125
4878 4896
3724 4896
160 2489
2489 4481
1457 4910
4625 4910
895 4766
3841 4766
3756 4411
1596 4411
244 1543
1543 1969
2950 4363
1202 4363
781 3112
781 1055
1390 3469
1390 3828
2071 2860
2860 3325
342 1148
342 3771
1399 3898
1336 3898
72 462
72 1246
4359 4497
4026 4497
3253 3359
648 3253
1732 1929
1732 2021
588 3624
3624 4268
1078 2205
1280 2205
3468 4482
1579 3468
125 1540
125 1367
305 651
305 3341
1033 3675
3675 3802
1764 4493
1219 4493
74 3555
1513 3555
1074 1615
1615 2399
508 3248
1800 3248
4231 4855
4104 4231
2108 3609
3609 4772
1496 4668
3268 4668
2685 4291
2685 3096
677 2017
2017 4824
428 4884
428 4455
538 2885
2885 3178
2678 3065
1949 2678
3088 3111
3088 3966
2314 3294
2561 3294
149 4394
149 3234
4202 4710
1883 4202
3427 3676
2111 3427
2045 2097
2045 4100
911 2265
2265 3015
484 973
484 1124
927 3097
2270 3097
1827 2871
1827 2926
4305 4944
388 4944
3948 4358
4358 4362
8 207
207 4822
2160 2651
2651 4281
3934 4251
793 4251
595 1539
595 4835
1908 2724
181 2724
219 579
579 4205
1444 4110
1081 4110
1394 3213
3213 4364
115 1491
52 115
4418 4901
2945 4418
1610 3714
2209 3714
1841 4950
1841 2503
2681 4539
1054 2681
235 1488
235 2783
41 657
657 3903
88 2525
2124 2525
1839 4486
3336 4486
258 1212
258 2219
3090 3517
3090 4986
1510 4655
1510 2991
2176 2463
2463 4587
1017 3661
437 1017
4674 4998
4360 4998
2312 3078
1961 2312
548 3659
937 3659
499 3549
499 2277
2420 3288
2958 3288
65 893
65 2686
2341 3435
970 3435
3945 4211
4211 4398
2799 4941
904 4941
2796 3830
3830 4537
4008 4585
2498 4008
2539 3265
3265 3550
3 3017
1996 3017
70 472
472 1892
1111 3843
443 1111
182 3284
182 1345
3298 4397
4397 4779
1626 4823
4800 4823
3763 4789
2159 3763
1647 4940
1647 3087
3638 4962
2823 4962
346 4598
2138 4598
2077 2134
2077 4837
2562 4149
2562 4515
1982 3908
989 1982
138 3557
2798 3557
922 4045
922 3256
1307 3723
1307 1724
307 3094
307 3403
3743 4839
565 3743
3119 3885
3004 3885
1022 4047
3307 4047
1047 3518
3518 3882
617 1909
1909 2439
2330 4795
2749 4795
862 3628
862 4444
2276 4890
1583 4890
1953 2559
1086 2559
1199 3768
1199 4522
172 2814
1633 2814
3083 3686
1777 3686
1077 4458
851 1077
49 2458
2458 3613
799 4102
1259 4102
795 1042
795 3978
1126 3532
63 1126
2759 2899
2899 3990
1072 2770
2770 3562
2920 3979
1521 2920
1551 4741
415 4741
2742 4920
2665 2742
2081 4545
2004 2081
1761 2545
1761 2764
161 2617
161 2961
271 4727
271 1833
4488 4662
51 4662
2198 3179
2198 3542
3447 4401
3447 4475
3430 3569
3430 4391
190 4478
190 3539
212 4043
212 4862
140 889
889 1643
1480 3502
1480 2558
882 1316
882 4054
625 3798
361 625
2873 3567
3395 3567
2785 3340
1673 2785
978 2981
787 2981
972 4733
3231 4733
1258 3408
3408 4798
1454 2713
440 2713
2425 3501
1141 2425
228 4206
228 4847
2493 4701
1967 2493
1727 1972
1727 4454
841 3893
3773 3893
613 1814
253 1814
456 4033
884 4033
2 4859
2 3492
2271 3060
2271 4484
1802 2181
1802 4997
4543 4667
4543 4881
900 1035
900 4338
2347 4977
464 2347
1569 4297
1569 3958
3977 4869
877 4869
777 1154
518 1154
275 2741
2741 3533
217 4705
4705 4806
4437 4907
2906 4907
3054 4739
1602 4739
1951 2145
1951 2441
408 2527
211 408
642 4098
642 3455
2543 3993
3852 3993
2912 4370
2438 4370
82 542
82 971
1265 4173
1327 4173
221 2682
221 4266
753 4672
3261 4672
340 1398
1398 3332
337 2212
133 2212
1808 2692
2692 4676
593 1592
593 1142
3287 4955
724 4955
1773 2718
1478 2718
890 2791
2326 2791
704 2054
2054 3536
2547 4568
1889 2547
4893 4925
4752 4893
3776 4744
4591 4744
2036 2844
2844 3607
581 1389
1389 1765
2684 4223
1137 4223
1566 1849
1566 2293
2177 2296
397 2177
196 4647
1641 4647
2113 2383
2113 2394
4019 4303
790 4019
1531 4267
1460 4267
421 1860
421 1515
544 3401
3401 4422
669 3818
3282 3818
1527 3113
1527 4264
2056 3515
226 3515
272 3816
272 3337
1979 3241
1979 2832
4271 4608
2598 4608
1018 4017
139 4017
1230 1260
471 1230
1339 2424
1036 1339
1739 2962
2962 4931
2002 4652
2002 3622
86 1244
86 4477
1064 1163
1064 1378
3354 3487
2214 3487
4443 4949
4240 4443
925 1611
925 1593
2845 4166
646 2845
210 412
210 4082
687 1310
1310 3072
24 95
95 654
3625 3983
575 3625
892 1433
1433 4961
764 1796
50 764
1192 1547
1192 3134
3544 4810
681 4810
1910 2195
1910 3477
523 2119
523 2427
2266 2502
619 2502
3050 4594
2305 3050
1930 2243
2243 2727
540 2057
339 540
159 1193
1193 3141
2047 2947
2947 4463
1600 3391
866 3391
3523 3888
1779 3523
1048 3448
733 3448
2951 4389
4389 4809
742 2865
1321 2865
2200 3829
1208 2200
1681 3121
757 1681
1703 2818
1703 2055
2582 4272
423 4272
105 3170
3048 3170
4099 4567
2102 4099
18 439
439 4838
736 4048
1092 4048
319 859
319 4836
2928 3018
2928 4180
2334 3461
2037 2334
2990 4615
2990 3431
656 3862
656 1156
1381 3491
3491 4937
485 1920
485 3640
3107 4926
1226 4926
2917 3145
150 3145
1380 1664
979 1380
744 3930
744 1410
2657 3132
1435 3132
325 2345
295 325
1364 1754
330 1754
1117 3058
1845 3058
1707 2319
2319 3729
699 3001
699 848
364 3920
2248 3920
823 1007
823 3672
998 2435
998 4570
1436 2137
2137 2245
1614 4066
1304 4066
2127 3923
3923 4981
2156 3649
2156 2162
20 918
20 4690
3343 4025
916 3343
773 1498
773 4055
474 876
474 1194
249 3372
249 3844
202 4888
202 2677
842 2372
842 1680
754 1166
1166 3971
1125 3744
608 1125
1371 4878
3238 4878
868 3724
2063 3724
160 822
160 260
1275 4481
1182 4481
1457 4115
29 1457
3409 4625
3417 4625
895 4850
895 4658
556 3841
1403 3841
3756 4328
3317 3756
369 1596
1596 3546
244 2957
244 2052
1045 1969
1969 2391
863 2950
2950 4679
1202 4639
1202 1475
1649 3112
3112 4117
1055 1379
194 1055
1277 3469
549 3469
3433 3828
3828 4326
2071 4970
2071 3440
3325 4994
2825 3325
1148 4646
1148 1414
3771 3976
3277 3771
1399 3584
1399 2937
1336 3334
1336 4737
462 2516
462 3128
1246 2224
1246 3496
3926 4359
292 4359
220 4026
4026 4293
3359 4384
1632 3359
648 4923
648 4061
1929 3042
576 1929
2021 2367
1853 2021
588 4131
241 588
323 4268
3616 4268
1078 2386
1078 2954
1280 3036
1280 1505
686 4482
2812 4482
1579 4289
516 1579
1540 3968
1540 3470
1367 1790
1367 3235
651 4022
651 2654
3341 3670
2915 3341
119 1033
1033 4116
3802 4275
3802 4498
1764 4133
1764 4313
1219 3772
1219 4376
74 1180
74 2564
1513 4675
1185 1513
1074 2104
1074 2856
2399 4689
1960 2399
400 508
178 508
386 1800
1800 2616
4855 4908
4371 4855
3797 4104
4104 4874
2108 2186
2108 3383
765 4772
1812 4772
1496 3257
1496 2286
3268 4813
873 3268
3992 4291
4101 4291
3096 4168
3096 3108
677 4139
677 4136
4753 4824
4262 4824
356 4884
4692 4884
184 4455
1377 4455
509 538
538 4341
898 3178
2020 3178
3065 4106
2993 3065
280 1949
1949 4517
3111 4723
165 3111
106 3966
2019 3966
2314 3957
1110 2314
1196 2561
2405 2561
4325 4394
1638 4394
638 3234
3075 3234
3851 4710
626 4710
26 1883
1883 1959
147 3676
1862 3676
2111 4405
1644 2111
2097 4947
2097 2509
4100 4815
810 4100
911 2450
911 3250
1319 3015
2356 3015
920 973
973 4024
1124 2535
1124 2916
927 1465
927 2963
266 2270
1170 2270
2871 3059
2726 2871
1103 2926
2926 4105
429 4305
2709 4305
388 4929
388 2794
994 3948
3478 3948
660 4362
2250 4362
8 1557
8 705
938 4822
4786 4822
2160 4638
2160 3338
1784 4281
4281 4873
146 3934
2135 3934
333 793
793 3156
1539 4976
1539 2065
3157 4835
4302 4835
1908 3151
1908 2252
181 4056
181 794
219 3833
219 3781
3952 4205
2216 4205
1444 1726
628 1444
1081 4936
1081 2650
1394 4688
224 1394
2766 4364
980 4364
487 1491
1491 3102
52 1356
52 1835
413 4901
2454 4901
1338 2945
2511 2945
1610 2302
93 1610
2209 3731
2209 3419
3450 4950
4665 4950
2503 2988
2503 4462
3219 4539
3707 4539
336 1054
1054 2431
1437 1488
1488 4834
2783 4555
2783 2831
41 3900
41 919
2469 3903
3656 3903
88 4122
88 1660
2124 4930
710 2124
370 1839
1839 4277
1467 3336
2580 3336
1212 4841
1212 2691
2219 3032
674 2219
3517 3868
1785 3517
1625 4986
3463 4986
2934 4655
4005 4655
1060 2991
2991 4579
2176 2978
1487 2176
389 4587
3667 4587
3661 4651
3439 3661
437 2155
437 4613
3086 4674
1568 4674
1159 4360
4142 4360
1807 3078
2174 3078
1961 4761
1961 3025
548 4003
548 2804
937 4632
937 3080
3549 4738
1571 3549
649 2277
2277 2740
1411 2420
1618 2420
89 2958
2343 2958
718 893
582 893
2282 2686
1471 2686
2341 3510
2341 4382
970 3665
970 1135
2132 3945
2079 3945
4398 4620
782 4398
2799 3738
2544 2799
904 3645
904 3301
2086 2796
2796 4112
385 4537
578 4537
2626 4585
3647 4585
2498 3398
2498 3807
2539 4306
573 2539
1366 3550
3550 4197
3 616
3 168
1412 1996
1857 1996
70 3188
70 4053
1892 4979
1892 4181
2634 3843
3843 4160
129 443
443 1370
3126 3284
2126 3284
965 1345
1345 3357
3281 3298
3298 4533
4535 4779
3342 4779
1626 4711
1626 4423
643 4800
4152 4800
4712 4789
949 4789
2159 3742
2159 4011
1426 4940
2739 4940
534 3087
719 3087
2474 3638
3458 3638
2823 4506
2823 4593
346 3449
346 3180
1948 2138
2138 2246
536 2134
2075 2134
405 4837
3877 4837
4149 4349
23 4149
1121 4515
1864 4515
3410 3908
3908 4621
989 2925
989 3736
43 138
138 4109
2407 2798
2798 3361
3254 4045
1792 4045
200 3256
1128 3256
1474 3723
2011 3723
1724 2518
1446 1724
3094 3863
3006 3094
3403 4656
1799 3403
665 4839
3175 4839
565 1034
565 4001
957 3119
3119 4826
1778 3004
3004 4781
1022 3858
1022 2062
3307 3669
3307 3824
1047 2109
1047 4374
826 3882
3882 4746
617 2180
617 2151
2439 3504
1329 2439
2330 4671
2330 3808
2749 4167
2632 2749
2199 3628
3628 4636
4444 4717
4312 4444
729 2276
1971 2276
391 1583
1583 2482
845 1953
1953 4576
1086 1133
1086 4927
1293 3768
3745 3768
3653 4522
3076 4522
172 4530
172 2143
1331 1633
653 1633
3083 3335
2848 3083
1777 3123
461 1777
912 4458
4298 4458
694 851
47 851
49 2229
49 4897
2249 3613
1691 3613
799 1870
799 2790
1259 2636
1259 4669
1042 1315
1042 4018
3978 4609
3642 3978
3519 3532
1425 3532
63 4577
63 205
1637 2759
1140 2759
2359 3990
1645 3990
1072 4314
1053 1072
3562 3880
1146 3562
712 3979
3115 3979
1521 2178
1521 1652
1415 1551
1551 3596
415 3351
415 3959
3697 4920
1863 4920
419 2665
1844 2665
4545 4932
1343 4545
2004 2610
1561 2004
243 2545
2545 3110
2609 2764
1106 2764
2617 3422
2553 2617
2548 2961
2961 4918
3227 4727
116 4727
1833 3684
1833 3795
4334 4488
4002 4488
51 4532
51 1267
3179 4985
852 3179
1654 3542
3542 4790
2323 4401
667 4401
3787 4475
4475 4889
1601 3569
3569 4194
3969 4391
1019 4391
1024 4478
3505 4478
510 3539
3429 3539
2039 4043
2325 4043
4544 4862
3026 4862
140 4465
140 4309
1643 3037
1643 3796
1859 3502
1634 3502
1147 2558
2558 4610
1316 2879
1316 4719
4054 4868
458 4054
2979 3798
3798 4599
361 4441
361 1537
480 2873
2873 4413
58 3395
3395 3441
3340 4183
1247 3340
78 1673
1673 2327
978 1397
193 978
787 4235
787 3225
972 1705
972 1408
53 3231
3231 3621
1258 1872
1258 4508
1312 4798
3887 4798
1454 3500
1454 3838
440 2687
440 3031
3501 4887
1295 3501
1141 4080
1141 4988
144 4206
3700 4206
809 4847
4578 4847
4195 4701
2633 4701
1967 3907
1967 3184
784 1972
1972 3251
4356 4454
858 4454
841 3872
841 1737
740 3773
2204 3773
613 3047
613 3466
253 599
253 3377
456 4693
456 2599
884 3062
884 1669
4573 4859
4097 4859
30 3492
3492 4975
2375 3060
3060 3788
528 4484
2010 4484
2181 2676
2181 3382
1622 4997
2528 4997
2715 4667
2273 4667
4157 4881
2781 4881
1035 4673
60 1035
3878 4338
555 4338
2760 4977
392 4977
464 2965
464 786
3247 4297
416 4297
3958 4921
3362 3958
3149 3977
3599 3977
864 877
877 883
777 3014
777 2540
518 3374
518 2354
275 2635
275 1873
854 3533
709 3533
217 4964
217 3272
825 4806
4233 4806
3133 4437
3963 4437
1207 2906
2462 2906
1288 3054
1549 3054
1438 1602
1602 3390
995 2145
1868 2145
2441 3276
1984 2441
2527 4148
2527 3399
211 2161
211 2197
1769 4098
185 4098
2744 3455
816 3455
1900 2543
2264 2543
3852 4520
958 3852
2912 4130
2290 2912
287 2438
2438 3366
542 1453
542 2806
971 3827
971 2780
1265 2492
348 1265
1327 1687
633 1327
2682 3668
1448 2682
1893 4266
4266 4894
753 3005
753 3611
3261 4956
908 3261
340 4353
90 340
3332 3600
233 3332
162 337
337 1746
7 133
133 393
1808 1925
351 1808
3485 4676
2153 4676
1592 2320
1592 4556
1142 1906
1142 2377
376 3287
2753 3287
724 4445
35 724
711 1773
1773 3821
1114 1478
1478 1720
890 3375
541 890
2326 3190
524 2326
704 2771
704 3710
3536 4108
2833 3536
406 4568
3694 4568
637 1889
1889 4870
2732 4925
1405 4925
1848 4752
4254 4752
716 3776
3000 3776
778 4591
4046 4591
2036 3028
245 2036
3607 4623
1629 3607
581 2452
581 3127
1123 1765
316 1765
860 2684
2015 2684
1137 3023
1137 3120
1849 3224
1656 1849
2293 4095
2293 4333
2296 3784
2296 3770
397 2279
397 4245
196 239
196 1861
1641 4489
1641 2313
2383 3168
299 2383
1224 2394
1630 2394
3809 4303
1662 4303
790 4427
790 1567
230 1531
1531 4788
1460 2565
1460 4261
1860 4143
1860 3879
1515 1855
1515 4726
100 544
38 544
1481 4422
4196 4422
669 2415
669 3347
3282 4386
915 3282
2552 3113
1297 3113
2838 4264
2730 4264
2056 4067
28 2056
226 3511
226 930
1278 3816
327 3816
1313 3337
3337 4479
1934 3241
1500 3241
2832 4337
2832 4805
1858 4271
3355 4271
2598 3594
2598 3242
1018 3722
1018 3657
73 139
139 1353
1260 2136
1260 2538
471 2694
471 3467
2424 4252
2424 4780
1036 3701
433 1036
1469 1739
1739 2530
1821 4931
2596 4931
861 4652
4559 4652
438 3622
3622 4875
1244 4554
1244 1940
2784 4477
110 4477
1163 4828
670 1163
1378 1985
1378 4260
897 3354
532 3354
2214 2418
2214 4812
3558 4949
4808 4949
3153 4240
3679 4240
747 1611
1611 2787
1593 3138
170 1593
2803 4166
1004 4166
646 2389
646 2644
412 3326
412 4400
939 4082
1733 4082
281 687
687 2656
1151 3072
1716 3072
24 2750
24 4388
654 3479
654 3716
985 3983
3220 3983
575 748
575 3538
892 4375
892 3051
1096 4961
3762 4961
1796 4569
836 1796
50 3573
50 4630
1547 3644
1547 4913
2046 3134
2660 3134
1520 3544
3544 4113
681 3853
681 2146
288 2195
1609 2195
3308 3477
3477 4476
1063 2119
19 2119
2427 3177
2427 3789
596 2266
256 2266
619 2946
66 619
495 4594
3144 4594
2305 3760
2305 4135
1558 1930
1930 3174
44 2727
1897 2727
2057 3867
297 2057
339 2835
339 2653
159 2139
159 2001
671 3141
3141 4512
2047 2842
2047 3164
2105 4463
996 4463
1600 2353
203 1600
866 2826
866 4820
3888 4213
1943 3888
1779 4547
821 1779
1048 3840
1048 4642
733 3402
733 4751
2951 3320
2351 2951
4165 4809
4428 4809
742 4773
742 4350
1321 1955
1321 4851
3106 3829
3829 4383
1208 3834
1208 1836
3121 4993
2149 3121
757 4558
757 4307
2818 3764
2433 2818
2055 3392
1714 2055
2582 2973
2208 2582
423 1442
423 2751
105 2615
105 3593
2410 3048
3048 3541
4567 4709
1533 4567
2102 4954
2102 2643
18 3929
18 2051
4278 4838
4438 4838
736 4814
736 3196
1092 3451
1092 3223
317 859
359 859
2165 4836
950 4836
1944 3018
1456 3018
659 4180
2448 4180
1676 3461
3461 4138
2037 2813
431 2037
1292 4615
3785 4615
3431 3583
2700 3431
3862 4177
3862 4960
609 1156
1156 1458
1381 2661
1381 2765
1152 4937
4500 4937
1920 2969
1920 2822
2251 3640
3640 4269
3107 4966
749 3107
1226 2207
844 1226
2529 2917
2406 2917
150 4619
150 1978
1664 3358
1032 1664
979 4785
979 3587
2800 3930
1594 3930
1410 3064
1410 1935
2657 3303
2257 2657
1435 3970
1435 3222
2345 3118
2345 4078
295 2125
295 3811
1364 2935
1364 3901
330 3804
330 1617
1117 4471
1117 4470
360 1845
1845 3161
1707 4566
1707 4311
1826 3729
3729 4378
1305 3001
1794 3001
848 1220
848 3861
364 2863
364 1440
1218 2248
1014 2248
1007 3673
1007 3418
3672 3712
3672 4951
2435 2577
2435 2939
1232 4570
2614 4570
1436 1650
1436 2148
1636 2245
1249 2245
1614 3820
685 1614
1304 1653
251 1304
2127 2866
689 2127
631 4981
4464 4981
2236 3649
3381 3649
1450 2162
946 2162
918 1950
918 1993
1947 4690
2566 4690
2366 4025
2221 4025
916 2014
916 4495
1498 3721
1498 2603
1599 4055
4055 4825
252 876
876 901
1194 4207
1194 3022
128 3372
1651 3372
3068 3844
3262 3844
145 4888
3575 4888
2034 2677
2368 2677
907 2372
1285 2372
1400 1680
1680 3237
754 3725
754 3229
1512 3971
2994 3971
2103 3744
3744 4854
608 1730
567 608
1371 3140
1049 1371
3238 4748
3238 3376
868 3699
868 1878
2063 2496
463 2063
15 822
822 1497
260 3228
260 1837
725 1275
1275 1933
234 1182
1182 2211
286 4115
3989 4115
29 964
29 432
1559 3409
3409 4523
2447 3417
1831 3417
2085 4850
1607 4850
3972 4658
1938 4658
556 2591
556 4595
1403 2373
1403 2808
3406 4328
4328 4670
2316 3317
1748 3317
369 4342
369 3378
3546 4090
3546 3956
2957 4163
2680 2957
2052 4096
2052 3084
1045 1203
1045 3264
1144 2391
2391 3991
77 863
863 3778
1175 4679
3428 4679
3857 4639
2123 4639
1475 3874
270 1475
1649 2371
1649 4754
4036 4117
3099 4117
745 1379
1379 4959
194 1534
194 1942
531 1277
1277 2003
549 4694
549 1905
3309 3433
1204 3433
1466 4326
1902 4326
3160 4970
1387 4970
2859 3440
2853 3440
4562 4994
4039 4994
2421 2825
2825 4514
2390 4646
2940 4646
1414 2767
766 1414
2757 3976
2557 3976
3277 4449
2467 3277
2708 3584
1322 3584
2937 3527
2937 3471
805 3334
3318 3334
380 4737
1044 4737
2516 4209
2516 3678
3046 3128
367 3128
2224 2786
2224 4511
3496 3896
2587 3496
1089 3926
2202 3926
292 3306
292 2491
220 2494
220 4249
164 4293
4293 4909
3910 4384
4384 4721
1632 2130
1632 3946
2801 4923
1795 4923
2466 4061
4061 4426
1869 3042
1365 3042
576 1062
236 576
2367 4379
1486 2367
411 1853
1287 1853
476 4131
1228 4131
241 1663
241 1722
323 4991
323 839
1710 3616
261 3616
1696 2386
2231 2386
2954 4611
1255 2954
3036 4014
1689 3036
707 1505
1505 4549
686 3506
686 2093
1589 2812
2812 3767
3187 4289
312 4289
516 2190
516 1153
3968 4882
527 3968
3470 4756
2169 3470
1790 2475
213 1790
2737 3235
3235 4433
4022 4858
248 4022
2654 4270
1094 2654
3574 3670
3670 3939
2915 2992
2915 3267
119 4169
119 2412
869 4116
834 4116
566 4275
846 4275
2513 4498
3705 4498
1562 4133
3333 4133
4141 4313
2792 4313
906 3772
3232 3772
974 4376
1197 4376
1180 2247
1180 2278
2564 4288
2564 2857
3249 4675
1167 4675
1185 3039
1185 3183
878 2104
183 2104
990 2856
265 2856
132 4689
398 4689
1960 2774
1952 1960
400 2404
400 3737
178 519
178 4871
386 3943
386 1683
2616 3995
2185 2616
3873 4908
1071 4908
1240 4371
1684 4371
1155 3797
2349 3797
4119 4874
926 4874
1009 2186
2186 4891
3383 3629
102 3383
765 1039
765 3173
684 1812
1812 4430
2114 3257
3221 3257
1184 2286
2254 2286
1965 4813
797 4813
873 3057
873 2032
3992 4366
2144 3992
96 4101
1805 4101
650 4168
3323 4168
515 3108
3108 4424
2378 4139
2107 4139
1666 4136
3283 4136
1132 4753
1178 4753
3255 4262
853 4262
356 3941
356 940
4332 4692
1582 4692
184 3924
184 250
1377 4461
1377 4935
509 4792
509 592
1464 4341
947 4341
898 3098
898 4731
1274 2020
2020 4051
222 4106
880 4106
2993 3839
502 2993
280 4492
280 1517
4052 4517
2549 4517
3436 4723
4718 4723
165 1239
165 966
106 2073
106 3650
2019 3735
1518 2019
2131 3957
3753 3957
746 1110
1110 2590
1196 4150
1196 1734
2379 2405
1461 2405
4190 4325
4128 4325
1638 2440
1638 1757
638 3660
638 2512
655 3075
1842 3075
3851 4416
3053 3851
626 4140
626 1990
26 157
26 3260
602 1959
1959 4176
147 1164
147 1349
987 1862
1862 3280
3895 4405
4006 4405
1644 3750
1644 2941
1954 4947
2233 4947
2509 3293
2115 2509
2862 4815
308 4815
810 1105
810 4442
2450 4192
2450 2966
349 3250
2380 3250
988 1319
1319 2755
2206 2356
2356 2834
209 920
33 920
1070 4024
3570 4024
2535 3559
2535 3627
1783 2916
2916 4796
1465 4412
1465 4548
1262 2963
2963 4064
266 2526
266 2883
1170 2840
1170 1587
1771 3059
1120 3059
409 2726
2726 2858
553 1103
1103 3984
2501 4105
1528 4105
429 2524
429 1828
2709 3457
2709 4758
3906 4929
1665 4929
1066 2794
1813 2794
310 994
994 3860
1572 3478
3185 3478
660 3704
660 4399
1109 2250
891 2250
1557 3210
992 1557
318 705
705 2213
175 938
938 4732
2413 4786
3916 4786
4147 4638
564 4638
580 3338
2618 3338
1784 3761
1784 4406
4873 4916
3292 4873
146 886
146 3973
1542 2135
2135 3950
277 333
333 3623
739 3156
1581 3156
2005 4976
4466 4976
2065 4614
2065 4118
3157 4212
3157 4162
4302 4402
1177 4302
3151 4816
1786 3151
2252 3702
103 2252
1091 4056
3371 4056
794 2471
794 4280
1136 3833
717 3833
3781 4286
3781 3940
1819 3952
3535 3952
2216 3711
17 2216
1726 2579
1726 4031
64 628
586 628
867 4936
215 4936
668 2650
2650 3749
3782 4688
358 4688
224 763
224 4431
2766 4501
2766 4058
980 4199
21 980
487 2843
487 3328
122 3102
3102 3540
114 1356
1356 2716
1835 2215
1835 4919
413 1003
413 1462
2454 2477
2454 3434
1338 4586
1338 2705
1931 2511
2078 2511
1176 2302
171 2302
93 2033
93 750
3731 4707
2707 3731
3419 3589
3419 4695
1107 3450
3450 4395
768 4665
4541 4665
2988 3947
2988 4259
2121 4462
2821 4462
597 3219
3219 3814
1718 3707
3707 4373
336 1223
336 3985
2431 3951
2431 3847
1437 1605
1437 1926
1057 4834
2038 4834
1271 4555
3886 4555
2831 3746
101 2831
3900 4983
48 3900
919 3024
919 4892
2469 3312
1659 2469
3656 4361
3636 3656
2773 4122
1631 4122
1660 2191
1340 1660
124 4930
933 4930
710 2147
710 4000
370 3922
370 4419
2087 4277
664 4277
1467 2268
1467 4132
2580 3239
2580 2971
1254 4841
4841 4883
2691 3043
1165 2691
1728 3032
3032 4957
674 3752
674 3081
1326 3868
1791 3868
1785 1846
969 1785
1625 2453
1625 3911
2253 3463
1027 3463
2934 4403
394 2934
3269 4005
4005 4844
1060 2284
1060 2811
3718 4579
1770 4579
1245 2978
1000 2978
1487 2668
1487 3663
389 4246
389 1524
1550 3667
3667 4387
473 4651
3791 4651
3439 3488
2637 3439
2155 4833
2155 4677
4613 4641
3214 4613
551 3086
3086 3690
1568 1668
1250 1568
1159 1804
1159 4007
4142 4214
4142 4393
522 1807
963 1807
45 2174
1850 2174
3330 4761
1586 4761
84 3025
1479 3025
1392 4003
3279 4003
81 2804
2804 3578
4602 4632
1738 4632
1688 3080
1762 3080
67 4738
4377 4738
1571 4385
1571 3193
649 4747
649 4928
2578 2740
503 2740
445 1411
1411 4999
1618 4368
1618 4304
89 4295
89 828
2343 2416
2343 3093
718 2259
718 2894
582 1964
582 1742
2282 2352
2282 4301
1471 1484
1471 2999
2901 3510
3442 3510
4144 4382
4290 4382
2876 3665
1887 3665
1135 3104
1135 1494
2132 3137
1447 2132
614 2079
2079 4327
2793 4620
192 4620
782 4770
782 4243
562 3738
557 3738
2261 2544
702 2544
2436 3645
3074 3645
2064 3301
3301 4915
378 2086
2086 2942
2411 4112
1098 4112
385 2607
385 4015
578 751
55 578
1506 2626
2626 4316
3176 3647
941 3647
3215 3398
3398 3453
2640 3807
3807 4321
3295 4306
2237 4306
573 2080
573 3206
1366 3682
606 1366
2432 4197
4087 4197
40 616
616 4546
168 357
168 2729
1412 1627
1412 1815
1857 1884
1016 1857
1667 3188
3188 3588
761 4053
2050 4053
623 4979
2110 4979
1352 4181
3202 4181
1825 2634
201 2634
4160 4242
1432 4160
129 1430
129 3894
1370 4420
1370 4351
3126 4817
1766 3126
2126 4911
2126 2631
965 2846
965 2847
2872 3357
3011 3357
2089 3281
3240 3281
75 4533
2611 4533
2820 4535
775 4535
1523 3342
2924 3342
3680 4711
4282 4711
42 4423
4423 4590
643 2210
643 4016
4152 4902
1386 4152
4686 4712
3691 4712
949 3327
949 2534
2714 3742
3742 4663
4011 4856
4011 4963
1426 1692
1426 2556
4 2739
2739 3662
534 3585
534 3475
701 719
719 2628
254 2474
1577 2474
3458 4434
452 3458
1697 4506
2602 4506
1888 4593
262 4593
1402 3449
1317 3449
2510 3180
678 3180
1948 3790
1948 2275
2246 4553
2246 3389
536 4453
536 2223
2075 3432
240 2075
127 405
405 4329
1816 3877
3877 4691
1374 4349
2008 4349
23 722
23 3720
491 1121
1121 1443
475 1864
1747 1864
3410 4299
1811 3410
1059 4621
1393 4621
1473 2925
1330 2925
961 3736
214 3736
43 2698
43 2072
4109 4421
3313 4109
2407 3314
2407 4529
3361 4076
2795 3361
2932 3254
721 3254
1792 4091
167 1792
200 4075
200 1642
1128 4626
879 1128
1474 2298
1474 4372
197 2011
2011 2756
1545 2518
2518 3849
1406 1446
1446 4657
301 3863
3498 3863
511 3006
3006 3082
4656 4904
1840 4656
1799 4791
1799 4151
665 3070
665 3452
1221 3175
2875 3175
229 1034
1034 1507
4001 4354
1455 4001
957 3411
957 2520
3129 4826
1921 4826
1778 2027
1778 3800
3869 4781
22 4781
514 3858
3858 4155
2062 3870
2062 2673
3669 4107
118 3669
3404 3824
1750 3824
2109 3394
2109 4640
1991 4374
4374 4880
728 826
826 2116
4746 4982
4557 4746
1962 2180
960 2180
2151 2303
1231 2151
3504 3897
2522 3504
1329 3346
1252 1329
1620 4671
2532 4671
1635 3808
3808 4714
2888 4167
2158 4167
1073 2632
2632 3158
1711 2199
1201 2199
952 4636
2952 4636
1552 4717
2624 4717
3687 4312
3717 4312
729 1383
526 729
1971 2850
1971 4092
391 2384
391 4347
2482 4958
2482 2816
845 4004
845 4604
1875 4576
173 4576
1133 3794
1133 4787
4396 4927
1373 4927
1293 4683
87 1293
3745 4527
79 3745
3543 3653
529 3653
36 3076
3076 4247
1983 4530
1606 4530
762 2143
399 2143
1331 2533
1331 2285
653 1299
653 2568
3335 4799
1008 3335
501 2848
2848 4415
1088 3123
1358 3123
461 600
461 612
912 2805
912 3278
1237 4298
1603 4298
694 3525
694 1482
47 1215
47 1743
54 2229
2229 2689
3965 4897
1452 4897
2249 2523
2249 2630
353 1691
910 1691
1870 2555
1870 2189
2082 2790
332 2790
1040 2636
571 2636
4669 4939
4653 4669
1315 1756
1315 3961
4018 4561
497 4018
4187 4609
4609 4735
341 3642
3642 3890
885 3519
953 3519
1421 1425
1079 1425
1357 4577
4050 4577
205 4660
205 3658
1637 1932
1637 3509
1140 3652
1140 2904
2311 2359
620 2359
1186 1645
1639 1645
2376 4314
1290 4314
1053 2877
723 1053
2892 3880
2414 3880
1146 4521
1002 1146
712 1508
712 4720
2998 3115
1320 3115
2178 3122
2178 3497
1652 2444
1652 2674
199 1415
1415 3592
1677 3596
1624 3596
3311 3351
829 3351
479 3959
2910 3959
3697 3792
2629 3697
1863 3683
1863 2238
419 3437
419 3630
1844 2423
1844 2725
767 4932
3460 4932
1343 2172
1343 2244
2610 4912
2610 4009
1561 3322
1561 3696
195 243
243 605
2403 3110
3110 3565
1719 2609
2609 4681
855 1106
1106 3139
3422 3774
3422 4782
2338 2553
2553 4840
2044 2548
1302 2548
3483 4918
382 4918
3227 3871
3227 3474
116 2348
116 3181
2953 3684
422 3684
1822 3795
1793 3795
3216 4334
607 4334
1854 4002
1134 4002
563 4532
345 4532
622 1267
697 1267
4572 4985
1914 4985
852 1580
820 852
1654 4322
1654 4984
2593 4790
2267 4790
1409 2323
2323 2880
667 1235
667 2152
3787 4750
3787 4294
56 4889
574 4889
1422 1601
1601 1895
4194 4606
2706 4194
3109 3969
289 3969
488 1019
1019 1256
984 1024
1024 1729
3505 4905
2699 3505
478 510
510 806
2070 3429
151 3429
2039 4952
1671 2039
2325 2531
1025 2325
425 4544
304 4544
3026 3171
967 3026
198 4465
2746 4465
3962 4309
4309 4980
3037 4538
2594 3037
1282 3796
2417 3796
1859 3891
1859 2442
1634 4027
1634 2887
856 1147
1147 1976
4467 4610
1477 4610
2505 2879
2879 3865
3685 4719
4526 4719
591 4868
4734 4868
458 624
458 2984
2346 2979
1476 2979
4599 4722
2024 4599
4441 4451
4429 4441
1537 3556
1537 2028
480 2309
480 1970
4219 4413
601 4413
58 143
58 2129
2443 3441
1988 3441
1492 4183
1253 4183
1082 1247
1247 3913
78 4339
78 2731
2327 3008
2327 3423
1397 3935
1061 1397
193 1924
193 1050
4062 4235
2240 4235
1532 3225
1306 3225
1705 1708
1705 4536
1408 4134
1408 1975
53 4193
53 3186
3233 3621
776 3621
1872 1896
1872 2913
496 4508
2507 4508
1312 3211
1312 3331
3887 4783
3734 3887
2331 3500
372 3500
1388 3838
1661 3838
779 2687
662 2687
1342 3031
3031 4829
804 4887
977 4887
1295 4081
1295 2429
152 4080
1210 4080
4473 4988
410 4988
144 2141
144 1318
2762 3700
3700 3996
809 1744
809 4340
104 4578
3041 4578
4195 4696
1368 4195
2633 2659
2583 2633
12 3907
850 3907
1026 3184
3184 3836
444 784
784 3715
2797 3251
99 3251
3364 4356
3713 4356
858 3368
858 2456
3751 3872
2083 3872
1737 2167
630 1737
740 3266
232 740
2204 3425
521 2204
3047 4550
3013 3047
903 3466
2260 3466
599 837
599 4238
3377 4946
755 3377
627 4693
2918 4693
2128 2599
2599 3859
3062 3603
1112 3062
1669 4457
1272 1669
3826 4573
769 4573
1936 4097
4097 4846
30 2867
30 635
4137 4975
2022 4975
2375 3980
1598 2375
547 3788
3105 3788
528 2217
528 1686
1809 2010
2010 3353
2676 3380
1907 2676
3382 4040
3382 3909
587 1622
1622 2182
991 2528
2297 2528
545 2715
2715 3530
2273 2620
1108 2273
1885 4157
1753 4157
2339 2781
2781 2882
1372 4673
158 4673
60 2768
60 112
1205 3878
1084 3878
465 555
555 1160
2760 4845
2760 3875
392 4172
392 3526
2965 3921
1916 2965
786 3508
693 786
206 3247
3247 4685
416 4330
416 4439
4582 4921
2150 4921
293 3362
3362 4968
2776 3149
3149 3815
3599 4849
3599 4060
811 864
864 2289
883 3029
883 3244
3014 4221
1028 3014
2445 2540
543 2540
2898 3374
3374 4857
2058 2354
255 2354
525 2635
2060 2635
1873 3548
1873 2836
854 4315
854 2960
709 1384
709 4225
3464 4964
4879 4964
3116 3272
117 3272
698 825
825 3142
347 4233
2142 4233
2747 3133
2437 3133
2721 3963
3243 3963
259 1207
1051 1207
2187 2462
1818 2462
1288 3230
569 1288
1549 4525
1549 2307
1438 2996
1438 2470
3390 3482
1122 3390
995 1712
995 1348
1868 2455
1451 1868
3276 3348
715 3276
1984 4089
1984 3194
2486 4148
4148 4542
3399 4074
3399 4037
2090 2161
1704 2161
218 2197
2025 2197
672 1769
1769 2171
185 3438
185 4257
2744 2989
2385 2744
816 3551
276 816
1900 2451
703 1900
2264 2923
2264 3103
943 4520
436 4520
958 3547
958 4456
1781 4130
451 4130
2290 3748
2290 2933
287 570
287 4030
187 3366
1257 3366
1453 3932
1453 2849
2806 3114
2500 2806
3827 3902
2281 3827
2780 4310
2780 3759
2492 3420
155 2492
294 348
5 348
1687 3904
498 1687
633 2956
300 633
2381 3668
1721 3668
1448 2819
1448 3617
1893 4348
756 1893
4596 4894
269 4894
1396 3005
1775 3005
833 3611
1097 3611
645 4956
4154 4956
908 4948
908 4867
4010 4353
1276 4353
90 4531
90 2895
1005 3600
2679 3600
233 4863
233 2782
162 2733
162 2980
1746 3446
1746 1980
7 546
7 189
393 505
393 4504
1925 3297
1925 2597
351 2227
351 3189
1291 3485
3485 4208
216 2153
2153 3651
2320 3987
2320 4125
683 4556
2241 4556
1906 2091
1906 4861
1093 2377
1043 2377
376 2048
376 3019
2753 4784
2753 4035
3286 4445
959 4445
35 1363
35 4804
711 1882
711 4832
1023 3821
1328 3821
1114 2183
1114 2117
1720 3664
1720 2026
3375 4179
180 3375
541 3259
227 541
3190 3315
126 3190
524 1801
524 3822
2771 3967
1731 2771
2122 3710
3397 3710
2306 4108
3986 4108
298 2833
2833 4509
406 632
309 406
3694 4028
3162 3694
329 637
637 3205
4186 4870
3299 4870
2732 3925
942 2732
321 1405
1405 2192
1848 2922
1848 3480
426 4254
3163 4254
716 2360
716 2830
3000 3273
3000 4588
94 778
778 1104
3012 4046
3400 4046
675 3028
2982 3028
245 2987
245 3073
3845 4623
3639 4623
673 1629
59 1629
1420 2452
457 2452
3127 4480
3127 4574
1123 3689
1123 2328
316 1675
316 3016
860 2016
860 2573
2015 4740
2015 2188
1489 3023
3023 3942
3120 3850
615 3120
1565 3224
383 3224
1656 2728
921 1656
3034 4095
2649 4095
1867 4333
2350 4333
1997 3784
3784 4012
2704 3770
3770 4865
2279 4503
1046 2279
2084 4245
2225 4245
239 4749
239 320
1861 3754
1011 1861
1852 4489
583 4489
993 2313
1030 2313
3168 3695
134 3168
299 4255
299 1325
469 1224
1224 3236
872 1630
1630 3529
69 3809
1995 3809
1516 1662
1662 3563
3165 4427
813 4427
1567 3521
9 1567
230 4895
230 4583
4086 4788
3345 4788
2565 3444
76 2565
2096 4261
3002 4261
954 4143
1576 4143
2570 3879
2839 3879
1855 2154
1855 4459
513 4726
3698 4726
100 2362
100 923
38 840
38 2029
1481 2975
1187 1481
727 4196
4145 4196
1823 2415
2415 2827
420 3347
2697 3347
6 4386
4386 4995
915 4178
915 1251
2242 2552
1445 2552
137 1297
1297 4697
2838 4518
792 2838
1553 2730
10 2730
2068 4067
467 4067
28 512
28 688
3511 4474
3511 4044
930 2815
930 3927
752 1278
1278 4978
327 1621
327 3200
1313 3462
450 1313
1068 4479
326 4479
1934 3130
1934 2903
1500 4605
1500 3654
3007 4337
4337 4355
2393 4805
4603 4805
1139 1858
1858 2884
374 3355
3355 4068
3594 4490
1323 3594
1413 3242
975 3242
3722 4876
871 3722
3657 4886
3648 3657
73 559
73 2387
113 1353
1353 2269
238 2136
535 2136
306 2538
1308 2538
2694 4020
2694 2758
2575 3467
57 3467
1760 4252
3329 4252
1268 4780
4664 4780
1012 3701
3701 3856
433 1085
433 2663
1463 1469
1052 1469
1899 2530
2530 4331
1821 4483
731 1821
25 2596
802 2596
861 4032
861 3999
1810 4559
3131 4559
438 2049
438 3413
4236 4875
11 4875
268 4554
1820 4554
1940 3938
1940 4618
2329 2784
2784 3027
110 2807
110 4565
2340 4828
2670 4828
670 3296
404 670
1344 1985
453 1985
4123 4260
2012 4260
897 2324
897 4917
532 3316
532 4230
2418 2763
2274 2418
2841 4812
2422 4812
3558 3997
2563 3558
4487 4808
2976 4808
2166 3153
2228 3153
2735 3679
621 3679
747 1847
747 3524
2787 3786
2787 3385
2639 3138
3138 3486
170 2157
170 3831
1395 2803
2222 2803
1004 3643
1004 4244
2389 2485
2389 4318
2644 4228
2644 3198
881 3326
2964 3326
3516 4400
3881 4400
939 3271
939 2541
1431 1733
1217 1733
281 4774
281 1797
2656 3604
2601 2656
1151 2504
1151 3719
577 1716
1716 4253
1974 2750
2750 4452
2310 4388
2669 4388
3479 3545
14 3479
3716 4743
1911 3716
985 4069
455 985
2703 3220
3220 4079
636 748
748 4357
3146 3538
454 3538
603 4375
800 4375
2521 3051
3051 4218
1096 2280
1096 4725
3762 4279
2914 3762
2007 4569
1986 4569
836 3876
836 1361
3573 3864
1161 3573
4630 4680
1038 4630
1751 3644
2364 3644
4631 4913
2321 4913
2046 3730
2046 4762
2660 3602
2574 2660
1284 1520
1502 1520
1385 4113
3370 4113
3853 4296
123 3853
414 2146
2146 4250
288 2720
288 2315
1609 4284
1609 3207
1006 3308
3308 3810
3079 4476
1511 4476
1063 3912
1063 1468
19 1740
19 1759
3177 3937
2179 3177
3726 3789
3275 3789
596 1359
596 4229
256 4200
256 3803
2946 3534
2909 2946
66 2357
66 4563
495 3021
495 4407
3144 4124
39 3144
3760 4409
738 3760
3674 4135
4135 4217
1423 1558
1558 4414
1678 3174
1080 3174
44 666
44 2434
590 1897
1897 2930
917 3867
520 3867
297 2294
297 1570
2835 4232
2409 2835
2653 2775
2472 2653
1880 2139
2139 4898
2001 2092
1803 2001
671 3974
671 2696
109 4512
3579 4512
1514 2842
1723 2842
1102 3164
817 3164
2105 2490
1021 2105
996 1736
996 1694
2353 3209
2353 4390
203 3101
203 1956
1918 2826
1963 2826
537 4820
3520 4820
691 4213
552 4213
1943 2397
1943 2203
4120 4547
1877 4547
821 3531
821 1216
875 3840
3840 4164
4085 4642
788 4642
3402 4392
3402 3955
284 4751
91 4751
2499 3320
3320 4843
2351 3688
2351 2401
2572 4165
1578 4165
2170 4428
3554 4428
2291 4773
62 4773
1525 4350
3892 4350
1955 3560
1955 2476
3799 4851
2861 4851
2220 3106
273 3106
4383 4460
3632 4383
1242 3834
242 3834
1335 1836
1836 2743
3706 4993
3135 4993
2149 2374
1782 2149
4558 4938
870 4558
3195 4307
1173 4307
1083 3764
3591 3764
2433 3386
2433 4607
31 3392
459 3392
1714 2817
1714 1981
2973 3801
366 2973
1130 2208
2208 2828
1442 2402
154 1442
2751 3208
2688 2751
1376 2615
1075 2615
402 3593
3593 4617
2410 4367
2410 4600
3321 3541
142 3541
285 4709
2769 4709
1533 1725
1087 1533
2585 4954
223 4954
1555 2643
2643 3671
1281 3929
981 3929
2051 3917
2051 3626
2959 4278
798 4278
3914 4438
395 4438
2719 4814
2625 4814
1817 3196
3040 3196
658 3451
1118 3451
3033 3223
3223 4346
317 2734
317 1289
359 2711
359 3866
481 2165
2106 2165
950 3095
950 2613
1573 1944
1944 2891
1456 4971
1456 1575
659 1439
659 1119
2448 2567
2066 2448
1676 3044
1676 3855
3572 4138
120 4138
2813 4914
934 2813
431 1735
431 2239
1292 1346
611 1292
2218 3785
909 3785
1191 3583
1213 3583
2675 2700
2700 4650
3274 4177
1674 4177
644 4960
4308 4960
609 4059
609 1273
1458 4767
1458 1679
2661 3889
2661 4637
2765 3117
2076 2765
1152 4285
1152 3582
2193 4500
3493 4500
507 2969
2969 4942
2822 4224
2822 2995
2031 2251
758 2251
4269 4745
3069 4269
3304 4966
4198 4966
504 749
749 2864
1613 2207
2207 4425
732 844
844 4860
2529 2589
352 2529
2406 3747
1181 2406
661 4619
1548 4619
1978 3010
1978 4276
1417 3358
313 3358
1032 3454
466 1032
1745 4785
680 4785
169 3587
231 3587
2779 2800
2322 2800
1594 2358
1594 2664
3064 4622
2272 3064
945 1935
1935 2551
27 3303
2344 3303
2257 3147
430 2257
1780 3970
3970 4560
1838 3222
3222 3367
2606 3118
1001 3118
3319 4078
247 4078
2125 2546
1333 2125
3393 3811
2938 3811
2935 4234
1341 2935
3495 3901
815 3901
111 3804
1646 3804
1617 4821
468 1617
3350 4471
4471 4764
4450 4470
3998 4470
360 4765
360 4323
1504 3161
3161 3290
734 4566
1776 4566
4311 4793
334 4311
1826 4034
1826 3484
3150 4378
1968 4378
1305 1798
403 1305
208 1794
1794 2911
483 1220
929 1220
1145 3861
3861 4077
1283 2863
1886 2863
1440 1915
174 1440
902 1218
368 1218
1014 4088
1014 2508
2870 3673
1076 3673
3418 3981
3418 3933
3712 4775
3712 4344
730 4951
3067 4951
2398 2577
803 2577
2586 2939
2754 2939
812 1232
1232 3305
2614 4248
2614 3813
1650 3192
1584 1650
338 2148
2148 4491
1519 1636
1636 4191
1249 3568
838 1249
3820 4624
2983 3820
685 3553
685 1501
1653 1752
354 1653
251 807
251 3191
2866 4300
2666 2866
689 3476
689 3365
631 4654
631 999
1758 4464
4464 4777
2236 2484
2236 3066
3381 4038
1702 3381
1450 4094
1450 3360
946 4103
946 3780
1950 3620
1950 4335
1890 1993
1993 3045
1947 2000
1947 3733
2566 3324
1020 2566
2366 4933
1768 2366
2221 3125
2221 4215
770 2014
1234 2014
1529 4495
4065 4495
1029 3721
506 3721
163 2603
1741 2603
814 1599
594 1599
2777 4825
4776 4825
252 441
252 3605
901 4584
901 2967
322 4207
246 4207
1229 3022
2332 3022
128 2542
128 371
634 1651
1651 4440
3068 4320
3068 3182
3262 3692
2426 3262
145 2382
145 1957
1851 3575
3575 4644
2034 3612
899 2034
2368 3610
80 2368
907 1337
907 1298
1285 2683
692 1285
1400 3412
1400 3793
3237 4417
3237 4435
3725 4648
3725 4287
3229 4324
375 3229
186 1512
1512 3513
2994 3918
1211 2994
1279 2103
2103 3356
489 4854
2483 4854
1730 4184
1730 4292
567 759
567 3522
1424 3140
3140 4943
1049 4967
1049 3994
3631 4748
3499 4748
3376 3846
264 3376
865 3699
554 3699
311 1878
720 1878
2099 2496
772 2496
463 4201
463 2671
15 2400
15 4702
1497 3581
700 1497
2929 3228
2098 3228
343 1837
1837 3204
725 1263
725 4778
1774 1933
1933 2576
234 1233
234 818
2211 4204
2211 3703
1 286
286 1495
1270 3989
2430 3989
964 4831
964 2255
432 4239
283 432
1559 2497
1559 4728
1876 4523
843 4523
1169 2447
2447 3564
1831 3681
381 1831
2085 3619
2085 4819
1607 3344
1607 2446
482 3972
2287 3972
1938 3982
1938 4227
2591 3009
774 2591
1591 4595
2018 4595
2373 3615
2373 4972
2808 3708
1564 2808
3199 3406
3155 3406
2369 4670
1334 4670
2316 2537
2316 4156
418 1748
589 1748
663 4342
1382 4342
279 3378
3378 4336
2710 4090
3919 4090
1541 3956
3956 4922
2488 4163
4163 4627
2680 3481
401 2680
362 4096
4096 4903
3084 3349
2788 3084
1203 3387
1203 1670
176 3264
3264 3728
935 1144
1144 3465
3936 3991
3003 3991
77 830
77 1499
3778 4519
2647 3778
1175 1824
1175 2584
955 3428
1360 3428
2712 3857
1115 3857
2123 2974
1530 2123
1595 3874
2235 3874
270 1294
270 3405
2371 2638
2371 4551
4365 4754
153 4754
2997 4036
1928 4036
801 3099
3099 3310
745 4659
745 4472
449 4959
3489 4959
924 1534
1534 1789
1942 3595
1942 2662
531 3832
531 585
2003 2693
1209 2003
1131 4694
2392 4694
314 1905
1905 3825
442 3309
61 3309
1204 1522
1204 4408
1466 2101
1350 1466
1902 2943
1902 3817
1538 3160
2308 3160
1387 3124
1375 1387
2043 2859
1998 2859
34 2853
2853 3606
1354 4562
2690 4562
3884 4039
530 4039
2421 2900
2421 3055
4343 4514
2408 4514
2390 4159
1832 2390
282 2940
1717 2940
2767 4589
2767 4265
766 2201
766 3020
2757 3693
2757 4864
2557 2809
2557 2919
2736 4449
1698 4449
1248 2467
1429 2467
2708 3071
2708 3755
131 1322
1322 2030
2667 3527
2944 3527
3154 3471
2908 3471
805 1269
805 4768
3318 4041
3318 4283
380 4965
380 914
1044 3289
1044 1685
2460 4209
3528 4209
3678 3806
3678 4969
1715 3046
3046 3988
367 785
367 2655
558 2786
2786 4716
4507 4511
2495 4511
3896 4612
3414 3896
2587 4852
932 2587
1089 1977
1089 4021
2202 2388
2202 2619
1200 3306
2748 3306
1067 2491
2491 3765
377 2494
2494 2701
3561 4249
726 4249
164 561
164 1700
517 4909
130 4909
3842 3910
682 3910
1903 4721
4111 4721
2130 4992
1898 2130
3946 4513
2886 3946
743 2801
2801 3302
1795 3030
1795 4990
2184 2466
2428 2466
3732 4426
2009 4426
1869 4237
1767 1869
568 1365
1365 2672
1062 2722
1062 4924
236 2006
236 3646
390 4379
2854 4379
1486 4114
1486 4635
411 2723
411 1526
1287 4499
1287 1324
476 832
267 476
1228 4885
1228 4661
1428 1663
1663 4070
1616 1722
331 1722
4704 4991
1941 4991
839 1588
839 3931
1710 5000
1710 4724
261 1296
261 2695
1696 3167
1696 2067
2231 3443
2231 2517
1238 4611
4611 4643
1255 1655
1168 1255
4014 4171
4014 4023
204 1689
1689 2621
707 3291
707 3655
2869 4549
1225 4549
2299 3506
1927 3506
2093 4698
2093 3964
1589 3169
1589 1619
2335 3767
2623 3767
3187 3597
3187 3472
312 1206
312 3537
2190 2295
2190 4807
1153 1999
835 1153
4616 4882
4226 4882
527 4071
527 1113
647 4756
3166 4756
470 2169
2169 4771
2035 2475
1604 2475
213 2059
213 1574
2737 3490
1449 2737
584 4433
2094 4433
888 4858
3085 4858
248 315
248 4703
1763 4270
4270 4974
1094 4084
1069 1094
2536 3574
3574 4708
1806 3939
3939 4899
2318 2992
2992 4345
166 3267
3267 4987
4169 4575
962 4169
2412 3369
2412 3514
869 3709
869 1560
834 1101
640 834
566 2120
566 1056
846 4564
846 2641
1236 2513
1749 2513
1416 3705
690 3705
1562 3424
1562 4678
1264 3333
3333 4580
1503 4141
4141 4469
1065 2792
2173 2792
906 2365
906 4404
1556 3232
3232 3384
291 974
974 3217
417 1197
1197 2361
560 2247
2234 2247
1261 2278
1699 2278
344 4288
328 4288
1470 2857
982 2857
1937 3249
3249 4158
1167 2837
135 1167
819 3039
1829 3039
13 3183
2627 3183
878 2419
878 4760
183 1243
183 3285
237 990
990 4170
265 4872
265 500
132 1214
132 4220
398 1286
398 2604
1179 2774
639 2774
1952 4505
1952 4273
2304 2404
1772 2404
3077 3737
3737 4830
519 4759
519 4258
1391 4871
2464 4871
2053 3943
1143 3943
1683 2778
1683 2588
384 3995
427 3995
1966 2185
610 2185
714 3873
379 3873
1071 1713
1071 3779
71 1240
1240 2889
1684 3633
713 1684
1155 2890
1155 3136
2349 3035
1874 2349
2868 4119
3819 4119
926 4203
926 1987
1009 4597
1009 2230
1945 4891
4494 4891
3552 3629
2355 3629
102 1901
102 696
1039 2069
1039 3252
3173 3373
3173 4126
684 1640
684 847
4352 4430
121 4430
2114 2175
1031 2114
490 3221
3221 4989
983 1184
1184 4729
2254 3056
2254 2459
1755 1965
1965 3218
797 4581
797 1172
2194 3057
3057 4953
2032 4736
2032 2061
3848 4366
3421 4366
2144 2478
598 2144
96 3363
96 156
1554 1805
652 1805
92 650
650 2133
3323 4188
3323 3614
515 3883
515 1894
2752 4424
1369 4424
98 2378
2378 4996
2107 3212
2107 4797
1666 3618
1666 2592
3283 4256
2608 3283
1132 4446
1132 2363
1178 3407
1178 3396
2473 3255
3052 3255
853 2196
853 4742
387 3941
1973 3941
940 2851
796 940
2074 4332
4332 4628
1582 2042
1582 1788
3924 4601
2648 3924
250 2581
250 1672
1871 4461
435 4461
4189 4935
1401 4935
629 4792
2164 4792
592 3576
592 2972
1464 2970
1464 2927
947 1891
947 4516
177 3098
2802 3098
4369 4731
4629 4731
1010 1274
1274 2480
2717 4051
3757 4051
222 894
222 350
880 2745
880 3915
363 3839
1127 3839
502 3426
502 3837
4492 4534
274 4492
1517 4083
1517 2465
857 4052
2936 4052
407 2549
1418 2549
2905 3436
2855 3436
3823 4718
3512 4718
936 1239
1239 2571
966 3601
966 2514
2073 3152
2073 4510
931 3650
1701 3650
951 3735
1158 3735
1518 3905
1518 2370
1314 2131
2131 4934
396 3753
944 3753
746 3637
746 1171
2590 2605
2590 2645
1347 4150
2487 4150
1734 3100
1734 2396
2379 4185
928 2379
737 1461
771 1461
2449 4190
2337 4190
4128 4769
3577 4128
2440 2968
1958 2440
191 1757
1757 3270
824 3660
1300 3660
1585 2512
2512 4129
108 655
655 4057
141 1842
1842 1917
3339 4416
3445 4416
97 3053
3053 4973
2013 4140
976 4140
550 1990
1157 1990
157 4715
157 4900
1351 3260
3260 3388
602 1904
179 602
302 4176
1865 4176
1164 2088
477 1164
1349 1546
1349 4763
987 1535
695 987
373 3280
3280 4410
896 3895
3143 3895
3634 4006
1590 4006
1509 3750
1309 3750
2941 3666
1362 2941
1954 2263
1690 1954
2233 3172
2233 4634
3293 3456
2258 3293
2115 4182
2115 3949
572 2862
1190 2862
308 1834
308 2040
1105 4241
355 1105
1174 4442
791 4442
3608 4192
107 4192
2966 4146
1563 2966
349 1149
349 2824
2380 2902
2380 3740
988 3899
296 988
2755 4552
2755 3953
780 2206
2206 4093
2834 4945
2702 2834
209 4317
209 4713
33 1881
33 2612
1070 4381
1070 2977
3201 3570
2881 3570
486 3559
3559 3775
3049 3627
3627 4216
1783 1856
1332 1783
3061 4796
3777 4796
1222 4412
1472 4412
2479 4548
3226 4548
1262 4666
1262 3379
4064 4174
365 4064
83 2526
808 2526
2883 3089
2256 2883
2840 4649
1682 2840
1587 2140
1587 1866
1013 1771
1771 4842
1120 4319
1120 3300
409 1830
409 4706
2858 2985
2858 2897
225 553
