5000
[)[(]([[)[()[()(](]((())](([])[[)[][(])[([(][)(([[][)())()(([[[]][]]])([]]])(((([][][)[[()((]((])]][])](([([([])((]())))([)][)[()][(][((])][(])](])]]()])([][[[)](([[([[([[[]]]]))]()()[])[(])][)[[[][(])[[[[[)(()([]]](](((][]()[][))(][([[]))[)])])(])]())][((())]]]())]]([())))]]()()[)[)[[][([(((](([)))](](]][[[([)))[)(]))]]([](]))][)[(()][([())[][([)]](])()([[[)[])(])(]]][()[([])([[)[[[())])[]([)]])(]((()([)][[)(])[)[(]]]))))))((]([))()](()[(]]))(][([[()[((][)())])[[]([[][[])][))])[)[]](()](((]](]][[])[[[[([(((()([])()([))[[)](])]][[[]())()(]]])[(((])[]]()())[([](][[(]([)[[)]([)()]]()(([)]()]])[[(([[]][[([([)[])([)(([[])]]][()[])[]()[])]([(([([([(][[]([]()[(()])[()][)()[])][((]]])()][(()[[[](()]((][[(]][[(([(()))[((])([][[))))]([))[[]()))((][(]]([[])()[((([())]((]))([]))][())][((]((()()][[(]())()[]])][)([[[))))([(][]]([[)(][)]][(])]))]][)[[[])]]])[(((]]])()])[)]([(](]()()([()]])[(])()]]]][]([[))[())(([[([]))[]))[)]([(]][[[]])())()](][)((]][]]]())))[[(][])[[))(]([)[(((]([([[][(())](((][[(]()))[()[([)([](([(][[(((]))]([]][[))[)]])(()(]()))[[))]()[)[([()((][(]([])())((([[](([[([)]([]([])([)(((()(][[)([][])([)])(](][(()[))[)]][[[)[)[[[][)](([)][(])])][(][((((][])))([)]([[()(((([])][)][(]()((([[[()()([()([]][[([[[]([(])[([)[))[[(]([](]]]([]])](((][)](]()[((([[[]((]))([[[]()(]][[()()))[)][]()[[())[[[((]])[(([((()]]([]]][(][(]])]])()[))[]([[()[[)(][)])(]]]][[]())))]([())((]((][)[[))(]()())())[(([)(])[(((][(]([)[)(([][((([]((]])[]])())][[)(][]()([)([]](([)()[][)([[][()][))))](])([][](())[[]()(])(]()(][[(]]((()))))[][))])([[[[)])][([)(])][])[)(][(]][)][)]]]([[](()[()]][)[))(][([()()([)]][]))][[[([[](]([()((][[])[]()])([)(]))(][[])[)[])[]([()([)[[((][])]])()]]((])])(])])]](]([)](([)[)])](]])((])])[)[())[()))])])())([](([)])(([[)][[(]))]([(([())(]()[]]([(])([[)[))[)([]))(][(())[]))([()((]()][](][(()()[(])]]][(])[]()]]]])])[[)][[])]))][[(](][([)(]]([)])([[[]()[)][(((]]][([(()[[()[)([)[(([[[)(([))[)([]]]([)(][])[)[]]))][())([[[[[(]))))(][([())([)()[([)][(([)[][)[[[((])]()(][([(][([((])][[[][[[][]()([))[)]]][)()([)[[[[[)(())[])([([[]][]]])))()))[[)[))])))[(]))]([[)]])))]][][[[][(((]([()[]()])))()[][([(][)]()[)[[))[(([[[([)[)]([[((]])[](]][[]][[)()])][))[([[([(](])(())[]]][[[)[)([[][][))))()(][]()))(([[]]))))]((][)[[)]]([[[[[))([)(]]][()](]][(][)[))))(((([([)))[(]])(]]]]()][][](]]]))()(])])()([[)[))([))()())()(([())[(()())[])()]))[)[(((]](([[)]([]]])[])]][[([([](][[](][)))(]((][)[([)[[)(]])]]]][[([][)())[[[]))[)[[[]]][(]])])]]())][)[[]([()()](((][(]([(([]](]])[[[[()])))([][[())[)((][)](](([][]](()((([)([((([]()]]](]][]()[))])))[)(](()[[[]]])[]([)[))([([][[[([[[](()])())[))((]()[[]])))(]][)[)])[)[()]][]](][([[[])]](((]][[()[)()[])())[)](([])(([(()()[([][[[]][](][)(][[[]([))[[[))[]([([[([(([([]]]()()(([](([(([[))[]]]]([([(())[[[]]][(((]]([[)]][[[)[[()([((([)((())))][[[[)]()[)((]])[()[](([]](()][][)())(](][)([[]][[([)][[()]]]])[])))[]()[]]()[()())())()[[([(]([)([)[]][[]()[]][)(][[]]]][)]][]))([[)()]((]])(([(())()])]()(((([))([(]((][]))(])])[[[)]](][((()((((([([)[([)[)([(]]]])]([)[))][((([[[)]](][))](())[](()(((][])](()(([(([)(([))[[][(][[)](][)([)[]([()])]((()(]]()][[][][))(][))[(([[)[))][[)[][]([][)[[]))()[](()[]](())[[)[[)()]][([]]([](][)[)((])([)[)]([(])]((][((]]([](]](][[[(((])[][[)](])[[())]))[()([]])]][[(]([)))[(][][)(](()]]([[]((]][))[[[)(([][)()])[)([[][)]])[)))(]][[(((()]()][()[()()]][]()([)()())]]()][[]](][([(]][([([](])(]]][[)](([[[[[])(]))()[](]([]])))])])[)())[)()[]])([(][[[][((][)](((]]])[[([)[)]()[)()]))(][)][])()(])]())[](]()[[()])][([[))[)][)))))[()[)[)][](])[][)])[(())[]([](]([[([[)(()](][([))][(]](]]]())](()[)[]])([]]([)()[)[][))[]]])))][[][[)][](][)()))()())]([([)])][)[[(][[)]()[](]][(([][[])[](][])][([[])][(((([)[]))][](])(]][)[][])[[(])[[[)([]([(]]][])(])[]()(])]()]]][(]()))([]](]][[])[[)]]))([))]]][)[()](][()[[([)](]][])(((])))][(((()][([]][[))][)(((([((()[][[[]()))(])[([))(])[]()])))()([()[[(]())([))())(]]][]]][()][)[[[)([[][)((((]()][[[])]([(((()[([[[[)[](((()[([)([(][(]])[[]))[[(])(]([])[[[([)](]([[[)([((]()][([()[[[)]))][][([]][)[())[](()))][][]])(][][)])[[(([(([)[[())[((([([[([][[[[))))]))]][([()[)))]][([[()]])[)(])[([[)[[])[])()[)[)[]()])][]]([(([)][[]]][[][[()]])])([](]((]()]((]][(])[(()))((][)]()])[[[([])(([])(()][)](][[[()[[())[]])(]])([[)([)[]]][())([))[[[[)((][[[()[][()][(((])([([])()]([[(][[([((]([(()]]]([][[])(((())(]]))(()]]]]])[)[)]]]()))]]][]][(]([(())[([[)[)[(]](][[]((]()[]])))()))((])([)][)([([([()]]]][))[)]][][()([])((()(])([([]((])[((]([][([)([[([)[(]())[[([)[](]]]()()]]([][)((((]([[)]]]]([]([)[]])[))[)]]([)[((()()[[()))))][(](]([]]([[][[[[([((([])(]][([()()])[((](]]])](()(([([]()]]()](([(]]()[])[]])][))[[[[]((]]([)]()][)]([]([[)[[](](])[[])[)())((([(()]])[]))(]][()(([][][))([([)[[](([((()]]()[])[[]])(](](](]((]][(][[)[[)[])]])]()([[[([)]))]([]]]])(][]]]]][])()[(][)([(([)[([(()))()()([[)]](()])((][)([()(]])])[[](((]][))[[)](([][)[(]))))(([)))])()[[)([([((][(([]()[([[][([)))[([))]]([)())([]]](][(]][]](([[)[)](])[][[)]]]()[(()](]))(][[[(())(([]([[(((([[])[[][)[]]((]([][[(][[]](()](]][]]]
1757 2029
2029 2579
1757 2130
1757 3815
549 2579
2579 3020
2130 2807
1767 2130
715 3815
1118 3815
549 922
549 1131
3020 4665
1430 3020
2807 3953
2807 4331
1767 2512
1767 3991
715 3653
715 3620
1118 4705
690 1118
922 2853
656 922
1131 3685
1131 3549
2572 4665
898 4665
1430 3877
1430 2911
209 3953
448 3953
1506 4331
3173 4331
2512 3897
363 2512
270 3991
3991 4112
3653 4893
3653 4130
3620 4030
1033 3620
1069 4705
1524 4705
690 4685
690 2253
2555 2853
1532 2853
656 1722
656 2612
3685 4721
3572 3685
3102 3549
1703 3549
1805 2572
1272 2572
898 4095
898 1501
3877 4512
1072 3877
2656 2911
1836 2911
209 4405
209 3496
448 4537
448 3728
1506 4482
1506 2582
3173 3968
659 3173
494 3897
2237 3897
363 1463
363 4478
270 2788
123 270
2164 4112
286 4112
3470 4893
2895 4893
2149 4130
3168 4130
4030 4674
3234 4030
204 1033
1033 4737
772 1069
990 1069
1341 1524
1524 2168
3560 4685
4258 4685
343 2253
2253 4423
1371 2555
2555 3202
1532 2088
1532 3356
556 1722
1722 2218
596 2612
1502 2612
3588 4721
4652 4721
1548 3572
3572 4552
833 3102
3102 4020
1703 4854
980 1703
1805 3928
1499 1805
1272 4778
705 1272
426 4095
664 4095
41 1501
1501 4544
4512 4932
2930 4512
1072 1142
1072 1782
2656 4974
2182 2656
1836 4003
1836 4603
639 4405
796 4405
2694 3496
324 3496
2327 4537
2919 4537
3711 3728
3639 3728
2970 4482
4207 4482
907 2582
2582 3810
958 3968
2708 3968
7 659
659 1950
494 2847
494 4159
2237 2704
190 2237
1463 2093
1463 4684
1035 4478
3833 4478
2788 3148
2788 3452
123 660
123 4872
68 2164
2010 2164
286 4842
286 3735
201 3470
1525 3470
1360 2895
589 2895
2149 3169
252 2149
3168 4638
619 3168
648 4674
3146 4674
3234 4795
3214 3234
204 380
151 204
1946 4737
3164 4737
772 3360
772 2169
452 990
990 1566
1341 3379
1341 3988
2168 4164
334 2168
3560 4709
2881 3560
2976 4258
4200 4258
343 3023
343 491
3864 4423
906 4423
1371 4434
1371 1654
2189 3202
3202 5000
2088 3828
1165 2088
3356 4407
3356 3741
556 1509
556 2844
2218 4879
131 2218
596 3822
596 3095
477 1502
839 1502
3588 4133
3588 3740
3228 4652
3090 4652
1548 3244
940 1548
3778 4552
3049 4552
833 4068
833 1980
2038 4020
2351 4020
4464 4854
395 4854
980 2095
980 1817
2213 3928
2060 3928
1499 2604
302 1499
4185 4778
4698 4778
705 3923
705 727
426 2043
426 3114
664 1560
664 1452
41 4780
41 1228
3013 4544
2939 4544
3458 4932
3670 4932
2534 2930
98 2930
1142 4909
804 1142
751 1782
1782 2099
1529 4974
3695 4974
1326 2182
548 2182
64 4003
1752 4003
855 4603
2482 4603
639 832
639 3840
796 799
796 3839
1249 2694
1185 2694
324 3951
324 4903
1356 2327
2327 2973
1486 2919
1480 2919
148 3711
2639 3711
757 3639
3639 4827
1332 2970
1163 2970
437 4207
1349 4207
907 930
907 4128
30 3810
118 3810
958 1097
113 958
2070 2708
1242 2708
7 246
7 4664
1950 2628
1950 4869
535 2847
2847 2864
1257 4159
2052 4159
2704 3136
2704 2896
190 1385
190 2742
2093 3925
2093 4381
4684 4718
1453 4684
1035 1809
1035 1225
2641 3833
80 3833
3110 3148
1492 3148
3053 3452
3452 4378
660 1445
660 2316
716 4872
571 4872
68 3212
68 683
2010 2999
1256 2010
174 4842
900 4842
3735 4997
879 3735
201 387
201 2676
1357 1525
416 1525
1360 1609
1102 1360
375 589
589 1196
3169 3799
3169 4211
252 964
252 484
823 4638
385 4638
619 1982
493 619
648 1639
648 4420
3146 4441
3146 3884
2545 4795
699 4795
339 3214
303 3214
380 1847
380 2559
151 4883
151 1905
1946 2170
1271 1946
3164 4762
3164 3375
3360 4982
1570 3360
1947 2169
1573 2169
452 3821
452 632
1566 2712
215 1566
3379 3878
2245 3379
986 3988
3988 4659
2418 4164
4164 4942
327 334
334 4510
1287 4709
3178 4709
1690 2881
2881 3886
2976 3357
2976 4943
4200 4351
221 4200
2690 3023
3023 4217
491 3744
491 1488
3759 3864
3729 3864
906 3039
328 906
4124 4434
674 4434
1654 2936
307 1654
2189 2640
283 2189
4065 5000
4881 5000
2893 3828
3348 3828
275 1165
1165 1336
2769 4407
4018 4407
3741 3765
3127 3741
1509 2303
1509 2023
18 2844
2844 2876
3987 4879
1948 4879
131 2118
131 933
1780 3822
3440 3822
3095 3359
3095 4027
477 1215
477 2368
222 839
839 3533
2663 4133
1081 4133
2121 3740
1660 3740
3228 4889
1077 3228
1970 3090
3090 4350
32 3244
2892 3244
593 940
940 4613
920 3778
3045 3778
3049 4174
3049 4647
1481 4068
3904 4068
1980 2945
1980 3069
2038 3295
2038 2404
2351 3868
70 2351
1414 4464
2138 4464
395 998
395 1923
399 2095
326 2095
266 1817
1738 1817
89 2213
834 2213
2060 2220
1289 2060
2604 4365
165 2604
302 1468
302 3915
3668 4185
2054 4185
4241 4698
3422 4698
625 3923
1021 3923
727 3401
217 727
397 2043
2043 2233
761 3114
3114 4810
1560 2153
1560 3827
1452 1477
1236 1452
3391 4780
3789 4780
1228 3888
1228 4955
3013 4322
3013 4008
1759 2939
1834 2939
2805 3458
2596 3458
3670 4307
1205 3670
1898 2534
2313 2534
98 4607
98 1059
567 4909
2768 4909
804 1023
804 4152
751 3902
751 851
2099 3520
1764 2099
1218 1529
524 1529
1305 3695
1687 3695
984 1326
1326 2486
329 548
487 548
54 64
64 2867
1752 2114
1752 3556
855 3682
855 3152
31 2482
2482 4480
271 832
832 4864
3552 3840
3840 4730
799 2907
799 2125
2910 3839
3839 4828
1249 2414
1249 3950
1185 2420
1185 2207
669 3951
3755 3951
365 4903
4871 4903
1356 3232
1356 4801
2973 3017
295 2973
1486 4645
1486 3132
1480 3149
1480 3698
148 1388
148 4646
2639 4304
2639 3340
757 4825
757 3947
2874 4827
921 4827
1332 3563
1332 4821
140 1163
1163 1297
437 2449
33 437
1349 1906
1333 1349
930 2479
930 2416
4128 4477
3476 4128
30 2309
30 2466
118 4833
118 349
1008 1097
1097 3488
113 455
113 154
21 2070
2070 2717
1203 1242
1086 1242
225 246
246 4496
3362 4664
4375 4664
2573 2628
2628 3614
1358 4869
142 4869
535 3834
535 4419
2864 4968
2864 3659
1224 1257
1257 2879
2052 2627
1737 2052
2046 3136
1253 3136
1370 2896
1611 2896
1385 2308
1385 2211
12 2742
519 2742
2068 3925
3925 3936
3651 4381
1619 4381
268 4718
1261 4718
1453 2061
1453 2506
1809 4794
1809 4621
1225 2275
635 1225
728 2641
1775 2641
80 2971
80 3318
1115 3110
1844 3110
1492 2071
1492 4773
2024 3053
2106 3053
3392 4378
4378 4388
1445 1884
1445 1669
1761 2316
2316 3982
627 716
716 4324
571 881
571 1603
3212 3591
1927 3212
683 1068
683 2784
78 2999
765 2999
1256 3446
1093 1256
174 956
174 3835
900 1977
900 3794
4140 4997
3690 4997
879 3503
879 2161
387 1378
387 786
2676 2986
2676 4758
1357 2754
1357 3734
416 3247
65 416
1609 4929
1609 3070
1102 1275
126 1102
375 2037
256 375
1196 4369
323 1196
282 3799
3304 3799
3892 4211
4083 4211
964 4106
964 1235
484 4271
484 3028
823 3322
823 1783
269 385
385 481
1915 1982
1982 4162
493 2683
493 3543
890 1639
168 1639
2004 4420
4397 4420
1280 4441
3335 4441
2666 3884
2504 3884
300 2545
731 2545
699 4807
45 699
339 3185
339 4557
303 880
303 758
1128 1847
901 1847
2559 4922
1714 2559
1266 4883
2451 4883
1905 2258
1905 2086
1610 2170
2170 4509
1002 1271
1271 3086
1017 4762
3241 4762
609 3375
1549 3375
1642 4982
1899 4982
1570 2341
1570 1991
1947 2789
1152 1947
1573 4474
1573 1793
322 3821
2505 3821
632 3368
632 4981
2712 3595
2712 4104
215 957
215 2523
1937 3878
3878 4203
1324 2245
179 2245
986 1029
986 996
4093 4659
4659 4939
2418 4333
1302 2418
2401 4942
4565 4942
327 2979
327 4920
1857 4510
1472 4510
1287 4880
1287 2000
3178 3658
1433 3178
1690 3724
1690 3486
2608 3886
875 3886
425 3357
2181 3357
4493 4943
522 4943
2457 4351
652 4351
221 1073
221 946
2547 2690
1564 2690
3461 4217
2072 4217
1001 3744
3744 3814
1488 2748
1488 2602
3190 3759
1647 3759
2488 3729
3626 3729
1579 3039
1747 3039
328 4313
328 3306
2646 4124
2725 4124
674 1684
674 2405
2131 2936
2936 3771
307 337
307 695
2640 2804
1194 2640
283 4424
283 3435
3411 4065
2492 4065
1833 4881
116 4881
2089 2893
2146 2893
3348 3863
2320 3348
275 2107
275 2636
1336 2134
1336 4284
2769 4099
2769 4197
238 4018
2729 4018
3765 4411
3765 4589
3127 3667
3127 4874
2303 3131
2303 4754
37 2023
2023 3201
18 2444
18 1051
1821 2876
1985 2876
3490 3987
3007 3987
1948 2388
1948 4760
2118 4521
2118 2516
933 3650
933 1559
1780 3448
453 1780
1296 3440
680 3440
3359 3541
3359 4657
953 4027
977 4027
1215 3472
1215 2236
2368 3430
701 2368
222 2055
222 4073
2397 3533
233 3533
1494 2663
2663 3075
893 1081
989 1081
2121 3337
885 2121
1320 1660
1660 3965
4533 4889
4889 4949
1077 3394
1077 2808
1970 3638
1850 1970
4295 4350
2192 4350
32 2783
32 1925
2892 3277
2892 4380
593 2047
59 593
2255 4613
2045 4613
852 920
920 4289
1748 3045
2677 3045
4174 4554
3901 4174
3733 4647
3001 4647
1481 4123
808 1481
3600 3904
1637 3904
384 2945
2915 2945
2439 3069
1951 3069
1997 3295
2741 3295
2404 2963
2404 4489
1422 3868
3868 4812
70 966
70 4268
1414 3092
1414 4376
2138 2908
2138 3077
104 998
998 1940
1923 4308
1923 4450
399 1508
399 4439
326 2537
326 792
266 3801
266 4640
1738 3976
1738 3287
89 1365
89 4798
834 3500
834 1123
2220 4287
2220 2991
1289 2647
1108 1289
3324 4365
3481 4365
165 438
165 4189
1468 2709
1468 3511
3915 4179
1746 3915
717 3668
645 3668
2054 2730
2054 3453
1953 4241
478 4241
1938 3422
1590 3422
625 3483
253 625
1021 4037
1021 3898
287 3401
3401 4257
217 3425
217 4237
397 1226
397 3151
2124 2233
366 2233
761 1106
761 3385
1150 4810
3460 4810
1797 2153
57 2153
1712 3827
3297 3827
1477 3865
1477 2904
756 1236
1236 2630
3391 4184
66 3391
3789 4882
169 3789
630 3888
3344 3888
316 4955
1080 4955
2269 4322
1428 4322
2481 4008
3974 4008
1254 1759
56 1759
1834 4487
139 1834
2617 2805
1310 2805
2596 2758
2596 3474
2554 4307
4307 4418
1205 4623
459 1205
1898 1909
1898 3748
2313 4498
483 2313
1608 4607
745 4607
1059 4490
1059 1374
567 2378
567 4813
2768 3680
2768 4587
1023 3171
1023 3519
3261 4152
769 4152
3838 3902
3596 3902
851 3845
851 2787
2498 3520
3397 3520
1764 2638
1764 3346
1218 4814
1218 3211
524 883
524 737
1305 1935
1305 3473
1687 1713
1687 2208
915 984
984 4389
2376 2486
2113 2486
329 1562
329 4732
487 926
430 487
54 2078
54 4429
924 2867
1591 2867
1338 2114
2114 2272
3556 3732
2214 3556
3576 3682
2063 3682
3152 3545
2813 3152
31 4321
31 242
1151 4480
1155 4480
271 4671
271 4107
4311 4864
600 4864
3552 4400
2459 3552
963 4730
2564 4730
2764 2907
1148 2907
2125 3720
2125 2688
764 2910
2910 2948
172 4828
3776 4828
1000 2414
767 2414
3253 3950
2279 3950
289 2420
1971 2420
2207 2462
2122 2207
669 2348
669 2674
538 3755
3334 3755
365 768
365 4105
3990 4871
4822 4871
3232 4344
642 3232
2761 4801
4410 4801
2829 3017
861 3017
295 402
295 4904
586 4645
4645 4811
3132 4791
1973 3132
2247 3149
407 3149
3698 4402
3449 3698
1388 2325
1386 1388
5 4646
2091 4646
4304 4781
2826 4304
3340 4559
3340 4134
4825 4848
614 4825
952 3947
3947 4743
224 2874
2874 4643
921 1171
921 3442
611 3563
3331 3563
2926 4821
159 4821
140 1401
140 662
1297 2393
1297 2699
2449 2983
2096 2449
33 3938
33 2464
830 1906
177 1906
1009 1333
608 1333
2479 4109
959 2479
2416 2941
1346 2416
871 4477
377 4477
1042 3476
499 3476
2298 2309
2309 2649
2466 4215
2466 4581
2610 4833
4585 4833
349 1016
349 3842
1008 4735
1008 1014
771 3488
162 3488
455 4966
455 2011
154 3181
154 2147
21 3796
21 1727
2026 2717
1763 2717
787 1203
1203 4501
1086 2094
1086 2446
225 2624
225 2981
2496 4496
3624 4496
93 3362
3010 3362
155 4375
3551 4375
687 2573
2573 4154
749 3614
442 3614
938 1358
1358 1705
142 2650
142 4900
3834 4004
3091 3834
2734 4419
88 4419
3057 4968
1999 4968
1380 3659
944 3659
1224 3611
1224 2490
1686 2879
58 2879
310 2627
2627 4894
1737 2664
1737 4248
480 2046
2046 3260
1253 1575
1253 3237
1370 1964
1370 1466
1611 3118
1611 3881
2308 2585
136 2308
2211 4416
2160 2211
12 743
12 257
519 3871
420 519
1159 2068
1321 2068
279 3936
3655 3936
3651 4269
3651 3805
1060 1619
1619 3029
268 1526
268 4615
1261 4368
312 1261
1389 2061
106 2061
2506 4006
247 2506
4075 4794
1897 4794
2409 4621
575 4621
735 2275
2275 3420
635 4471
635 1791
728 755
728 1659
1775 4023
1775 1889
504 2971
1614 2971
3318 4468
1801 3318
1115 2658
87 1115
1844 4945
1844 3222
1630 2071
2071 4349
299 4773
4226 4773
2024 2972
2024 2825
2106 3558
2106 2745
3392 4836
3024 3392
294 4388
4303 4388
1884 4193
1884 4045
1669 2527
1669 2836
1761 3383
29 1761
1505 3982
3982 4171
563 627
627 3083
2025 4324
3641 4324
881 1770
881 1649
1603 3205
1003 1603
2723 3591
2288 3591
1927 4928
1927 4918
1068 4069
1068 1854
2784 4165
2784 3081
78 3216
78 3508
765 3559
765 1421
3446 4447
3446 3523
456 1093
891 1093
546 956
956 3014
3835 4131
1918 3835
1977 4453
1977 4097
3794 4346
2289 3794
2319 4140
3606 4140
1054 3690
3690 3798
2145 3503
2880 3503
2161 4586
2161 4746
370 1378
262 1378
398 786
786 2312
2631 2986
681 2986
468 4758
1554 4758
817 2754
2607 2754
2007 3734
3248 3734
2854 3247
2321 3247
65 1882
65 1758
558 4929
562 4929
3070 4398
354 3070
1275 3701
19 1275
126 4683
126 2352
2037 4096
434 2037
256 2553
256 3867
4182 4369
4042 4369
323 3317
323 2623
282 865
282 604
3304 4412
3304 4010
2387 3892
3892 4804
35 4083
2577 4083
1027 4106
4106 4648
1235 1412
828 1235
1239 4271
3525 4271
3028 3096
1572 3028
3322 4181
3322 3350
1364 1783
71 1783
269 1010
269 3489
481 3437
481 1157
1473 1915
1915 4244
2117 4162
1755 4162
2683 4192
2683 2902
3113 3543
2846 3543
890 2818
890 1181
168 3656
166 168
636 2004
1517 2004
4397 4831
3931 4397
1280 3153
392 1280
2431 3335
579 3335
2411 2666
40 2666
2504 4963
2504 4009
300 1423
300 2961
731 3929
731 1438
3119 4807
1682 4807
45 4662
45 4784
2332 3185
114 3185
3874 4557
3751 4557
880 4764
880 1589
52 758
758 3004
1128 3957
1128 1541
901 2870
534 901
968 4922
157 4922
1714 3866
1577 1714
1266 2205
1266 4249
3 2451
2451 3065
2258 4058
623 2258
450 2086
2086 2367
414 1610
1610 4526
1768 4509
3482 4509
1002 1514
1002 3492
3086 3381
1211 3086
1017 3291
1017 4449
624 3241
272 3241
609 4421
609 2882
1425 1549
1549 2651
386 1642
1303 1642
1899 4741
1899 2830
2341 3539
849 2341
1991 2775
1991 3940
2225 2789
2034 2789
1152 2150
1152 2667
1079 4474
230 4474
978 1793
1793 4845
322 807
322 2009
1306 2505
1616 2505
1258 3368
1819 3368
1832 4981
746 4981
1262 3595
404 3595
462 4104
2402 4104
638 957
957 2782
2175 2523
2523 4766
1735 1937
1937 2890
3528 4203
4203 4361
129 1324
1324 1641
179 4403
179 537
406 1029
1029 1071
996 3699
996 4126
1232 4093
226 4093
2765 4939
1461 4939
4333 4431
2774 4333
1302 4618
1302 4000
2180 2401
2401 4364
2619 4565
4565 4629
1987 2979
2979 3443
4122 4920
3428 4920
1857 3772
581 1857
1472 4748
566 1472
748 4880
1926 4880
2000 4729
1005 2000
1743 3658
1916 3658
1433 2417
1433 4163
308 3724
3724 4240
1197 3486
3486 4951
2608 3824
2608 4742
612 875
875 1011
425 3660
425 1941
2181 4085
2181 3233
4493 4953
722 4493
522 1808
522 2508
2457 4214
1483 2457
369 652
652 1314
770 1073
1073 3516
946 1351
946 3352
2442 2547
2547 3870
1564 3364
1138 1564
3461 3963
91 3461
2072 3398
1813 2072
1001 2406
1001 3872
3814 4917
1734 3814
2748 4077
2433 2748
2602 2899
2602 2625
3190 3663
3190 4087
1415 1647
1647 3862
2488 3726
2488 3225
2556 3626
218 3626
1579 4117
73 1579
1747 4669
1747 4547
1040 4313
2884 4313
2194 3306
1161 3306
82 2646
2646 3084
1962 2725
2725 3599
1684 2832
1684 3239
2405 3288
513 2405
714 2131
903 2131
3771 4013
1888 3771
337 2085
337 3703
248 695
695 2199
133 2804
2513 2804
1169 1194
314 1194
3859 4424
3645 4424
285 3435
3435 3800
3411 4713
317 3411
1167 2492
403 2492
1788 1833
1833 1878
116 232
116 3377
2089 3265
1061 2089
973 2146
14 2146
3863 4750
3863 4310
1965 2320
2320 2549
2107 4011
2107 4700
2636 4479
1162 2636
2134 2525
2134 2766
3390 4284
3076 4284
4099 4616
1223 4099
1313 4197
3230 4197
238 1733
212 238
2729 3380
2693 2729
3932 4411
1419 4411
509 4589
2584 4589
3612 3667
3622 3667
4199 4874
2261 4874
3131 4628
2250 3131
1778 4754
4432 4754
37 2242
37 4041
2706 3201
115 3201
2444 3853
2444 4100
1051 1144
1051 3943
189 1821
967 1821
1985 2809
1985 4979
1511 3490
3490 4326
3007 3911
3007 4383
2388 4532
971 2388
4176 4760
991 4760
4521 4843
3664 4521
595 2516
948 2516
2820 3650
3535 3650
1559 2669
1191 1559
3448 4305
3448 3714
453 2762
453 2079
1296 1418
1296 3264
680 4973
235 680
1395 3541
3541 3700
3251 4657
4250 4657
953 3861
953 1116
977 2186
977 1170
1143 3472
516 3472
633 2236
2236 2821
1496 3430
983 3430
701 1631
701 1416
2055 2235
2055 2187
3189 4073
4073 4536
1606 2397
750 2397
233 4186
233 3578
1494 3044
1494 1655
2897 3075
2878 3075
893 4430
893 3758
989 1912
989 3433
693 3337
69 3337
885 2480
885 4860
1320 3226
1320 3817
3921 3965
1046 3965
4363 4533
3272 4533
1908 4949
2050 4949
3394 3629
3394 3954
2808 4924
2808 4312
3399 3638
3407 3638
1850 4147
1850 2212
853 4295
3498 4295
2192 4549
935 2192
2600 2783
2783 3402
1925 3271
1174 1925
685 3277
3277 3978
410 4380
3949 4380
2047 2144
2047 4175
59 2750
59 2001
2255 3646
679 2255
2045 3891
2045 4034
852 3384
852 4558
2944 4289
2201 4289
1748 2772
1748 1870
2677 3679
1221 2677
1691 4554
2291 4554
2105 3901
1354 3901
2994 3733
3285 3733
3001 4866
2524 3001
2292 4123
2739 4123
808 3002
808 2561
3600 4722
2184 3600
1637 3704
412 1637
384 1858
384 4436
1900 2915
2915 4277
2021 2439
2439 4057
999 1951
629 1951
1997 3018
1997 2618
2741 3919
149 2741
583 2963
806 2963
1007 4489
1441 4489
682 1422
1078 1422
3672 4812
2785 4812
288 966
966 2747
4139 4268
3515 4268
2539 3092
2679 3092
2210 4376
4280 4376
2908 4853
2908 3450
2682 3077
3077 4859
104 949
104 2097
1940 4247
1742 1940
1626 4308
2543 4308
798 4450
2613 4450
488 1508
1508 4330
3666 4439
440 4439
2537 3464
1914 2537
792 4755
792 2916
1344 3801
1348 3801
1643 4640
1851 4640
3976 4485
3976 4356
1076 3287
3287 3642
1365 1932
1365 4513
3062 4798
4527 4798
50 3500
3500 4294
1123 2891
254 1123
2067 4287
198 4287
725 2991
2991 3786
2647 3338
2647 2957
1108 1958
1108 4452
3324 3640
3060 3324
3481 4946
2343 3481
438 4472
438 4850
490 4189
4189 4198
1539 2709
2709 4111
1968 3511
3431 3511
4179 4386
1694 4179
1745 1746
1746 4969
717 816
717 4562
645 4021
345 645
20 2730
1503 2730
934 3453
1753 3453
1552 1953
1953 3423
478 3416
478 1204
1829 1938
1938 3296
1590 3052
1590 3301
564 3483
1207 3483
253 2609
253 4846
4037 4582
1698 4037
603 3898
127 3898
287 1736
287 4233
2798 4257
4257 4540
1216 3425
1795 3425
2824 4237
3008 4237
860 1226
463 1226
782 3151
3151 4340
1802 2124
2124 3647
321 366
366 2465
1106 1804
1091 1106
3204 3385
1877 3385
1150 4484
1150 1605
1588 3460
2344 3460
1797 4862
1797 2635
57 4734
57 783
1712 3369
1712 2098
3297 4944
2566 3297
3865 4687
2562 3865
2904 3526
576 2904
756 3139
756 4245
2630 4600
711 2630
1304 4184
1823 4184
66 1250
66 675
4817 4882
2917 4882
169 773
169 4288
630 4404
630 3140
2353 3344
2222 3344
316 2058
316 470
1080 2935
1080 4081
1531 2269
2269 4653
1428 3299
1428 4678
362 2481
2481 4151
3330 3974
244 3974
670 1254
1031 1254
56 2019
56 2851
2426 4487
2542 4487
139 1855
139 1107
2617 3673
740 2617
1310 3942
1310 4799
1996 2758
1417 2758
1210 3474
454 3474
2554 2822
2551 2554
1183 4418
2493 4418
790 4623
797 4623
459 3613
459 2980
1909 3571
1909 2632
1399 3748
1803 3748
1018 4498
1322 4498
483 3665
483 1396
130 1608
495 1608
745 1130
745 4520
3527 4490
1484 4490
1374 3981
673 1374
2202 2378
2378 2430
4469 4813
4813 4878
1545 3680
3680 3774
1587 4587
3289 4587
3171 4553
315 3171
3519 3718
1613 3519
3261 3848
3261 3619
769 4205
769 2053
394 3838
1244 3838
219 3596
3596 4170
1910 3845
171 3845
1149 2787
2787 3138
1513 2498
822 2498
311 3397
3397 4425
2383 2638
1367 2638
3056 3346
3346 3432
2931 4814
4814 4948
2905 3211
3211 4690
883 4704
883 2645
737 2080
358 737
1318 1935
1058 1935
280 3473
1595 3473
1713 4127
545 1713
2208 2703
182 2208
467 915
915 2197
4389 4524
3858 4389
785 2376
841 2376
2113 2346
192 2113
1562 2489
506 1562
1006 4732
3514 4732
926 1706
926 2020
430 777
430 555
2078 4299
2078 2852
3913 4429
163 4429
924 3644
122 924
1591 4143
1352 1591
203 1338
1338 1459
2272 3999
2272 4049
2721 3732
3732 4196
2214 4440
1731 2214
3522 3576
1594 3576
213 2063
676 2063
1184 3545
1551 3545
2813 3590
2813 3782
1769 4321
2277 4321
242 1557
242 800
1151 2949
1151 1825
1155 1175
1155 1372
85 4671
145 4671
594 4107
2995 4107
1931 4311
2536 4311
600 2370
600 2992
2726 4400
1345 4400
2274 2459
2018 2459
963 3019
963 3280
1622 2564
2564 4445
90 2764
2764 4679
1148 4535
1148 3710
3720 4336
251 3720
2688 2697
2285 2688
764 2266
764 3429
2795 2948
1721 2948
172 1942
172 1309
3768 3776
2265 3776
301 1000
1000 4545
767 1924
767 910
1544 3253
128 3253
1521 2279
2279 2868
289 4076
289 2743
330 1971
1971 3191
2462 4926
444 2462
103 2122
2122 4642
2348 3534
2348 3604
2674 4137
2674 4548
538 4256
538 1756
3334 3797
3334 4844
768 3174
418 768
1600 4105
654 4105
3990 4706
3990 4808
4661 4822
197 4822
1683 4344
2918 4344
642 1098
642 877
2064 2761
2761 3415
1497 4410
2722 4410
2732 2829
2829 4539
861 3281
861 1158
402 3035
402 4301
1650 4904
2933 4904
586 2724
586 3652
3875 4811
2749 4811
4619 4791
360 4791
1973 2752
1973 4273
2247 2455
2247 4870
407 3791
407 4046
4402 4682
3935 4402
3449 3683
3449 4338
2325 4505
2325 3249
1386 3809
1386 2965
5 3550
5 461
2091 2581
51 2091
1052 4781
4781 4993
2396 2826
653 2826
1373 4559
3310 4559
1036 4134
2456 4134
868 4848
3290 4848
614 1848
614 2284
952 1292
952 1391
4660 4743
3130 4743
224 2590
224 1245
4074 4643
585 4643
1171 4194
1171 2165
401 3442
721 3442
611 1866
611 3890
1384 3331
3000 3331
2926 3326
702 2926
159 4823
159 3126
1233 1401
1401 1811
662 4693
662 2195
1907 2393
1411 2393
2699 2914
2699 3945
1087 2983
2983 4101
2096 4941
2096 2705
2135 3938
3938 4702
507 2464
2464 2819
830 2049
830 2463
177 1114
177 4059
1009 2241
1009 2497
608 4052
608 651
4109 4121
2391 4109
959 3738
959 2473
2941 3365
356 2941
1208 1346
1346 3581
550 871
92 871
377 4667
377 995
1042 4772
620 1042
499 2263
499 4022
2298 2626
2298 4044
2649 2921
2649 4168
428 4215
2154 4215
3154 4581
759 4581
2610 3427
2008 2610
2185 4585
643 4585
1016 1227
1016 2065
1450 3842
941 3842
3354 4735
3037 4735
265 1014
1014 1903
771 4371
771 4103
162 368
162 2360
4291 4966
2337 4966
1645 2011
1874 2011
2051 3181
371 3181
955 2147
1402 2147
2711 3796
3796 4444
1727 3851
523 1727
1772 2026
1394 2026
1763 2221
1763 3837
719 787
787 2833
3484 4501
2587 4501
2094 3894
1237 2094
533 2446
2446 4070
471 2624
2624 4913
2981 3404
273 2981
267 2496
53 2496
3624 4787
2922 3624
93 709
93 1868
2379 3010
3010 4634
155 2860
155 3098
3551 4033
3551 3671
687 3475
687 3441
4154 4994
710 4154
749 2268
749 1390
442 3693
442 2014
938 2969
436 938
1705 3692
1705 4592
1409 2650
2650 3761
3609 4900
94 4900
1602 4004
3493 4004
2307 3091
3091 3831
2510 2734
2734 3739
88 4639
88 1726
1263 3057
1101 3057
1999 2123
1999 2200
1380 4765
726 1380
944 2224
895 944
124 3611
3589 3611
2490 4012
2490 2665
1686 4819
1686 3681
58 3731
58 1701
310 3003
194 310
4334 4894
970 4894
1574 2664
2664 3812
4248 4580
1540 4248
480 696
480 2535
1030 3260
2215 3260
1575 2875
1575 4761
2861 3237
3237 3986
1964 4658
1568 1964
1466 2173
1466 3199
3118 4055
2744 3118
1283 3881
3881 4666
569 2585
2585 4235
136 4262
136 568
4178 4416
1835 4416
2160 2863
2160 2478
743 1490
743 3565
257 3262
257 1122
1831 3871
3871 4649
420 4998
420 3969
152 1159
1159 4458
1300 1321
1321 3459
279 2140
279 2588
3655 4605
1267 3655
2362 4269
655 4269
3805 4885
3805 4803
1060 4224
1060 1729
3029 4503
2927 3029
79 1526
1526 2790
3179 4615
296 4615
3530 4368
1972 4368
312 1640
312 4071
1389 3408
1389 1435
106 4358
106 4043
2887 4006
2898 4006
247 1895
247 2365
2974 4075
8 4075
1897 4113
1897 4965
2409 2544
2409 3603
575 2389
575 2803
735 3122
735 1732
3420 4298
607 3420
1627 4471
3444 4471
347 1791
1791 3803
234 755
755 4515
1659 3255
1659 2885
4023 4028
2248 4023
1889 2873
373 1889
504 2108
504 3455
1614 4518
1147 1614
1537 4468
3889 4468
505 1801
1801 3134
2658 3852
539 2658
87 156
87 1527
794 4945
2423 4945
3177 3222
3222 3752
390 1630
1630 3630
4349 4625
4349 4868
299 3099
299 813
305 4226
1919 4226
2972 3922
2972 3270
2825 4855
2760 2825
3558 3561
3558 4335
2745 2998
1495 2745
4836 4899
4242 4836
3024 3363
703 3024
294 3909
294 577
2988 4303
551 4303
1451 4193
4193 4720
4045 4500
2687 4045
1824 2527
2527 4931
2552 2836
1182 2836
2461 3383
309 3383
29 3830
29 417
587 1505
1105 1505
1830 4171
1787 4171
125 563
563 1166
3083 4265
1137 3083
187 2025
2025 2294
1890 3641
3641 4522
1770 3284
1770 3586
1649 4161
1649 2390
1136 3205
1678 3205
905 1003
1003 1291
2723 4830
2062 2723
2288 4964
2288 4763
4392 4928
3252 4928
4918 4958
4916 4918
1725 4069
4069 4590
1853 1854
1854 1865
3219 4165
3054 4165
3081 3257
3081 4274
2073 3216
379 3216
1534 3508
2987 3508
3559 4222
3559 4856
1421 2483
1421 3030
1785 4447
4447 4800
150 3523
698 3523
456 543
456 1959
891 3058
891 4229
546 1974
546 1234
383 3014
2002 3014
3439 4131
4102 4131
1918 4818
1918 4901
3160 4453
3193 4453
117 4097
1066 4097
4144 4346
2377 4346
2289 2644
2289 3016
2319 3187
2319 2668
1876 3606
2700 3606
1054 1867
1054 2437
340 3798
2841 3798
2145 2565
2145 2487
1623 2880
2880 4213
2109 4586
1156 4586
831 4746
241 4746
370 3041
370 3268
262 2056
262 2074
398 3584
398 2244
1961 2312
2312 3721
2631 3959
2631 4145
681 3557
681 2044
468 4394
468 3737
1554 4757
1554 2502
817 1209
817 2057
2607 4202
74 2607
1113 2007
2007 3876
3248 3582
3248 4876
1381 2854
1680 2854
2321 4710
1099 2321
1281 1882
1882 1979
485 1758
1112 1758
558 665
558 1696
557 562
562 3625
1083 4398
4398 4725
354 1134
354 2763
1206 3701
3235 3701
19 2956
19 4771
1986 4683
634 4683
621 2352
2352 4497
4096 4561
975 4096
434 1325
434 3648
2553 4599
1026 2553
582 3867
3867 4525
2517 4182
2731 4182
4042 4372
3939 4042
766 3317
3317 4190
2623 3657
2623 4717
865 3319
865 4960
604 2900
23 604
1711 4412
1651 4412
2254 4010
3506 4010
2217 2387
9 2387
1510 4804
2384 4804
35 2203
35 3308
2577 4343
723 2577
1027 4796
1027 1750
2657 4648
4146 4648
1412 3156
1412 4996
828 3785
828 1818
1239 2812
1239 2267
1620 3525
1507 3525
1881 3096
3096 4261
1572 4360
1572 4677
3553 4181
2151 4181
3350 4651
3350 4711
486 1364
344 1364
71 2040
71 1135
1010 4752
1010 2597
942 3489
1957 3489
3437 4591
878 3437
1157 3933
184 1157
840 1473
220 1473
4244 4355
1662 4244
2117 4466
2117 4253
700 1755
1697 1755
650 4192
2684 4192
2902 4275
1584 2902
2407 3113
872 3113
510 2846
2654 2846
2818 4329
965 2818
1181 2234
1181 2338
3656 4767
3656 4455
166 4414
166 3707
636 2394
636 1875
1276 1517
671 1517
3775 4831
763 4831
3696 3931
3413 3931
153 3153
3033 3153
392 3366
392 590
870 2431
2431 3722
579 3038
579 3554
2411 3120
2411 3121
40 1693
40 2472
812 4963
4712 4963
4009 4038
1442 4009
1423 4281
1070 1423
1515 2961
1397 2961
2314 3929
3315 3929
1438 4789
1438 3510
599 3119
2993 3119
1682 4890
205 1682
2859 4662
2601 4662
3403 4784
4556 4784
1229 2332
1219 2332
114 3087
114 2162
3874 4481
2855 3874
2912 3751
3751 4406
3574 4764
2520 4764
1589 3896
1589 4551
52 1543
52 1264
3004 3088
3004 4243
3615 3957
1056 3957
1541 1856
228 1541
2870 2925
2870 3906
534 4150
534 1523
968 4314
968 3108
157 3850
157 508
528 3866
2938 3866
684 1577
1577 1945
1049 2205
1160 2205
2869 4249
992 4249
3 3616
3 1146
83 3065
3065 4927
3421 4058
2357 4058
623 1432
525 623
450 518
450 3059
2367 3198
2367 2659
414 4427
414 4583
4526 4555
678 4526
1768 2800
43 1768
3482 4984
1520 3482
1514 4204
1514 3579
3492 3610
2159 3492
2934 3381
3150 3381
304 1211
1211 3144
1542 3291
2975 3291
4449 4588
1434 4449
624 4940
624 2947
63 272
272 1558
4421 4826
3155 4421
2882 3762
210 2882
819 1425
1141 1425
2651 2707
936 2651
386 2691
386 3021
1303 3025
1303 3223
1474 4741
1822 4741
2830 4655
2830 4694
1917 3539
2673 3539
849 1826
849 4230
1913 2775
2775 3998
2082 3940
3940 4999
2225 4362
2225 2424
1368 2034
2034 3072
2150 3040
2150 4971
1110 2667
1565 2667
1079 3073
1079 4297
230 3305
230 3880
978 3031
978 3746
4845 4947
2350 4845
807 2193
807 1015
1658 2009
2009 2231
1306 1718
1306 3977
1616 4751
1616 3195
1258 2230
164 1258
1819 3773
1819 1880
1792 1832
1832 2425
746 2229
746 1955
1262 1675
1262 2978
404 864
404 2415
462 4733
462 1984
1405 2402
1699 2402
638 2913
638 3278
1020 2782
501 2782
1993 2175
2175 4793
75 4766
3378 4766
1735 3564
987 1735
911 2890
1444 2890
1869 3528
497 3528
3107 4361
1478 4361
129 3451
129 4907
1641 3269
1641 4246
27 4403
4403 4775
537 4517
537 3112
406 1084
406 1241
1071 4141
1071 2507
1798 3699
1220 3699
2485 4126
4054 4126
1232 1673
1232 2586
226 4608
226 2361
739 2765
1862 2765
1461 3723
1461 3238
3210 4431
3217 4431
1246 2774
451 2774
3689 4618
1462 4618
4000 4206
4000 4051
2180 2330
2180 4283
2476 4364
2042 4364
2619 4531
1471 2619
3159 4629
105 4629
1987 4446
1987 2815
3443 4409
3443 3993
874 4122
3456 4122
882 3428
3428 4937
708 3772
2599 3772
581 4019
581 1992
3111 4748
3583 4748
540 566
566 1656
748 2434
748 3276
1420 1926
858 1926
2797 4729
3454 4729
1005 1708
1005 4530
1743 3048
1039 1743
16 1916
1916 4399
2417 4597
732 2417
325 4163
1685 4163
308 3071
308 3593
3548 4240
3220 4240
1197 4454
1197 3157
2751 4951
4002 4951
3675 3824
3824 4092
2594 4742
2716 4742
612 3795
612 3047
962 1011
1011 4673
1109 3660
3660 3716
342 1941
1941 3259
274 4085
2148 4085
3233 4728
530 3233
4318 4953
1124 4953
722 3820
722 1530
1808 3302
802 1808
2508 2713
1286 2508
3678 4214
4214 4220
1483 4251
1082 1483
369 3587
34 369
1314 3358
1314 1533
770 3849
770 2883
3516 3926
3516 4851
617 1351
1351 2339
3333 3352
2583 3352
2442 3143
2216 2442
897 3870
3229 3870
1269 3364
3364 3914
1138 4797
396 1138
667 3963
3963 4173
91 2671
91 4617
191 3398
3398 3855
1813 3141
1569 1813
1779 2406
2059 2406
3872 4320
2474 3872
3200 4917
859 4917
1734 2385
1094 1734
2862 4077
3674 4077
1088 2433
2433 4025
923 2899
2899 3393
2625 3784
2625 3677
1754 3663
3663 3964
1956 4087
348 4087
1415 1672
1415 2837
3242 3862
3862 4279
2827 3726
2278 3726
3225 3823
298 3225
2556 4302
1652 2556
218 261
218 937
193 4117
4117 4470
73 3975
73 3100
4395 4669
945 4669
4370 4547
464 4547
1040 4502
1040 4148
2884 3566
1943 2884
2194 4475
2194 4156
572 1161
1161 4777
82 446
82 825
1592 3084
1075 3084
1117 1962
1962 3115
1981 3599
3529 3599
1934 2832
913 2832
2167 3239
3239 4072
2276 3288
2889 3288
391 513
513 969
60 714
714 1139
903 2558
903 2075
2920 4013
3445 4013
1888 2660
1888 4459
2085 2239
2085 2843
3703 4276
3046 3703
248 1307
248 997
2199 3266
835 2199
133 3903
133 3409
2513 3705
1636 2513
843 1169
1169 3006
314 3325
314 2232
2467 3859
2794 3859
3645 3654
1475 3645
285 925
285 3730
3800 4393
1469 3800
357 4713
2954 4713
317 3061
317 1546
1167 3410
1167 2698
403 4668
403 3770
1788 3607
1788 2689
1766 1878
1878 4296
232 707
232 3343
352 3377
3377 4689
2727 3265
2435 3265
47 1061
1 1061
863 973
973 3989
14 2778
14 3351
2781 4750
541 4750
4310 4323
2801 4310
1965 3036
1965 2460
1893 2549
175 2549
1949 4011
4011 4887
4339 4700
2403 4700
4260 4479
258 4479
1162 3575
1162 2831
1192 2525
2525 3856
1710 2766
4 2766
580 3390
2246 3390
3076 3188
1988 3076
2570 4616
2031 4616
1223 3203
1223 2163
1313 3128
1313 2104
3230 3841
2142 3230
1665 1733
1535 1733
212 1657
212 388
3380 4770
2400 3380
2693 4064
2693 3808
1129 3932
3932 3946
1419 2260
1419 4959
509 4507
509 1904
1765 2584
2514 2584
3612 4015
3612 4086
1815 3622
1740 3622
1901 4199
3633 4199
2261 2454
2261 3694
99 4628
3162 4628
2250 3015
2250 3715
1778 2030
1778 3400
3908 4432
11 4432
332 2242
2242 3079
3594 4041
3323 4041
2706 3742
2443 2706
115 2251
115 3406
1607 3853
1859 3853
1730 4100
775 4100
809 1144
1144 4082
1498 3943
2605 3943
189 2445
189 1295
967 1470
967 4620
2809 3573
102 2809
4167 4979
4088 4979
1375 1511
1511 4317
866 4326
1260 4326
3123 3911
2576 3911
4091 4383
413 4383
2990 4532
3702 4532
971 2634
971 1436
4176 4672
4176 4961
991 1536
991 1581
4238 4843
3713 4843
929 3664
2989 3664
595 4676
595 3916
473 948
948 1290
382 2820
1195 2820
845 3535
3535 4463
1189 2669
1265 2669
1191 1489
1191 3279
3895 4305
762 4305
3714 3846
2964 3714
1299 2762
2762 4142
1377 2079
2079 3847
1418 1902
1418 2614
284 3264
3264 3479
2871 4973
167 4973
235 3832
235 2548
1395 3879
466 1395
3700 4191
2530 3700
3251 3605
3206 3251
3142 4250
1922 4250
1670 3861
3861 4223
181 1116
615 1116
496 2186
2186 3753
1170 4736
1004 1170
1143 3966
1143 3176
516 2172
516 1038
633 1230
633 1561
77 2821
976 2821
1496 2297
1496 3995
983 1085
983 2595
1631 1634
1270 1631
1416 3074
1416 2779
931 2235
2235 4264
1969 2187
2187 2753
573 3189
3189 4337
2786 4536
4536 4579
1606 1944
1606 4210
750 932
750 3050
3517 4186
482 4186
3578 4357
3218 3578
2048 3044
2814 3044
515 1655
1655 2324
338 2897
2897 3537
2878 3956
2410 2878
4116 4430
2152 4430
1398 3758
795 3758
1457 1912
736 1912
733 3433
61 3433
693 1936
693 3961
69 2305
69 4300
1177 2480
2480 4476
1653 4860
1048 4860
3226 4692
2355 3226
2740 3817
3462 3817
55 3921
3921 3971
1046 4218
1046 4609
1186 4363
1382 4363
3272 3309
1446 3272
803 1908
753 1908
1674 2050
2050 4989
3629 3769
3011 3629
3104 3954
2799 3954
4790 4924
661 4924
886 4312
1252 4312
3399 4731
2012 3399
1439 3407
3407 4739
427 4147
2503 4147
2212 4550
2212 4435
223 853
853 3372
3498 4837
3495 3498
318 4549
4549 4769
811 935
935 1789
2600 3436
616 2600
1125 3402
3402 4612
2894 3271
2166 3271
1174 1724
1174 3386
685 1983
685 3471
3978 4195
3978 4053
410 1347
410 2380
3949 4066
237 3949
1202 2144
1022 2144
2728 4175
2440 4175
2750 3042
1928 2750
2001 2438
1952 2001
776 3646
1298 3646
679 3412
679 3371
3568 3891
2592 3891
2190 4034
3022 4034
2227 3384
2780 3384
1187 4558
4519 4558
2340 2944
2944 4227
38 2201
584 2201
2772 3336
2281 2772
1870 4499
1870 3962
3679 4036
1814 3679
1221 4090
1221 1786
814 1691
1691 3355
2291 4650
2291 4293
170 2105
697 2105
1354 1448
1354 3231
529 2994
1776 2994
3285 4460
3285 4254
3917 4866
2372 4866
2524 3930
367 2524
2292 3101
1096 2292
2739 4632
2739 4473
912 3002
2715 3002
2561 4157
2561 4633
1628 4722
1379 4722
2184 4278
2184 3787
3704 4747
3704 4641
216 412
412 1247
1491 1858
1858 4056
4436 4627
836 4436
1104 1900
1900 4541
1456 4277
3777 4277
2021 4050
2021 4433
1331 4057
2791 4057
999 4188
999 1100
629 4007
629 3256
3018 3135
277 3018
1849 2618
2618 4341
3919 4564
2661 3919
149 1132
149 3312
583 943
185 583
806 4231
423 806
1007 4776
1007 3899
1441 2133
601 1441
682 3941
682 4352
1078 1278
1078 3825
3672 3883
3672 4048
2785 3447
2785 4834
281 288
288 1355
2747 4359
2747 3912
1692 4139
646 4139
3515 3688
49 3515
844 2539
2539 4228
2679 2770
544 2679
1715 2210
2210 4462
4270 4280
3766 4280
4695 4853
2806 4853
1431 3450
1504 3450
2682 3662
2682 4788
1593 4859
3298 4859
949 4957
361 949
887 2097
2097 4169
760 4247
409 4247
1742 4566
526 1742
1626 2773
1626 3994
231 2543
2543 3263
730 798
798 2532
2613 4756
2613 3105
488 622
488 691
132 4330
628 4330
3666 3745
1074 3666
440 3466
440 1612
561 3464
1447 3464
1816 1914
1914 3382
4108 4755
1427 4755
2916 4026
2335 2916
1344 4266
1344 1487
1348 3504
856 1348
1643 3374
741 1643
1851 2328
1851 4239
3592 4485
3089 4485
3934 4356
2293 4356
1076 2574
1076 3292
1053 3642
1277 3642
1932 3267
1932 4332
4513 4680
4345 4513
1062 3062
3062 3749
657 4527
4527 4877
50 278
50 3756
2652 4294
178 4294
2891 3329
2032 2891
46 254
254 4290
1883 2067
2067 2856
198 734
198 1193
725 4408
725 3709
3786 4094
3786 3900
3338 4914
3338 4841
597 2957
2282 2957
1958 4701
1958 4956
1716 4452
1771 4452
993 3640
3640 4630
1273 3060
3060 4385
15 4946
3236 4946
2204 2343
666 2343
1576 4472
2196 4472
4252 4850
4654 4850
490 4267
490 2757
3637 4198
1892 4198
520 1539
1539 3032
2209 4111
4111 4745
1968 3507
1199 1968
1720 3431
3431 3967
3819 4386
1629 4386
1694 2264
1694 3649
1745 4029
1745 4486
378 4969
4225 4969
816 2996
816 2951
2528 4562
3093 4562
3418 4021
4021 4080
345 979
345 3005
20 2249
20 4024
1043 1503
1503 1580
934 2358
934 3063
1753 2286
1753 3167
1552 4155
1552 4272
2550 3423
3423 3893
3416 3887
1500 3416
1204 2271
1204 1311
1829 2155
1829 4697
3296 4426
3296 4461
2953 3052
3052 4325
3294 3301
1582 3301
67 564
564 2857
1207 2005
954 1207
2609 4567
2452 2609
3783 4846
2141 4846
458 4582
2733 4582
1698 2924
1698 3026
603 1126
603 3804
127 2240
127 2359
1736 4149
1736 2003
2331 4233
1841 4233
2798 3209
1681 2798
2179 4540
1840 4540
1216 4839
1216 3997
229 1795
1795 4594
2824 3843
2824 4782
3008 3463
1518 3008
860 4708
319 860
463 4861
463 4529
647 782
782 4236
1863 4340
1047 4340
1802 3417
1802 4282
3647 4753
240 3647
290 321
321 3027
1041 2465
492 2465
1804 3215
1804 4925
108 1091
1091 4354
3204 4991
3204 4387
1877 4577
1877 1920
2413 4484
200 4484
527 1605
810 1605
1588 1677
1588 3635
2188 2344
1293 2344
1127 4862
2238 4862
2635 3792
183 2635
1578 4734
2533 4734
783 2069
783 4857
3369 3697
2958 3369
2098 2126
2098 2111
3602 4944
2817 4944
2566 3736
2566 4596
2959 4687
4569 4687
2562 4061
97 2562
3526 4572
1387 3526
576 3082
576 1871
1547 3139
3139 4888
4245 4560
4245 4726
742 4600
3818 4600
711 902
711 1400
1304 3165
331 1304
1823 3754
1823 3183
1250 3147
460 1250
675 2499
675 3521
2802 4817
1860 4817
2917 4601
974 2917
773 1688
773 1599
22 4288
2083 4288
712 4404
3332 4404
1807 3140
1465 3140
1410 2353
1025 2353
2222 3465
2222 4546
1723 2058
2058 2511
470 838
470 1704
62 2935
475 2935
641 4081
2243 4081
1531 3958
1531 3747
3328 4653
3300 4653
469 3299
1350 3299
4678 4740
4678 4915
362 637
362 3145
4151 4719
4151 4805
2428 3330
1279 3330
244 4135
244 2967
670 2349
670 4995
1031 2681
1031 4328
744 2019
2019 2746
2033 2851
2441 2851
2006 2426
2139 2426
408 2542
2542 2755
1855 2084
1855 4815
1107 4786
1107 4867
1089 3673
3673 4166
740 2257
740 2252
2116 3942
3942 4635
2792 4799
4465 4799
1198 1996
1996 4972
1417 4983
1417 2392
1210 2816
1210 4716
454 2538
454 1034
1873 2822
1567 2822
2551 4538
2551 3194
1183 2315
724 1183
2493 2759
186 2493
381 790
790 4852
559 797
797 2736
2521 3613
3613 4686
2980 4428
2035 2980
649 3571
2176 3571
2632 4506
96 2632
313 1399
1399 4353
297 1803
359 1803
754 1018
1018 2858
1322 2495
1322 4201
292 3665
3665 4078
1396 3927
351 1396
130 631
130 2653
495 1449
495 1911
1130 3491
985 1130
441 4520
2366 4520
2143 3527
400 3527
1484 4715
1484 2369
1337 3981
3258 3981
673 3180
673 1424
2202 4442
353 2202
2430 2526
2430 2529
2 4469
3478 4469
3712 4878
4098 4878
1545 4259
1545 4391
3774 4598
472 3774
1179 1587
1587 4699
2112 3289
1967 3289
3345 4553
536 4553
315 4285
315 2946
1621 3718
3718 4563
1613 3497
1613 3161
3826 3848
3540 3848
2081 3619
2022 3619
981 4205
3632 4205
207 2053
1571 2053
394 4724
394 1362
1244 3250
605 1244
219 2675
219 592
3085 4170
306 4170
1910 2101
1910 2422
42 171
171 2633
1149 4593
1149 2103
2955 3138
3138 4286
1513 4177
1513 2678
822 2092
822 2171
311 1777
311 729
1392 4425
2997 4425
2383 4759
44 2383
1367 2776
606 1367
1407 3056
3056 4895
1707 3432
479 3432
1839 2931
2611 2931
1133 4948
2906 4948
1464 2905
848 2905
1090 4690
3353 4690
1095 4704
2888 4704
951 2645
2645 3802
1222 2080
1328 2080
358 1728
358 1482
13 1318
738 1318
1058 3725
521 1058
280 1274
280 3373
1595 2531
1595 4858
2845 4127
918 4127
346 545
195 545
2703 3009
2642 2703
182 2354
182 4084
161 467
467 4119
2197 4063
2197 2865
4342 4524
4524 4962
2399 3858
2872 3858
785 3314
785 2127
457 841
841 4897
2346 4120
2346 2849
192 1284
192 1806
2364 2489
2489 3996
506 658
506 2371
1006 2226
1006 1960
3514 4933
2120 3514
1045 1706
1111 1706
2020 4988
500 2020
777 2942
777 4219
555 2375
555 3829
1476 4299
3885 4299
2852 4835
293 2852
112 3913
2866 3913
163 2518
163 554
1820 3644
2501 3644
122 598
122 1635
3643 4143
4143 4992
1352 2270
1352 1553
203 917
203 1739
1459 1886
1459 4873
788 3999
1339 3999
2603 4049
908 4049
916 2721
2110 2721
805 4196
2738 4196
2737 4440
4440 4574
1731 2928
1731 3370
2326 3522
264 3522
694 1594
1317 1594
213 435
213 4138
676 2087
676 3860
1184 2515
950 1184
1551 2977
1551 2692
1741 3590
429 3590
3066 3782
578 3782
1769 3395
1769 2356
2277 4543
2277 4443
1557 2923
1557 4032
800 1976
498 800
1063 2949
511 2949
842 1825
1825 1954
1175 2450
1175 1891
1372 2363
173 1372
85 854
85 4542
145 3405
145 2468
594 4906
594 873
2995 4738
2995 4528
867 1931
1931 2323
1842 2536
1617 2536
411 2370
2370 4891
2643 2992
2992 3601
1989 2726
2726 2901
1345 2347
1345 3788
2274 3854
2274 3905
2018 4060
1334 2018
3019 3708
3019 4492
1180 3280
208 3280
1622 4990
243 1622
2620 4445
2191 4445
90 1528
90 239
3984 4679
706 4679
1887 4535
1671 4535
3710 4438
3710 3970
2540 4336
2578 4336
251 1024
251 1366
2697 3960
2697 3124
2285 3221
2285 3621
1353 2266
1667 2266
3429 4829
141 3429
692 2795
1176 2795
1294 1721
1721 4614
1942 2119
626 1942
1309 2016
1309 4840
972 3768
3569 3768
2265 2519
1812 2265
301 2299
301 2301
2100 4545
1563 4545
1924 2287
1924 4306
910 4089
910 2302
1140 1544
1544 2228
128 1978
128 3117
1521 2940
1521 2767
2868 4573
449 2868
2696 4076
793 4076
1596 2743
2743 3184
330 4816
330 2984
2680 3191
3191 4180
1065 4926
4035 4926
444 3224
444 1744
103 4491
103 3166
2129 4642
884 4642
862 3534
2128 3534
3604 4987
2491 3604
4137 4523
3509 4137
613 4548
1067 4548
3907 4256
928 4256
1493 1756
1756 3628
3797 4863
1214 3797
3316 4844
2381 4844
376 3174
574 3174
418 888
418 1393
1600 3580
1600 2206
654 4768
654 1781
2629 4706
259 4706
1012 4808
415 4808
4366 4661
3973 4661
197 2842
197 4136
1683 2262
1683 3103
2918 3743
180 2918
1098 1301
1098 3757
877 3106
877 2616
2064 4047
39 2064
25 3415
3415 3948
1497 3585
1497 4785
1668 2722
2722 4749
2732 2834
1717 2732
1028 4539
1092 4539
1458 3281
119 3281
1158 1810
1158 2412
784 3035
1749 3035
3125 4301
1666 4301
263 1650
1650 4967
988 2933
2933 3532
1145 2724
588 2724
818 3652
3327 3652
3531 3875
2283 3875
2749 4911
2749 3129
2756 4619
4183 4619
360 3597
360 1519
947 2752
2752 3213
4273 4347
3480 4273
2455 3245
610 2455
3137 4870
644 4870
476 3791
3791 4467
3342 4046
3477 4046
939 4682
3064 4682
3935 4723
3282 3935
1885 3683
747 3683
4315 4338
3286 4338
2041 4505
1479 4505
2015 3249
1966 3249
869 3809
3133 3809
1383 2965
2965 4504
3550 4898
1828 3550
461 2828
461 2259
2581 4809
2581 4017
51 1861
51 1404
1052 4779
1052 1443
1598 4993
2177 4993
2396 4483
2396 3518
653 824
653 4838
1044 1373
1373 2310
3310 4005
3310 3807
904 1036
1036 4309
2456 3376
847 2456
868 4604
868 1231
720 3290
2500 3290
1848 2672
250 1848
1597 2284
2284 4040
640 1292
1292 4919
1391 3172
1391 4495
3303 4660
4031 4660
2943 3130
2714 3130
2590 2621
1342 2590
1245 3192
1245 2484
4074 4644
3196 4074
585 4792
532 585
1998 4194
2929 4194
2165 4451
1361 2165
401 1259
401 3414
721 1426
721 2648
1866 1963
994 1866
3890 4602
1153 3890
565 1384
199 1384
2311 3000
3000 3197
1852 3326
3326 3944
702 4884
702 2304
447 4823
3538 4823
3126 3499
892 3126
1233 2178
1233 3627
1811 4806
1811 3676
2017 4693
713 4693
374 2195
2195 2771
1032 1907
1907 2342
1327 1411
704 1411
2914 4374
1268 2914
3945 4568
3945 4681
1087 3691
1087 3661
4101 4986
465 4101
4014 4941
4110 4941
672 2705
2705 2909
121 2135
2135 2615
1103 4702
84 4702
507 1933
507 4160
2819 4373
10 2819
17 2049
778 2049
2463 3836
2463 4802
1114 4656
1114 2477
3719 4059
1516 4059
443 2241
894 2241
2408 2497
2497 4696
135 4052
211 4052
651 3764
651 4367
3763 4121
1323 4121
36 2391
2391 4978
1799 3738
3738 4118
350 2473
1413 2473
1050 3365
2598 3365
356 3434
356 896
1188 1208
1208 4935
147 3581
547 3581
550 1586
550 2850
92 2137
92 333
1864 4667
2982 4667
995 1846
995 4950
1939 4772
1121 4772
620 3750
620 3208
2256 2263
560 2263
3469 4022
2223 4022
2066 2626
2563 2626
3283 4044
1800 4044
961 2921
2567 2921
389 4168
1550 4168
335 428
158 428
255 2154
1624 2154
960 3154
909 3154
236 759
759 2076
474 3427
320 3427
2008 2470
514 2008
2185 3955
134 2185
643 4422
643 4714
1227 1784
393 1227
2065 4847
2065 4209
1450 4626
355 1450
941 2334
941 2386
2686 3354
820 3354
3037 4910
3037 4413
265 1837
265 4576
1676 1903
1903 3313
3094 4371
2336 4371
1879 4103
2966 4103
368 1929
368 1702
2360 3274
1796 2360
789 4291
3494 4291
1773 2337
919 2337
1164 1645
1645 2090
422 1874
1874 3793
2051 4610
2051 3857
371 2886
371 3170
955 1921
955 2877
889 1402
1402 3972
2295 2711
2711 3243
4212 4444
3034 4444
3851 4783
846 3851
523 3080
523 1343
1772 2710
1585 1772
421 1394
1394 3254
2221 2848
2221 2432
1695 3837
1555 3837
719 4263
719 4319
2833 4977
1173 2833
914 3484
2102 3484
260 2587
2494 2587
1872 3894
3894 4377
1237 1406
1237 1843
111 533
533 3347
1615 4070
2333 4070
471 826
471 1200
2509 4913
3985 4913
3404 4488
2296 3404
273 2427
273 3438
267 2448
267 1485
53 4934
53 1369
432 4787
3567 4787
2183 2922
2922 3512
709 3727
709 3608
1868 3097
1868 3524
2379 4670
876 2379
72 4634
1055 4634
2027 2860
2860 4571
2374 3098
3098 4865
144 4033
433 4033
3227 3671
107 3671
1403 3475
489 3475
3441 4216
3441 4079
3779 4994
3109 4994
710 4456
710 2198
2268 4936
2268 4125
245 1390
276 1390
752 3693
2985 3693
531 2014
2014 4624
2969 4970
2969 3388
436 3367
436 1648
780 3692
3692 3924
4316 4592
3207 4592
1409 1930
677 1409
857 3761
2702 3761
2589 3609
2575 3609
94 4457
94 4511
1602 3687
1602 4001
542 3493
3493 3555
2307 4415
2307 4896
3831 4744
2962 3831
2510 3618
336 2510
3387 3739
3158 3739
4639 4892
48 4639
815 1726
618 1726
1263 3806
1263 4663
1101 3952
1101 1319
1760 2123
2123 4905
138 2200
2200 2622
2968 4765
3562 4765
726 1329
726 3240
1255 2224
1168 2224
431 895
895 3513
124 1212
124 2810
3589 4016
1460 3589
2952 4012
1990 4012
2665 2685
2665 3043
4631 4819
553 4819
3681 4938
2571 3681
1340 3731
3731 4606
1701 3349
110 1701
3003 3983
2318 3003
194 2306
194 1632
3706 4334
688 4334
970 1646
970 2136
1574 3078
774 1574
503 3812
1288 3812
4580 4584
4348 4580
419 1540
1540 4401
696 1363
696 3882
2453 2535
1689 2535
1030 4820
1030 3246
1251 2215
2215 4930
2875 4234
137 2875
445 4761
109 4761
2861 4570
439 2861
3986 4114
3501 3986
4637 4658
1243 4658
1213 1568
1568 4976
26 2173
2173 4384
2469 3199
3199 4382
76 4055
502 4055
2157 2744
2273 2744
689 1283
1283 2028
4448 4666
3505 4666
569 4578
569 1762
86 4235
1601 4235
1330 4262
2039 4262
568 1154
160 568
3163 4178
3361 4178
1663 1835
1835 4208
2863 3631
1285 2863
1618 2478
1995 2478
1490 1845
1490 2036
3565 4327
3467 3565
2793 3262
2695 3262
1122 2593
1122 2219
6 1831
100 1831
3790 4649
1790 4649
3067 4998
176 4998
1709 3969
3419 3969
152 3813
152 1894
2174 4458
4458 4912
1300 4832
424 1300
3459 3623
3459 4153
2140 2421
206 2140
2588 2720
2588 3051
2591 4605
4605 4611
1267 3389
1267 1633
2362 4417
1661 2362
655 2823
655 2290
4885 4980
4437 4885
779 4803
3502 4803
2317 4224
3920 4224
1729 2568
364 1729
3311 4503
1583 4503
2927 4390
120 2927
79 3617
79 2932
1467 2790
2580 2790
3179 3321
3012 3179
296 3634
296 3910
3320 3530
602 3530
1972 2447
1972 3307
591 1640
1640 2560
4071 4292
2835 4071
2458 3408
3408 3546
1435 2950
1435 3767
372 4358
3055 4358
101 4043
3980 4043
1664 2887
2887 3760
2898 3116
1827 2898
1895 3577
95 1895
2365 2777
2365 2670
1994 2974
188 2974
8 196
8 24
2796 4113
3426 4113
2735 4965
1437 4965
827 2544
1975 2544
718 3603
2345 3603
1376 2389
1408 2389
2522 2803
2803 3175
3122 3275
1512 3122
570 1732
1732 2419
2115 4298
4298 4952
607 3273
607 3186
1019 1627
1627 3636
3444 4514
2606 3444
347 4396
214 347
1248 3803
1201 3803
234 4886
234 3468
3918 4515
1455 4515
1190 3255
3255 3544
2885 3068
2158 2885
4028 4849
1896 4028
821 2248
686 2248
791 2873
2873 4923
373 3780
373 668
2108 2569
2108 4255
517 3455
1538 3455
3811 4518
1057 4518
1147 4703
1147 4954
1037 1537
1537 4727
2436 3889
3889 4232
505 829
505 1556
3134 4688
2838 3134
3182 3852
2662 3852
539 1604
539 837
156 4062
156 663
81 1527
341 1527
794 3570
794 1217
1440 2423
2423 3487
982 3177
3177 4675
2719 3752
3752 4691
390 4379
390 3717
3630 4636
405 3630
2132 4625
1238 4625
1282 4868
1172 4868
552 3099
3099 4975
227 813
813 3992
305 2077
305 2398
1919 2300
1919 3542
2329 3922
1013 3922
3270 4595
3270 4534
2960 4855
2013 4855
1429 2760
146 2760
2280 3561
3424 3561
3684 4335
1838 4335
1522 2998
2998 4221
1495 4039
1495 2541
2373 4899
1638 4899
4242 4707
3781 4242
3363 3873
850 3363
703 2811
703 3816
3536 3909
3909 4921
577 1679
577 4902
2988 3396
2988 3598
291 551
551 1335
1451 3686
1451 1774
3844 4720
3339 4720
4494 4500
143 4500
1312 2687
1644 2687
1824 4132
1824 4067
1120 4931
4158 4931
2552 4129
2552 3937
1182 4908
1182 2429
2461 3293
1178 2461
309 3341
309 4622
3485 3830
249 3830
417 2840
417 1751
587 1240
587 2718
1105 1719
1105 2557
1316 1830
1830 4875
1308 1787
1119 1787
125 2395
125 4985
1166 1700
1166 3669
2382 4265
3547 4265
1137 1794
1137 2156
187 1454
187 2655
2294 4172
2294 4187
1890 2475
781 1890
4522 4575
2637 4522
2839 3284
1315 3284
801 3586
3586 4824
202 4161
2471 4161
899 2390
2390 2937
1136 2546
1136 4508
1678 4516
1625 1678
905 927
905 4115
1291 2322
1291 2701
3869 4830
28 4830
2062 3979
1064 2062
4774 4964
512 4964
2903 4763
3457 4763
1359 4392
