5000
(((((((((((((((((((((((((((((((((((((((((((((((((((((((((((((((((((((((((((((((((((((((((((((((((((((((((((((((((((((((((((((((((((((((((((((((((((((((((((((((((((((((((((((((((((((((((((((((((((((((((((((((((((((((((((((((((((((((((((((((((((((((((((((((((((((((((((((((((((((((((((((((((((((((((((((((((((((((((((((((((((((((((((((((((((((((((((((((((((((((((((((((((((((((((((((((((((((((((((((((((((((((((((((((((((((((((((((((((((((((((((((((((((((((((((((((((((((((((((((((((((((((((((((((((((((((((((((((((((((((((((((((((((((((((((((((((((((((((((((((((((((((((((((((((((((((((((((((((((((((((((((((((((((((((((((((((((((((((((((((((((((((((((((((((((((((((((((((((((((((((((((((((((((((((((((((((((((((((((((((((((((((((((((((((((((((((((((((((((((((((((((((((((((((((((((((((((((((((((((((((((((((((((((((((((((((((((((((((((((((((((((((((((((((((((((((((((((((((((((((((((((((((((((((((((((((((((((((((((((((((((((((((((((((((((((((((((((((((((((((((((((((((((((((((((((((((((((((((((((((((((((((((((((((((((((((((((((((((((((((((((((((((((((((((((((((((((((((((((((((((((((((((((((((((((((((((((((((((((((((((((((((((((((((((((((((((((((((((((((((((((((((((((((((((((((((((((((((((((((((((((((((((((((((((((((((((((((((((((((((((((((((((((((((((((((((((((((((((((((((((((((((((((((((((((((((((((((((((((((((((((((((((((((((((((((((((((((((((((((((((((((((((((((((((((((((((((((((((((((((((((((((((((((((((((((((((((((((((((((((((((((((((((((((((((((((((((((((((((((((((((((((((((((((((((((((((((((((((((((((((((((((((((((((((((((((((((((((((((((((((((((((((((((((((((((((((((((((((((((((((((((((((((((((((((((((((((((((((((((((((((((((((((((((((((((((((((((((((((((((((((((((((((((((((((((((((((((((((((((((((((((((((((((((((((((((((((((((((((((((((((((((((((((((((((((((((((((((((((((((((((((((((((((((((((((((((((((((((((((((((((((((((((((((((((((((((((((((((((((((((((((((((((((((((((((((((((((((((((((((((((((((((((((((((((((((((((((((((((((((((((((((((((((((((((((((((((((((((((((((((((((((((((((((((((((((((((((((((((((((((((((((((((((((((((((((((((((((((((((((((((((((((((((((((((((((((((((((((((((((((((((((((((((((((((((((((((((((((((((((((((((((((((((((((((((((((((((((((((((((((((((((((((((((((((((((((((((((((((((((((((((((((((((((((((((((((((((((((((((((((((((((((((((((((((((((((((((((((((((((((((((((((((((((((((((((((((((((((((((((((((((((((((((((((((((((((((((((((((((((((((((((((((((((((((((((((((((((((((((((((((((((((((((((((((((((((((((((((((((((((((((((((((((((((((((((((((((((((((((((((((((((((((((((((((((((((((((((((((((((((((((((((((((((((((((((((((((((((((((((((((((((((((((((((((((((((((((((((((((((((((((((((((((()(((((((((((((((((((((((((((((((((((((((((((((((((((((((((((((((((((((((((((((((((((((((((((((((((((((((((((((((((((((((((((((((((((((((((((((((((((((((((((((((((((((((((((((((((((((((((((((((((((((((((((((((((((((((((((((((((((((((((((((((((((((((((((((((((((((((((((((((((((((((((((((((((((((((((((((((((((((((((((((((((((((((((((((((((((((((((((((((((((((((((((((((((((((((((((((((((((((((((((((((((((((((((((((((((((((((((((((((((((((((((((((((((((((((((((((((((((((((((((((((((((((((((((((((((((((((((((((((((((((((((((((((((((((((((((((((((((((((((((((((((((((((((((((((((((((((((((((((((((((((((((((((((((((((((((((((((((((((((((((((((((((((((((((((((((((((((((((((((((((((((((((((((((((((((((((((((((((((((((((((((((((((((((((((((((((((((((((((((((((((((((((((((((((((((((((((((((((((((((((((((((((((((((((((((((((((((((((((((((((((((((((((((((((((((((((((((((((((((((((((((((((((((((((((((((((((((((((((((((((((((((((((((((((((((((((((((((((((((((((((((((((((((((((((((((((((((((((((((((((((((((((((((((((((((((((((((((((((((((((((((((((((((((((((((((((((((((((((((((((((((((((((((((((((((((((((((((((((((((((((((((((((((((((((((((((((((((((((((((((((((((((((((((((((((((((((((((((((((((((((((((((((((((((((((((((((((((((((((((((((((((((((((((((((((((((((((((((((((((((((((((((((((((((((((((((((((((((((((((((((((((((((((((((((((((((((((((((((((((((((((((((((((((((((((((((((((((((((((((((((((((((((((((((((((((((((((((((((((((((((((((((((((((((((((((((((((((((((((((((((((((((((((((((((((((((((((((((((((((((((((((((((((((((((((((((((((((((((((((((((((((((((((((((((((((((((((((((((((((((((((((((((((((((((((((((((((((((((((((((((((((((((((((((((((((((((((((((((((((((((((((((((((((((((((((((((((((((((((((((((((((((((((((((((((((((((((((((((((((((((((((((((((((((((((((((((((((((((((((((((((((((((((((((((((((((((((((((((((((((((((((((((((((((((((((((((((((((((((((((((((((((((((((((((((((((((((((((((((((((((((((((((((((((((((((((((((((((((((((((((((((((((((((((((((((((((((((((((((((((((((((((((((((((((((((((((((((((((((((((((((((((((((((((((((((((((((((((((((((((((((((((((((((((((((((((((((((((((((((((((((((((((((((((((((((((((((((((((((((((((((((((((((((((((((((((((((((((((((((((((((((((((((((((((((((((((((((((((((((((((((((((((((((((((((((((((((((((((((((((((((((((((((((((((((((((((((((((((((((((((((((((((((((((((((((((((((
2655 3724
2655 3165
716 2655
975 2655
2655 3680
2655 3235
2655 4207
1744 2655
535 2655
2655 3571
1603 2655
2200 2655
680 2655
2655 3701
211 2655
518 2655
2655 3600
542 2655
2655 4815
2655 4098
1547 2655
1880 2655
2655 2849
916 2655
2639 2655
2655 3955
1089 2655
2655 4106
846 2655
2655 4937
2030 2655
45 2655
1611 2655
1242 2655
2655 3972
722 2655
2655 3121
1920 2655
2655 4742
1890 2655
1049 2655
2318 2655
2655 3199
414 2655
2655 4997
2466 2655
903 2655
2655 4960
2655 4504
1513 2655
2655 4072
2381 2655
2655 3177
1244 2655
282 2655
890 2655
2655 3148
2655 3005
1488 2655
1468 2655
2655 3546
2655 3070
2655 3167
2655 4622
607 2655
799 2655
842 2655
2655 3013
2081 2655
1642 2655
1304 2655
2655 2911
2655 2969
2655 3532
1586 2655
1515 2655
2655 4948
2655 4773
2655 4031
314 2655
489 2655
1850 2655
1961 2655
2655 3227
2655 4971
281 2655
910 2655
1069 2655
1705 2655
2655 4658
2655 4515
2216 2655
1976 2655
2655 4740
2655 4956
624 2655
715 2655
2655 3524
1775 2655
1282 2655
911 2655
938 2655
2343 2655
1136 2655
1373 2655
2655 3748
2655 4473
651 2655
523 2655
2655 3587
2655 4185
1159 2655
1781 2655
2655 3447
2655 3640
2655 4809
2655 4385
845 2655
2655 4253
223 2655
2655 4528
2655 2810
2655 2934
2655 4605
2325 2655
2655 3852
2655 4974
550 2655
117 2655
2655 2855
2655 3409
2655 3117
547 2655
165 2655
1692 2655
2655 4808
2655 3832
466 2655
1933 2655
854 2655
2655 4945
638 2655
2321 2655
2655 2687
2655 3246
833 2655
188 2655
2655 4258
1614 2655
2655 2803
548 2655
1577 2655
1659 2655
2655 3790
1393 2655
2655 3268
661 2655
1799 2655
1535 2655
84 2655
2218 2655
700 2655
2655 2715
2655 3418
182 2655
2655 4955
2655 3269
791 2655
2655 4834
723 2655
2519 2655
2655 4263
658 2655
2655 3335
1769 2655
2655 4132
2655 3237
2655 3561
1071 2655
1148 2655
2655 4129
2655 4782
2156 2655
1818 2655
2655 2667
2655 3821
1356 2655
2655 4803
2255 2655
2655 4244
169 2655
713 2655
2655 4417
1264 2655
2655 4988
702 2655
2492 2655
2655 3449
1391 2655
2655 4570
2655 3071
1174 2655
2417 2655
1412 2655
974 2655
2655 4087
849 2655
2655 4566
516 2655
2655 3273
2655 3367
361 2655
32 2655
636 2655
940 2655
1697 2655
2655 3551
1286 2655
253 2655
2655 4153
2655 3262
2547 2655
2655 3147
1907 2655
2655 3124
2655 3954
1331 2655
2655 4422
273 2655
2493 2655
2062 2655
2655 4674
2577 2655
2655 3675
1862 2655
969 2655
2655 3464
2655 4536
2655 4845
2655 4296
2655 2809
2655 4798
2544 2655
503 2655
2655 3020
2655 2907
2506 2655
2655 4373
2655 3873
822 2655
507 2655
2655 3527
2655 3457
2655 3444
2655 3379
2655 4841
2655 3480
1144 2655
2655 3961
247 2655
1334 2655
1387 2655
1867 2655
2655 2664
1804 2655
1494 2655
2655 3876
1742 2655
953 2655
747 2655
1816 2655
2655 4640
2655 2755
2655 2846
2655 3428
1452 2655
2124 2655
2655 3824
1902 2655
1292 2655
2655 3242
2655 4147
2655 4758
2655 4404
240 2655
572 2655
2655 4697
1765 2655
1967 2655
1328 2655
943 2655
2655 2720
2655 2873
2655 3416
2655 3069
2655 4849
2655 3485
108 2655
2655 3303
770 2655
1078 2655
2655 3878
2655 4577
1839 2655
2259 2655
1224 2655
2655 4010
1978 2655
2655 2721
332 2655
2655 4394
2655 3952
2048 2655
892 2655
2358 2655
1135 2655
2655 4169
116 2655
2655 4805
1691 2655
1580 2655
2655 3415
2655 3744
2655 4593
2655 4096
1737 2655
120 2655
2655 4433
1272 2655
2655 2897
2655 4518
2500 2655
1219 2655
2655 4097
1093 2655
1882 2655
1235 2655
2655 2731
2380 2655
1986 2655
2269 2655
482 2655
2655 4999
2655 4531
295 2655
1302 2655
1212 2655
2655 3807
977 2655
2655 2985
2090 2655
795 2655
6 2655
2655 4979
2314 2655
2341 2655
1901 2655
2655 3445
2655 3506
2655 4320
2655 4801
2655 4425
2655 2892
2446 2655
2655 4408
2655 2703
2655 3091
1395 2655
1888 2655
2655 4421
2581 2655
1750 2655
2655 4535
1015 2655
2655 2791
2349 2655
2058 2655
570 2655
1917 2655
2655 4402
1414 2655
2038 2655
2655 3792
1984 2655
2655 3466
2655 4704
2655 3501
763 2655
192 2655
2031 2655
2655 3334
2167 2655
2655 4084
2655 3182
2655 4871
2655 3196
2655 3439
2127 2655
1937 2655
2655 2827
1020 2655
2655 3750
2655 4944
1800 2655
1952 2655
2042 2655
2009 2655
621 2655
2034 2655
317 2655
2655 3371
2655 4848
2655 2910
2395 2655
2188 2655
1717 2655
2655 3907
2655 4461
1271 2655
2337 2655
302 2655
1153 2655
2537 2655
2191 2655
1995 2655
1155 2655
1665 2655
2655 4208
2655 3308
2542 2655
1040 2655
2655 3565
2655 4342
2655 3034
2655 4635
2287 2655
184 2655
2655 2973
2655 4870
2655 4819
603 2655
1619 2655
2655 3312
374 2655
2655 4783
2655 4372
2655 3780
2593 2655
65 2655
615 2655
2114 2655
201 2655
1516 2655
1848 2655
2265 2655
2655 3220
56 2655
2655 4847
2655 3231
2655 4495
1311 2655
2655 3389
1662 2655
2655 3002
2655 3048
285 2655
1173 2655
883 2655
2655 3370
1206 2655
2442 2655
2556 2655
2655 4030
1332 2655
359 2655
389 2655
2655 3895
2655 4654
2655 4747
2607 2655
2655 3254
568 2655
334 2655
927 2655
2655 3752
1315 2655
2655 4936
627 2655
2655 3626
735 2655
1502 2655
2655 3192
1064 2655
2655 3542
2655 4748
202 2655
2297 2655
900 2655
2655 3658
2655 3528
800 2655
1274 2655
1383 2655
2655 4898
2631 2655
2227 2655
2655 4968
2655 3035
2303 2655
699 2655
2655 2840
2655 4064
2655 3909
2468 2655
2655 3383
2655 3785
2655 3863
2655 3350
2420 2655
2655 4272
2208 2655
2655 2742
2655 3436
837 2655
701 2655
1823 2655
2568 2655
2655 4323
2655 3578
2655 3390
2655 4371
2655 4039
2301 2655
859 2655
293 2655
2655 4259
2250 2655
2655 4514
1645 2655
2526 2655
2655 3802
1105 2655
1974 2655
1585 2655
673 2655
2655 4136
2655 4559
1285 2655
2655 3375
2655 4961
1068 2655
2655 3836
1690 2655
2655 4029
2655 4340
865 2655
2655 3302
2655 3084
2655 3901
2079 2655
2655 3058
663 2655
1420 2655
2655 4264
2655 4338
2596 2655
2655 2727
2655 3078
284 2655
2655 4539
2655 3568
1505 2655
1557 2655
2655 3427
2655 3519
2328 2655
2253 2655
411 2655
2655 3631
1970 2655
2655 3278
2655 4126
2655 5000
1399 2655
1528 2655
2655 3377
2655 3596
2655 3630
2655 4437
215 2655
2655 2792
2655 4736
1671 2655
449 2655
2655 3906
1438 2655
653 2655
1776 2655
1833 2655
2655 4020
2655 3977
2655 4014
2655 3969
2655 3886
2655 3414
2159 2655
2 2655
2655 4614
2655 3881
1019 2655
1999 2655
1788 2655
2252 2655
2655 2914
2655 2754
2655 2680
2655 3342
96 2655
2655 4983
1720 2655
1231 2655
2182 2655
2655 4396
2655 2729
1030 2655
1096 2655
2601 2655
2655 4042
221 2655
2655 3914
741 2655
60 2655
2655 3301
929 2655
2655 2730
1221 2655
33 2655
2655 3364
2655 4939
1459 2655
1481 2655
1965 2655
2655 2926
2655 3975
1266 2655
2655 4107
380 2655
1951 2655
2655 4295
2655 3593
2655 2735
2655 3248
376 2655
2655 3356
324 2655
2068 2655
2655 3232
2655 2954
527 2655
2655 4741
2655 3118
1430 2655
78 2655
2655 3112
824 2655
2655 4401
2655 4791
2186 2655
2655 2732
2655 4221
2655 4774
1319 2655
2655 3096
2101 2655
2228 2655
426 2655
647 2655
1436 2655
1151 2655
1176 2655
17 2655
748 2655
1777 2655
2655 2733
2655 3789
1847 2655
2655 2837
2368 2655
2184 2655
2084 2655
2655 4617
1819 2655
2016 2655
2655 4455
895 2655
2475 2655
2324 2655
1217 2655
1065 2655
2322 2655
2655 4435
2655 3616
250 2655
2655 3848
2655 4621
1633 2655
2655 3935
104 2655
2655 3142
887 2655
2373 2655
1467 2655
724 2655
2655 3884
2655 4894
2008 2655
1009 2655
2119 2655
788 2655
412 2655
597 2655
2364 2655
2655 3393
2655 2886
1194 2655
102 2655
2655 2826
2655 4128
1789 2655
1117 2655
2655 3642
1253 2655
2356 2655
1048 2655
2655 4817
2655 3845
920 2655
2655 4657
1983 2655
2655 3820
819 2655
2018 2655
948 2655
2655 3639
2655 4445
2655 4467
2312 2655
1012 2655
2021 2655
2655 4192
2655 4220
2655 4260
80 2655
2655 3921
1407 2655
1855 2655
2655 2702
1758 2655
1634 2655
2655 3958
2655 2992
2655 4155
2587 2655
2655 2927
160 2655
2655 2928
2655 4610
2655 2921
2655 3581
815 2655
2655 3039
2655 4739
1875 2655
2454 2655
2655 2706
710 2655
2655 4914
961 2655
2655 4390
1891 2655
1519 2655
2655 3636
954 2655
2655 4345
2655 3294
671 2655
2655 4117
2451 2655
1762 2655
1207 2655
2655 4962
2655 3515
128 2655
2655 3841
252 2655
492 2655
76 2655
2655 3172
952 2655
1817 2655
536 2655
2655 4691
2655 3606
1289 2655
347 2655
465 2655
2655 4276
319 2655
2655 3061
238 2655
2655 4050
2655 3517
2655 2829
203 2655
2655 3429
2055 2655
635 2655
2655 4680
2655 4512
75 2655
2655 4171
1827 2655
2655 2756
2655 4500
540 2655
299 2655
1766 2655
2655 4521
2655 3408
2655 3782
2655 4581
2360 2655
1346 2655
2655 4981
2655 4104
2582 2655
2655 3438
1905 2655
2655 4013
2655 3647
2655 3650
2655 3757
616 2655
2655 3547
2655 3890
1751 2655
1057 2655
2655 3847
98 2655
1969 2655
1022 2655
381 2655
2655 3633
1098 2655
2655 3207
2396 2655
2655 3507
2104 2655
2169 2655
391 2655
605 2655
2655 4806
101 2655
2655 3040
1843 2655
276 2655
2655 2750
2655 2738
1067 2655
1321 2655
2655 4254
1606 2655
1864 2655
2655 2678
172 2655
2655 3803
2655 4669
1504 2655
2474 2655
1301 2655
2655 2699
1732 2655
2483 2655
654 2655
1376 2655
2655 2861
2655 3706
2655 3735
1239 2655
2554 2655
1899 2655
2655 4334
2655 2711
2655 4556
2655 3349
970 2655
2655 4633
2655 2980
242 2655
1269 2655
54 2655
1483 2655
1529 2655
1372 2655
2655 3113
980 2655
2655 3343
1552 2655
2655 4567
567 2655
2655 4897
2655 2895
2655 3238
1165 2655
2655 3502
2655 3598
2655 4706
853 2655
336 2655
2655 4183
907 2655
2480 2655
1772 2655
2655 3602
472 2655
2410 2655
2655 4170
2510 2655
2530 2655
2655 3843
10 2655
982 2655
1544 2655
2524 2655
2286 2655
2655 3753
2270 2655
2118 2655
1447 2655
2655 3152
1722 2655
1133 2655
1092 2655
2655 4578
1125 2655
2655 3939
199 2655
2655 4405
913 2655
2655 2945
1514 2655
58 2655
784 2655
1193 2655
1985 2655
2655 3419
1629 2655
2163 2655
2655 2823
2401 2655
2655 4051
2655 4043
1646 2655
2655 4910
1546 2655
2655 3882
2107 2655
563 2655
2643 2655
2645 2655
2655 4506
1624 2655
1939 2655
2655 3966
574 2655
2655 4594
1028 2655
810 2655
1082 2655
2655 3940
1254 2655
1942 2655
2655 4906
2655 4746
271 2655
2117 2655
2655 3997
2655 3280
745 2655
1695 2655
620 2655
2655 4788
402 2655
2655 3510
1841 2655
2655 4409
406 2655
1702 2655
797 2655
2655 3325
2655 3126
2655 4288
2655 3065
66 2655
873 2655
2230 2655
2655 2997
2655 3160
1038 2655
2433 2655
2655 4522
2655 3442
1110 2655
2655 3778
2655 4143
2655 3386
1832 2655
2263 2655
1491 2655
2655 2709
782 2655
158 2655
2655 3970
1073 2655
1010 2655
1510 2655
1378 2655
1859 2655
2655 2951
2655 4807
478 2655
2655 4629
1992 2655
2655 2866
681 2655
2655 3559
2655 3075
2655 3828
2655 3188
2655 4428
1079 2655
1123 2655
968 2655
814 2655
2655 3925
2379 2655
630 2655
2655 3590
2655 4953
1104 2655
2655 4733
289 2655
2655 2788
2655 3948
2655 2705
1103 2655
2447 2655
2655 3707
1013 2655
1963 2655
1636 2655
2655 3722
497 2655
2071 2655
2655 4573
1465 2655
2655 3136
2655 2956
2655 4290
2655 4492
1033 2655
2655 3219
582 2655
829 2655
2655 4375
2655 4540
1355 2655
732 2655
2655 4620
2655 3396
2655 3168
217 2655
2258 2655
2655 2879
2655 2762
2655 4859
566 2655
1336 2655
2655 3019
1615 2655
2655 3984
1844 2655
2655 4027
973 2655
642 2655
2655 2966
2655 4052
2655 2903
440 2655
2655 4986
2655 2736
2655 4095
2655 4509
1785 2655
2064 2655
986 2655
2655 4224
260 2655
2389 2655
2655 4869
2655 3072
2655 2710
2384 2655
1741 2655
2655 3677
2462 2655
2655 4874
2655 3004
2614 2655
171 2655
2655 2988
2655 4235
2655 3592
2655 3129
2655 3029
1534 2655
1418 2655
2153 2655
2655 4101
467 2655
2092 2655
2485 2655
2561 2655
1898 2655
2655 3017
2655 3024
2655 2919
1698 2655
2423 2655
2655 4643
679 2655
1943 2655
2183 2655
2655 4366
2655 3814
2237 2655
2254 2655
2655 3812
2231 2655
1047 2655
2655 3930
1131 2655
2087 2655
2655 3564
2655 3140
2655 3175
2655 4045
2655 4630
2655 4598
2539 2655
2655 2661
2655 4209
2655 3185
2630 2655
617 2655
2059 2655
2655 3591
2655 2686
1792 2655
408 2655
2655 4652
2655 4191
1731 2655
1740 2655
2372 2655
2655 4009
179 2655
2655 2950
997 2655
2655 2739
2655 4474
1770 2655
316 2655
2655 3130
2655 2741
2655 3483
2655 3077
2655 4943
2655 3101
280 2655
1592 2655
2655 4305
2590 2655
2633 2655
2655 3582
2655 3021
1588 2655
706 2655
111 2655
2655 4616
2655 4157
631 2655
235 2655
114 2655
562 2655
2327 2655
1094 2655
2584 2655
2160 2655
2655 2984
167 2655
2655 4867
2655 4908
1670 2655
2655 4420
2655 3860
2655 4764
1396 2655
2655 4213
419 2655
793 2655
2655 3331
1549 2655
1046 2655
1434 2655
533 2655
2655 4028
1733 2655
227 2655
2655 4915
2365 2655
1503 2655
430 2655
919 2655
2655 4025
601 2655
2655 3556
2655 4454
510 2655
2438 2655
1605 2655
322 2655
2655 4843
2655 3885
2655 4214
2655 4412
2481 2655
1957 2655
2655 3992
2655 3319
2655 4941
2655 3187
1116 2655
2655 4626
1550 2655
870 2655
163 2655
771 2655
2236 2655
1139 2655
2655 3963
1688 2655
230 2655
2655 4902
2655 4093
1878 2655
2655 4144
2655 4484
1255 2655
2655 3180
2655 4282
1474 2655
340 2655
880 2655
1911 2655
2655 3288
413 2655
2309 2655
79 2655
2655 2658
1014 2655
2655 4081
2655 4632
2168 2655
714 2655
561 2655
1109 2655
2256 2655
2655 2918
90 2655
1644 2655
1578 2655
2655 3470
2655 3850
2655 3000
382 2655
2655 2666
2496 2655
1091 2655
2085 2655
2655 3292
2655 4597
1778 2655
19 2655
2026 2655
2655 4034
596 2655
2655 3751
648 2655
2655 4146
2397 2655
2307 2655
2432 2655
2166 2655
2655 4078
2655 3256
439 2655
1562 2655
1623 2655
1825 2655
1541 2655
2655 3772
2386 2655
2241 2655
957 2655
1027 2655
2599 2655
2655 4946
1949 2655
1294 2655
475 2655
766 2655
2655 3388
2022 2655
2655 3300
505 2655
2655 3764
2655 3912
2655 2759
2655 4239
2409 2655
2655 3016
2173 2655
1936 2655
531 2655
509 2655
1498 2655
1672 2655
2655 3275
731 2655
1267 2655
999 2655
2655 3629
506 2655
2655 4294
2655 4637
320 2655
2655 3801
2655 3715
1433 2655
2655 3621
2655 4503
207 2655
2655 4824
1581 2655
2655 2925
1480 2655
1689 2655
2655 3654
2136 2655
463 2655
1793 2655
687 2655
185 2655
2445 2655
2655 3022
1113 2655
2589 2655
2655 2776
2655 4930
2655 4289
1063 2655
2655 3871
2655 4065
1310 2655
2597 2655
530 2655
352 2655
2576 2655
2655 4800
1222 2655
24 2655
2655 2867
2655 2770
992 2655
2655 4357
2233 2655
2207 2655
2655 3573
2655 4716
441 2655
1454 2655
2655 3659
2655 4069
2655 4846
2612 2655
1523 2655
2655 3980
1953 2655
2572 2655
1126 2655
2655 3608
1602 2655
2655 4792
2655 3584
885 2655
2490 2655
429 2655
1262 2655
403 2655
2655 4102
1112 2655
2655 3424
2655 3406
2655 3767
808 2655
2655 3618
2655 2944
2655 3552
2201 2655
2618 2655
1417 2655
767 2655
2531 2655
272 2655
2655 4873
988 2655
2655 4383
2543 2655
963 2655
2655 3239
303 2655
2655 4316
2655 4555
2377 2655
1726 2655
2461 2655
274 2655
2655 2793
987 2655
2347 2655
1406 2655
2655 4588
106 2655
655 2655
1453 2655
396 2655
2145 2655
1473 2655
1248 2655
2655 4329
2655 3471
2512 2655
2655 3432
255 2655
1934 2655
2655 3032
2655 3911
2655 4180
2431 2655
2655 3362
2655 4789
2655 3252
2655 4933
609 2655
2655 3337
2655 2978
2655 4634
2655 3833
1495 2655
1004 2655
2655 4315
123 2655
2655 3998
2655 3697
1060 2655
2655 4212
2655 3826
1749 2655
2655 3391
2655 4767
1158 2655
2591 2655
2245 2655
1674 2655
1007 2655
388 2655
1210 2655
2655 4130
1991 2655
1856 2655
2655 3743
618 2655
2655 3190
2655 4947
1375 2655
2655 2877
656 2655
2655 4137
2655 4411
2655 3999
2655 4187
2655 3157
2655 2780
2111 2655
978 2655
1664 2655
2655 4199
2655 4925
2655 4392
2655 3381
2655 3693
2655 2696
2655 4099
2655 3875
2310 2655
379 2655
2655 4862
2355 2655
2082 2655
72 2655
2655 2965
2655 4804
2655 4237
71 2655
2655 2864
2072 2655
2655 3625
1647 2655
1563 2655
2427 2655
2655 3360
312 2655
2625 2655
261 2655
2655 4542
2655 4430
2655 3073
286 2655
2193 2655
2655 2839
2655 3200
2525 2655
2655 3732
899 2655
150 2655
703 2655
1822 2655
578 2655
2655 3056
2655 4365
2655 3053
2246 2655
2655 4558
698 2655
995 2655
2655 4984
2655 3068
1998 2655
2545 2655
1955 2655
344 2655
1201 2655
1532 2655
2655 3496
2655 4580
1338 2655
2655 3702
2655 3938
2655 4307
2655 3864
2655 4057
488 2655
2655 3615
847 2655
2655 4905
315 2655
2655 3644
2655 4689
2655 3673
2027 2655
2655 2789
1649 2655
2655 3918
431 2655
1512 2655
2655 3159
2655 2817
1035 2655
2655 4035
337 2655
2655 4978
2655 4790
2655 4440
2655 4070
121 2655
2655 3679
2655 4424
2655 3318
2655 3504
2655 3189
971 2655
2655 3191
2655 2704
1070 2655
2655 4710
2050 2655
2655 4240
435 2655
2353 2655
657 2655
667 2655
2655 4833
2655 3874
26 2655
2655 4314
1975 2655
2126 2655
1771 2655
891 2655
306 2655
2655 4179
1087 2655
2655 4546
2655 4560
2518 2655
73 2655
2655 4395
2655 3156
2655 3059
2655 3493
1912 2655
2655 4355
1233 2655
2655 4007
2413 2655
587 2655
1680 2655
454 2655
2096 2655
2655 4268
2655 3473
2061 2655
2655 4181
2655 4047
474 2655
915 2655
2655 4830
145 2655
1572 2655
1400 2655
2655 4336
2655 4967
1052 2655
2655 3305
2632 2655
2655 3700
2655 3713
805 2655
2655 4763
2655 4607
2655 2960
1409 2655
1339 2655
881 2655
908 2655
2655 3198
2655 3446
2655 2901
2655 2677
2655 2688
851 2655
2655 4211
1170 2655
2655 4700
744 2655
1569 2655
504 2655
2655 3623
2655 4397
2655 4683
2588 2655
2655 2998
1493 2655
1574 2655
1181 2655
2655 4217
348 2655
2655 4585
2655 4731
2594 2655
2655 3609
2655 3888
743 2655
2361 2655
2655 3903
2122 2655
2655 3443
2655 3570
905 2655
183 2655
1188 2655
2626 2655
2655 3263
945 2655
1499 2655
1031 2655
558 2655
2598 2655
2243 2655
1500 2655
232 2655
2655 3359
2655 3495
2516 2655
1358 2655
2655 3795
689 2655
2056 2655
2655 4812
1476 2655
2655 3346
2655 4298
1230 2655
2655 4569
1306 2655
2655 4888
2655 3690
2655 4505
2655 4769
1612 2655
2655 4681
229 2655
2655 3769
59 2655
2655 3964
2394 2655
2477 2655
1747 2655
2620 2655
329 2655
1216 2655
1432 2655
864 2655
1682 2655
2655 4346
1795 2655
2655 3230
1127 2655
958 2655
2655 4625
355 2655
2655 2906
2655 2714
2655 4599
2655 4932
2655 4204
1380 2655
827 2655
2338 2655
2641 2655
2655 3575
1199 2655
2655 4089
697 2655
2247 2655
2415 2655
2655 3001
1439 2655
2655 3451
2655 2752
2655 4302
2655 4548
2655 2766
1915 2655
2655 4951
1374 2655
2655 4348
737 2655
2139 2655
2613 2655
2655 3721
2439 2655
1111 2655
170 2655
458 2655
2655 3489
1211 2655
2655 4037
2655 3405
1748 2655
2655 3839
1981 2655
2655 3699
176 2655
1922 2655
2655 4210
2655 4659
2440 2655
935 2655
2655 3555
2655 3217
2414 2655
2305 2655
2655 3880
152 2655
1591 2655
2655 3361
162 2655
2655 3083
1025 2655
2655 2835
2655 4562
889 2655
2655 4148
2655 3261
1868 2655
2655 3947
555 2655
2655 3357
2655 4165
2655 3226
2655 4553
2655 3902
2624 2655
2655 4838
11 2655
1280 2655
1554 2655
2655 2852
2655 3082
2655 3455
1794 2655
1650 2655
2655 2779
410 2655
2171 2655
2655 4511
1401 2655
2174 2655
21 2655
2655 4538
1711 2655
2655 3477
2655 3044
591 2655
2655 2707
2655 3678
2655 4076
2605 2655
2655 4880
2655 4705
2655 4835
694 2655
2655 3562
1673 2655
1790 2655
2655 2722
2655 2952
1616 2655
2655 2929
2326 2655
1755 2655
2655 3204
2655 2937
2655 4231
1011 2655
2655 4855
801 2655
1421 2655
2478 2655
2655 4024
2655 2816
918 2655
2455 2655
1723 2655
2655 2963
2655 3529
2655 3924
2004 2655
1061 2655
1858 2655
2655 4489
2655 2994
2078 2655
424 2655
2655 3154
2655 4458
2133 2655
2655 3176
423 2655
1365 2655
1941 2655
154 2655
1807 2655
245 2655
2655 4751
2655 2875
2655 3210
2655 3831
2655 4814
1784 2655
2024 2655
2655 2814
2655 4291
2655 3462
2471 2655
888 2655
2655 3768
955 2655
2655 3953
2655 3566
1146 2655
85 2655
2293 2655
2014 2655
2425 2655
1086 2655
2655 2657
2655 2676
2655 4482
2655 4056
5 2655
246 2655
2655 4377
2437 2655
709 2655
249 2655
1876 2655
2655 2681
2399 2655
2655 4734
52 2655
2655 3120
216 2655
2655 3926
2175 2655
1517 2655
2655 4389
335 2655
1440 2655
2655 2850
1422 2655
1198 2655
2655 4161
2655 4612
1632 2655
790 2655
2558 2655
610 2655
2655 3603
2292 2655
1107 2655
2655 2930
2655 3162
2655 3102
2362 2655
2635 2655
2655 3241
2655 3317
2655 3251
2655 4730
2655 4717
2655 3119
237 2655
2655 4641
2655 2691
2655 4965
1320 2655
2655 3046
1894 2655
1968 2655
210 2655
2655 4174
2655 4450
462 2655
2655 3905
2212 2655
2655 4921
2655 2798
2655 4829
2473 2655
1565 2655
97 2655
2655 4517
1115 2655
118 2655
173 2655
660 2655
1114 2655
233 2655
2406 2655
236 2655
2655 4529
2299 2655
959 2655
2655 4234
1227 2655
2528 2655
2655 4712
2655 4796
2655 3426
1617 2655
867 2655
2655 4934
2655 4544
2655 3115
1869 2655
960 2655
2344 2655
2099 2655
161 2655
354 2655
1851 2655
2655 4893
2655 3348
2655 4077
2655 2885
2655 2801
2655 3520
2351 2655
1655 2655
2655 3688
1706 2655
2655 4195
2655 2675
2655 4822
1297 2655
1812 2655
2655 3919
2655 4398
513 2655
2655 2689
2655 2842
1573 2655
2488 2655
345 2655
1121 2655
1379 2655
592 2655
493 2655
2655 2797
1932 2655
57 2655
2616 2655
70 2655
823 2655
976 2655
1676 2655
794 2655
2655 3794
1044 2655
2655 4977
2655 4177
2655 2795
1570 2655
1610 2655
2441 2655
437 2655
41 2655
2655 3123
428 2655
2655 3281
2655 3093
2655 4527
112 2655
2655 4714
2385 2655
2655 3137
1469 2655
962 2655
2655 3051
287 2655
2655 4813
331 2655
2655 3387
2655 4780
2655 2933
2655 4596
1054 2655
2649 2655
2655 3867
2655 2818
1686 2655
1327 2655
2655 4919
9 2655
1350 2655
786 2655
2655 3838
2655 2999
1492 2655
2655 4677
1567 2655
2655 3676
2655 4222
2655 4131
2655 3228
2131 2655
2655 4121
511 2655
2655 3855
1166 2655
2190 2655
2066 2655
1226 2655
2387 2655
2655 3965
2655 4252
844 2655
2655 3859
707 2655
2655 4283
2655 3092
480 2655
2655 3260
2655 4646
515 2655
2655 3745
259 2655
1854 2655
668 2655
2655 3378
2655 4163
2655 3985
2196 2655
1240 2655
2655 3825
2655 3622
370 2655
2655 3257
2655 4001
168 2655
159 2655
1640 2655
241 2655
2032 2655
1886 2655
2655 2831
2655 2883
434 2655
2655 4752
2655 4672
2655 4668
2655 4277
2655 3643
652 2655
2655 4088
2655 2870
2655 3195
2655 3530
2655 3049
464 2655
2655 2692
2655 4457
1448 2655
2655 4584
946 2655
1273 2655
2655 4903
401 2655
1736 2655
2655 3567
2655 2765
64 2655
2655 2891
2655 3050
2655 4743
2655 4694
2655 4122
2655 4972
2655 3108
2655 3634
2652 2655
283 2655
328 2655
254 2655
2655 2821
2655 4353
1753 2655
1348 2655
2655 4575
2655 4754
604 2655
2655 3614
1281 2655
2655 3870
2655 4110
2655 4985
1556 2655
2655 3684
360 2655
2205 2655
2655 3423
1863 2655
2655 4044
2023 2655
2655 3683
2655 2876
718 2655
1507 2655
74 2655
2655 3645
2549 2655
538 2655
2655 4591
455 2655
2621 2655
2267 2655
115 2655
1402 2655
1910 2655
752 2655
2486 2655
1197 2655
2655 4173
1058 2655
708 2655
1683 2655
1826 2655
34 2655
1728 2655
2636 2655
2655 3285
2655 4778
2655 3351
2491 2655
2655 3089
2655 4419
2655 3179
2655 3106
2655 4480
1056 2655
2655 3038
2655 3492
2655 3894
2268 2655
1710 2655
2472 2655
130 2655
2655 2700
1313 2655
2655 3403
985 2655
1164 2655
2655 3994
2655 4636
2655 4922
2655 4516
2655 4432
2655 2949
2482 2655
405 2655
2655 3122
2655 2723
491 2655
2655 2740
2655 3437
2655 4331
2655 3155
2655 4931
2655 2882
590 2655
2655 3500
28 2655
1411 2655
2655 4145
1679 2655
2655 4642
231 2655
494 2655
1129 2655
2655 4442
1533 2655
956 2655
1351 2655
2655 2812
1075 2655
2404 2655
1241 2655
2655 4794
2655 2915
2655 3522
866 2655
1363 2655
2655 4998
1324 2655
569 2655
1120 2655
1813 2655
2655 3777
756 2655
2655 4957
2655 4627
2655 3857
2546 2655
2655 3540
1426 2655
2655 4462
2655 3098
2655 4481
110 2655
2036 2655
740 2655
2655 4854
1169 2655
1419 2655
35 2655
2655 3079
1385 2655
427 2655
2655 3469
2655 3695
139 2655
1801 2655
2548 2655
2655 4786
2655 3279
2045 2655
2655 2805
2655 3475
2187 2655
1727 2655
2655 4496
675 2655
1714 2655
498 2655
1250 2655
1763 2655
212 2655
909 2655
934 2655
1214 2655
665 2655
390 2655
2655 3422
1279 2655
368 2655
2294 2655
2655 3705
270 2655
2154 2655
1449 2655
2655 4359
2655 4080
394 2655
1178 2655
2655 2725
2655 3276
2655 4164
2655 3131
326 2655
1729 2655
2655 2948
683 2655
2655 4103
649 2655
2655 4186
1377 2655
2655 4228
2655 3539
2655 4728
2655 2859
218 2655
2655 4938
659 2655
2308 2655
124 2655
13 2655
2655 2964
2655 3731
2655 4720
2655 4519
2655 4023
2102 2655
2357 2655
754 2655
692 2655
2535 2655
2215 2655
1931 2655
225 2655
2655 4487
2655 4883
107 2655
2655 3668
2655 2904
768 2655
2476 2655
2655 3099
2655 4682
2655 3212
397 2655
1314 2655
2499 2655
2655 4448
1757 2655
594 2655
2655 4003
1444 2655
2655 3183
625 2655
2655 3533
2655 2939
100 2655
798 2655
2655 3505
2655 3920
2655 4667
62 2655
351 2655
407 2655
2655 3594
485 2655
2655 4579
1796 2655
1100 2655
1150 2655
2655 3879
1427 2655
2655 4875
1456 2655
2655 4429
1639 2655
2655 3041
2655 2747
2655 3307
222 2655
2655 4631
477 2655
2655 2772
2655 3234
1719 2655
1161 2655
1987 2655
1325 2655
2189 2655
2655 3392
2655 3849
2655 2845
2655 3933
2655 4265
2655 4600
1834 2655
2655 4885
2655 4011
2655 3229
2655 3499
634 2655
534 2655
2283 2655
1059 2655
2562 2655
500 2655
204 2655
2655 3617
2655 3601
1871 2655
626 2655
729 2655
1140 2655
1811 2655
318 2655
445 2655
2655 2716
2313 2655
2655 3441
2655 4410
1043 2655
2655 4362
1842 2655
2655 3395
2655 3904
2655 3110
2655 4060
2655 2862
2129 2655
2655 2769
2655 4083
1663 2655
2655 4356
1526 2655
796 2655
2304 2655
2655 3808
333 2655
1429 2655
2655 2674
2655 3146
1708 2655
2655 4574
2655 3934
2655 4281
301 2655
2249 2655
2235 2655
1656 2655
1524 2655
2655 3585
2655 4963
577 2655
2655 3452
787 2655
2655 3910
499 2655
1260 2655
2067 2655
2655 3872
2655 4722
2655 4601
2622 2655
2655 4115
2655 4061
1026 2655
2655 4085
2655 4275
1005 2655
2411 2655
134 2655
2655 4755
2655 3181
1137 2655
2655 3813
1996 2655
1041 2655
2655 4713
2369 2655
2655 3511
1852 2655
2655 2967
2655 3842
2655 4524
2655 2737
1622 2655
2655 2764
2655 3830
2655 3979
346 2655
2655 4959
1558 2655
483 2655
2655 3797
2655 3012
1268 2655
2655 4100
525 2655
2011 2655
2655 3363
1916 2655
2280 2655
2655 2815
2655 3729
821 2655
1083 2655
2161 2655
2655 2690
1309 2655
2392 2655
2655 2971
2655 3043
2655 2773
573 2655
2655 3413
2655 4868
863 2655
2655 3482
1538 2655
2291 2655
736 2655
1648 2655
2655 4324
2655 2757
2655 2783
2655 4532
2655 3290
2655 2874
1326 2655
850 2655
727 2655
2655 2672
189 2655
1442 2655
2655 4399
2513 2655
549 2655
2655 3667
2655 4664
2655 4000
2655 4427
2655 4818
365 2655
2150 2655
1080 2655
2603 2655
2655 3287
1982 2655
2655 3851
1773 2655
2655 3271
2655 4864
2655 4688
1681 2655
2655 4041
243 2655
2655 2889
2655 4603
2331 2655
470 2655
86 2655
2109 2655
666 2655
676 2655
2655 3754
2655 4595
2655 2908
2655 4447
1293 2655
2655 3479
433 2655
2655 4344
2655 4152
2655 4426
2655 4182
772 2655
2655 4715
1485 2655
1866 2655
2655 3714
2429 2655
2655 3265
2655 4832
1247 2655
2655 4913
2655 3010
2655 3309
2655 4261
44 2655
95 2655
2077 2655
42 2655
2655 3008
2655 4255
125 2655
1258 2655
2317 2655
2655 3205
2070 2655
1076 2655
2655 3865
2100 2655
362 2655
82 2655
2655 4040
2391 2655
672 2655
2655 4466
2655 4271
2655 3158
1291 2655
2655 4670
1245 2655
18 2655
226 2655
2655 4118
2655 3770
2655 3915
951 2655
2655 3968
2655 3272
43 2655
2655 4787
581 2655
1756 2655
3 2655
2120 2655
2655 3080
2272 2655
2655 3214
2655 4776
950 2655
2655 3306
2655 4756
2655 3045
2502 2655
2655 3698
1994 2655
2655 3978
1415 2655
2655 3652
2655 2941
2655 3742
2655 3887
1183 2655
2655 4016
2655 4816
448 2655
2655 3923
2655 3125
2610 2655
2655 3109
1042 2655
1232 2655
2655 3674
1191 2655
826 2655
2655 3310
2655 2713
2655 3458
2655 4799
2655 3834
2655 3526
1944 2655
294 2655
1956 2655
2655 3081
2655 4459
2655 4826
2655 3950
2655 3025
2655 4606
2000 2655
2226 2655
876 2655
1482 2655
1342 2655
2655 3837
2655 4927
2655 2660
2057 2655
1774 2655
2655 4772
2178 2655
1889 2655
2180 2655
2147 2655
2655 2782
1643 2655
2655 3221
2332 2655
2001 2655
2655 2976
2655 3456
1874 2655
2224 2655
1361 2655
2655 3299
2655 4990
2655 4033
759 2655
2094 2655
2655 4896
725 2655
2655 3949
628 2655
2288 2655
2655 2924
2655 4991
2655 4111
2655 3339
993 2655
2348 2655
2463 2655
2655 3135
2655 3434
2655 3854
2655 4318
1962 2655
22 2655
2655 2775
2655 3304
2655 4451
2655 3868
2655 3775
1359 2655
2655 4248
2655 3487
2655 3796
2655 4666
2655 3696
2655 4449
2655 3928
2655 4749
1861 2655
1860 2655
1699 2655
2655 4262
2655 3937
2655 2811
781 2655
2655 4004
2655 2982
2655 4303
2655 3607
2655 3538
2569 2655
2655 2962
1184 2655
2103 2655
2655 3293
2617 2655
1288 2655
2655 3329
2655 2853
2403 2655
947 2655
670 2655
2655 4140
2533 2655
1725 2655
1780 2655
2648 2655
2655 2995
2655 3736
860 2655
2655 4472
2655 3544
2655 4046
2088 2655
2559 2655
875 2655
1497 2655
2075 2655
2655 2899
1618 2655
1661 2655
2504 2655
2655 3087
2655 3411
2655 4141
2655 4952
2655 4475
476 2655
2655 4245
1501 2655
2185 2655
2655 2753
2655 3983
2148 2655
2655 3374
174 2655
2261 2655
599 2655
983 2655
2655 4964
682 2655
1106 2655
830 2655
1095 2655
2655 3224
2655 3788
2655 3666
2655 4887
1669 2655
2655 4665
180 2655
2655 4387
2456 2655
1918 2655
2655 4156
2206 2655
1553 2655
2655 3704
2655 3116
2655 3340
2655 4661
2655 3771
2655 3846
2655 3521
2655 4490
1712 2655
1157 2655
1660 2655
1347 2655
2655 3463
774 2655
2390 2655
1460 2655
2655 2986
2655 2946
2655 4361
2655 3550
2655 3026
2655 3094
1754 2655
1299 2655
2655 2744
1381 2655
1410 2655
557 2655
2655 4987
2069 2655
2204 2655
2655 3810
2655 3793
1865 2655
2655 3066
2579 2655
2336 2655
2655 4863
2222 2655
705 2655
2655 3973
871 2655
817 2655
2655 3030
2655 4828
2655 4662
2655 2836
288 2655
857 2655
2655 4370
2655 4393
924 2655
339 2655
2655 4909
2655 4360
2655 4565
356 2655
2517 2655
2655 4494
2655 3161
132 2655
2655 4510
2655 4587
2655 4765
1366 2655
2655 3861
2655 3074
1928 2655
1599 2655
1667 2655
2306 2655
305 2655
2655 4860
126 2655
2655 3672
2655 3597
2047 2655
2655 4038
1354 2655
2655 4923
2655 2896
1220 2655
1428 2655
1734 2655
1143 2655
2655 3144
251 2655
2655 3097
93 2655
1367 2655
1809 2655
2244 2655
2642 2655
2655 4119
2333 2655
2039 2655
2655 3298
2540 2655
2655 2718
2655 2844
1971 2655
2655 3558
23 2655
2655 4476
2655 4699
2655 4086
1597 2655
2053 2655
2655 3827
922 2655
38 2655
1627 2655
816 2655
2655 3105
1522 2655
2655 3799
2040 2655
1487 2655
2655 3612
2655 4468
1484 2655
2655 3338
520 2655
191 2655
1360 2655
2655 2970
2655 4647
350 2655
2465 2655
2655 4327
2655 3835
901 2655
2655 4690
2655 3535
2655 2785
2655 3862
2655 2708
1341 2655
267 2655
2655 3398
2655 3783
855 2655
792 2655
2655 4301
1145 2655
1518 2655
758 2655
2655 2848
2655 4590
1914 2655
2457 2655
2221 2655
2655 4857
2655 4707
2655 4899
1122 2655
1892 2655
2655 4685
2655 4333
1593 2655
783 2655
2655 2834
369 2655
1370 2655
2529 2655
2342 2655
778 2655
1810 2655
205 2655
2655 3632
2655 4310
2655 3295
2655 3052
377 2655
1141 2655
2479 2655
2655 3583
2655 2758
2655 3431
2220 2655
2655 2743
2655 3719
1177 2655
2653 2655
2037 2655
2655 3033
2655 3563
2574 2655
1925 2655
2655 2807
2655 3723
1249 2655
1814 2655
2655 4613
1024 2655
2655 4219
2063 2655
2655 4188
2655 4493
2655 4018
193 2655
2655 4074
187 2655
1716 2655
2655 4719
1496 2655
2655 4381
181 2655
852 2655
1940 2655
2655 2990
2655 4530
1102 2655
704 2655
2655 3800
2655 3366
2608 2655
2619 2655
2655 3216
2655 2923
2655 3223
2655 3274
2655 4825
2655 4920
2655 3806
2655 3132
2655 4369
2655 3150
2655 3525
364 2655
726 2655
2655 3712
2655 3716
2655 2959
1527 2655
514 2655
2655 3829
2655 2790
1870 2655
2655 4501
2655 3139
2655 4586
614 2655
53 2655
2300 2655
2074 2655
613 2655
2158 2655
2655 4055
1382 2655
1416 2655
1263 2655
2655 4150
2655 3054
473 2655
457 2655
2655 3877
1277 2655
2655 3468
1218 2655
2655 3153
1687 2655
2274 2655
2655 4079
2655 3791
2112 2655
2655 4671
1246 2655
1018 2655
2655 4382
2655 2900
2655 3899
2655 3330
608 2655
1923 2655
1972 2655
2655 4619
646 2655
2655 4075
2655 3509
2655 4285
2655 3488
1162 2655
2655 3819
1947 2655
2655 3577
2655 2943
1190 2655
2655 3314
2655 4653
2655 4771
51 2655
2655 4441
307 2655
554 2655
2655 3421
2655 4582
2459 2655
2323 2655
2655 4994
2655 4154
2655 4066
639 2655
1767 2655
2655 4781
40 2655
1596 2655
2655 4702
2655 3100
2655 2893
2655 3282
2655 4750
1559 2655
2655 4465
2400 2655
1362 2655
2655 3430
1200 2655
2655 4477
1718 2655
2655 4911
2655 2774
2655 3763
2655 3382
2655 4958
2655 2916
2655 3945
2655 3249
2655 4284
2655 3399
1156 2655
1904 2655
2655 3086
843 2655
146 2655
2655 3951
2073 2655
2655 4280
564 2655
2655 3664
2655 4236
1394 2655
2655 3143
802 2655
1935 2655
1958 2655
2198 2655
669 2655
583 2655
1461 2655
2655 3397
2108 2655
2181 2655
1403 2655
2655 3173
2655 3490
2655 4168
2655 4729
87 2655
2655 3689
2655 3258
576 2655
2655 4904
2655 2979
2655 4073
2655 4343
641 2655
1836 2655
2532 2655
2600 2655
2655 4696
896 2655
2655 3186
2655 3236
2655 3604
2279 2655
1761 2655
595 2655
393 2655
2655 4193
2655 3936
2655 2878
2655 4149
2110 2655
898 2655
1455 2655
2655 3036
2151 2655
1097 2655
2197 2655
2655 3321
941 2655
2655 3166
2655 4890
1119 2655
2655 4975
1450 2655
2278 2655
89 2655
1631 2655
2116 2655
1134 2655
2655 4891
2655 3384
2655 4889
994 2655
979 2655
1265 2655
2655 3055
1312 2655
2655 3264
2655 3503
2655 3917
1392 2655
750 2655
1318 2655
1229 2655
481 2655
2655 3844
2655 4861
373 2655
2655 4840
1919 2655
2655 4067
1037 2655
2655 3316
2152 2655
151 2655
1802 2655
2177 2655
2655 2745
131 2655
1703 2655
517 2655
1824 2655
2655 3085
2054 2655
2522 2655
1835 2655
1828 2655
2655 4116
2655 3193
468 2655
2655 3222
2655 4317
2655 4053
2655 4916
2655 4203
2629 2655
386 2655
2655 2913
208 2655
265 2655
2655 3787
1897 2655
2634 2655
2655 4766
1973 2655
2655 4388
2470 2655
2655 3730
2655 4444
2134 2655
840 2655
612 2655
2655 4206
2570 2655
537 2655
418 2655
264 2655
363 2655
1908 2655
2655 3296
444 2655
1489 2655
2655 2820
2655 4453
2655 3218
2202 2655
122 2655
8 2655
2655 2656
2655 2751
1424 2655
1451 2655
2655 2832
2655 4686
2655 4483
2487 2655
1893 2655
2655 4549
2655 3311
2002 2655
2149 2655
2655 4363
1613 2655
1626 2655
914 2655
46 2655
1635 2655
2655 3474
2655 4649
2234 2655
2123 2655
2374 2655
2655 3134
2655 4325
2179 2655
879 2655
777 2655
1921 2655
2412 2655
2655 3931
2125 2655
2628 2655
2655 2958
2592 2655
2655 3494
450 2655
1700 2655
452 2655
2655 3981
1595 2655
2655 4695
156 2655
2655 2746
2655 4820
1543 2655
2450 2655
1694 2655
1270 2655
2422 2655
400 2655
812 2655
622 2655
2655 3889
30 2655
2194 2655
2655 3703
200 2655
2655 2763
2655 4048
1234 2655
157 2655
1760 2655
2655 3908
1715 2655
1182 2655
2655 4135
2020 2655
2655 4497
2655 2894
2655 2947
2655 4178
1927 2655
2655 3811
559 2655
1000 2655
2382 2655
2655 4723
2655 2953
2655 3133
2655 3624
2319 2655
2655 4049
2655 3781
36 2655
733 2655
2655 4811
186 2655
1675 2655
297 2655
2405 2655
2655 2854
1768 2655
664 2655
2655 3202
2655 3104
1175 2655
2655 3932
296 2655
2552 2655
2655 2771
469 2655
1490 2655
1435 2655
2655 4266
2655 3554
2655 4711
83 2655
2655 4304
88 2655
1108 2655
2655 2957
392 2655
2298 2655
593 2655
1838 2655
384 2655
2329 2655
556 2655
1305 2655
2655 3818
519 2655
2655 4247
2655 4949
2339 2655
2655 3208
2655 3345
2655 2693
2655 3151
2655 4443
2655 4926
2655 2920
834 2655
580 2655
383 2655
811 2655
144 2655
2655 3892
757 2655
219 2655
1003 2655
2418 2655
2655 3088
1172 2655
2655 2905
2398 2655
1540 2655
2655 4917
2655 3586
2655 2863
2655 3986
1257 2655
2655 4062
25 2655
1413 2655
2655 2784
1590 2655
2655 4413
2655 4068
1666 2655
2655 3114
2655 3215
311 2655
1845 2655
2655 4205
2655 4738
15 2655
2655 3164
2655 2748
2655 4125
2655 3289
2655 3006
2290 2655
127 2655
2655 3758
2402 2655
2376 2655
2015 2655
2655 3941
751 2655
2655 3412
779 2655
2052 2655
2655 4120
447 2655
2655 4019
2655 2682
2655 4821
2655 4005
2655 4912
2655 4292
1204 2655
1352 2655
1960 2655
2655 3095
2655 3572
2655 4698
2655 4508
2655 3576
2655 4158
730 2655
2655 4278
882 2655
2655 3656
2225 2655
2655 4391
2655 3353
2655 2991
2655 3326
565 2655
2469 2655
1300 2655
2655 4491
2655 3866
539 2655
2655 3107
2655 3663
1830 2655
1938 2655
2655 4354
2105 2655
1202 2655
2655 3883
136 2655
399 2655
912 2655
2086 2655
2655 4386
2623 2655
2655 2697
2655 3478
1 2655
1607 2655
2655 4996
2655 3649
1171 2655
1118 2655
2655 4650
764 2655
2514 2655
2655 3380
2091 2655
1016 2655
2655 3233
2655 2659
1551 2655
459 2655
2655 3027
2655 4872
2655 3974
2655 2806
2655 4533
2655 4479
2655 3653
2655 3404
1651 2655
650 2655
2655 3929
2655 4745
2655 4200
2655 4721
1980 2655
773 2655
2585 2655
2203 2655
2655 2833
1709 2655
2655 2813
2051 2655
2655 4218
2655 3662
2655 4229
1743 2655
2489 2655
2655 3197
2083 2655
2655 4269
1055 2655
178 2655
2655 4592
27 2655
2655 4777
2655 3989
2028 2655
2655 3460
113 2655
2655 4970
2655 4225
2655 3320
2655 3817
2076 2655
2655 4770
1929 2655
2655 3548
2655 3011
1423 2655
1896 2655
868 2655
2655 2819
2655 4328
1039 2655
2655 3472
1466 2655
1457 2655
1857 2655
2655 3956
1470 2655
2296 2655
1464 2655
2655 3726
1478 2655
543 2655
278 2655
2655 3267
2350 2655
2655 4094
1713 2655
2655 3661
2655 2824
2655 4322
1215 2655
372 2655
2655 4112
292 2655
606 2655
2655 3725
2655 3015
2655 3536
2251 2655
2655 4655
119 2655
234 2655
2564 2655
2655 3816
2655 4418
769 2655
696 2655
1050 2655
575 2655
2655 2972
662 2655
2655 2858
2655 4407
921 2655
571 2655
1621 2655
2655 3063
762 2655
2655 3671
2655 4299
2049 2655
2575 2655
2655 3467
2655 3315
321 2655
2033 2655
2655 4940
2655 3749
2655 3739
2655 3313
1545 2655
2655 4349
1283 2655
2655 4246
1390 2655
1815 2655
2655 3759
2140 2655
2655 4071
1308 2655
2655 4300
1745 2655
2097 2655
2655 4802
2006 2655
2655 2717
2655 3916
2655 4464
2655 4184
2655 4525
2170 2655
2213 2655
61 2655
2135 2655
2655 2679
1657 2655
2444 2655
2655 2828
1364 2655
1539 2655
1187 2655
2655 3822
1237 2655
349 2655
2655 2804
1353 2655
2655 4648
47 2655
2655 2794
2655 2942
2655 4639
2655 4856
1693 2655
2655 3628
1425 2655
2495 2655
2655 2787
2655 4693
2655 3613
2655 2955
409 2655
746 2655
677 2655
2655 4608
1566 2655
2534 2655
1579 2655
2655 3569
1032 2655
2289 2655
2655 2749
2655 4469
1779 2655
1149 2655
2563 2655
357 2655
862 2655
966 2655
897 2655
2655 4884
2555 2655
1601 2655
1752 2655
1446 2655
2065 2655
1298 2655
2655 3579
1701 2655
2655 3588
991 2655
2264 2655
1707 2655
2655 4176
2655 4726
2655 4744
1077 2655
2655 4415
2655 3003
2655 4615
1979 2655
2655 4929
2655 2856
2655 3967
560 2655
1885 2655
135 2655
2501 2655
2637 2655
1295 2655
2655 3995
2238 2655
2655 4678
2044 2655
869 2655
2505 2655
342 2655
917 2655
2655 3454
809 2655
2655 4175
2655 4403
2644 2655
2367 2655
190 2655
2595 2655
2655 4878
1349 2655
1704 2655
2655 4886
1997 2655
553 2655
2655 3171
1343 2655
1357 2655
2655 4842
2511 2655
2655 4243
643 2655
2655 2724
2655 3333
2655 4223
20 2655
2655 4645
2655 4623
1333 2655
2655 4865
2655 3534
2655 4312
258 2655
2655 3103
148 2655
522 2655
385 2655
2655 3141
1408 2655
1445 2655
1296 2655
147 2655
2655 3255
2655 3270
2655 3028
1561 2655
1638 2655
323 2655
2106 2655
2655 3580
1138 2655
717 2655
874 2655
2646 2655
2651 2655
268 2655
2162 2655
2654 2655
2655 4561
2655 4892
512 2655
310 2655
2655 2701
760 2655
2655 3993
623 2655
2060 2655
2330 2655
807 2655
2435 2655
2655 2800
1564 2655
2655 4568
2655 2938
2655 4708
1511 2655
893 2655
2655 4032
528 2655
2655 4446
818 2655
2527 2655
1746 2655
964 2655
761 2655
998 2655
2655 4114
2565 2655
2655 4656
2655 3244
1486 2655
2655 3897
1008 2655
451 2655
1223 2655
2655 4737
2655 4309
2655 2881
2655 4732
67 2655
878 2655
2239 2655
2655 4498
2655 4090
2655 3420
2655 3784
1090 2655
2655 4993
2095 2655
2424 2655
2655 3365
2655 4753
2655 4976
2436 2655
143 2655
1583 2655
2586 2655
2655 2887
2627 2655
2655 4718
12 2655
2655 4563
2232 2655
2137 2655
695 2655
2655 3987
524 2655
839 2655
2408 2655
2655 3513
1036 2655
1475 2655
2655 2665
755 2655
2655 4026
2655 3169
398 2655
2655 4545
209 2655
2650 2655
2655 2968
2655 2851
1575 2655
2655 3018
2655 3425
2567 2655
1203 2655
2571 2655
2655 3291
2260 2655
2541 2655
1637 2655
2655 3996
1088 2655
2655 3637
313 2655
1062 2655
2655 3128
1542 2655
1290 2655
2130 2655
2655 3410
2557 2655
2655 3605
884 2655
2655 2890
2655 2777
1160 2655
2560 2655
92 2655
2340 2655
1594 2655
2655 3962
1989 2655
395 2655
1275 2655
1906 2655
2655 3711
1142 2655
926 2655
256 2655
2655 3401
2655 4063
2262 2655
2655 4757
1829 2655
2655 2726
2655 4760
1584 2655
2655 2684
2655 3277
2282 2655
2640 2655
2655 4273
2655 4576
2655 2868
765 2655
2655 4138
2655 4969
2655 4918
2655 3804
2655 3665
2655 3840
2655 2778
2566 2655
177 2655
2655 3332
275 2655
529 2655
2515 2655
2013 2655
2121 2655
2655 2922
2370 2655
1152 2655
2449 2655
2192 2655
2655 3761
2655 4954
228 2655
99 2655
886 2655
2655 4159
341 2655
780 2655
2655 3284
2655 4123
1548 2655
4 2655
2655 3201
2655 4133
2655 4321
2655 4279
2655 4400
2655 3648
2655 2871
1849 2655
923 2655
2655 4537
2655 4201
2655 2940
2655 3646
2035 2655
719 2655
2157 2655
2655 4270
2655 4341
2655 4853
1959 2655
109 2655
1685 2655
2655 4557
848 2655
2655 3942
2655 3741
1820 2655
2655 4761
2655 4384
2655 4297
141 2655
1873 2655
2655 3368
2655 3779
2655 4779
2655 3682
378 2655
2655 3076
2655 3324
2655 4784
711 2655
2655 3372
2655 4287
2655 4709
2655 3553
1307 2655
552 2655
685 2655
55 2655
981 2655
2655 2694
2655 4488
2334 2655
2655 4554
1831 2655
2315 2655
739 2655
2655 4609
29 2655
2655 3620
2655 3225
838 2655
49 2655
2655 3635
1881 2655
1608 2655
2655 3354
1081 2655
2655 4423
2655 4876
967 2655
2655 4552
16 2655
2655 2663
944 2655
2553 2655
2655 4895
2434 2655
2655 2734
2041 2655
1317 2655
2655 4850
684 2655
2276 2655
1287 2655
2655 2931
1441 2655
2655 2989
1463 2655
2393 2655
2655 2961
2655 3815
972 2655
619 2655
1721 2655
1954 2655
2655 4439
1883 2655
2655 4644
2520 2655
1431 2655
2366 2655
2655 4823
2655 4227
1537 2655
81 2655
2655 4724
2503 2655
2655 4367
551 2655
1576 2655
175 2655
2655 3491
2494 2655
2655 3448
2655 3336
68 2655
2655 3766
1924 2655
1303 2655
1322 2655
2655 3433
2655 2909
2655 4196
2655 4380
640 2655
611 2655
2352 2655
2199 2655
2655 4900
1023 2655
1472 2655
2655 3893
2655 4980
1404 2655
2211 2655
637 2655
2346 2655
2655 2683
1879 2655
2655 4725
461 2655
2655 4879
753 2655
2655 2974
2655 4882
2655 3323
1872 2655
1405 2655
2012 2655
1252 2655
2655 4701
224 2655
2655 4216
2655 4021
785 2655
1628 2655
1101 2655
2655 3435
1369 2655
77 2655
2240 2655
2655 4256
2655 4250
2655 2860
2615 2655
1130 2655
2484 2655
2655 4523
2655 4499
2655 3657
2655 4541
2655 3960
460 2655
496 2655
2467 2655
2214 2655
2655 2768
2655 3765
2284 2655
949 2655
2029 2655
153 2655
2655 4166
2508 2655
2655 3481
720 2655
2655 2902
2655 4251
2655 3090
2655 4232
688 2655
2655 3691
2655 3976
2655 3774
2655 2847
2655 4233
2497 2655
2655 3376
2655 4347
2655 2872
1805 2655
584 2655
1787 2655
2655 4436
2359 2655
841 2655
279 2655
1604 2655
588 2655
262 2655
633 2655
2655 2932
1926 2655
1641 2655
155 2655
2655 3042
2655 2673
2507 2655
1462 2655
1345 2655
1525 2655
290 2655
2242 2655
1782 2655
2655 4624
2655 3531
936 2655
2143 2655
2655 2670
1678 2655
2655 4858
2655 3959
2655 4108
1189 2655
442 2655
2655 3253
1180 2655
2655 4935
2655 3927
2609 2655
931 2655
2655 3869
2604 2655
138 2655
2655 3138
2655 4877
309 2655
2655 4241
2354 2655
2655 3355
2655 3523
2655 2935
2655 2857
2080 2655
2655 4438
2655 3599
2655 4507
2655 4881
2655 4022
2655 2869
213 2655
2638 2655
2257 2655
2655 4785
2655 3111
2655 3946
1536 2655
2655 3545
2655 3641
2295 2655
1371 2655
166 2655
1034 2655
2266 2655
2655 3009
2655 2761
2655 2843
487 2655
2655 4989
2655 4378
2655 2898
2655 3286
2655 3638
2655 3944
2655 4311
2655 4602
1993 2655
2655 4851
521 2655
2580 2655
2371 2655
728 2655
2655 3747
2578 2655
2655 4589
2416 2655
2655 2698
2655 3247
105 2655
1684 2655
2025 2655
196 2655
2655 3514
546 2655
585 2655
149 2655
2428 2655
858 2655
925 2655
2655 3465
2655 4105
2302 2655
2655 4364
2655 4901
2655 2987
813 2655
2655 3037
1124 2655
304 2655
1261 2655
2655 2712
2655 4907
48 2655
1196 2655
2655 4293
2128 2655
1330 2655
415 2655
1084 2655
2655 2825
1966 2655
2655 4759
91 2655
2655 3737
1284 2655
589 2655
939 2655
1609 2655
2655 3776
2655 3595
2655 3450
2655 3896
1568 2655
495 2655
2655 2808
806 2655
2655 4189
2655 4257
2655 3728
1163 2655
2453 2655
1948 2655
820 2655
2655 4167
749 2655
1589 2655
1053 2655
2426 2655
579 2655
1167 2655
632 2655
2655 3988
2655 3206
1243 2655
2655 4376
2655 3670
2655 2996
2655 4134
2655 2830
2655 4406
2655 4703
2655 2695
2550 2655
2172 2655
2164 2655
404 2655
2655 3786
14 2655
645 2655
94 2655
2655 3417
2655 3858
2655 3541
2655 3560
2655 4604
2655 4308
2003 2655
532 2655
2655 4676
2655 4319
2655 4326
2223 2655
140 2655
2655 4470
2316 2655
2655 2975
1571 2655
2005 2655
1186 2655
1653 2655
2655 3891
1668 2655
906 2655
2655 3194
300 2655
2655 2668
2655 3709
2655 3062
2655 4434
2655 4973
2583 2655
2655 3352
2209 2655
2655 3486
2655 3773
2655 3213
2043 2655
1530 2655
417 2655
2655 2838
1730 2655
2655 3007
2655 3341
2655 4836
1560 2655
2655 2865
602 2655
2115 2655
2655 3733
375 2655
2655 2781
2089 2655
2655 2888
2509 2655
1520 2655
2655 4966
712 2655
2655 4202
996 2655
2655 4215
2655 2719
629 2655
2655 3710
2655 4611
1930 2655
1521 2655
2655 3805
2655 3067
1132 2655
2655 4249
2655 4194
2655 3717
2655 3512
856 2655
422 2655
2655 4092
508 2655
1072 2655
775 2655
2655 3913
2655 3031
1329 2655
2443 2655
2521 2655
2573 2655
2655 4463
2219 2655
2655 3971
2655 4337
937 2655
2655 3718
1185 2655
2655 4583
2655 4286
2655 4431
2655 4416
2655 3327
2655 4852
2655 4618
2655 4012
803 2655
686 2655
2655 2822
2655 3297
490 2655
2655 3328
2655 3322
2430 2655
2655 4928
2655 4795
832 2655
2655 4330
877 2655
1598 2655
479 2655
1990 2655
2655 4675
2421 2655
2655 4379
2655 2799
2655 3669
416 2655
1630 2655
990 2655
2655 3686
1735 2655
2655 4142
257 2655
220 2655
2141 2655
133 2655
446 2655
2144 2655
2655 4572
2655 3266
2655 2796
471 2655
2655 4564
1977 2655
2655 3240
1225 2655
2655 4638
2655 2993
1658 2655
2538 2655
1477 2655
2146 2655
2655 3991
2655 2977
2655 3402
1238 2655
544 2655
2655 3163
330 2655
930 2655
2655 4332
2655 4478
1051 2655
2655 4414
1397 2655
1209 2655
1738 2655
2655 3060
2655 4810
2320 2655
2195 2655
2655 4502
2010 2655
1797 2655
325 2655
2655 3694
1555 2655
2655 3760
2655 4267
2655 4768
1479 2655
1085 2655
2655 4460
2655 3203
2655 3943
1001 2655
366 2655
2655 4551
194 2655
2655 4651
2655 3516
1509 2655
2655 4628
928 2655
2464 2655
1337 2655
1323 2655
2655 4687
2655 4942
2655 3127
2655 3518
453 2655
2655 3407
2378 2655
195 2655
2655 4197
2655 4520
2655 3738
2655 3394
2655 3651
2655 4008
2655 3549
2375 2655
2248 2655
308 2655
586 2655
1884 2655
2655 4160
277 2655
1945 2655
836 2655
2655 4844
1903 2655
1276 2655
1443 2655
1739 2655
2655 2884
2655 4543
1909 2655
2655 3762
831 2655
933 2655
1846 2655
526 2655
298 2655
2655 3344
2655 4091
1791 2655
2655 4190
894 2655
1368 2655
2655 4124
690 2655
1853 2655
206 2655
2655 4352
2655 3611
825 2655
2460 2655
1344 2655
2655 2936
2655 3476
31 2655
2655 4534
2655 4775
2655 3373
2655 4456
456 2655
2655 4924
932 2655
1316 2655
263 2655
1168 2655
1021 2655
2655 3853
2155 2655
2655 3358
2655 2802
1759 2655
1877 2655
2655 3685
2007 2655
1582 2655
2655 3708
2655 4058
2655 4992
1600 2655
266 2655
2655 4151
2452 2655
2655 3149
50 2655
2611 2655
2536 2655
1437 2655
1625 2655
2655 3982
1195 2655
438 2655
2655 3484
2383 2655
244 2655
2655 4242
738 2655
2345 2655
2655 4692
2655 4238
63 2655
1840 2655
436 2655
2655 3627
2655 3245
1620 2655
2655 2981
367 2655
2655 4113
432 2655
2311 2655
2655 3057
2655 4793
197 2655
2655 4452
484 2655
1335 2655
1388 2655
164 2655
861 2655
2655 3459
2655 4198
1458 2655
734 2655
2655 3681
2602 2655
2655 4127
2655 3655
2655 2880
69 2655
2655 3385
2655 4306
1696 2655
2655 3211
2655 2685
2655 4831
1654 2655
1964 2655
353 2655
2655 3461
1677 2655
2655 3727
1531 2655
2655 3184
2655 4017
2363 2655
343 2655
39 2655
2655 4486
2335 2655
1506 2655
2655 3243
2458 2655
835 2655
2281 2655
2655 3400
2448 2655
2655 3497
1154 2655
2655 2786
1128 2655
2655 3809
2655 4950
1803 2655
1587 2655
2655 3453
2655 4162
2606 2655
2655 4374
1900 2655
2655 3687
1006 2655
1946 2655
2655 2728
1913 2655
600 2655
2138 2655
2419 2655
2655 3720
1808 2655
1821 2655
1384 2655
2655 3900
2165 2655
2655 3755
1724 2655
1278 2655
2655 4172
2655 3145
443 2655
1398 2655
1837 2655
2655 4660
2655 4679
2655 4727
2655 4059
2655 3746
804 2655
2388 2655
2132 2655
214 2655
2655 4471
2655 3498
2655 3557
1205 2655
1147 2655
2655 4313
2498 2655
1471 2655
1179 2655
541 2655
2655 4735
2655 4797
2655 4827
1786 2655
2277 2655
2275 2655
2655 3250
2655 2671
1259 2655
2113 2655
2655 3574
291 2655
984 2655
2655 3957
137 2655
674 2655
2655 2669
2655 4054
2655 4839
1213 2655
1228 2655
129 2655
2017 2655
37 2655
2655 3619
2655 3990
425 2655
2655 4663
2655 2760
2655 3014
327 2655
2655 3178
2655 4350
2217 2655
1192 2655
2655 4036
2142 2655
103 2655
1389 2655
2655 3823
338 2655
2655 4571
2655 3543
2655 3856
2655 4335
2655 3440
2655 3922
2655 2841
2655 4837
1887 2655
2655 3508
1066 2655
2655 4513
1002 2655
1208 2655
239 2655
2655 2983
2655 4082
248 2655
2655 4139
789 2655
2655 3259
2655 3660
2655 4002
872 2655
2655 2912
721 2655
2655 3537
2655 3898
693 2655
1045 2655
2655 3692
1074 2655
2655 4673
2655 4684
2655 4274
486 2655
2655 3174
2655 4762
598 2655
2655 4015
2285 2655
2176 2655
420 2655
501 2655
2271 2655
828 2655
2407 2655
502 2655
2655 4230
2655 3589
2551 2655
2655 3369
742 2655
198 2655
387 2655
2655 3283
1099 2655
1806 2655
2655 2917
7 2655
776 2655
2655 3756
1652 2655
1895 2655
1798 2655
942 2655
2210 2655
2655 4109
1988 2655
269 2655
2655 4339
1950 2655
1256 2655
2655 2662
1764 2655
2655 3047
2093 2655
142 2655
2655 2767
1029 2655
2655 3610
1783 2655
2655 4547
902 2655
2647 2655
2655 4995
989 2655
2655 4485
2655 3734
2655 3798
1251 2655
2655 4368
2655 4526
1236 2655
2019 2655
371 2655
2655 3347
2655 4226
1017 2655
1340 2655
2655 4982
2655 3209
2046 2655
2655 4351
421 2655
2655 3064
2655 4866
2229 2655
904 2655
2655 3170
2523 2655
2273 2655
2655 4006
358 2655
2655 4358
2655 4550
965 2655
678 2655
1386 2655
2098 2655
691 2655
644 2655
2655 3740
1508 2655
2655 3023
545 2655
