5000
[[[[[[[[[[[[[[[[[[[[[[[[[[[[[[[[[[[[[[[[[[[[[[[[[[[[[[[[[[[[[[[[[[[[[[[[[[[[[[[[[[[[[[[[[[[[[[[[[[[[[[[[[[[[[[[[[[[[[[[[[[[[[[[[[[[[[[[[[[[[[[[[[[[[[[[[[[[[[[[[[[[[[[[[[[[[[[[[[[[[[[[[[[[[[[[[[[[[[[[[[[[[[[[[[[[[[[[[[[[[[[[[[[[[[[[[[[[[[[[[[[[[[[[[[[[[[[[[[[[[[[[[[[[[[[[[[[[[[[[[[[[[[[[[[[[[[[[[[[[[[[[[[[[[[[[[[[[[[[[[[[[[[[[[[[[[[[[[[[[[[[[[[[[[[[[[[[[[[[[[[[[[[[[[[[[[[[[[[[[[[[[[[[[[[[[[[[[[[[[[[[[[[[[[[[[[[[[[[[[[[[[[[[[[[[[[[[[[[[[[[[[[[[[[[[[[[[[[[[[[[[[[[[[[[[[[[[[[[[[[[[[[[[[[[[[[[[[[[[[[[[[[[[[[[[[[[[[[[[[[[[[[[[[[[[[[[[[[[[[[[[[[[[[[[[[[[[[[[[[[[[[[[[[[[[[[[[[[[[[[[[[[[[[[[[[[[[[[[[[[[[[[[[[[[[[[[[[[[[[[[[[[[[[[[[[[[[[[[[[[[[[[[[[[[[[[[[[[[[[[[[[[[[[[[[[[[[[[[[[[[[[[[[[[[[[[[[[[[[[[[[[[[[[[[[[[[[[[[[[[[[[[[[[[[[[[[[[[[[[[[[[[[[[[[[[[[[[[[[[[[[[[[[[[[[[[[[[[[[[[[[[[[[[[[[[[[[[[[[[[[[[[[[[[[[[[[[[[[[[[[[[[[[[[[[[[[[[[[[[[[[[[[[[[[[[[[[[[[[[[[[[[[[[[[[[[[[[[[[[[[[[[[[[[[[[[[[[[[[[[[[[[[[[[[[[[[[[[[[[[[[[[[[[[[[[[[[[[[[[[[[[[[[[[[[[[[[[[[[[[[[[[[[[[[[[[[[[[[[[[[[[[[[[[[[[[[[[[[[[[[[[[[[[[[[[[[[[[[[[[[[[[[[[[[[[[[[[[[[[[[[[[[[[[[[[[[[[[[[[[[[[[[[[[[[[[[[[[[[[[[[[[[[[[[[[[[[[[[[[[[[[[[[[[[[[[[[[[[[[[[[[[[[[[[[[[[[[[[[[[[[[[[[[[[[[[[[[[[[[[[[[[[[[[[[[[[[[[[[[[[[[[[[[[[[[[[[[[[[[[[[[[[[[[[[[[[[[[[[[[[[[[[[[[[[[[[[[[[[[[[[[[[[[[[[[[[[[[[[[[[[[[[[[[[[[[[[[[[[[[[[[[[[[[[[[[[[[[[[[[[[[[[[[[[[[[[[[[[[[[[[[[[[[[[[[[[[[[[[[[[[[[[[[[[[[[[[[[[[[[[[[[[[[[[[[[[[[[[[[[[[[[[[[[[[[[[[[[[[[[[[[[[[[[[[[[[[[[[[[[[[[[[[[[[[[[[[[[[[[[[[[[[[[[[[[[[[[[[[[[[[[[[[[[[[[[[[[[[[[[[[[[[[[[[[[[[[[[[[[[[[[[[[[[[[[[[[[[[[[[[[[[[[[[[[[[[[[[[[[[[[[[[[[[[[[[[[[[[[[[[[[[[[[[[[[[[[[[[[[[[[[[[[[[[[[[[[[[[[[[[[[[[[[[[[[[[[[[[[[[[[[[[[[[[[[[[[[[[[[[[[[[[[[[[[[[[[[[[[[[[[[[[[[[[[[[[[[[[[[[[[[[[[[[[[[[[[[[[[[[[[[[[[[[][[[[[[[[[[[[[[[[[[[[[[[[[[[[[[[[[[[[[[[[[[[[[[[[[[[[[[[[[[[[[[[[[[[[[[[[[[[[[[[[[[[[[[[[[[[[[[[[[[[[[[[[[[[[[[[[[[[[[[[[[[[[[[[[[[[[[[[[[[[[[[[[[[[[[[[[[[[[[[[[[[[[[[[[[[[[[[[[[[[[[[[[[[[[[[[[[[[[[[[[[[[[[[[[[[[[[[[[[[[[[[[[[[[[[[[[[[[[[[[[[[[[[[[[[[[[[[[[[[[[[[[[[[[[[[[[[[[[[[[[[[[[[[[[[[[[[[[[[[[[[[[[[[[[[[[[[[[[[[[[[[[[[[[[[[[[[[[[[[[[[[[[[[[[[[[[[[[[[[[[[[[[[[[[[[[[[[[[[[[[[[[[[[[[[[[[[[[[[[[[[[[[[[[[[[[[[[[[[[[[[[[[[[[[[[[[[[[[[[[[[[[[[[[[[[[[[[[[[[[[[[[[[[[[[[[[[[[[[[[[[[[[[[[[[[[[[[[[[[[[[[[[[[[[[[[[[[[[[[[[[[[[[[[[[[[[[[[[[[[[[[[[[[[[[[[[[[[[[[[[[[[[[[[[[[[[[[[[[[[[[[[[[[[[[[[[[[[[[[[[[[[[[[[[[[[[[[[[[[[[[[[[[[[[[[[[[[[[[[[[[[[[[[[[[[[[[[[[[[[[[[[[[[[[[[[[[[[[[[[[[[[[[[[[[[[[[[[[[[[[[[[[[[[[[[[[[[[[[[[[[[[[[[[[[[[[[[[[[[[[[[[[[[[[[[[[[[[[[[[[[[[[[[[[[[[[[[[[[[[[[[[[[[[[[[[[[[[[[[[[[[[[[[[[[[[[[[[[[[[[[[[[[[[[[[[[[[[[[[[[[[[[[[[[[[[[[[[[[[[[[[[[[[[[[[[[[[[[[[[[[[[[[[[[[[[[[[[[[[[[[[[[[[[[[[[[[[[[[[[[[[[[[[[[[[[[[[[[[[[[[[[[[[[[[[[[[[[[[[[[[[[[[[[[[[[[[[[[[[[[[[[[[[[[[[[[[[[[[[[[[[[[[[[[[[[[[[[[[[[[[[[[[[[[[[[[[[[[[[[[[[[[[[[[[[[[[[[[[[[[[[[[[[[[[[[[[[[[[[[[[[[[[[[[[[[[[[[[[[[[[[[[[[[[[[[[[[[[[[[[[[[[[[[[[[[[[[[[[[[[[[[[[[[[[[[[[[[[[[[[[[[[[[[[[[[[[[[[[[[[[[[[[[[[[[[[[[[[[[[[[[[[[[[[[[[[[[[[[[[[[[[[[[[[[[[[[[[[[[[[[[[[[[[[[[[[[[[[[[[[[[[[[[[[[[[[[[[[[[[[[[[[[[[[[[[[[[[[[[[[[[[[[[[[[[[[[[[[[[[[[[[[[[[[[[[[[[[[[[[[[[[[[[[[[[[[[[[[[[[[[[[[[[[[[[[[[[[[[[[[[[[[[[[[[[[[[[[[[[[[[[[[[[[[[[[[[[[[[[[[[[[[[[[[[[[[[[[[[[[[[[[[[[[[[[[[[[[[[[[[[[[[[[[[[[[[[[[[[[[[[[[[[[[[[[[[[[[[[[[[[[[[[[[[[[[[[[[[[[[[[[[[[[[[[[[[[[[[[[[[[[[[[[[[[[[[[[[[[[[[[[[[[[[[[[[[[[[[[[[[[[[[[[[[[[[[[[[[[[[[[[[[[[[[[[[[[[[[[[[[[[[[[[[[[[[[[[[[[[[[[[[[[[[[[[[[[[[[[[[[[[[[[[[[[[[[[[[[[[[[[[[[[[[[[[[[[[[[[[[[[[[[[[[[[[[[[[[[[[[[[[[[[[[[[[[[[[[[[[[[[[[[[[[[[[[[[[[[[[[[[[[[[[[[[[[[[[[[[[[[[[[[[[[[[[[[[[[[[[[[[[[[[[[[[[[[[[[[[[[[[[[[[[[[[[[[[[[[[[[[[[[[[[[[[[[[[[[[[[[[[[[[[[[[[[[[[[[[[[[[[[[[[[[[[[[[[[[[[[[[[[[[[[[[[[[[[[[[[[[[[[[[[[[[[[[[[[[[[[[[[[[[[[[[[[[[[[[[[[[[[[[[[[[[[[[[[[[[[[[[[[[[[[[[[[[[[[[[[[[[[[[[[[[[[[[[[[[[[[[[[[[[[[[[[[[[[[[[[[[[[[[[[[[[[[[[[[[[[[[[[[[[[[[[[[[[[[[[[[[[[[[[[[[[[[[[[[[[[[[[[[[[[[[[[[[[[[[[[[[[[[[[[[[[[[[[[[[[[[[[[[[[[[[[[[[[[[[[[[[[[[[[[[[[[[[[[[[[[[[[[[[[[[[[[[[[[[[[[[[[[[[[[[[[[[[[[[[[[[[[[[[[[[[[[[[[[[[[[[[[[[[[[[[[[[[[[[[[[[[[[[[[[[[[[[[[[[[[[[[[[[[[[[[[[[[[[[[[[[[[[[[[[[[[[[[[[[[[[[[[[[[[[[[[[[[[[[[[[[[[[[[[[[[[[[[[[[[[[[[[[[[[[[[[[[[[[[[[[[[[[[[[[[[[[[[[[[[[[[[[[[[[[[[[[[[[[[[[[[[[[[[[[[[[[[[[[[[[[[[[[[[[[[[[[[[[[[[[[[[[[[[[[[[[[[[[[[[[[[[[[[[[[[[[[[[[[[[[[[[[[[[[[[[[[[[[[[[[[[[[[[[[[[[[[[[[[[[[[[[[[[[[[[[[[[[[[[[[[[[[[[[[[[[[[[[[[[[[[[[[[[[[[[[[[[[[[[[[[[[[[[[[[[[[[[[[[[[[[[[[[[[[[[[[[[[[[[[[[[[[[[[[[[[[[[[[[[[[[[[[[[[[[[[[[[[[[[[[[[[[[[[[[[[[[[[[[[[[[[[[[[[[[[[[[[[[[[[[[[[[[[[[[[[[[[[[[[[[[[[[[[[[[[[[[[[[[[[[[[[[[[[[[[[[[[[[[[[[[[[[[[[[[[[[[[[[[[[[[[[[[[[[[[[[[[[[[[[[[[[[[[[[[[[[[[[[[[[[[[[[[[[[[[[[[[[[[[[[[[[[[[[[[[[[[[[[[[[[[[[[[[[[[[[[[[[[[[[[[[[[[[[[[[[[[[[[[[[[[[[[[[[[[[[[[[[[[[[[[[[[[[[[[[[[[[[[[[[[[[[[[[[[[[[[[[[[[[[[[[[[[[[[[[[[[[[[[[[[[[[[[[[[[[[[[[[[[[[[[[[[[[[[[[[[[[[[[[[[[[[[[[[[[[[[[[[[[[[[[[[[[[[[[[[[[[[[[[[[[[[[[[[[[[[[[[[[[[[[[[[[[[[[[[[[[[[[[[[[[[[[[[[[[[[[[[[[[[[[[[[[[[[[[[[[[[[[[[[[[[[[[[[[[[[[[[[[[[[[[[[[[[[[[[[[[[[[[[[[[[[[[[[[[[[[[[[[[[[[[[[[[[[[[[[[[[[[[[[[[[[[[[[[[[[[[[[[[[[[[[[[[[[[[[[[[[[[[[[[[[[[[[[[[[[[[[[
731 1709
1709 3475
1709 4294
697 1709
1709 3916
166 1709
1709 1984
1709 3188
1709 3244
1709 2423
1709 4006
1709 2630
1709 3252
1709 2831
1709 4629
408 1709
1325 1709
787 1709
1709 1724
1709 2130
1709 3212
1709 2897
717 1709
1709 3897
1709 2250
1709 1741
1709 1839
1064 1709
1709 2546
1709 4009
1709 2180
1709 3825
1709 4963
1709 4551
1709 3676
1709 3943
754 1709
1024 1709
1709 3113
1709 2915
1709 3995
1378 1709
1709 2826
1671 1709
1709 3467
1628 1709
1168 1709
1709 2601
1709 3665
1709 2650
1709 2631
1082 1709
1709 4477
1605 1709
1709 4581
1709 2997
1709 4929
1709 1908
1357 1709
1709 3684
1709 2785
1709 2239
1411 1709
1709 2863
1709 3444
745 1709
1709 2346
1420 1709
1120 1709
1709 3263
1709 3190
1709 3972
1709 4068
1709 4736
1709 2817
1709 4698
182 1709
1370 1709
1285 1709
1709 4641
1301 1709
1658 1709
1709 4839
1709 2311
1709 2980
1709 3763
1709 2083
1709 3169
854 1709
1709 4557
1709 2996
1709 1966
1318 1709
1709 3151
431 1709
1122 1709
1709 2324
221 1709
1709 4209
1709 4705
1709 2544
591 1709
1514 1709
703 1709
1709 4327
1709 4338
1709 2824
1709 3501
1463 1709
249 1709
1709 3711
1709 2849
1709 1806
1709 4769
1709 2652
1709 2008
1709 4245
1059 1709
1709 2141
1709 4401
1691 1709
1709 4902
1316 1709
1709 4948
816 1709
1173 1709
735 1709
1709 3628
1093 1709
1709 3228
1709 4298
1517 1709
1709 2389
475 1709
1709 3293
1709 3204
1709 3727
1709 2122
1709 2071
1709 2932
343 1709
1709 3596
1709 3502
1125 1709
1709 2586
764 1709
674 1709
1417 1709
1709 4598
1709 2047
1709 3408
1709 3269
1709 2494
1709 3369
788 1709
1709 4418
1709 2553
1709 3374
1709 4398
1709 4878
1709 3533
1341 1709
1709 4043
651 1709
998 1709
1709 4279
88 1709
608 1709
1709 2491
1158 1709
1709 4889
1709 2288
1234 1709
1709 2017
544 1709
1709 2990
1217 1709
1709 3310
1709 2854
1709 3431
565 1709
563 1709
1709 3153
1709 3797
1709 3809
1709 3958
1709 3186
1709 2629
860 1709
1709 3550
1709 4989
1709 3334
1709 3866
279 1709
1709 4605
1709 4414
1709 2760
206 1709
1709 1763
1709 2632
1709 1887
1709 3587
977 1709
1358 1709
420 1709
1709 4858
1709 2537
1709 3819
1709 2370
1008 1709
1709 3875
1127 1709
1709 3177
1709 2197
948 1709
1709 4993
1709 3784
1709 3109
1709 2734
370 1709
1709 4575
1709 2384
1291 1709
1709 4832
1709 1828
1709 4672
1709 2878
1709 4432
1709 3890
1709 4441
1709 3559
1020 1709
1709 4942
235 1709
1709 3899
807 1709
1709 2638
1709 3199
705 1709
1709 4856
1709 3275
1709 2032
1709 3910
1709 3644
1042 1709
1640 1709
307 1709
1709 4347
1709 1758
1709 4783
1303 1709
1709 2920
1709 2344
624 1709
1709 2600
1709 2609
1709 4704
1282 1709
1709 3969
71 1709
1397 1709
1709 2248
496 1709
1709 4323
1709 2146
1709 4400
1709 2723
1015 1709
1709 4539
1709 4571
1709 2949
1709 1905
1207 1709
1709 3583
770 1709
1709 4955
1709 1825
1709 3150
1344 1709
68 1709
1709 2468
1709 2624
1709 3755
1709 2178
1709 3872
1709 2614
404 1709
1709 3211
1709 2701
1709 1859
1709 3243
1709 2341
756 1709
1709 4123
1139 1709
1288 1709
108 1709
1709 3595
1129 1709
1709 1997
1709 2272
59 1709
1709 4969
883 1709
79 1709
1709 3410
1709 4462
1709 3162
1709 3870
1709 4559
130 1709
1709 3766
1709 4179
1709 1986
1709 2593
720 1709
1709 3394
30 1709
1597 1709
1709 3076
1709 1835
1709 1815
1263 1709
632 1709
1704 1709
1709 2647
98 1709
1674 1709
1709 3994
1709 3296
386 1709
48 1709
1709 3561
1709 2424
1709 3313
1709 2029
1187 1709
1709 4147
1709 2154
766 1709
1709 2717
1709 3597
258 1709
1398 1709
244 1709
1709 2576
1507 1709
1709 4236
858 1709
1709 4535
1709 2129
1709 3817
675 1709
1709 4077
1709 3626
1709 4185
1709 4470
1709 3653
1709 4753
1709 3891
1709 3664
1709 4847
1709 4050
1709 3894
1709 3035
835 1709
1703 1709
1709 1935
1709 2933
1709 2443
118 1709
1709 3282
281 1709
1709 3749
896 1709
1709 2103
1709 4740
1709 4866
1709 2038
1593 1709
435 1709
451 1709
1709 2125
1709 3335
1709 3704
1709 2974
1041 1709
1666 1709
799 1709
1709 2400
1709 3308
1709 2116
1709 3804
1709 1775
1709 3528
1709 2223
1709 2563
1709 3344
1709 4207
1096 1709
1709 1776
1630 1709
1709 1769
1709 3569
1709 3739
1709 1861
1709 2668
1709 3327
1709 1963
1709 4785
1709 4618
1709 4849
1709 1834
1709 2205
1709 2382
1709 4127
1659 1709
726 1709
479 1709
1709 3082
953 1709
58 1709
1269 1709
1709 2538
1709 3027
1522 1709
1709 4118
1709 2549
1709 2605
1709 4088
1709 1985
1090 1709
1709 2555
1060 1709
1382 1709
477 1709
180 1709
1709 4214
1492 1709
1709 4686
1709 3099
1709 4036
1709 2404
1709 4863
1709 1840
220 1709
1709 2557
1709 2224
1709 3707
251 1709
1709 3468
1709 4213
1709 4708
1709 2276
1709 2318
1709 4234
155 1709
1010 1709
1709 3841
1142 1709
1709 3719
1709 4652
1709 2659
1709 4845
1416 1709
1299 1709
273 1709
1682 1709
1709 4067
1709 3882
1709 2616
1709 4577
829 1709
169 1709
1709 2811
996 1709
1709 3286
13 1709
1709 3482
1095 1709
581 1709
1709 3311
507 1709
1355 1709
946 1709
1709 3001
773 1709
1709 4960
90 1709
1709 4561
897 1709
1709 2642
1709 3350
1709 2444
789 1709
1197 1709
511 1709
501 1709
1629 1709
672 1709
882 1709
1709 4163
1709 3092
1709 3792
1339 1709
642 1709
1709 2891
1709 2175
1709 2635
1709 4981
1092 1709
1709 3585
1709 4129
1709 3690
54 1709
1709 2552
650 1709
1203 1709
1099 1709
1709 4822
1286 1709
1709 3419
1709 2251
1709 3378
1709 2509
1709 3892
1709 4592
21 1709
426 1709
989 1709
1709 2155
1709 1849
1709 2273
1709 2387
1709 4532
1709 3494
1709 2825
1496 1709
127 1709
1709 2671
1709 1753
125 1709
1709 2688
1709 2486
1709 2507
416 1709
1709 4460
1080 1709
1709 3576
1709 2776
1581 1709
1709 2274
1709 3777
1244 1709
1709 4812
1709 2031
1709 3490
1709 3453
1709 4413
1709 2516
1709 2598
641 1709
1709 3860
1665 1709
1709 1857
1709 4609
1485 1709
790 1709
1709 3862
1709 4749
738 1709
1709 4779
1467 1709
1709 3148
1709 4085
1709 4218
1709 2942
1709 2028
1709 2550
933 1709
906 1709
1709 1792
1709 3029
324 1709
1709 2784
86 1709
1709 2119
525 1709
1709 4393
1709 3540
755 1709
179 1709
446 1709
252 1709
1709 4183
1709 2727
1118 1709
1709 4975
1709 4876
1709 2493
1709 2393
1709 2687
1709 4565
80 1709
1709 4272
1709 4795
1709 4579
1709 4263
1709 4718
1709 2591
845 1709
429 1709
1112 1709
1709 3726
1709 4862
121 1709
1709 3000
1709 2746
1709 3070
797 1709
1709 3557
313 1709
1709 3170
1709 2265
1223 1709
1672 1709
1191 1709
1709 2597
91 1709
104 1709
699 1709
1709 4087
798 1709
1709 4830
1709 2828
1709 3127
1709 4600
736 1709
1709 4788
679 1709
1709 4972
161 1709
1709 2345
917 1709
1709 3591
1709 1889
1709 2395
1709 3563
34 1709
1709 4916
1709 3575
1709 2747
1709 2962
1448 1709
1709 4248
1709 4666
1709 4440
1304 1709
1709 4491
1551 1709
1697 1709
1709 3192
1709 2268
498 1709
970 1709
1709 1869
337 1709
1709 4319
1660 1709
1709 3666
1292 1709
171 1709
747 1709
1709 4939
1709 4288
1709 4346
1709 4690
1709 4752
178 1709
1144 1709
1527 1709
1709 3214
1709 2532
774 1709
1393 1709
1709 2582
1709 2091
298 1709
1709 1807
1709 3486
1709 3945
1327 1709
1709 2048
436 1709
1709 2461
1709 4468
285 1709
1009 1709
1709 2551
265 1709
1709 4110
1709 2084
1709 2114
1709 2508
1709 2373
1709 2721
1623 1709
1709 4436
1709 4649
1709 3221
1584 1709
419 1709
163 1709
1709 3949
1709 3283
1709 4760
1311 1709
1709 4797
1709 4615
365 1709
1709 3158
1709 4840
1709 4332
1346 1709
901 1709
1709 3977
1709 1850
1709 4182
1412 1709
1709 3816
1709 1994
1709 2910
1709 4193
1709 2583
857 1709
1709 4151
1709 4747
1612 1709
67 1709
1709 3525
1709 4611
1709 2856
1709 4302
1189 1709
1709 4511
1709 2188
1709 2489
1600 1709
1709 5000
1709 4078
1709 2165
1709 4518
1709 3722
1709 2088
1709 4175
1709 1756
1709 2322
1709 4911
634 1709
1709 2323
1619 1709
1709 2378
598 1709
1709 1978
1709 3987
1709 3386
1709 1948
1709 1804
1709 3619
1709 2589
1709 3473
1186 1709
1709 2569
728 1709
868 1709
1709 4449
763 1709
1045 1709
1131 1709
1709 4275
523 1709
1709 2093
1135 1709
82 1709
920 1709
1333 1709
1692 1709
1709 2684
1043 1709
1561 1709
1709 1926
1709 3642
1709 3412
1583 1709
1709 4195
338 1709
1709 2252
1709 3089
1543 1709
1709 2263
1608 1709
955 1709
1709 4843
1502 1709
1709 4676
1709 4053
1314 1709
1709 2602
1709 4178
1427 1709
1709 2327
1709 4991
1709 1731
1709 3856
1709 3542
1709 3433
1709 1911
1709 4250
1387 1709
1709 4300
1709 3848
1709 3379
1709 3111
1709 3049
1709 3264
1709 3421
846 1709
1709 2870
1709 3813
1709 2525
332 1709
1709 3798
1709 4722
1709 3865
1709 3718
504 1709
1709 1976
711 1709
1709 3397
1709 4746
1709 4223
1709 3008
1709 3383
1709 2805
1709 4766
1709 3031
1709 4504
1700 1709
668 1709
1709 1940
1709 4220
1709 4042
1709 4138
1709 4388
261 1709
1709 1819
1709 4020
1709 4224
1709 2804
1709 2383
1206 1709
1494 1709
1709 1915
1709 4051
1709 4389
1709 4228
1709 2993
1709 2851
1709 1896
568 1709
716 1709
453 1709
1483 1709
319 1709
1709 4755
1709 3572
1709 3588
421 1709
1709 3671
529 1709
470 1709
369 1709
1709 2960
1267 1709
106 1709
194 1709
1709 4689
1709 4865
1709 2536
1709 4079
895 1709
1709 1872
1709 2705
1709 4015
1709 2998
1709 2987
1709 3661
1709 3259
1290 1709
1709 1975
1103 1709
1709 2474
1709 2249
1709 4075
1709 4258
204 1709
1709 3504
1709 2739
1709 4064
1709 3854
198 1709
1709 3213
1709 3333
353 1709
950 1709
646 1709
1482 1709
1185 1709
1709 4073
1709 1996
1709 4280
1709 3526
238 1709
1521 1709
228 1709
1709 1972
1709 3925
1709 3612
1709 4735
1709 2413
1709 4816
1709 3498
1709 3004
1709 2145
358 1709
1709 3312
1709 4663
1709 3827
1709 4888
769 1709
653 1709
1709 3717
1152 1709
96 1709
1709 2562
1709 2982
1709 2592
1511 1709
1709 4168
1709 2441
1709 3898
1709 4229
1655 1709
208 1709
1598 1709
1709 3395
1709 4107
560 1709
259 1709
945 1709
380 1709
1709 3110
1108 1709
1709 4326
1709 2575
834 1709
874 1709
1709 3956
1709 4534
1709 1725
1709 4313
1709 1929
794 1709
614 1709
1709 4296
1709 2452
260 1709
174 1709
1709 4574
1709 3022
217 1709
1709 2148
1709 1812
201 1709
1709 3138
1425 1709
218 1709
1709 4381
1709 2162
1540 1709
1709 2098
264 1709
1709 4299
364 1709
1709 2283
1709 4678
1709 4767
1709 4257
99 1709
1538 1709
691 1709
331 1709
533 1709
1709 3614
804 1709
1709 2329
1709 2054
575 1709
1240 1709
1709 4790
9 1709
1709 3426
1709 3315
1709 3268
1484 1709
1709 3771
1362 1709
284 1709
1709 3635
1709 4582
1709 2073
1438 1709
1709 3405
1709 4368
1709 4943
1709 3654
1709 3445
1709 4999
488 1709
65 1709
1566 1709
1709 3298
1709 3142
570 1709
1709 3584
1709 4159
1709 4171
1570 1709
1709 1799
455 1709
611 1709
602 1709
1709 2768
92 1709
1709 3481
1709 2282
1268 1709
1709 3832
1709 3620
1709 3680
776 1709
1165 1709
489 1709
1085 1709
556 1709
1575 1709
467 1709
1709 4445
1709 4469
1709 3349
1709 4273
1709 3355
1709 2547
1709 1971
1709 3041
1709 3582
676 1709
1709 4915
1272 1709
1709 2488
1558 1709
1531 1709
1709 1744
654 1709
1709 3447
1506 1709
976 1709
1709 4136
509 1709
1709 3466
1709 4882
110 1709
1709 2009
1709 3341
1709 3735
1709 3904
1394 1709
351 1709
1709 2291
1709 3712
147 1709
1709 4360
1709 3045
1709 3418
1709 2231
930 1709
1709 4777
1405 1709
1709 2596
1709 3295
1709 2617
682 1709
1709 4841
1709 3549
1709 2012
1709 1893
1709 3340
1003 1709
686 1709
1709 2401
1709 4098
1709 3901
1440 1709
1709 3389
1330 1709
768 1709
1709 2167
513 1709
1709 3367
60 1709
1709 2477
168 1709
1709 3842
1709 2270
1709 4048
74 1709
1709 3180
1709 3721
1709 4638
1709 4927
1134 1709
1709 4662
269 1709
1709 3253
1686 1709
721 1709
1709 4687
1709 4446
1709 4498
1709 4471
1709 1748
222 1709
1709 4936
1709 4675
1709 1955
1709 3277
368 1709
1709 4417
1709 4513
1709 4126
1709 1747
864 1709
1354 1709
916 1709
422 1709
1709 4496
1709 3197
1709 2319
1709 4026
1709 3744
27 1709
1709 4974
1004 1709
531 1709
1709 3535
1709 4135
1051 1709
1709 4558
1709 4859
1709 4137
1709 2846
1709 2603
1709 4931
1709 4691
1034 1709
1709 3461
1709 3023
1709 2900
1709 2529
1709 3225
1709 4286
1709 4632
1709 3402
1709 3232
1587 1709
1548 1709
1413 1709
223 1709
817 1709
907 1709
1123 1709
710 1709
340 1709
1709 2430
1709 2926
1709 2306
237 1709
1709 4334
1709 3578
809 1709
1709 2504
1000 1709
1037 1709
63 1709
982 1709
1709 1761
1709 4066
425 1709
84 1709
1709 1736
1012 1709
1709 4249
1709 4799
1083 1709
1709 4384
1709 2958
925 1709
483 1709
1709 3165
1709 1713
1565 1709
1709 4871
1709 2260
1709 4543
1709 2757
1709 2081
1709 1814
1182 1709
1323 1709
593 1709
394 1709
1709 2246
1709 1901
1607 1709
1709 3546
1424 1709
1709 4964
1709 3034
1030 1709
1550 1709
1709 4261
786 1709
1505 1709
1709 3737
1709 2172
1709 4897
1709 4295
555 1709
623 1709
1466 1709
991 1709
1230 1709
1709 3417
1709 3044
1709 4108
1709 1743
1709 2820
1709 2309
1709 4869
1709 3246
1709 2947
1709 3287
1709 2754
1377 1709
1709 4198
1709 4899
1464 1709
1709 2519
150 1709
552 1709
1509 1709
1709 1737
1136 1709
1709 4553
1709 4293
1705 1709
1709 4102
775 1709
1709 4994
1709 3881
1709 1854
1709 3497
1709 4530
1709 4547
1709 1970
1650 1709
1709 4025
1590 1709
1709 2535
1709 3492
371 1709
1709 4806
1709 2316
1709 1762
1709 2961
1709 4059
482 1709
1709 3513
1709 3139
1709 2604
1709 4962
1709 4725
1709 3518
1709 4157
1709 2184
1709 3039
1709 4372
1709 3723
1709 4132
1406 1709
1709 1729
1709 2801
1709 2438
678 1709
1709 2765
913 1709
1166 1709
1369 1709
1709 4646
1132 1709
1468 1709
1709 4190
1709 4655
1709 2056
1709 4944
1709 3967
1709 2783
993 1709
1709 2219
1709 2610
688 1709
1435 1709
1709 3320
1709 4084
1709 3455
1709 4028
1709 4819
438 1709
1365 1709
1709 3964
1188 1709
1709 4463
1709 2374
1709 3600
562 1709
1709 3176
1709 3304
1709 4959
1709 3381
277 1709
1709 1816
1709 2899
1709 2667
1526 1709
1709 3781
1709 3257
1709 1837
1159 1709
1709 3258
1709 3617
1709 1733
1585 1709
323 1709
1709 2434
813 1709
1592 1709
1709 2247
1709 3507
1709 4376
1709 4938
1709 4424
151 1709
1356 1709
1709 2929
1709 2678
248 1709
805 1709
1709 2886
978 1709
141 1709
149 1709
1248 1709
385 1709
1709 2471
1100 1709
1709 3135
1709 1719
1709 3404
1481 1709
1061 1709
979 1709
1539 1709
1709 2321
1709 1875
997 1709
1709 4754
1709 1843
1709 4645
1709 2301
1709 3168
865 1709
1709 4231
1709 2975
771 1709
1654 1709
1709 4355
1709 2011
1709 2352
1709 2222
1709 3195
1613 1709
1709 4684
1520 1709
1709 2244
1709 3681
1562 1709
915 1709
1709 2105
1709 4201
1709 2092
1709 4458
493 1709
1709 3171
1709 2756
1709 4307
1709 4055
1709 2262
706 1709
1709 3990
1709 4061
1709 3544
1038 1709
780 1709
1709 2158
1138 1709
1709 2633
1709 3485
1709 4301
1709 4169
1709 4810
1709 3459
1709 2348
361 1709
1709 2169
633 1709
459 1709
1709 4985
1709 1980
1709 4813
1709 4349
1709 2429
1249 1709
1709 4953
1709 2782
1709 2419
1709 2235
1709 2151
1709 3512
1276 1709
1709 2428
640 1709
569 1709
1709 4269
1709 3077
1709 3580
1709 4628
1709 2790
1709 3123
1709 4710
1709 2916
355 1709
1709 3818
1662 1709
1709 2440
1709 4588
280 1709
1709 1947
1709 4742
1499 1709
1709 2543
615 1709
1245 1709
1345 1709
1709 2194
647 1709
1709 2568
1709 2330
1709 2904
1709 2335
1709 2922
1709 3646
852 1709
1709 3187
6 1709
1709 3121
1709 2847
1709 1755
1709 3788
1709 4656
1709 4373
1709 2940
1709 2281
1350 1709
1709 4823
1709 2107
1178 1709
1709 2138
1709 2006
1709 1883
1709 1979
1709 2308
1709 2890
1709 4659
1709 3104
684 1709
1709 4141
660 1709
1644 1709
1709 4186
1709 3758
1709 2966
1709 2673
1709 4375
644 1709
1709 1711
1709 4364
619 1709
1709 3373
818 1709
1536 1709
1709 2297
856 1709
1709 3979
995 1709
1709 2648
1709 3536
732 1709
1709 4818
1709 1760
1709 4146
1359 1709
139 1709
1709 4353
1709 2934
1709 3863
401 1709
1709 4177
1709 2666
1661 1709
1307 1709
1709 2730
1709 2398
1709 1727
1709 4221
689 1709
1709 4614
138 1709
1709 3226
1709 3231
1709 2716
1709 3657
396 1709
1089 1709
1709 3835
391 1709
1709 2386
1019 1709
1709 3631
1709 3016
1709 2303
1617 1709
1469 1709
1124 1709
1709 4484
564 1709
1709 4325
1709 4004
1366 1709
1709 2143
1709 3387
1709 3420
1709 2654
1709 2736
1709 4537
1709 1751
1232 1709
1709 3547
630 1709
1140 1709
1709 1779
885 1709
1709 3876
1709 4459
1709 4242
1709 2763
1709 4119
1709 2340
1709 3101
1709 1739
1709 4531
1709 3423
714 1709
1709 3280
1709 4130
1280 1709
718 1709
596 1709
1709 2694
1709 4693
1709 4112
1709 3347
1709 4540
1709 3202
1709 4322
1709 4970
1709 2304
1709 2984
1709 4256
1709 1899
123 1709
1709 3163
1709 3662
1709 2788
442 1709
838 1709
1709 3125
1709 4437
1709 4330
927 1709
433 1709
1709 2004
1709 4798
11 1709
549 1709
785 1709
49 1709
1065 1709
1709 2573
1709 2643
1709 2511
1709 2978
1709 2501
1709 3746
304 1709
1709 2200
1228 1709
1709 2931
1709 4086
1709 4423
1709 2726
1532 1709
1709 4624
295 1709
1709 4880
1709 1844
1146 1709
1578 1709
1294 1709
1709 2924
784 1709
1161 1709
1709 3957
1709 2457
833 1709
1709 2331
1589 1709
1709 2240
1709 3114
727 1709
1709 2564
1709 2160
145 1709
357 1709
1709 4455
1709 3955
1709 2844
1709 4233
1709 3103
751 1709
1709 3356
120 1709
1709 4500
1709 4728
1709 3909
961 1709
1709 1833
1385 1709
1709 4563
296 1709
1709 3927
1084 1709
1709 1882
1709 3371
330 1709
941 1709
1709 2527
1709 3960
1709 4932
1709 3604
1709 4203
1457 1709
1302 1709
667 1709
662 1709
1709 2394
190 1709
1709 2390
1709 3980
1709 3942
1709 3567
1391 1709
1709 2035
1709 3238
1709 2476
1709 3011
1709 3599
1709 2676
1709 4018
1709 3568
1087 1709
1709 2003
1709 3639
1709 2470
631 1709
1709 2425
1709 2185
397 1709
1709 2850
1709 4567
606 1709
1709 2059
1709 3668
1709 3026
1052 1709
1709 2078
1709 4967
1709 3630
1614 1709
1709 4444
680 1709
283 1709
1709 4528
1709 2451
1709 3182
1709 1750
1709 3059
1709 1714
1709 4243
1709 1823
1709 2478
1709 3357
844 1709
1709 2679
1709 4855
1709 3603
1709 3094
407 1709
526 1709
1709 4324
1709 3222
1709 4699
1709 3750
767 1709
40 1709
842 1709
1709 2463
1709 2337
1709 3251
85 1709
1709 3833
1709 2590
1709 2257
1709 3864
339 1709
1709 3638
1442 1709
28 1709
1421 1709
344 1709
1709 1942
1261 1709
1709 3006
1609 1709
1027 1709
109 1709
1224 1709
1709 4903
919 1709
1709 2703
1709 2911
1709 4599
41 1709
1709 4896
1709 3539
1375 1709
1709 4883
1709 4576
1709 3496
1709 3715
550 1709
1709 2781
1266 1709
1709 1728
1709 2634
1709 2989
1709 1800
472 1709
1709 1789
1669 1709
1709 2403
153 1709
1709 1734
1709 3133
1709 2803
1709 3474
715 1709
1709 2618
1 1709
1451 1709
1709 4265
1709 3097
1709 3224
1709 2484
1709 3093
1709 3005
1709 4144
1709 3693
1709 4222
1643 1709
1709 2179
1238 1709
1709 3266
828 1709
848 1709
1709 1805
808 1709
1709 2838
1709 4482
113 1709
1709 1952
1709 1944
1709 2058
1552 1709
1709 2275
966 1709
1709 4359
1709 1742
1709 4826
1709 4215
1443 1709
1709 2770
1709 2764
1709 1808
1709 2751
1709 3380
1709 4977
1709 1764
1709 2479
823 1709
1275 1709
1709 3018
1709 4164
1709 3098
1709 4284
903 1709
1025 1709
1709 3706
1709 1962
1709 4474
594 1709
1709 3143
1586 1709
1709 3993
1709 3126
1709 2426
1709 2941
1709 2433
1709 2594
1709 3422
1709 4507
1709 4550
1709 3537
588 1709
1709 2867
1709 1786
1709 3002
1709 3053
1709 2367
1070 1709
1709 3172
1646 1709
723 1709
1709 3742
980 1709
1709 2192
904 1709
1709 4377
1709 2405
1709 2651
1709 4408
312 1709
1709 1774
1709 3245
1709 4153
1709 4526
211 1709
1709 3670
1573 1709
1709 4041
1709 3914
1709 3609
1709 2455
1709 3091
1709 3210
1709 2864
1364 1709
1709 2202
1709 1909
1709 3429
1709 4292
410 1709
1709 2087
1709 3302
140 1709
1709 3322
1709 4420
1709 2019
1709 2526
1709 1817
1709 4217
577 1709
944 1709
152 1709
1709 2266
1709 2622
1709 2693
388 1709
1709 3249
1709 3774
1709 4197
1709 3658
1709 4762
1709 2253
1709 2968
1709 3610
1709 4092
1709 1934
1709 4825
1670 1709
1709 2014
1709 2964
33 1709
415 1709
1709 2269
1709 3332
1709 3057
1709 3682
1709 1898
1709 3456
1709 4885
1709 3871
1709 4031
1709 2296
1709 3457
1709 2719
414 1709
1709 1767
1237 1709
1334 1709
1075 1709
1231 1709
1709 4776
1709 3440
1709 3201
1215 1709
1709 3938
1101 1709
1709 3215
1709 4333
824 1709
348 1709
1709 4958
1709 3577
119 1709
637 1709
202 1709
1563 1709
853 1709
1709 2566
1709 3786
1709 3831
1709 2215
636 1709
1709 4780
1461 1709
1709 2759
1709 2680
887 1709
1709 3765
1180 1709
322 1709
1709 3328
1709 2893
1102 1709
1709 4781
1709 2872
760 1709
1620 1709
1137 1709
185 1709
1709 4452
724 1709
1709 3438
1709 4589
494 1709
287 1709
1709 2061
1709 2360
1709 4416
1491 1709
1709 3511
1709 4230
1709 3815
1709 3679
1709 3205
1709 4782
1709 3907
1709 2574
1709 2142
1709 4921
1709 4411
1154 1709
1709 2956
293 1709
1709 3973
1247 1709
743 1709
1709 2113
1709 2256
1709 2460
1319 1709
1709 4548
1709 4877
1709 4651
1709 2075
1709 2221
590 1709
1633 1709
1471 1709
1709 4717
1709 1871
1709 4013
1709 2772
1709 2418
1709 2887
1709 4520
1709 2361
1709 2769
1709 3330
266 1709
1709 4733
1709 3838
1709 2427
1709 3024
1265 1709
1709 4554
1709 3117
1709 2044
1709 2375
1709 4506
1709 3791
1709 4965
1709 2999
1709 2356
1709 2954
1709 4409
1709 2660
1709 3821
618 1709
1709 2969
1709 3524
537 1709
554 1709
1709 4923
1709 4909
122 1709
1410 1709
1029 1709
1709 3181
908 1709
1709 4805
1709 3613
960 1709
1211 1709
1709 3147
480 1709
1667 1709
1709 1782
1709 4714
1264 1709
1709 3368
1709 4759
1250 1709
1709 3042
1528 1709
1709 3720
1709 2628
1709 3663
1709 4378
1091 1709
1709 2033
1709 2861
1709 1958
1340 1709
1709 3624
867 1709
1460 1709
1709 3946
1709 2302
1709 4815
1709 2156
1709 3922
1709 4664
316 1709
1709 4930
291 1709
1709 2497
1709 2492
1709 1967
1709 3621
1709 2814
1709 3919
1709 1960
1709 4283
1709 2289
288 1709
1709 2880
1709 2002
1709 3521
1367 1709
1031 1709
1169 1709
1472 1709
1709 2168
354 1709
1709 2459
1709 2285
837 1709
617 1709
146 1709
1033 1709
1709 1848
52 1709
1278 1709
1709 3487
1709 2362
541 1709
1709 4395
1709 4583
1709 3762
1214 1709
490 1709
692 1709
1709 3415
1709 3088
1709 2089
72 1709
1709 2157
1709 3365
1709 1717
1709 2988
1709 3336
814 1709
1709 4620
758 1709
350 1709
1709 4913
1709 3272
1709 3384
1709 3435
1709 3806
1709 4516
1624 1709
189 1709
1709 3840
1709 2310
484 1709
1709 4773
1709 3173
1709 4341
1709 2174
1556 1709
1709 1969
753 1709
1709 4917
1200 1709
128 1709
468 1709
1709 4661
1709 3877
1709 4901
695 1709
713 1709
1701 1709
1709 3878
1709 4124
1709 4502
643 1709
1709 4354
1709 2620
1709 2431
1709 3984
1709 1965
1709 3484
1709 4289
1453 1709
1709 4116
1545 1709
1709 3820
781 1709
1709 3794
578 1709
1709 4606
1709 2755
1709 4453
366 1709
1709 2267
1709 4998
1709 3271
1709 3571
1709 2203
748 1709
670 1709
1709 3506
1709 2523
1709 3677
1361 1709
1604 1709
1709 4383
956 1709
1709 4595
1709 4542
1709 2970
282 1709
1709 4635
1709 3753
1594 1709
1455 1709
336 1709
1709 4761
373 1709
1454 1709
1013 1709
1283 1709
1709 2042
1709 1721
1554 1709
1709 3107
1709 2053
535 1709
548 1709
1709 2149
1709 3218
1709 1916
1709 4738
1709 3616
1022 1709
931 1709
1709 1784
1709 3154
1709 3196
1709 3046
1588 1709
1709 4083
1709 3982
1709 3966
1673 1709
1709 4113
64 1709
1709 3391
1685 1709
1050 1709
347 1709
1709 4473
1577 1709
1709 4318
792 1709
1709 2111
1709 1773
1560 1709
1709 4399
1709 3531
538 1709
1039 1709
1709 3372
1677 1709
212 1709
880 1709
398 1709
1709 2456
1709 4716
1709 4343
1709 4357
233 1709
1709 3985
1709 4848
876 1709
1709 1718
663 1709
1709 2663
1709 4522
822 1709
362 1709
934 1709
1709 4345
1709 3239
1709 4425
1582 1709
1709 4976
1709 3360
910 1709
1709 3839
1709 3393
1337 1709
1709 2123
1709 3242
1696 1709
1709 3505
1709 3014
1709 1907
1709 4978
1709 3062
1709 3902
1709 4552
1709 2339
733 1709
939 1709
1709 4696
1709 3409
1480 1709
1709 3636
461 1709
1709 3178
1709 4142
1709 4604
1016 1709
613 1709
1709 2190
1709 3730
1709 2925
1014 1709
216 1709
1709 2432
1709 4091
1074 1709
1709 3705
1709 3650
56 1709
891 1709
1709 2467
1709 4251
1709 4379
1709 2147
1709 4342
1709 3385
1709 2800
126 1709
1709 3741
1709 2435
100 1709
1709 3198
1709 2236
1709 3622
1709 2046
1709 4170
1709 2977
1709 4636
1709 2201
184 1709
1709 2066
1709 2392
1709 2579
1709 3510
1709 4200
1312 1709
1709 2010
1709 1992
1709 3574
1709 2685
793 1709
1709 4621
374 1709
1241 1709
1709 1884
1476 1709
3 1709
1709 4022
1709 2625
1348 1709
740 1709
1709 2935
457 1709
1709 4703
1709 3032
1709 3324
1709 3189
341 1709
1709 4312
1709 4370
1055 1709
801 1709
1709 2636
1709 4419
1709 2741
135 1709
1709 4515
1709 2204
815 1709
1709 2454
1709 3558
24 1709
1709 2227
1171 1709
1709 3230
1209 1709
1262 1709
1709 2779
1709 2845
1048 1709
1069 1709
1709 3337
1709 4757
1709 1923
1709 2724
1709 2894
1709 4979
1709 3981
1547 1709
1709 2517
1709 2656
811 1709
1709 4104
1709 4029
1709 2074
1709 4428
372 1709
1709 3601
1709 2855
1709 4709
1709 3803
1709 1891
1709 4406
1474 1709
890 1709
1709 1710
1709 3054
1709 2293
1709 3491
1709 4189
1599 1709
1709 2921
1709 2928
1709 3297
1709 2406
224 1709
1407 1709
1709 3166
1709 3055
1709 4404
1072 1709
14 1709
430 1709
1709 4726
1709 2359
1709 1880
1709 4499
840 1709
1709 3643
1436 1709
1172 1709
1709 3396
225 1709
1709 2683
1709 2585
1384 1709
1709 2229
439 1709
959 1709
1709 2738
836 1709
875 1709
1709 4914
1709 1953
1709 2709
1709 2299
1255 1709
1709 3884
1709 3988
1709 3828
1422 1709
709 1709
884 1709
1709 2720
607 1709
1709 3403
1380 1709
1709 3732
1709 4824
473 1709
1709 3446
1709 2797
97 1709
1709 1842
1709 3307
164 1709
1621 1709
1709 3362
1709 2690
1690 1709
1709 3543
441 1709
1709 4692
246 1709
1695 1709
1709 2277
1162 1709
270 1709
1591 1709
1709 4864
1709 1906
1709 3085
750 1709
1709 2706
1709 3772
1709 2005
911 1709
1709 3751
1489 1709
1709 3775
1709 3388
1709 2713
1709 3519
1106 1709
1709 2013
1709 2133
1709 3209
1709 2177
1709 3829
1709 2860
629 1709
1709 2626
1097 1709
1569 1709
1709 3552
1709 1873
1709 1777
103 1709
1709 4626
1709 4268
1709 4111
1433 1709
1636 1709
942 1709
1709 2774
1709 3465
1709 2657
1709 2795
1076 1709
1709 2884
428 1709
1709 3220
1709 4679
1709 2347
1709 3488
1709 3965
1709 4348
1709 4983
22 1709
1709 4226
1709 2195
1709 2639
1709 3517
1219 1709
1709 3989
782 1709
1709 3532
1199 1709
1709 2124
1709 4919
1709 4711
1709 4811
1222 1709
1104 1709
1709 4172
1709 4232
1709 4990
1709 4875
1257 1709
1709 4706
914 1709
1709 4308
1709 2462
1709 2948
1418 1709
1709 2923
1709 3437
1709 1973
850 1709
1709 2830
1709 3462
1709 4992
778 1709
1709 2789
1632 1709
1709 3359
1709 4945
1709 3260
1709 2159
232 1709
1708 1709
1709 3285
1709 2448
1513 1709
1567 1709
1709 4541
1709 2217
402 1709
1709 1885
1709 2211
1709 3759
1709 4321
1709 4433
231 1709
1709 4713
1709 4255
1709 2090
1709 2115
981 1709
1709 4872
5 1709
1709 3294
1709 4601
1709 1913
1709 3698
1709 3489
1709 2021
1503 1709
859 1709
1709 4512
1709 4483
1709 4837
1300 1709
1709 3734
1709 4160
240 1709
423 1709
1709 4501
957 1709
1709 3449
1709 4074
1709 4647
1709 2233
1709 3714
1709 3300
1709 2829
612 1709
102 1709
1709 2420
1709 3548
1709 3940
1709 3514
1709 2363
1709 2016
1342 1709
1709 1879
1625 1709
627 1709
1709 1858
1709 4391
203 1709
1338 1709
1709 4732
589 1709
1709 3087
1709 3783
236 1709
1709 3452
1709 4794
1709 3289
300 1709
1709 3017
1709 3399
1709 1870
1475 1709
1709 1732
722 1709
289 1709
1709 3789
1709 4467
1347 1709
1709 2225
1709 2094
1709 3773
1709 4267
1709 1956
1709 4995
1709 2902
1709 4328
1709 4058
1709 4707
1709 3436
1054 1709
1709 2502
1113 1709
1709 3873
1709 1827
1709 2230
831 1709
1709 4161
1709 3144
1709 2952
1709 4867
1709 3760
55 1709
1709 2120
1709 2612
37 1709
301 1709
1709 4165
1709 3219
1709 4719
405 1709
972 1709
1510 1709
1709 4429
1709 4941
503 1709
1709 4000
1709 4021
1709 4912
1320 1709
1709 3083
540 1709
1709 4329
1709 3314
1709 3729
1606 1709
1709 2237
1698 1709
449 1709
739 1709
1047 1709
1709 3061
532 1709
1709 4800
1709 3262
1709 4385
951 1709
1709 4737
986 1709
310 1709
1709 2286
1709 2842
1709 4946
1709 2653
800 1709
1709 1726
1271 1709
1709 2708
464 1709
359 1709
1456 1709
1709 2841
1709 3986
1709 4260
1709 1781
1709 3590
1638 1709
1709 1783
1709 3849
1709 1722
1709 4023
1709 3808
1709 4046
1709 2333
1709 2534
1709 3401
1149 1709
820 1709
1653 1709
1709 3075
1709 3179
1709 4924
409 1709
1709 1826
1709 3953
677 1709
387 1709
326 1709
38 1709
1689 1709
1709 3768
1063 1709
1709 1845
542 1709
1709 2060
1709 4204
1709 2085
1709 1933
1017 1709
1709 2442
1709 2565
1709 4660
1709 4309
1709 2153
1164 1709
1018 1709
1709 3240
1026 1709
1709 4205
1709 3672
1709 3691
1709 3594
1709 1818
1709 3769
1444 1709
1709 3801
1709 4590
1709 2137
1709 2313
1709 2325
1709 2995
1601 1709
1709 3009
1709 4908
1709 3472
1709 2927
1709 3837
502 1709
1709 3432
383 1709
1709 3522
39 1709
1709 3545
1709 4802
1709 4145
1709 3129
156 1709
1184 1709
257 1709
382 1709
1709 3645
478 1709
1709 3933
463 1709
1709 3068
992 1709
1709 4560
1709 4052
1709 3931
1709 2748
1434 1709
1709 2725
1709 1903
1709 4450
1709 4120
1709 1918
683 1709
1709 4610
1709 4587
210 1709
1709 4072
1709 2699
1709 1715
1709 4192
536 1709
687 1709
1709 4276
1529 1709
1709 3234
1163 1709
1709 3229
1709 4712
1709 2000
1709 4057
1709 3541
186 1709
78 1709
645 1709
1709 4344
1243 1709
1709 3888
1709 2062
1709 4266
1709 1961
1709 2290
905 1709
450 1709
1709 3400
1709 2520
1709 2255
1709 1920
400 1709
192 1709
1709 3688
1709 4750
1709 2567
610 1709
1709 3928
268 1709
1709 3913
551 1709
1709 2380
1709 1995
1709 3128
1709 2144
1709 4829
1709 2294
517 1709
742 1709
1709 4861
1709 4081
1709 2809
1709 1836
1709 4517
1709 4173
1576 1709
806 1709
1709 3529
1709 4143
1709 3010
1252 1709
1709 3767
975 1709
1709 4870
559 1709
1709 3660
1709 4426
1709 3354
1709 2472
1709 3857
1073 1709
495 1709
984 1709
1709 2364
1709 4054
1709 2500
1709 3430
515 1709
1709 1904
31 1709
539 1709
1709 4012
1383 1709
1709 3030
1709 2379
1709 2674
1709 4184
1709 4320
1709 1894
1709 1712
1709 4448
1709 1949
1709 2055
1709 2320
1709 3073
1709 3007
1709 3316
1709 3673
1709 2873
1706 1709
1709 4538
111 1709
757 1709
1523 1709
1709 4702
1709 2728
1709 4681
443 1709
1709 4984
1709 4167
1680 1709
1709 4367
1709 1936
1709 2530
1709 1824
1709 2391
1709 4966
1709 4584
973 1709
698 1709
114 1709
601 1709
1709 4566
1709 3495
1709 4442
1709 3132
990 1709
1709 4316
207 1709
1709 3699
547 1709
1709 2037
1709 2417
245 1709
954 1709
1709 1832
1709 1938
1709 4851
1709 2102
1709 3051
1709 3570
1709 2735
912 1709
1709 3939
1549 1709
1709 3317
962 1709
597 1709
1110 1709
1709 3918
1174 1709
1709 2234
1709 4671
1709 3917
1709 4396
1709 2823
605 1709
1709 4274
1709 4310
1709 4905
1709 3554
1709 2937
1128 1709
1709 1900
1709 3796
1709 2677
1709 4351
1709 3331
730 1709
1709 4181
1709 4700
1709 4996
1709 2542
1709 3633
1709 3648
1709 4056
932 1709
349 1709
1709 4701
1709 3479
1709 2655
1709 2079
15 1709
1709 1912
1709 4980
1709 1829
1709 2342
1709 4521
278 1709
1684 1709
1709 2505
1709 3248
1709 2570
1524 1709
974 1709
1709 1921
1308 1709
1709 2512
1709 4884
393 1709
1709 3353
902 1709
1709 2938
1709 3822
1709 4340
227 1709
1709 3290
297 1709
1709 3159
1709 2315
1293 1709
73 1709
1709 3442
802 1709
1557 1709
1709 2560
176 1709
1709 3105
1709 4971
1699 1709
943 1709
1709 4037
1709 4821
1709 1981
226 1709
1709 3551
762 1709
1709 2742
1709 3508
1477 1709
1709 2697
1709 3160
1430 1709
521 1709
1709 1716
1709 3618
1709 2889
666 1709
1709 3607
1709 2641
1309 1709
499 1709
367 1709
1709 1982
1251 1709
1709 4508
1709 2216
843 1709
1709 3770
1352 1709
1709 2218
1254 1709
1709 3937
81 1709
181 1709
1709 1846
1709 1852
1709 3241
1627 1709
1326 1709
500 1709
1709 2052
75 1709
144 1709
1709 4524
1281 1709
1709 2150
1709 2295
1709 2732
1504 1709
375 1709
160 1709
1709 2766
1709 1778
1709 4906
1709 2695
922 1709
1709 3701
1709 4529
1709 3992
1709 4485
1709 2627
1709 3250
1709 4792
952 1709
1709 3855
167 1709
1709 4062
1709 3503
1709 3779
1709 2022
1709 2780
1709 3164
286 1709
1709 3208
1709 1914
1709 2581
1709 4570
1175 1709
87 1709
1709 1892
1656 1709
1709 4525
1709 2041
1709 2895
1495 1709
1709 2189
1709 4510
1709 2307
418 1709
1709 2023
1709 3370
1709 3812
1709 4715
1709 3348
1709 4860
199 1709
1709 4745
752 1709
1709 3625
1709 2377
1709 4456
4 1709
403 1709
1709 2254
1709 3460
1183 1709
1709 4765
1709 4472
1493 1709
635 1709
390 1709
1709 4928
1709 4290
1709 2704
1709 3323
136 1709
1709 4951
1709 2446
1709 2040
1709 3598
1709 2559
1709 2692
1709 3795
1709 3851
1709 3270
796 1709
1121 1709
1709 3700
1709 4743
1709 3463
826 1709
1709 3078
1709 2907
530 1709
1709 3267
1709 3414
1709 3970
1002 1709
1709 2170
1709 4008
1709 4001
1709 3065
1709 3564
1709 2057
1709 4447
1709 3080
1709 3606
315 1709
1709 4278
900 1709
1618 1709
1709 2991
1709 2743
1044 1709
1709 2278
1709 2447
1709 2827
1709 2095
1709 3140
1709 1910
1709 2615
1148 1709
1709 2097
1709 3800
1709 1856
1709 2436
1709 4311
1233 1709
1709 1862
1709 3814
1204 1709
1709 4390
1709 3968
1709 1749
1709 4556
810 1709
47 1709
1709 2879
1709 3896
1709 4331
1709 4918
1351 1709
1242 1709
1709 3352
215 1709
1709 2261
1709 3793
1270 1709
1709 1964
1709 4546
508 1709
1709 1768
1709 2744
117 1709
1709 4633
1709 4476
1709 2946
1709 4973
609 1709
1709 3339
1709 3807
1709 3493
1709 3678
988 1709
1709 2608
1709 3319
1709 3903
1709 2132
1688 1709
1709 3520
1709 2171
1709 4957
1709 4216
1709 2793
1709 2919
1709 2971
1202 1709
1709 1820
656 1709
1709 3203
1709 3859
791 1709
1709 4741
1709 3058
1709 4982
1709 3207
1709 3227
1709 4564
1709 4947
1709 2051
1709 2453
1709 3923
1709 4481
1709 3647
1709 3530
1709 2024
1306 1709
1709 4950
1709 3632
1709 2773
582 1709
1709 3703
1709 4607
1709 4115
1709 4065
1709 2196
462 1709
1353 1709
1709 4187
1709 3743
1709 2353
1709 3167
1709 2186
1709 4421
1225 1709
1709 3847
1465 1709
1709 3451
196 1709
1709 3338
1490 1709
1709 3562
1709 4833
1709 2109
1709 3398
1709 3095
1709 1847
1709 4039
1287 1709
803 1709
1709 4653
1709 3915
1709 2972
242 1709
1709 3950
1709 2284
1709 2126
1447 1709
1709 3346
1709 3740
1648 1709
1709 3036
1709 4724
620 1709
1709 4573
1709 4793
1709 4082
518 1709
1709 4356
1709 4191
1709 3216
749 1709
1631 1709
528 1709
1709 4101
1709 2069
1709 1881
1709 2791
456 1709
1709 1738
1709 4017
1709 4030
1709 2539
1544 1709
1709 1780
1395 1709
1709 2076
1126 1709
177 1709
1709 4487
1709 4158
1709 4775
329 1709
1709 3236
1709 1797
1181 1709
1709 2118
759 1709
1709 1746
306 1709
1709 2077
1501 1709
872 1709
1676 1709
2 1709
1709 4202
1709 4544
1709 3702
1709 1787
328 1709
1709 2613
1709 2649
572 1709
440 1709
1709 4523
1709 1878
1709 2371
1709 2749
1709 2533
1709 3279
1709 2718
1709 2816
1371 1709
1133 1709
1709 4933
308 1709
1709 4060
1709 3686
1400 1709
1709 4668
1709 4758
1709 2985
1709 4402
1273 1709
1709 3478
1709 1890
1709 3069
1709 2664
1709 3830
1709 3471
1709 2176
1709 3669
1595 1709
1709 2832
1707 1709
1373 1709
1709 3050
1709 4434
188 1709
1709 3254
1709 3963
558 1709
1709 2955
1709 2445
1709 3309
1709 1813
1626 1709
1709 4580
1709 4803
445 1709
1709 4828
53 1709
1709 2161
1329 1709
1709 2458
1709 4682
664 1709
1709 4820
1709 2531
1709 3695
1709 4235
444 1709
1709 2072
1709 2064
1709 2798
1709 4835
1709 3799
157 1709
376 1709
460 1709
200 1709
1078 1709
746 1709
1431 1709
1709 2100
1709 4665
1709 4920
241 1709
1709 3256
1709 3683
1709 1974
1709 2943
1709 2415
1709 2710
1709 3390
1709 4578
321 1709
1657 1709
1709 3867
1709 3106
1709 3343
1709 2698
1709 1987
1709 4438
1709 3247
652 1709
1709 3655
1709 4212
399 1709
1709 1930
1709 4139
1639 1709
1709 4831
1193 1709
1153 1709
1709 3667
819 1709
1709 3523
1709 3974
314 1709
1709 2366
821 1709
1709 1888
1709 4032
20 1709
863 1709
649 1709
1702 1709
1709 4492
1709 2875
1086 1709
1645 1709
1709 4603
1709 3887
1709 2672
1709 4277
1709 3040
1709 2871
1088 1709
725 1709
1709 2410
1709 2939
1709 3116
1709 1821
1709 2813
1709 4673
1709 4685
1709 2515
1226 1709
1709 2607
1709 4654
1709 2675
1709 4568
1709 4695
1709 2096
1574 1709
889 1709
1107 1709
1709 4952
1439 1709
1709 3072
1404 1709
1709 3952
1709 3448
1360 1709
1709 2986
702 1709
595 1709
1571 1709
1709 3145
1147 1709
1709 3464
584 1709
1372 1709
1709 2541
1709 4904
8 1709
1709 4174
1066 1709
195 1709
1709 2372
1519 1709
1709 2099
600 1709
639 1709
1709 2411
1709 4007
1709 4259
1596 1709
1709 3184
303 1709
1709 2209
1709 2206
1709 4371
1006 1709
333 1709
1709 4533
1709 2399
1709 3976
881 1709
1709 3223
1709 3424
744 1709
1537 1709
1709 3048
1709 4070
1709 4657
1709 2714
1709 2465
741 1709
1709 3071
936 1709
434 1709
1709 4677
1709 1730
1081 1709
1709 3303
1709 4240
1709 4623
704 1709
1546 1709
1500 1709
1709 3155
1709 2112
841 1709
1709 2336
1709 3895
213 1709
1709 2065
1709 1802
311 1709
1709 2712
1709 2487
1709 2745
1709 2191
1437 1709
89 1709
729 1709
1709 3281
1709 3565
1709 2298
16 1709
1709 4586
1709 4669
671 1709
1709 2524
129 1709
1709 4895
1709 4180
1663 1709
1709 1999
1709 4778
1105 1709
1709 4076
761 1709
1709 3084
1195 1709
638 1709
1709 4291
524 1709
1709 2015
1709 3476
1709 3500
1709 4591
825 1709
899 1709
1709 2973
1709 2292
1709 2101
1709 4814
1709 3920
1376 1709
1709 4358
1709 3458
1709 3292
665 1709
469 1709
1709 4422
272 1709
1709 3689
1709 2080
1709 2912
1709 1801
1709 2796
772 1709
1176 1709
1028 1709
1709 2866
1488 1709
1220 1709
1709 2207
527 1709
1709 3929
1709 3608
1709 4680
154 1709
1709 2959
1709 1968
1709 4634
1709 4509
1709 3627
669 1709
1709 2792
985 1709
1709 1745
1709 3377
1709 2761
105 1709
1709 3983
254 1709
1709 4519
1709 3787
969 1709
1709 3757
1321 1709
1709 3999
886 1709
1709 3120
1709 3345
1709 2214
673 1709
661 1709
1709 2877
1115 1709
1709 4674
851 1709
1709 3358
1709 2510
690 1709
1709 3130
1709 4898
1542 1709
1709 2981
1709 2857
1709 2885
1709 3861
1709 4739
46 1709
1709 3605
1709 4306
256 1709
1709 3527
1709 2606
1328 1709
1709 3948
1709 3235
1709 4489
1709 2357
1709 1810
1709 4287
1709 1874
1709 1897
1709 3191
1709 2421
1709 2043
1709 2821
1709 2351
1258 1709
1709 3174
1709 4336
1709 2063
342 1709
1079 1709
1709 3738
1709 2729
616 1709
1709 2545
18 1709
1709 4986
707 1709
1709 1794
1681 1709
1709 4252
1709 3112
162 1709
1709 3954
1709 2212
1709 2930
1709 2104
1709 4431
412 1709
1423 1709
1709 3776
696 1709
1709 4480
1709 3194
1709 3834
1709 4768
893 1709
1709 4569
132 1709
1709 2473
452 1709
234 1709
1709 4619
1709 1788
1399 1709
1709 3634
1709 2700
1709 2466
832 1709
1709 2957
1709 3880
1709 2449
1709 2963
592 1709
1709 4010
1709 1937
1709 4380
694 1709
1709 3748
1053 1709
1709 4892
534 1709
1709 2108
561 1709
734 1709
918 1709
1709 3961
1709 4616
1709 2208
1005 1709
571 1709
1274 1709
1114 1709
1709 2645
1572 1709
1709 1860
737 1709
1709 2422
827 1709
1709 2182
1709 3802
417 1709
1709 2777
795 1709
1709 1798
133 1709
1459 1709
1709 2381
1709 3629
1057 1709
1709 2241
1709 3579
1709 4688
1709 3728
1709 2039
1709 4166
1553 1709
1709 4134
1709 4764
1709 4842
1709 2944
1709 4071
1709 2139
1709 2475
1709 4090
1709 3944
1709 1841
1709 4093
1709 2280
292 1709
1709 3015
1709 4770
1709 3441
1709 4796
546 1709
1709 2220
1709 3731
1001 1709
1709 4881
335 1709
389 1709
474 1709
1709 3592
1349 1709
1568 1709
1709 3615
1709 4387
1709 4721
1253 1709
66 1709
1709 2365
1709 2343
1709 3305
1709 2187
1056 1709
1709 2414
360 1709
1426 1709
1709 4949
1709 4464
1709 2558
1709 2658
1709 2317
1709 3416
1709 3560
1709 1796
1709 2136
1709 4612
1709 4809
1259 1709
1635 1709
1479 1709
1709 4505
1332 1709
137 1709
1709 2843
1709 4555
1709 4935
626 1709
1709 3265
1429 1709
1478 1709
1709 4386
1709 4194
1343 1709
1709 2163
1709 2644
1709 3761
1709 3852
1709 2271
1709 4227
1709 2514
947 1709
878 1709
1709 3134
1709 1876
1709 1951
1709 2128
44 1709
1709 3483
512 1709
486 1709
1709 2918
1119 1709
1709 4199
1709 3889
1709 4527
1709 1838
1709 4095
7 1709
968 1709
1512 1709
1709 3056
937 1709
1709 4034
1709 4435
1709 4297
175 1709
1709 2711
1094 1709
586 1709
1221 1709
1709 4314
1709 3824
1709 2979
1649 1709
1709 3233
999 1709
1709 4014
1709 2681
1709 4536
1709 2238
1709 3156
1709 3736
1709 3724
1709 4490
1709 3067
1709 3844
1709 2914
1709 1868
1709 2355
1709 4238
949 1709
1709 2786
1709 2049
1419 1709
1709 2245
1709 2951
685 1709
1709 2522
1709 2965
1709 4907
1709 3363
1709 2450
219 1709
1709 4968
1709 4596
191 1709
1709 1830
1709 3425
1709 4097
1709 4844
1709 4247
1709 3850
1331 1709
1709 2584
1313 1709
112 1709
173 1709
1117 1709
1709 1922
1709 2883
187 1709
1709 1925
1709 2503
1709 2762
1709 2953
1709 4210
1709 1866
1709 4148
1709 2669
1709 3060
1709 4670
1637 1709
1709 4562
1709 4650
276 1709
1709 2521
1675 1709
1709 3047
1709 4430
1541 1709
510 1709
1709 4454
1709 2412
1709 3064
229 1709
1709 4303
1709 2228
1709 3028
1336 1709
262 1709
1709 3538
1709 1902
1709 3102
1218 1709
1709 4890
1709 3785
1709 4451
1035 1709
1709 3033
1709 2213
557 1709
384 1709
1709 2778
1709 3003
1709 4879
1709 4063
1709 3318
1709 3175
1709 4044
894 1709
1709 2480
427 1709
1709 2232
1709 4497
1709 1754
1709 2733
1679 1709
1709 4495
1622 1709
1709 3301
1709 2807
1709 4105
1709 1771
1709 4617
1709 4121
1709 1919
1709 4262
1709 3074
1709 3869
1709 4730
1709 4817
1098 1709
1709 3652
1709 2548
1709 1924
1709 4002
1709 4403
604 1709
1709 4804
1709 1759
1709 2936
1709 4122
839 1709
1317 1709
1709 3043
94 1709
1709 3183
124 1709
1709 3924
1709 4987
1709 4808
1709 4956
1709 2338
1709 4049
1709 4784
432 1709
491 1709
1709 2752
1709 4900
1709 4117
1709 2464
1709 1993
1709 2018
576 1709
1709 4040
1709 2994
1709 3185
1709 3641
57 1709
506 1709
1709 4140
205 1709
1709 4503
243 1709
1709 1785
1709 1983
1709 3079
1709 2025
1709 3118
1709 2859
1709 3656
958 1709
928 1709
377 1709
1709 3284
1709 1865
921 1709
1709 2722
1452 1709
1363 1709
1709 4868
1709 3137
1709 4720
1709 3066
1709 4801
1229 1709
1709 2802
965 1709
1709 4304
1709 2368
1709 2349
1709 2578
1709 3427
305 1709
1709 2027
476 1709
1709 4125
514 1709
1709 4188
1709 2050
1709 4405
25 1709
1390 1709
1709 4466
424 1709
1709 2909
1709 3934
1525 1709
1709 1790
1709 3780
1709 2882
1709 4443
1386 1709
1709 3998
1709 3900
1709 2259
1210 1709
1709 1863
1709 2300
1432 1709
1709 2036
1709 1766
1709 2753
923 1709
1709 3843
1068 1709
1709 2640
1401 1709
320 1709
1709 3261
1709 3996
1709 1932
1709 2408
230 1709
1694 1709
1709 4109
1709 3161
485 1709
1709 1928
325 1709
1709 3534
579 1709
1709 4834
1709 2409
573 1709
1709 4886
1709 4382
1709 4954
1277 1709
1709 4369
1709 2905
580 1709
658 1709
1709 3086
1709 3200
1403 1709
693 1709
1709 4727
938 1709
1709 4961
1709 4149
1709 3694
1709 3021
1709 3157
1709 2287
1709 1939
309 1709
712 1709
1709 4594
1389 1709
1709 3406
1709 3299
1709 2485
1709 4219
1709 1927
1709 4597
1709 3602
1709 4397
481 1709
1709 3836
1709 3413
1709 2334
929 1709
1709 1946
437 1709
765 1709
1709 3885
1709 3879
1709 3930
1709 3515
1709 2696
379 1709
1305 1709
1709 3237
1709 2183
1709 4461
1709 2794
1709 2243
1709 2134
1709 3382
830 1709
1709 4152
1709 4729
1709 4337
1709 4630
1709 2853
1462 1709
1709 2173
1709 3858
1515 1709
1709 3152
1709 3959
1709 4114
1709 3146
302 1709
1709 2840
395 1709
1709 4925
1709 4103
1709 4352
1709 4637
1709 2554
1709 3450
812 1709
1709 4239
1709 3709
583 1709
1709 4988
1709 2264
1709 3351
1709 4128
1709 4317
1709 2945
1709 4427
381 1709
1709 1811
1709 4271
681 1709
1709 4465
1709 1809
1709 2070
1116 1709
1709 4854
1109 1709
1709 3716
253 1709
1709 3708
1709 3306
1709 4772
1709 3826
1709 3971
1709 3131
1709 2540
1709 4493
1709 2350
1709 2396
1709 4771
1709 1998
1709 1822
26 1709
1709 4789
1709 3375
471 1709
1709 3649
1709 3687
1709 4593
1709 2967
1709 4893
1216 1709
36 1709
1296 1709
1709 3811
1709 2833
1709 4642
1709 2665
1709 2481
29 1709
1611 1709
1196 1709
83 1709
866 1709
1709 3846
1709 3291
392 1709
1709 3411
1709 3454
1709 2715
363 1709
1709 2312
1709 2279
1709 3756
334 1709
1709 2314
214 1709
625 1709
1709 3122
1709 4415
69 1709
1709 2140
1709 3874
1709 4479
466 1709
1709 1791
1709 4011
1709 3886
1709 4627
1709 4608
935 1709
1709 2740
1497 1709
1709 2686
855 1709
1709 2439
1709 3149
1709 1943
1279 1709
566 1709
1709 4625
1198 1709
1709 2837
1156 1709
1709 3141
1709 3921
1709 4887
879 1709
1709 2117
1709 2305
1652 1709
621 1709
1709 4363
1709 2152
1709 3997
1709 3581
1709 3754
1709 2469
1555 1709
1709 1895
983 1709
1709 2135
95 1709
1709 4155
1709 3733
1709 4640
497 1709
1709 2810
1709 4024
1709 2007
32 1709
994 1709
1709 2198
1335 1709
1709 3469
275 1709
1709 3752
1709 2661
1709 4096
1516 1709
1709 2496
159 1709
1709 4361
1709 2127
1709 4315
10 1709
701 1709
719 1709
1709 3593
1709 1720
50 1709
1709 3553
1709 2067
1668 1709
1709 3962
1709 2110
1693 1709
1709 3364
1709 4410
1709 2034
1709 2623
1687 1709
1071 1709
1007 1709
869 1709
1709 2561
1709 4394
1709 1752
1709 2637
239 1709
45 1709
143 1709
1709 2775
1709 3674
1709 2490
1709 1831
1167 1709
700 1709
1709 3439
1709 4853
1580 1709
197 1709
1641 1709
1709 1723
1534 1709
1709 2670
1709 4850
1709 3911
1236 1709
1709 4366
574 1709
648 1709
1709 4339
1709 3278
657 1709
1709 3640
1392 1709
1141 1709
1709 3926
1709 4457
1709 4282
1709 4133
1709 4045
1709 2068
1709 4154
1709 4106
1709 2908
107 1709
1709 4934
327 1709
1709 4697
1709 4099
1021 1709
1709 3713
1260 1709
1709 4827
1709 3692
1709 4225
76 1709
1709 2869
1709 4734
1709 2416
345 1709
1709 2834
1709 3325
520 1709
1678 1709
1709 2750
263 1709
1709 3906
1709 4244
1151 1709
628 1709
1709 3326
1077 1709
659 1709
1709 2499
1709 3623
1709 2731
116 1709
1709 2818
1212 1709
1709 3905
1709 4270
1709 3274
1709 2326
1046 1709
1709 4894
1603 1709
1709 2086
1709 2976
1709 2888
43 1709
1709 2506
1155 1709
1379 1709
1709 4846
1709 1941
1709 4873
1067 1709
1709 4658
378 1709
1709 4237
1498 1709
1709 3868
1709 1793
522 1709
1709 3108
1709 1757
1709 4027
19 1709
1709 2992
1709 4047
1709 4038
1709 3470
892 1709
1709 2020
62 1709
1205 1709
1709 2836
1201 1709
1709 2397
294 1709
1709 4246
1709 3764
1192 1709
1709 3697
1709 3276
1709 4602
1709 4494
1709 4305
1709 2689
1709 1765
1368 1709
1709 3912
1709 4922
1709 1770
1709 3516
1533 1709
871 1709
1322 1709
1709 3509
1709 3991
1709 4176
1297 1709
1709 2587
1709 1851
940 1709
1709 1990
1709 4751
1709 2181
1709 3434
1709 3342
1709 2812
1709 4439
1709 2369
1324 1709
1170 1709
1709 2691
1709 2131
1709 2388
12 1709
1145 1709
247 1709
1709 3747
622 1709
1709 3012
1179 1709
1709 2437
888 1709
1190 1709
1709 3685
77 1709
1709 2030
1374 1709
1709 2862
250 1709
1709 2242
1709 2482
1709 4264
1709 1855
1709 3361
1709 3124
1709 3810
1642 1709
1470 1709
1709 2835
567 1709
1709 1886
1143 1709
1709 3586
898 1709
1709 4033
1709 3951
1709 4763
967 1709
1709 4791
1579 1709
1709 4019
1709 4910
987 1709
1709 3288
924 1709
1709 2082
1709 1853
1709 1735
170 1709
1709 2611
101 1709
1150 1709
1709 3745
877 1709
505 1709
1709 2737
849 1709
1111 1709
926 1709
1709 4196
1709 4475
115 1709
1023 1709
1709 2528
1709 1988
1709 2166
1709 3096
1709 4254
1709 4667
655 1709
847 1709
1709 4080
1709 3589
1298 1709
1709 3019
1709 4648
1058 1709
1709 3206
1709 1989
1246 1709
1709 2258
274 1709
1709 2898
1535 1709
1709 2402
1559 1709
183 1709
1709 2577
1709 4206
1409 1709
1709 3710
172 1709
290 1709
1408 1709
1709 4622
1709 2983
1709 2771
1709 4852
1709 3566
1709 3217
1709 1957
1036 1709
1709 4208
1709 2498
1709 4365
70 1709
1709 4005
1709 1795
1709 3651
1709 3556
1473 1709
1709 4514
1709 4407
1709 4549
209 1709
413 1709
1709 2588
299 1709
1709 4787
1709 3893
1709 4774
1709 3790
267 1709
1709 3480
1709 4162
465 1709
1683 1709
1227 1709
1709 3637
1709 2495
1709 3935
1709 2815
51 1709
1709 3573
1396 1709
1709 2901
317 1709
1709 2799
1709 4997
1709 1991
1709 3853
1709 1772
1709 1954
1709 2164
870 1709
406 1709
1709 4089
35 1709
1709 2646
964 1709
1709 3782
1709 3329
1239 1709
454 1709
1709 4412
516 1709
1709 4350
1709 2950
1709 2874
1616 1709
1049 1709
1709 2621
93 1709
1709 1959
1709 2619
1709 2852
1709 1945
1709 4744
1709 3932
1441 1709
1615 1709
1709 4392
779 1709
1709 2819
1709 3823
255 1709
271 1709
1709 2848
1709 4731
1289 1709
1458 1709
1709 2518
1213 1709
1709 4488
1062 1709
1284 1709
1709 4335
1709 4585
1709 3255
1709 2199
1709 3908
1709 2026
1709 3428
1709 4631
1709 3978
1709 3090
1508 1709
1709 4285
411 1709
1709 4937
1235 1709
1709 4748
1709 3883
1709 4100
1709 4807
458 1709
1709 2121
1709 3063
1709 4486
1709 3947
1709 3119
1709 1931
1709 4281
1709 2385
1709 2556
1709 4131
1709 4003
1709 3555
1130 1709
1709 3376
1032 1709
1445 1709
1709 3100
519 1709
1709 2407
1709 4786
1709 1864
1486 1709
1709 3805
318 1709
1709 2599
1709 2106
1194 1709
1709 3392
1709 2906
1709 3273
1709 3696
1428 1709
1709 3477
1709 4940
1709 4874
1709 4639
1709 1917
158 1709
1709 3013
1402 1709
1709 4756
1709 4838
1709 3845
1647 1709
1709 4253
1388 1709
1709 4094
1709 4857
1709 1877
1709 3366
1709 2193
1709 2806
783 1709
1709 3499
193 1709
1256 1709
1709 3025
1709 4150
1709 4035
1709 2758
1208 1709
603 1709
492 1709
1709 4613
352 1709
1709 2896
1709 2702
1709 4572
1709 2226
1709 3725
1450 1709
1709 2595
1709 2865
1709 2662
1709 3136
1709 4723
587 1709
1709 2358
1381 1709
1664 1709
861 1709
971 1709
17 1709
1709 2767
1709 2572
1709 4156
543 1709
1651 1709
134 1709
1295 1709
1315 1709
1709 2328
553 1709
142 1709
777 1709
1709 3778
1709 3038
1602 1709
1709 3975
1709 3037
356 1709
1709 4926
545 1709
1709 2858
148 1709
1709 4545
1709 2001
1709 3407
1709 4891
1487 1709
1709 2045
1709 3659
1709 2876
1709 3941
1709 4211
42 1709
165 1709
599 1709
708 1709
1709 3611
1414 1709
1634 1709
1040 1709
61 1709
1530 1709
1709 1867
1709 2822
1518 1709
862 1709
1709 2210
1709 3936
1709 2917
1709 4836
1011 1709
447 1709
1709 4362
1610 1709
1709 3675
1709 4016
1709 3193
1709 2707
1709 2839
1709 4694
1415 1709
1709 4683
1449 1709
1709 2881
1709 2376
1709 3020
1709 2808
1709 2580
1310 1709
1709 2913
1709 2903
1709 3052
585 1709
1709 2682
1157 1709
873 1709
963 1709
1177 1709
1709 2513
1709 2483
23 1709
1709 2354
1709 4644
1709 2571
1709 2892
1709 3115
1709 4478
1709 1803
131 1709
1709 4643
1160 1709
1709 3443
1709 2332
487 1709
1709 1950
1709 4241
1709 1740
1709 3081
1709 4374
346 1709
1564 1709
909 1709
1446 1709
1709 3321
1709 4069
448 1709
1709 2787
1709 2868
1709 1977
