5000
)))))))))))))))))))))))))))))))))))))))))))))))))))))))))))))))))))))))))))))))))))))))))))))))))))))))))))))))))))))))))))))))))))))))))))))))))))))))))))))))))))))))))))))))))))))))))))))))))))))))))))))))))))))))))))))))))))))))))))))))))))))))))))))))))))))))))))))))))))))))))))))))))))))))))))))))))))))))))))))))))))))))))))))))))))))))))))))))))))))))))))))))))))))))))))))))))))))))))))))))))))))))))))))))))))))))))))))))))))))))))))))))))))))))))))))))))))))))))))))))))))))))))))))))))))))))))))))))))))))))))))))))))))))))))))))))))))))))))))))))))))))))))))))))))))))))))))))))))))))))))))))))))))))))))))))))))))))))))))))))))))))))))))))))))))))))))))))))))))))))))))))))))))))))))))))))))))))))))))))))))))))))))))))))))))))))))))))))))))))))))))))))))))))))))))))))))))))))))))))))))))))))))))))))))))))))))))))))))))))))))))))))))))))))))))))))))))))))))))))))))))))))))))))))))))))))))))))))))))))))))))))))))))))))))))))))))))))))))))))))))))))))))))))))))))))))))))))))))))))))))))))))))))))))))))))))))))))))))))))))))))))))))))))))))))))))))))))))))))))))))))))))))))))))))))))))))))))))))))))))))))))))))))))))))))))))))))))))))))))))))))))))))))))))))))))))))))))))))))))))))))))))))))))))))))))))))))))))))))))))))))))))))))))))))))))))))))))))))))))))))))))))))))))))))))))))))))))))))))))))))))))))))))))))))))))))))))))))))))))))))))))))))))))))))))))))))))))))))))))))))))))))))))))))))))))))))))))))))))))))))))))))))))))))))))))))))))))))))))))))))))))))))))))))))))))))))))))))))))))))))))))))))))))))))))))))))))))))))))))))))))))))))))))))))))))))))))))))))))))))))))))))))))))))))))))))))))))))))))))))))))))))))))))))))))))))))))))))))))))))))))))))))))))))))))))))))))))))))))))))))))))))))))))))))))))))))))))))))))))))))))))))))))))))))))))))))))))))))))))))))))))))))))))))))))))))))))))))))))))))))))))))))))))))))))))))))))))))))))))))))))))))))))))))))))))))))))))))))))))))))))))))))))))))))))))))))))))))))))))))))))))))))))))))))))))))))))))))))))))))))))))))))))))))))))))))))))))))))))))))))))))))))))))))))))))))))))))))))))))))))))))))))))))))))))))))))))))))))))))))))))))))))))))))))))))))))))))))))))))))))))))))))))))))))))))))))))))))))))))))))))))))))))))))))))))))))))))))))))))))))))))))))))))))))))))))))))))))))))))))))))))))))))))))))))))))))))))))))))))))))))))))))))))))))))))))))))))))))))))))))))))))))))))))))))))))))))))))))))))))))))))))))))))))))))))))))))))))))))))))))))))))))))))))))))))))))))))))))))))())))))))))))))))))))))))))))))))))))))))))))))))))))))))))))))))))))))))))))))))))))))))))))))))))))))))))))))))))))))))))))))))))))))))))))))))))))))))))))))))))))))))))))))))))))))))))))))))))))))))))))))))))))))))))))))))))))))))))))))))))))))))))))))))))))))))))))))))))))))))))))))))))))))))))))))))))))))))))))))))))))))))))))))))))))))))))))))))))))))))))))))))))))))))))))))))))))))))))))))))))))))))))))))))))))))))))))))))))))))))))))))))))))))))))))))))))))))))))))))))))))))))))))))))))))))))))))))))))))))))))))))))))))))))))))))))))))))))))))))))))))))))))))))))))))))))))))))))))))))))))))))))))))))))))))))))))))))))))))))))))))))))))))))))))))))))))))))))))))))))))))))))))))))))))))))))))))))))))))))))))))))))))))))))))))))))))))))))))))))))))))))))))))))))))))))))))))))))))))))))))))))))))))))))))))))))))))))))))))))))))))))))))))))))))))))))))))))))))))))))))))))))))))))))))))))))))))))))))))))))))))))))))))))))))))))))))))))))))))))))))))))))))))))))))))))))))))))))))))))))))))))))))))))))))))))))))))))))))))))))))))))))))))))))))))))))))))))))))))))))))))))))))))))))))))))))))))))))))))))))))))))))))))))))))))))))))))))))))))))))))))))))))))))))))))))))))))))))))))))))))))))))))))))))))))))))))))))))))))))))))))))))))))))))))))))))))))))))))))))))))))))))))))))))))))))))))))))))))))))))))))))))))))))))))))))))))))))))))))))))))))))))))))))))))))))))))))))))))))))))))))))))))))))))))))))))))))))))))))))))))))))))))))))))))))))))))))))))))))))))))))))))))))))))))))))))))))))))))))))))))))))))))))))))))))))))))))))))))))))))))))))))))))))))))))))))))))))))))))))))))))))))))))))))))))))))))))))))))))))))))))))))))))))))))))))))))))))))))))))))))))))))))))))))))))))))))))))))))))))))))))))))))))))))))))))))))))))))))))))))))))))))))))))))))))))))))))))))))))))))))))))))))))))))))))))))))))))))))))))))))))))))))))))))))))))))))))))))))))))))))))))))))))))))))))))))))))))))))))))))))))))))))))))))))))))))))))))))))))))))))))))))))))))))))))))))))))))))))))))))))))))))))))))))))))))))))))))))))))))))))))))))))))))))))))))))))))))))))))))))))))))))))))))))))))))))))))))))))))))))))))))))))))))))))))))))))))))))))))))))))))))))))))))))))))))))))))))))))))))))))))))))))))))))))))))))))))))))))))))))))))))))))))))))))))))))))))))))))))))))))))))))))))))))))))))))))))))))))))))))))))))))))))))))))))))))))))))))))))))))))))))))))))))))))))))))))))))))))))))))))))))))))))))))))))))))))))))))))))))))))))))))))))))))))))))))))))))))))))))))))))))))))))))))))))))))))))))))))))))))))
2478 4388
14 2478
2478 2902
2399 2478
2189 2478
2478 4684
2478 4492
2478 3066
2310 2478
2303 2478
2478 3583
2027 2478
2478 3129
743 2478
1808 2478
529 2478
367 2478
956 2478
2478 4426
2478 4418
124 2478
2478 4402
1209 2478
2478 4232
2478 4586
2085 2478
981 2478
2478 4411
2005 2478
1661 2478
1883 2478
1544 2478
2378 2478
2478 3347
1713 2478
2478 4040
2478 3176
438 2478
1965 2478
649 2478
2426 2478
867 2478
965 2478
2478 4784
2478 3441
2478 2482
2478 3429
1773 2478
2478 3749
2075 2478
2478 4563
1647 2478
2478 3403
1096 2478
1449 2478
2478 4889
2478 2564
621 2478
2090 2478
2478 3761
620 2478
846 2478
406 2478
2478 2819
2478 2578
2478 4042
2478 3987
2478 2483
2478 3248
2478 2488
2478 2822
2478 4735
2478 4690
711 2478
2478 3580
2478 4258
1366 2478
2422 2478
1657 2478
2478 2616
2478 4917
2478 3575
2478 2763
24 2478
1718 2478
910 2478
2478 3079
2478 3599
1428 2478
2344 2478
2478 3857
2478 2786
2478 3004
40 2478
1799 2478
2478 4440
2478 3101
2478 3028
754 2478
2478 3122
2478 3841
26 2478
2478 2700
2478 2989
2478 4444
130 2478
915 2478
1055 2478
2478 4943
2411 2478
1478 2478
288 2478
2478 2693
827 2478
181 2478
2478 4122
100 2478
2478 4317
2478 3226
2478 3104
1745 2478
970 2478
2478 3602
773 2478
2478 4463
1976 2478
2478 4262
2478 4935
230 2478
2478 3298
1493 2478
2478 2848
222 2478
2347 2478
176 2478
2148 2478
2063 2478
2478 3825
690 2478
2478 4723
2004 2478
2478 4727
2478 4019
1737 2478
2478 4908
2464 2478
1175 2478
2478 4065
1821 2478
2405 2478
2478 4041
404 2478
2478 2931
2478 3365
2478 4145
126 2478
1295 2478
385 2478
2478 3731
18 2478
718 2478
2478 3842
1778 2478
85 2478
2478 3525
2478 4643
2478 4980
2478 3383
817 2478
2478 4508
681 2478
2478 4348
1132 2478
763 2478
2101 2478
1615 2478
2478 4375
2478 4363
2478 2924
2478 4018
1063 2478
2478 4923
2478 4196
1110 2478
2389 2478
2284 2478
161 2478
905 2478
2478 3275
1388 2478
2478 2630
2478 4253
2071 2478
854 2478
2478 2546
2478 3303
2478 2912
2209 2478
2478 3089
2478 4060
2478 4126
2478 3418
2429 2478
2478 4079
153 2478
2478 2571
1874 2478
2452 2478
2478 2973
1708 2478
2478 3018
2478 4513
2478 4406
2478 4039
2478 4881
276 2478
496 2478
2000 2478
1180 2478
174 2478
2432 2478
1547 2478
2478 4361
2478 3608
2478 3408
2478 3617
2478 3589
313 2478
1627 2478
2478 3353
2478 4367
772 2478
2478 4395
1367 2478
2168 2478
1440 2478
2478 2656
2478 3641
138 2478
256 2478
1624 2478
238 2478
1601 2478
2478 2810
2478 3671
1444 2478
601 2478
2462 2478
2478 3285
1219 2478
2478 3254
1116 2478
2478 2732
632 2478
473 2478
2478 2650
2478 4310
2478 3234
2478 3174
2478 4589
63 2478
2478 4144
2478 4576
2322 2478
2478 4069
2478 3774
2478 3908
619 2478
2363 2478
2478 4007
2478 2562
56 2478
2478 3444
177 2478
2478 3993
2478 2972
1165 2478
1953 2478
2478 3864
2478 4429
1185 2478
116 2478
1161 2478
2413 2478
2478 2499
2478 3379
2478 3933
2478 3509
2181 2478
225 2478
2478 4579
2442 2478
1304 2478
741 2478
1198 2478
2478 3271
2478 4087
2028 2478
726 2478
1421 2478
561 2478
1535 2478
2478 2547
2478 3985
2478 3861
1878 2478
2478 3087
2478 3835
1838 2478
1202 2478
2478 4902
1456 2478
1488 2478
143 2478
2478 3869
1111 2478
544 2478
2415 2478
2478 2529
1972 2478
2478 3748
2478 3717
2478 4327
2478 3111
2478 2556
1891 2478
1041 2478
2478 2986
1021 2478
2478 3435
2478 4252
2478 4715
2414 2478
2478 4270
1845 2478
2478 4925
2478 3763
2175 2478
2478 4717
2478 2773
158 2478
2478 2570
820 2478
2478 2752
713 2478
769 2478
2478 3362
2478 2932
2478 4477
1901 2478
2478 4484
668 2478
1602 2478
926 2478
1726 2478
2478 3563
1262 2478
1390 2478
279 2478
200 2478
2478 3431
1193 2478
2478 3796
1206 2478
2478 4117
36 2478
1541 2478
2478 3963
1079 2478
1695 2478
2478 3491
896 2478
1256 2478
2478 4217
1044 2478
1274 2478
2478 2720
1834 2478
2478 2824
2478 3450
2478 3727
1805 2478
1023 2478
232 2478
317 2478
2037 2478
2478 2600
1755 2478
28 2478
1866 2478
2478 4704
1237 2478
2478 4826
2478 2923
2478 2688
2478 4083
2328 2478
572 2478
2383 2478
2176 2478
1296 2478
2478 3721
1764 2478
1751 2478
2478 4425
604 2478
2079 2478
2478 3220
2478 3411
2478 3319
2478 2948
2478 3526
758 2478
492 2478
294 2478
2478 4024
1992 2478
1500 2478
2478 4485
2478 4248
2478 4118
2478 4059
2478 3772
92 2478
548 2478
1155 2478
2478 4493
2478 3404
2478 4990
2478 3156
1450 2478
2380 2478
2478 3827
2478 4268
2478 4075
2478 3972
2157 2478
2478 4728
815 2478
1881 2478
1775 2478
2478 3503
924 2478
2478 2760
2478 3257
1373 2478
1605 2478
1888 2478
2478 3371
2478 3212
921 2478
614 2478
1312 2478
75 2478
2478 2681
458 2478
2478 2535
568 2478
2478 3095
2478 4281
302 2478
2478 4132
2198 2478
2315 2478
364 2478
1650 2478
2341 2478
2478 4544
2327 2478
1172 2478
2404 2478
2478 3577
1701 2478
1091 2478
2350 2478
2478 3784
444 2478
2478 4322
1993 2478
2478 3953
2478 3033
1112 2478
2023 2478
241 2478
2478 2605
1824 2478
2478 3815
1327 2478
2478 2526
2478 3686
1147 2478
2478 4048
2478 4471
1580 2478
1016 2478
1490 2478
2478 2900
2478 3264
299 2478
2478 4924
2478 3915
2478 3446
2478 3983
91 2478
2478 2692
2478 4080
2351 2478
2478 3916
2478 4308
884 2478
1790 2478
1886 2478
2478 3598
1238 2478
931 2478
634 2478
1320 2478
2478 2866
2478 2884
2478 2690
1519 2478
2478 2523
2478 3559
2377 2478
1704 2478
2478 3804
2478 3455
2478 4806
2478 4855
2127 2478
2478 2534
2368 2478
978 2478
1672 2478
2478 3137
123 2478
2478 3149
486 2478
1455 2478
2478 3726
2478 2852
778 2478
2478 4804
2478 3219
2478 4528
2478 3361
563 2478
2478 2960
1215 2478
482 2478
1591 2478
1865 2478
1846 2478
417 2478
2478 2635
2478 2850
52 2478
74 2478
2478 2975
1998 2478
2345 2478
1285 2478
1503 2478
2478 3370
2478 4892
1575 2478
790 2478
2478 4633
922 2478
2478 2719
338 2478
1137 2478
845 2478
2045 2478
638 2478
2478 2842
300 2478
2478 2789
1127 2478
2140 2478
2478 3823
1892 2478
2478 3238
2357 2478
70 2478
1394 2478
43 2478
1384 2478
947 2478
2478 4672
2478 3236
31 2478
641 2478
2478 2724
2478 3139
2478 3629
2478 3681
2478 3805
2478 4568
2249 2478
639 2478
2478 3591
2478 4134
2478 4194
2376 2478
669 2478
1377 2478
2424 2478
2478 3030
2478 2791
1807 2478
610 2478
2478 2573
1961 2478
2478 3406
274 2478
2478 4470
1530 2478
2177 2478
695 2478
1269 2478
2478 4088
1606 2478
2074 2478
1608 2478
2478 4297
1753 2478
95 2478
2478 4955
646 2478
2478 3299
808 2478
2478 2875
503 2478
2478 3017
2478 2737
2478 4405
2478 4590
2478 4206
2478 3495
428 2478
2047 2478
2478 4238
453 2478
1509 2478
1045 2478
2478 4257
1492 2478
2478 2956
982 2478
2478 3556
2478 4743
2478 4293
2478 4585
2016 2478
2478 2885
821 2478
2478 2487
2478 2870
2478 3026
1854 2478
2478 3064
479 2478
2478 4560
2478 3934
877 2478
2186 2478
1151 2478
871 2478
1848 2478
2478 3586
2478 3962
2478 3704
2478 3412
214 2478
1513 2478
64 2478
684 2478
2478 3632
326 2478
2478 2860
2150 2478
2478 4090
2478 3766
1082 2478
2478 3493
2478 4831
2478 2592
643 2478
2478 4068
2478 4734
412 2478
2478 2783
2478 4483
2478 4224
235 2478
2478 3211
2076 2478
2478 4688
2478 3123
290 2478
1178 2478
2012 2478
928 2478
108 2478
2478 3405
2478 3606
497 2478
2445 2478
2478 2716
2478 2977
103 2478
2478 4245
2478 4319
765 2478
2478 4338
429 2478
2478 2940
2478 4997
532 2478
1691 2478
2478 3015
1523 2478
2478 4578
2478 4932
2478 4398
2478 4928
1898 2478
512 2478
2478 4616
2478 3627
2478 3235
2478 3025
1514 2478
1767 2478
1801 2478
2478 4765
2478 4588
1031 2478
2017 2478
1610 2478
2478 4091
2478 3746
562 2478
2478 3885
2478 4084
1757 2478
2478 4973
2478 2921
2478 2626
2142 2478
1201 2478
2478 4657
809 2478
2478 3965
3 2478
2478 4561
2478 4566
2478 4866
2162 2478
2478 4520
2478 4285
1777 2478
2478 4152
1353 2478
806 2478
556 2478
2018 2478
2458 2478
2478 3047
2478 3612
205 2478
2435 2478
1487 2478
733 2478
838 2478
2478 3083
2478 4030
2478 2559
2478 4247
844 2478
2478 4312
2478 2871
1221 2478
1164 2478
1404 2478
1134 2478
2478 4874
2478 2829
2478 4220
2478 4964
2478 2521
665 2478
533 2478
87 2478
2478 4996
1250 2478
2478 2486
1093 2478
2478 3552
2478 4791
1109 2478
2478 3330
2478 2997
2455 2478
2478 4945
1593 2478
410 2478
2025 2478
2478 3919
361 2478
2419 2478
2478 4466
2478 3570
2478 3023
2478 2722
961 2478
842 2478
81 2478
1368 2478
2478 3976
456 2478
945 2478
2478 4745
2080 2478
2478 2566
318 2478
2478 2727
2478 4968
2478 4977
787 2478
2478 2577
1772 2478
1935 2478
2478 4344
2478 2929
1689 2478
794 2478
2478 2561
2478 4468
1899 2478
1157 2478
455 2478
165 2478
1261 2478
2478 3068
2478 4441
2478 3902
2478 2919
507 2478
2478 4670
2478 4822
587 2478
2478 4856
2478 2994
351 2478
2409 2478
770 2478
2478 2741
500 2478
923 2478
2478 3010
2478 4966
122 2478
2272 2478
2478 3208
2478 2480
1018 2478
2478 4374
2136 2478
2478 4539
1859 2478
755 2478
2478 3147
2478 2981
2296 2478
1835 2478
1158 2478
1934 2478
2478 2675
2478 4549
1980 2478
1668 2478
2478 2873
2478 4316
2478 4936
2478 4821
795 2478
2478 4387
2478 3242
2478 3788
1698 2478
1730 2478
1781 2478
2135 2478
691 2478
2374 2478
1321 2478
779 2478
1819 2478
1941 2478
2478 3233
2478 4404
2478 3623
156 2478
1583 2478
2478 4054
2478 3838
2478 3618
1145 2478
2478 2685
2478 4500
246 2478
1429 2478
2478 3167
2478 4200
2478 2745
2478 3425
1937 2478
2478 3048
2056 2478
1073 2478
1090 2478
1318 2478
881 2478
2478 3882
2478 4890
2478 3423
2478 3427
2470 2478
2478 2555
2478 4983
2478 4619
1577 2478
2478 4981
2478 4761
1183 2478
2478 4859
2478 4165
2132 2478
1233 2478
334 2478
1337 2478
2478 4489
2478 3241
2478 4138
2478 2725
2478 3368
1653 2478
84 2478
1420 2478
2478 2853
2478 3532
1014 2478
1736 2478
2478 2532
2478 3713
2478 4359
1631 2478
1536 2478
2478 3385
990 2478
2043 2478
2478 2758
2026 2478
584 2478
424 2478
2478 2674
1004 2478
2478 2569
2478 4175
1543 2478
2478 2579
2478 3735
2478 3605
2478 2589
2478 4675
2478 3698
560 2478
2478 4748
2478 4535
742 2478
2478 4259
1625 2478
652 2478
2478 4927
2478 4864
2478 3274
2478 2538
2336 2478
997 2478
2478 4230
1796 2478
2478 4275
390 2478
2478 4650
879 2478
2478 2995
1894 2478
2478 2780
1257 2478
2124 2478
651 2478
2366 2478
2478 4271
2478 3011
2478 4420
2478 4349
2478 2838
692 2478
2478 4956
2478 4386
2478 2593
2387 2478
94 2478
2270 2478
2447 2478
2478 4261
2478 4536
2478 4339
2478 3922
2478 4366
2188 2478
1489 2478
2478 3175
2478 4871
2478 4465
2478 4524
1307 2478
2478 4265
1265 2478
2478 4787
2073 2478
2478 3728
942 2478
191 2478
2478 3918
607 2478
2478 3393
1825 2478
2478 3210
2478 4004
1620 2478
2478 3315
2478 2841
1292 2478
2478 2506
6 2478
391 2478
470 2478
2478 3613
2478 3269
2478 2744
2478 4233
2478 3996
1356 2478
629 2478
890 2478
2067 2478
1744 2478
1639 2478
1113 2478
2478 3486
1904 2478
2478 3767
2478 4601
1314 2478
717 2478
2478 4023
552 2478
1423 2478
1546 2478
2478 4979
2478 3480
2478 3324
2034 2478
870 2478
2293 2478
2098 2478
2478 3132
559 2478
2465 2478
2478 3060
1789 2478
2478 4109
1761 2478
72 2478
2471 2478
1660 2478
2478 3518
2478 3097
2402 2478
2478 3334
1475 2478
2478 3323
2478 2530
2416 2478
800 2478
2478 3342
2478 3911
2478 4858
2478 3336
345 2478
106 2478
1687 2478
2478 2536
2478 3140
723 2478
2478 4455
2478 3900
2478 4681
2478 3714
764 2478
2478 2659
1779 2478
2478 4125
1056 2478
60 2478
880 2478
1793 2478
2478 4903
1128 2478
2478 4401
2478 3741
2478 4949
2478 2733
2478 3992
1502 2478
1913 2478
2478 3558
2478 4309
740 2478
2478 3711
2478 3507
1930 2478
2478 2857
2110 2478
182 2478
2478 3164
2474 2478
1022 2478
2478 2821
2478 4666
2478 3716
2478 3201
2478 3870
1040 2478
2478 4093
2478 3053
1061 2478
2478 3400
588 2478
211 2478
2478 4823
603 2478
139 2478
1555 2478
2478 3373
2153 2478
943 2478
2478 2491
1510 2478
2478 4227
2289 2478
2478 4100
1527 2478
2478 4869
814 2478
1443 2478
2478 2509
1686 2478
2478 4284
2478 2893
1674 2478
2478 2490
2478 3138
2478 3013
1459 2478
1979 2478
776 2478
341 2478
2478 3225
167 2478
1794 2478
714 2478
171 2478
766 2478
2478 3562
2478 3338
1426 2478
2478 4733
485 2478
2478 4800
1361 2478
208 2478
2478 4286
2478 4434
1075 2478
2478 4494
1070 2478
2478 2695
2478 3807
1619 2478
2478 3946
2478 2913
2349 2478
1347 2478
2478 3388
2478 3250
314 2478
826 2478
898 2478
2478 2549
2478 3076
2038 2478
2478 4462
660 2478
2478 3535
2478 2667
2478 3907
131 2478
2478 3133
2478 3517
2478 4527
1942 2478
2478 4900
2478 3880
2478 3715
2478 2918
1766 2478
2040 2478
65 2478
2478 3701
1424 2478
960 2478
2478 3542
2478 3382
627 2478
677 2478
2478 2689
2478 3331
2271 2478
2478 2660
1258 2478
236 2478
1461 2478
2478 3410
1905 2478
2478 4865
1613 2478
709 2478
2478 4701
1517 2478
2478 3935
1759 2478
307 2478
400 2478
2330 2478
869 2478
1553 2478
2478 4972
2478 4751
2478 4683
2478 4263
2478 4861
1460 2478
2478 4676
506 2478
2208 2478
1967 2478
2007 2478
2478 4556
2273 2478
476 2478
883 2478
2123 2478
2478 4769
2478 2807
2478 2645
518 2478
2478 4326
316 2478
2478 3564
2262 2478
2478 2545
834 2478
906 2478
2478 4225
1442 2478
1383 2478
1350 2478
2478 2582
2478 2590
2478 3636
2478 3438
2478 3995
2478 2880
2478 3982
2478 2680
2024 2478
2478 3232
2478 4555
2478 2714
2478 3648
78 2478
2478 3725
2478 4847
2478 4596
272 2478
2301 2478
2478 4910
2478 4150
849 2478
280 2478
2454 2478
2478 4971
1118 2478
2478 4442
2478 3708
1249 2478
784 2478
2478 4516
995 2478
2319 2478
1372 2478
707 2478
127 2478
2478 2974
2478 3065
2478 4538
113 2478
2478 2627
1750 2478
2478 4993
1774 2478
2478 4577
1328 2478
291 2478
2478 4305
939 2478
2478 3740
1728 2478
1458 2478
2362 2478
2478 3742
1823 2478
1526 2478
2478 4948
2478 2881
2478 2828
2478 4168
2478 3088
2478 3297
1211 2478
2478 4049
2478 3917
2478 4430
737 2478
2478 3724
2478 3472
2478 3811
434 2478
2478 3426
2478 3590
2478 3391
525 2478
2478 3468
516 2478
2478 3682
2478 3171
2478 3494
2478 3967
2478 4504
2478 3794
2478 2516
2478 3531
2478 3960
2478 2628
527 2478
2078 2478
2478 4295
2478 3702
48 2478
2478 4393
2141 2478
396 2478
1717 2478
2478 3840
2478 2746
1166 2478
2478 4066
145 2478
1974 2478
2478 2513
2478 3693
2478 3644
2478 4641
2165 2478
2478 4384
2478 3419
2478 4053
1569 2478
2478 3399
936 2478
2478 3802
1283 2478
1484 2478
1858 2478
1922 2478
358 2478
1977 2478
949 2478
2478 2976
2478 3360
2478 4532
2295 2478
2478 4478
437 2478
2478 4340
2478 2489
2121 2478
917 2478
2478 4323
360 2478
812 2478
2478 4665
2478 3357
2478 3080
1140 2478
2478 3787
1216 2478
2478 4771
2478 3395
798 2478
356 2478
1389 2478
2248 2478
1316 2478
2478 4176
2478 3685
688 2478
286 2478
2478 3141
1008 2478
746 2478
2478 2906
2478 4074
163 2478
2478 4148
2478 3662
2478 3718
2478 3131
2478 2831
1646 2478
2478 3513
2478 2699
1656 2478
2478 2707
433 2478
2478 4667
768 2478
2353 2478
1439 2478
2478 4952
2478 4167
2478 2638
2478 3984
2478 2847
2478 4453
2478 2868
2478 4058
2478 3514
2478 4412
47 2478
1970 2478
780 2478
2478 3372
1585 2478
2478 2770
816 2478
2478 2854
702 2478
1083 2478
2197 2478
2478 3834
53 2478
2305 2478
2478 3421
2354 2478
281 2478
1355 2478
2478 3505
2478 4236
1239 2478
2478 4886
2478 4490
1466 2478
2478 3854
2478 3847
1673 2478
2260 2478
539 2478
1908 2478
1351 2478
1528 2478
2478 2586
605 2478
2478 4829
1685 2478
23 2478
2478 2558
2478 4061
1406 2478
569 2478
2478 4043
2478 3376
2478 2817
1194 2478
2478 4797
2478 3246
2478 4763
2478 3523
796 2478
1665 2478
2478 3977
1640 2478
2478 4558
946 2478
2478 4272
2152 2478
2478 4618
1131 2478
310 2478
2478 4913
1614 2478
173 2478
2095 2478
2478 3666
2039 2478
2171 2478
2478 3676
490 2478
407 2478
2478 2686
667 2478
2478 2954
2294 2478
1645 2478
2478 3820
2314 2478
1618 2478
2478 3781
2478 4773
2478 3006
1765 2478
68 2478
2478 4283
2478 4410
1251 2478
1452 2478
180 2478
2478 3863
1293 2478
2478 2755
228 2478
2478 3318
635 2478
2478 2753
1634 2478
2478 2769
11 2478
2478 2565
2325 2478
2478 3909
193 2478
969 2478
2478 4480
1815 2478
2478 4337
233 2478
1515 2478
2478 2527
1531 2478
2478 4381
1448 2478
2478 4845
155 2478
170 2478
1595 2478
2478 2816
1412 2478
895 2478
762 2478
67 2478
2202 2478
2478 3998
2478 2889
1099 2478
1068 2478
1486 2478
2478 3541
2111 2478
801 2478
2478 4287
2478 4880
2478 4110
2478 3217
199 2478
439 2478
2478 4835
1077 2478
1760 2478
2160 2478
2478 4808
2478 3152
2478 4669
554 2478
2478 4885
1076 2478
599 2478
2207 2478
2478 4010
1430 2478
2478 4139
574 2478
2478 4104
450 2478
2478 3678
2276 2478
2478 3366
2478 2540
2478 3950
474 2478
216 2478
1594 2478
1877 2478
2478 3186
320 2478
2369 2478
2185 2478
2478 2613
679 2478
2478 3595
2478 2910
1561 2478
2478 2730
2478 3959
2478 3545
2478 4397
1829 2478
409 2478
420 2478
2478 3386
368 2478
2478 4114
958 2478
2478 3808
1506 2478
2478 4851
1088 2478
2478 3289
2478 4608
2478 4759
2478 3850
2478 4617
2478 3797
2478 4809
555 2478
2478 4291
398 2478
1729 2478
2478 4213
2478 3348
2393 2478
1085 2478
2478 3040
1982 2478
2478 4296
1559 2478
348 2478
1679 2478
2478 4385
2478 4382
2478 3501
2478 3672
2478 3798
1464 2478
2478 2930
2478 3414
2478 3610
1567 2478
1397 2478
1395 2478
2478 4076
1783 2478
2478 4634
2114 2478
1268 2478
875 2478
2478 3452
2478 3215
2478 3401
349 2478
2478 4202
2478 4002
2478 3443
2478 3003
2478 4607
2478 3037
1287 2478
2478 2794
2478 3829
2478 3378
2113 2478
2478 3168
2478 2933
2478 4862
147 2478
2478 2663
1291 2478
2478 3736
1770 2478
1232 2478
2478 4033
2478 4360
2478 3442
2478 4853
1419 2478
1655 2478
2441 2478
2478 3291
2478 4812
2478 3454
2478 3058
2478 3640
2478 4897
2478 3252
2478 4151
1830 2478
979 2478
1498 2478
839 2478
2478 3476
2478 4481
2478 4031
2059 2478
2478 3327
2478 3561
2478 3522
499 2478
2478 3007
2084 2478
878 2478
1809 2478
2478 3396
2478 3879
2478 4526
253 2478
1391 2478
44 2478
696 2478
2478 3222
1036 2478
2478 4170
2478 3375
2478 4919
209 2478
1042 2478
1297 2478
2313 2478
2478 3118
201 2478
1868 2478
2478 4521
1920 2478
725 2478
2478 4815
98 2478
2478 3975
446 2478
2364 2478
2478 4103
2478 4378
2478 3363
1611 2478
2031 2478
2478 4772
1176 2478
2478 3321
2478 4838
2478 4729
2478 2795
1707 2478
1196 2478
2478 2944
2478 3936
2478 3281
2478 4833
2125 2478
2478 3659
1792 2478
2478 4437
304 2478
2478 4754
2478 3096
2478 3756
82 2478
1002 2478
2478 4679
2478 3849
2478 2585
2478 3932
1612 2478
1059 2478
1422 2478
2478 2996
2478 3776
160 2478
2478 2836
674 2478
2478 4212
254 2478
2478 4834
1035 2478
2050 2478
1271 2478
1861 2478
109 2478
2478 3661
2478 4020
1326 2478
2478 4537
2478 3624
2478 3209
105 2478
2478 4995
2478 3287
283 2478
2478 2766
1125 2478
2478 4278
2478 3055
1714 2478
1735 2478
2478 2962
2478 4156
2478 3830
724 2478
2478 4698
1918 2478
2478 3943
1742 2478
848 2478
2478 4658
2478 3005
71 2478
2478 3447
2478 4207
2332 2478
2478 4824
2478 3130
1754 2478
2478 3320
2478 3521
2478 3878
2279 2478
1588 2478
2478 3668
644 2478
2478 4012
2478 4214
2478 2654
1333 2478
2478 3529
2478 3639
2478 4697
2478 4883
2478 4554
576 2478
2478 3000
2478 3988
2478 3553
2478 3135
2478 4610
80 2478
2478 3325
1556 2478
2478 3428
2478 4546
2478 3169
2478 4718
2478 2481
1995 2478
2478 2703
1260 2478
1671 2478
2478 3643
865 2478
2478 3102
2478 3571
395 2478
2478 3539
2478 3415
1959 2478
2478 3189
2478 4517
489 2478
2478 2788
1121 2478
2299 2478
2478 4802
2478 4786
873 2478
2478 3894
2478 3759
2478 4904
242 2478
2478 4095
1990 2478
2478 2583
2006 2478
1589 2478
2478 4779
293 2478
2478 4998
2478 4816
2478 4553
1139 2478
2478 2978
2451 2478
2478 3853
1231 2478
2346 2478
2478 4204
2379 2478
1299 2478
2316 2478
2478 2818
2478 4648
2478 2771
2478 4628
371 2478
2478 3445
2478 4680
2478 3926
1007 2478
1788 2478
2478 4552
581 2478
2478 2614
2478 3778
1964 2478
1592 2478
2478 3773
1020 2478
2478 4318
792 2478
996 2478
2478 4594
899 2478
591 2478
1955 2478
2478 2708
2478 4182
2478 3304
807 2478
2478 3185
2478 2712
2478 2584
10 2478
292 2478
553 2478
1212 2478
1989 2478
2478 3440
991 2478
1895 2478
671 2478
2478 3355
2478 3516
2461 2478
2478 4937
538 2478
2478 3351
1676 2478
2478 2494
983 2478
1065 2478
2329 2478
1940 2478
2180 2478
1944 2478
2478 3499
2478 4391
2478 2833
1000 2478
1926 2478
1385 2478
2478 4830
2478 4198
2478 3255
322 2478
612 2478
2478 4694
1100 2478
2179 2478
1437 2478
2478 3970
810 2478
353 2478
1365 2478
2478 4081
2478 2642
2478 4124
624 2478
336 2478
2478 3099
2478 2705
1043 2478
864 2478
2478 2624
2478 3680
2478 4570
1029 2478
2478 4873
275 2478
976 2478
1481 2478
285 2478
2478 3184
2478 4113
2478 3019
2256 2478
327 2478
855 2478
1225 2478
2233 2478
953 2478
2478 4682
1534 2478
2478 4335
2478 3148
2266 2478
2478 2907
1579 2478
1826 2478
2430 2478
2478 4189
1690 2478
1948 2478
2478 3301
1279 2478
2478 2603
2478 4314
2478 2504
2478 4605
887 2478
2478 4370
237 2478
2478 2905
2478 4450
1748 2478
2478 4651
2478 3837
1501 2478
2478 4239
1923 2478
2478 4987
2251 2478
2478 3952
829 2478
2478 3783
2478 3762
2478 4197
2478 3422
207 2478
366 2478
2478 4783
2478 4320
2478 4654
2478 4788
535 2478
2297 2478
2478 3267
133 2478
118 2478
1026 2478
2081 2478
2478 3527
2478 2825
264 2478
1230 2478
1994 2478
759 2478
2478 3453
2478 3757
2431 2478
675 2478
2478 3806
1740 2478
2478 3544
2478 2808
2158 2478
2478 4475
2478 2945
2478 4877
623 2478
1322 2478
2392 2478
220 2478
2478 4793
2478 3710
2478 4399
2478 3374
2381 2478
1670 2478
2290 2478
1840 2478
2478 2500
2478 2507
203 2478
2478 4403
2478 4647
1066 2478
836 2478
2478 3308
2478 3754
2478 3358
466 2478
1966 2478
2478 4848
34 2478
1776 2478
738 2478
1946 2478
2478 3683
2478 2920
927 2478
1170 2478
2478 2595
2478 3739
2478 2550
2333 2478
184 2478
2478 3883
1009 2478
1857 2478
818 2478
2478 3991
2478 2793
998 2478
2478 4026
125 2478
2478 2904
2478 3029
1683 2478
1399 2478
2478 3466
347 2478
2478 2800
2478 3432
645 2478
2478 4551
2231 2478
2478 4699
2478 4664
2478 2518
2478 2778
2478 4794
2478 3843
2053 2478
1787 2478
1597 2478
2478 4383
2478 3852
1911 2478
498 2478
2478 4965
2478 4726
1407 2478
2478 2917
1445 2478
2478 3836
2478 4774
2478 3866
662 2478
2478 4064
471 2478
2478 2801
1047 2478
365 2478
54 2478
495 2478
359 2478
908 2478
625 2478
2478 4289
1795 2478
2478 3337
1462 2478
1451 2478
119 2478
1195 2478
2478 3159
185 2478
2478 4813
1034 2478
62 2478
1129 2478
1843 2478
940 2478
2478 2777
2478 3812
2001 2478
2478 2666
346 2478
980 2478
2423 2478
2478 2568
2131 2478
2478 4099
2478 3913
460 2478
799 2478
2478 4807
676 2478
2010 2478
2478 4333
2478 3990
2478 4415
1236 2478
1844 2478
2478 4911
2478 3409
2092 2478
748 2478
2365 2478
2478 3939
1654 2478
2478 4306
2478 3008
2478 4456
756 2478
2478 3828
2478 2804
2478 2959
469 2478
2478 3625
2478 3381
20 2478
1928 2478
1242 2478
1001 2478
2478 4901
265 2478
2478 3464
2478 3844
2478 4905
2478 3994
69 2478
847 2478
929 2478
1084 2478
504 2478
2478 4352
2478 3831
183 2478
1338 2478
432 2478
2478 3502
2478 2764
941 2478
2478 3340
1025 2478
828 2478
2478 3109
2478 4716
1474 2478
2222 2478
2478 3755
1875 2478
2230 2478
1482 2478
221 2478
1349 2478
2478 3658
2478 4006
1677 2478
2478 2653
2478 3723
2478 3187
2421 2478
1584 2478
1156 2478
2478 2739
2478 2541
2478 3793
735 2478
2478 3021
2478 3200
1621 2478
2478 4307
944 2478
2478 3601
2478 2537
244 2478
1997 2478
1205 2478
2478 3584
1174 2478
2478 3213
1938 2478
1207 2478
2478 3045
891 2478
1123 2478
1641 2478
550 2478
51 2478
2478 2611
2478 2942
2035 2478
2478 3420
2478 4522
2478 2909
2478 2767
166 2478
1057 2478
859 2478
2478 4096
2478 3954
1952 2478
5 2478
2478 2687
148 2478
443 2478
2478 3498
2367 2478
451 2478
861 2478
909 2478
1146 2478
1587 2478
408 2478
2478 4205
502 2478
2478 4637
1637 2478
2478 3328
2478 4216
2478 4149
2298 2478
2478 2676
2478 3886
2478 4692
2478 3092
583 2478
1570 2478
1234 2478
2223 2478
1739 2478
2478 3884
2478 4575
721 2478
1360 2478
2478 4163
2478 2859
2478 4044
2478 2634
2478 4011
1218 2478
2478 3039
2478 4655
2478 4511
2478 3173
2478 2927
2478 2925
2478 3572
1086 2478
628 2478
2478 3906
25 2478
2478 4974
2478 4920
2478 3999
1416 2478
1552 2478
2478 2735
567 2478
38 2478
2320 2478
1598 2478
1259 2478
937 2478
1344 2478
1308 2478
536 2478
2478 4767
2478 4070
1915 2478
1855 2478
1709 2478
2478 3195
16 2478
2478 2612
952 2478
856 2478
2308 2478
50 2478
2478 3310
445 2478
2478 2609
2478 4518
416 2478
2478 3439
2478 3873
1382 2478
2478 4606
2478 2658
2235 2478
1028 2478
2478 4390
2478 2702
2478 4686
1106 2478
2478 4958
622 2478
2478 2625
1208 2478
2478 3809
2467 2478
1732 2478
1046 2478
2478 4479
2478 4428
2478 4798
251 2478
2478 2969
611 2478
672 2478
2478 4199
1179 2478
217 2478
2478 4888
2478 4445
1749 2478
586 2478
2478 4609
955 2478
876 2478
2478 2888
101 2478
1900 2478
475 2478
2478 4630
2281 2478
129 2478
2478 3651
2478 2946
2478 4112
2478 3667
2109 2478
934 2478
2478 3743
2478 3862
2478 4179
2478 2594
509 2478
2335 2478
1981 2478
2478 3928
2478 2709
1103 2478
2013 2478
1963 2478
2478 3077
2428 2478
1738 2478
2478 3283
2478 2677
1727 2478
2213 2478
894 2478
2478 4047
2478 2740
2478 3407
2195 2478
694 2478
2478 3868
2478 2646
2478 4241
2478 4762
179 2478
1048 2478
1632 2478
1414 2478
964 2478
771 2478
1062 2478
885 2478
1581 2478
886 2478
188 2478
2478 4545
2478 3193
2478 3543
2478 4603
543 2478
483 2478
521 2478
2478 3768
803 2478
2102 2478
2478 4994
2269 2478
1684 2478
2478 4038
190 2478
39 2478
2478 4984
2478 3758
739 2478
2478 2811
2478 3515
2478 4274
2478 2772
728 2478
2478 4671
2478 2649
2478 4531
382 2478
2478 3190
2478 3951
2478 3587
2478 4240
2478 4810
1148 2478
2478 2574
2478 4766
2478 2812
2478 4161
1975 2478
590 2478
2469 2478
151 2478
1951 2478
1721 2478
2478 2796
1447 2478
2478 4244
2478 2524
9 2478
1354 2478
1607 2478
775 2478
653 2478
1586 2478
2478 3707
2478 4695
2478 3745
1870 2478
1473 2478
271 2478
2478 2672
178 2478
2478 3568
1925 2478
32 2478
2104 2478
1413 2478
2478 3177
712 2478
1092 2478
912 2478
1272 2478
2478 4157
2478 3179
1298 2478
1798 2478
2312 2478
2478 4063
2478 3923
519 2478
1375 2478
2478 4598
2478 3142
2478 2608
2460 2478
1255 2478
2478 3810
2478 4178
223 2478
2478 4211
642 2478
2478 4106
2478 3194
2478 3737
8 2478
2212 2478
2478 3266
2478 3424
2478 4506
2478 2872
2478 2799
328 2478
2478 2877
2478 3816
2478 3343
2478 2696
575 2478
850 2478
2478 2761
2478 3536
1563 2478
1130 2478
2478 2815
1411 2478
994 2478
2187 2478
664 2478
630 2478
2478 3014
2478 4346
1973 2478
2478 4392
219 2478
1565 2478
1358 2478
1415 2478
757 2478
1286 2478
2478 3795
987 2478
708 2478
2478 2734
2478 4819
2478 3490
189 2478
1914 2478
1143 2478
2064 2478
2478 2984
1436 2478
2478 3286
2478 3042
751 2478
2478 4916
2478 3392
1903 2478
2478 4228
2478 4959
2478 4953
2478 2934
2478 3504
1060 2478
1505 2478
2478 4677
2478 4580
403 2478
2478 3163
2478 4140
841 2478
2478 4960
2478 2533
2478 4975
2478 3034
76 2478
2478 2512
2478 4668
720 2478
2478 3387
2478 2602
305 2478
2478 2832
1814 2478
430 2478
2478 4423
2478 2894
2478 4567
2478 4921
2478 4502
2478 4705
2478 4836
2478 4501
2478 4573
61 2478
66 2478
88 2478
2478 3920
90 2478
2478 2528
658 2478
715 2478
2478 2511
687 2478
2478 4844
2478 4029
354 2478
2478 4108
2137 2478
2261 2478
2478 4989
2478 3183
901 2478
2478 4622
1235 2478
2478 4171
598 2478
2478 4347
2237 2478
386 2478
1030 2478
2478 3848
1431 2478
1468 2478
2478 4436
422 2478
2478 2949
2478 4085
1867 2478
2478 3560
2478 4645
1011 2478
1101 2478
1224 2478
2478 3043
2478 3038
2478 4505
436 2478
2478 4584
2478 3448
1317 2478
2478 4313
2478 2617
2478 2809
2478 4713
2478 2776
2478 4141
392 2478
2478 4473
2478 4939
2478 3803
234 2478
2478 4599
2478 4008
2286 2478
2478 3877
2478 3891
2478 4942
427 2478
2478 3511
2478 4541
2478 4173
2456 2478
1203 2478
2478 4111
2478 2636
2478 2655
2478 3949
2478 3654
2041 2478
2390 2478
872 2478
15 2478
1849 2478
2478 2542
703 2478
2478 2937
1635 2478
2478 4032
1702 2478
2182 2478
2478 3049
988 2478
2478 3390
2478 2965
2478 4469
791 2478
2258 2478
2478 4951
2478 2651
2192 2478
2478 4918
1956 2478
2478 2765
2070 2478
1117 2478
2478 3674
1720 2478
1763 2478
2478 3971
2439 2478
2478 4377
2478 3032
2477 2478
2478 3294
1828 2478
413 2478
811 2478
805 2478
2450 2478
2478 3012
2478 3646
2478 2896
2478 4970
1184 2478
2339 2478
2086 2478
974 2478
1267 2478
2246 2478
1910 2478
1240 2478
727 2478
2478 3690
767 2478
2478 4591
744 2478
542 2478
1850 2478
2478 4427
137 2478
2478 2717
2478 4583
2433 2478
57 2478
2478 3057
2478 4034
2478 4051
2478 4811
522 2478
1652 2478
1479 2478
2478 2899
2478 3256
1186 2478
2478 3436
2385 2478
49 2478
2478 4467
2478 3961
551 2478
2394 2478
2478 3540
2478 4656
2478 4357
2478 4123
2478 4653
2478 3471
1797 2478
1533 2478
2317 2478
2478 3980
2478 3293
1064 2478
2478 3487
27 2478
140 2478
1771 2478
2478 4315
2478 3770
1626 2478
1330 2478
418 2478
2478 4867
2478 3316
2129 2478
1873 2478
2478 4184
1 2478
571 2478
2478 2575
2478 3154
2478 3261
2478 2947
2478 2957
1427 2478
2478 4946
2478 3263
1644 2478
2478 3800
1839 2478
2033 2478
2285 2478
1897 2478
2170 2478
2478 3075
2478 3473
1822 2478
2478 4089
2478 2862
2091 2478
2478 3078
2478 3402
2478 4325
1463 2478
157 2478
2478 4703
2228 2478
2436 2478
210 2478
1623 2478
13 2478
2478 3061
2036 2478
2169 2478
2478 4255
2478 3578
2478 2883
2055 2478
2478 4887
1396 2478
2478 3524
1339 2478
488 2478
2478 3084
2478 4929
2478 3036
2478 3161
1039 2478
1538 2478
2478 4907
1309 2478
1245 2478
2478 4331
2478 4982
2478 2806
2216 2478
2478 3684
789 2478
2478 3278
2478 5000
2478 4457
2478 2742
2478 4164
2478 2738
2478 2915
465 2478
2478 2710
2019 2478
1643 2478
2478 3510
2478 4842
2478 2501
2291 2478
2478 4280
239 2478
2478 4550
2154 2478
250 2478
2478 3451
1465 2478
2478 2988
2478 3110
2478 4674
2478 4195
273 2478
1264 2478
2476 2478
2077 2478
2478 2698
2478 3751
2478 2840
2478 4941
1124 2478
2478 3912
2478 3738
2478 4290
2478 2970
1820 2478
2478 3197
2478 4850
2478 3166
2478 3496
919 2478
2478 2623
2478 2694
2478 3633
2478 4912
2478 4899
1469 2478
2478 4629
1539 2478
972 2478
2478 3188
2478 2834
2478 3430
2478 3937
2478 3779
557 2478
2478 2652
1340 2478
1984 2478
2478 3335
564 2478
1812 2478
1199 2478
2478 4818
1827 2478
312 2478
195 2478
1780 2478
2292 2478
2478 2644
2478 4364
2478 3956
2478 2678
2478 3265
2478 4017
1987 2478
1802 2478
617 2478
1532 2478
2478 2990
530 2478
2478 4930
2243 2478
2478 4137
2478 2648
2478 4915
2478 3897
2115 2478
2145 2478
1329 2478
2396 2478
1133 2478
2386 2478
2348 2478
2478 4782
2255 2478
2478 3555
2478 3697
2478 2879
2265 2478
2478 4732
2478 2855
2478 4649
2478 3203
1633 2478
1680 2478
2412 2478
2245 2478
2478 2662
2478 3329
2395 2478
2478 4035
324 2478
585 2478
2478 3196
1080 2478
152 2478
2478 4329
2143 2478
229 2478
2463 2478
1681 2478
1636 2478
1276 2478
1806 2478
206 2478
2478 4454
2214 2478
1331 2478
2478 4254
2478 2704
2478 2762
1968 2478
666 2478
2478 4300
1336 2478
2478 4512
1319 2478
104 2478
401 2478
2478 2891
213 2478
2478 2803
1289 2478
2478 4752
1616 2478
2358 2478
2478 4742
2478 3461
2478 2869
2478 3350
2478 3712
261 2478
673 2478
510 2478
2478 4827
107 2478
2478 4062
2478 4422
1386 2478
734 2478
2478 4746
1371 2478
1664 2478
2478 3771
2478 4515
2417 2478
2444 2478
517 2478
2184 2478
2360 2478
1115 2478
2478 3474
1785 2478
2069 2478
1572 2478
340 2478
840 2478
1988 2478
2478 4548
2478 2713
1363 2478
1401 2478
2478 3813
2406 2478
1303 2478
2478 4708
1596 2478
2478 3675
2478 3054
2478 4592
2478 4071
2478 2560
1609 2478
2478 4725
1102 2478
1496 2478
339 2478
2478 2718
1818 2478
863 2478
2478 3709
2478 4234
1105 2478
2478 3818
2478 4615
2478 4712
1477 2478
2478 4497
2478 3073
963 2478
2478 3677
2342 2478
2478 2843
1856 2478
2478 3205
2478 3888
2478 4448
2478 4801
2478 3957
2478 4072
2478 3989
375 2478
2478 3116
2051 2478
2478 3214
1189 2478
1453 2478
1435 2478
1438 2478
2478 4710
2478 4452
1229 2478
2478 4961
2478 2851
2478 3157
2183 2478
2478 2922
2116 2478
2478 4160
2061 2478
2478 3945
1485 2478
2478 4209
2457 2478
301 2478
2478 4781
1098 2478
2149 2478
2478 4098
2478 4394
2478 2911
918 2478
2478 4685
2478 4353
2478 3124
957 2478
2478 4461
110 2478
2478 4875
2478 3459
2478 3719
2478 4298
523 2478
335 2478
2478 2587
2478 3865
637 2478
263 2478
2130 2478
2478 4092
2478 3581
2478 3114
2321 2478
866 2478
1015 2478
2478 3921
2478 3273
2478 3063
1551 2478
2068 2478
2478 4028
270 2478
2478 3470
2340 2478
913 2478
2478 4934
2478 4451
2478 3574
1494 2478
685 2478
1359 2478
2372 2478
164 2478
514 2478
2478 3872
2478 3284
2122 2478
2478 4267
1152 2478
2478 4640
2478 3198
2054 2478
2478 3637
2478 2531
2478 3899
1248 2478
2478 3389
2478 3890
1153 2478
1104 2478
2478 4611
2478 4343
2478 3549
2478 3059
2478 2580
2478 2498
2478 3860
2478 3070
2478 3551
2257 2478
2478 3354
1266 2478
2478 3051
2241 2478
2478 2596
1762 2478
2478 3519
1033 2478
2478 4906
2478 4107
1864 2478
2478 4446
1019 2478
626 2478
1191 2478
2478 3603
2478 3720
1173 2478
2478 2813
1508 2478
22 2478
2478 3367
2478 3799
493 2478
616 2478
2478 4396
2283 2478
245 2478
837 2478
2 2478
1504 2478
2478 3295
2478 4593
1694 2478
2478 4133
419 2478
592 2478
2478 4288
2478 3344
2478 2622
2478 4373
2478 4595
2478 3925
526 2478
2478 4279
2201 2478
760 2478
2478 2576
2478 3085
1398 2478
2326 2478
1603 2478
2478 4077
2478 4499
2478 2953
920 2478
2253 2478
134 2478
202 2478
2478 2633
797 2478
2194 2478
2094 2478
1991 2478
1177 2478
2478 2951
2138 2478
697 2478
2478 3112
1578 2478
284 2478
2478 4014
2478 4730
2478 2938
2478 3081
2478 3191
2118 2478
440 2478
1784 2478
2478 4256
2478 4604
2478 3611
659 2478
2478 4722
843 2478
2478 3230
1853 2478
378 2478
2478 4868
2478 4632
2478 2484
2478 3858
257 2478
2011 2478
2478 4744
1053 2478
985 2478
2478 2941
2478 3100
1902 2478
2478 3488
2288 2478
2434 2478
2478 4046
2478 4294
831 2478
1893 2478
494 2478
1038 2478
2478 4700
2478 3268
2478 4439
1863 2478
2478 4073
2478 3622
2478 4372
99 2478
2478 2887
2478 2723
2478 3062
1921 2478
224 2478
227 2478
374 2478
1301 2478
2478 3821
102 2478
1837 2478
1831 2478
1379 2478
1241 2478
2478 2928
858 2478
2478 2493
2029 2478
2478 3695
1957 2478
793 2478
1791 2478
2478 3876
2478 3819
2478 3931
2478 3634
1275 2478
2478 4251
2478 4330
2478 3941
2178 2478
648 2478
2263 2478
2478 4414
461 2478
570 2478
2478 4636
1939 2478
2478 3199
2242 2478
2478 4129
487 2478
2478 3146
729 2478
1050 2478
2478 4709
2478 4433
2278 2478
1648 2478
2478 3893
2478 3478
2373 2478
2221 2478
2478 3901
615 2478
2478 2903
566 2478
2478 4820
2161 2478
1889 2478
2174 2478
2337 2478
732 2478
1027 2478
1107 2478
520 2478
2105 2478
2478 4419
2478 2669
1782 2478
2478 2846
2478 3296
2478 3699
2478 3457
1169 2478
2478 4898
1960 2478
2478 4324
2478 3657
2478 2967
2478 3898
2478 3791
402 2478
1710 2478
448 2478
2478 4021
2478 4510
1335 2478
2478 3546
2478 3145
2478 2993
1667 2478
2478 4707
2478 2861
2166 2478
2478 2790
602 2478
2478 3700
1958 2478
761 2478
2478 3871
2220 2478
2478 3341
2478 3663
2478 4210
1418 2478
2478 3481
1192 2478
1348 2478
1095 2478
2478 2726
269 2478
2478 3202
441 2478
2478 4131
916 2478
2478 4474
2478 4192
2478 4328
2478 4940
2478 3477
1832 2478
1752 2478
2478 3801
2478 3216
2146 2478
1126 2478
2478 3964
2446 2478
2478 3930
1410 2478
1087 2478
2478 4190
1003 2478
2478 4266
1162 2478
2478 2588
2478 4302
1890 2478
2478 4304
1154 2478
2240 2478
2478 3475
2478 3098
2478 2792
2478 2721
647 2478
377 2478
2232 2478
1315 2478
2478 2830
2478 3573
478 2478
705 2478
172 2478
2361 2478
2478 3377
2478 3333
2478 3160
2478 4969
2478 3121
2318 2478
2478 4702
2478 2749
2478 3947
2478 4496
2478 4854
394 2478
97 2478
1403 2478
2478 4203
2478 4121
2478 2914
2478 4749
1150 2478
2478 3750
989 2478
1847 2478
1931 2478
2478 4559
2478 3576
966 2478
819 2478
1114 2478
1945 2478
2478 4355
2478 4000
907 2478
2478 4368
1804 2478
2159 2478
2478 4495
2478 3484
2307 2478
2015 2478
2478 2747
2275 2478
2437 2478
1712 2478
2459 2478
2478 3107
2478 3554
2478 3752
1433 2478
2163 2478
2478 4078
1933 2478
2478 2991
1017 2478
1522 2478
2478 3369
1669 2478
1622 2478
12 2478
2388 2478
2478 2757
2478 4226
1537 2478
1885 2478
2478 2728
41 2478
1323 2478
1810 2478
2478 3245
2147 2478
2478 3782
1094 2478
2478 4992
2478 4540
2478 4533
2478 3905
2418 2478
2250 2478
1182 2478
663 2478
2478 3035
904 2478
967 2478
2478 2620
693 2478
298 2478
515 2478
2478 3258
135 2478
1947 2478
2478 3398
2478 4755
2478 4778
414 2478
2478 3506
1879 2478
2244 2478
198 2478
2478 4582
2478 3792
295 2478
2478 4627
2478 3826
2151 2478
2478 3227
2478 3482
889 2478
1393 2478
2478 2985
1409 2478
2239 2478
1120 2478
472 2478
144 2478
2478 3288
1719 2478
389 2478
1743 2478
2478 4264
1049 2478
2478 3722
1149 2478
2478 2964
670 2478
2478 4933
2478 2621
2048 2478
194 2478
2478 3483
2234 2478
1851 2478
1387 2478
2478 2827
21 2478
1310 2478
1907 2478
1097 2478
2478 3621
2021 2478
1054 2478
2478 4625
2478 2697
117 2478
2478 3125
2478 2539
2478 3689
1352 2478
2478 3282
2478 4273
2478 3312
2478 4740
2478 4621
2478 4938
231 2478
2478 4747
1700 2478
1590 2478
938 2478
2478 3253
1978 2478
2478 2505
2478 4614
636 2478
411 2478
2478 3669
2478 4067
4 2478
309 2478
745 2478
2478 3730
2478 3688
2478 4600
2478 4005
154 2478
58 2478
2478 3002
2478 4177
319 2478
2478 4720
464 2478
971 2478
2478 4250
1836 2478
2478 4777
2478 2515
2478 4183
2478 2729
1032 2478
2478 4564
2478 3615
212 2478
297 2478
249 2478
2478 4242
1887 2478
2254 2478
534 2478
2008 2478
2478 3071
1311 2478
830 2478
2478 2865
2478 3207
1432 2478
2478 3642
2478 3856
2478 3747
2478 2517
1756 2478
882 2478
537 2478
2478 4741
2478 3485
1325 2478
2478 3997
2324 2478
2478 4857
1662 2478
2478 4673
682 2478
1471 2478
1860 2478
528 2478
1343 2478
2478 2867
2478 3832
2478 4438
2478 2864
2478 3276
2478 4587
2478 3597
600 2478
2478 2731
2044 2478
2478 4101
2478 3620
2100 2478
2323 2478
2478 3512
1962 2478
1582 2478
2478 2966
857 2478
2478 4678
678 2478
2478 2640
1872 2478
1724 2478
357 2478
2311 2478
2478 4417
79 2478
2478 4208
786 2478
1741 2478
2478 4299
1545 2478
2193 2478
2478 4525
1380 2478
2478 3786
2120 2478
2478 2496
1402 2478
2478 4136
2478 3537
1089 2478
2338 2478
1188 2478
2466 2478
2478 2711
2400 2478
2478 3649
2247 2478
477 2478
833 2478
2478 4569
2478 2485
719 2478
731 2478
2478 3469
2478 4543
1682 2478
197 2478
150 2478
2478 2637
680 2478
2478 3069
689 2478
1334 2478
2478 4841
2478 2563
993 2478
2478 3345
2397 2478
2478 3628
2205 2478
900 2478
2478 4130
2478 3670
1480 2478
2478 3851
96 2478
2440 2478
951 2478
582 2478
2478 3172
1204 2478
2282 2478
1549 2478
2478 2497
2478 4146
1357 2478
2478 4731
2478 2715
2478 4581
2478 4086
2478 3091
2478 4311
1010 2478
2478 4498
2478 3384
541 2478
2478 3777
175 2478
308 2478
2478 3664
136 2478
388 2478
2478 2572
1516 2478
2478 4022
2478 3887
2478 3753
2478 4795
2453 2478
2478 3703
2478 2604
2478 3413
2478 4799
2280 2478
1932 2478
2478 4380
2478 3305
337 2478
2478 4231
2478 3548
2478 2874
2478 3626
2478 4519
2478 4750
2478 4840
399 2478
2478 2916
2478 4135
2478 3115
954 2478
788 2478
2478 3630
950 2478
2478 3016
321 2478
2478 4119
1909 2478
2478 3158
802 2478
2478 3530
1187 2478
2478 3332
565 2478
2478 3120
2478 2982
608 2478
1524 2478
268 2478
2259 2478
1281 2478
1949 2478
2478 4162
1457 2478
112 2478
2478 4947
1051 2478
2478 3789
2478 2955
860 2478
2478 3239
2478 2629
2478 3638
215 2478
2478 4332
2046 2478
2478 4169
2478 2553
2196 2478
1983 2478
425 2478
1768 2478
2478 3593
2478 3072
2065 2478
1252 2478
2478 4963
1576 2478
2478 4143
1511 2478
1954 2478
2478 3822
2478 2805
2478 4638
2478 3259
2478 4482
2478 3705
2478 3151
1071 2478
2478 4056
2478 2479
2478 3706
2478 3165
2478 3108
2478 3181
2478 3224
2478 2963
2478 4849
1571 2478
2478 3914
2478 4336
613 2478
2478 4408
2478 4922
2478 2784
2478 4120
2478 3968
2478 4155
2478 3594
2049 2478
2478 3631
1971 2478
2206 2478
2057 2478
2478 4142
2478 3874
2478 4400
752 2478
1223 2478
977 2478
2478 4503
2478 3094
2066 2478
774 2478
1734 2478
7 2478
2478 4472
2478 2632
282 2478
2478 4235
2155 2478
683 2478
2478 4846
350 2478
2478 3136
2478 4661
344 2478
2478 2958
1284 2478
2204 2478
2087 2478
459 2478
2478 4642
452 2478
2478 4180
2478 4954
2478 3460
2478 3009
2478 3249
1969 2478
2478 4572
2478 3550
2478 4009
2478 4376
435 2478
342 2478
781 2478
1247 2478
2478 2706
722 2478
372 2478
2478 4147
1550 2478
2478 2895
2478 3050
2088 2478
2478 4037
2264 2478
618 2478
1688 2478
2478 4944
2478 2682
2478 4025
2199 2478
933 2478
86 2478
1288 2478
380 2478
2478 3082
2478 4341
2478 4825
2478 2782
2478 2845
1217 2478
1816 2478
2478 4246
2478 2750
2478 2961
2478 4914
2478 4574
2478 4229
2478 3645
1786 2478
2478 4696
2478 2514
2478 2743
1566 2478
2478 4988
2478 3416
1167 2478
2478 2679
2478 2701
149 2478
2478 4186
296 2478
2478 4623
2478 2508
2478 4770
1136 2478
2478 3326
2103 2478
1638 2478
2478 3765
2478 2631
2117 2478
1497 2478
2478 3056
1142 2478
1722 2478
1400 2478
2478 3733
999 2478
2478 3732
2306 2478
2478 3619
1313 2478
2478 2787
1558 2478
121 2478
2427 2478
2106 2478
2478 4547
2478 3973
2226 2478
363 2478
2478 2892
1642 2478
35 2478
2478 3126
1916 2478
2097 2478
2478 2664
2478 4013
1417 2478
2478 4432
1733 2478
2478 4345
1058 2478
2478 4358
258 2478
710 2478
2478 2998
2478 3981
2478 4334
1884 2478
986 2478
2478 2665
2352 2478
2478 2882
2133 2478
2478 4356
2478 3579
2478 3260
2478 4365
2478 3940
2478 4689
393 2478
2478 4215
2252 2478
352 2478
1833 2478
2478 3449
2478 3178
2478 4050
1659 2478
1069 2478
1277 2478
2478 3785
2478 3942
2478 3647
2478 3359
1491 2478
2478 2876
2478 3067
2478 4351
593 2478
42 2478
2190 2478
2449 2478
248 2478
1554 2478
2218 2478
853 2478
2478 4542
2478 4976
484 2478
2478 3978
2478 2952
2478 4409
2478 3655
2268 2478
33 2478
2478 4652
1574 2478
2478 3352
255 2478
2478 4128
1746 2478
2478 3656
2478 3292
2478 4223
2478 4116
1927 2478
655 2478
2478 4957
2478 4424
2478 3349
2478 4282
1678 2478
2478 3566
1005 2478
1213 2478
2478 2943
1936 2478
2173 2478
2478 4863
355 2478
2478 2950
2478 4166
2478 3650
2478 3679
1985 2478
1300 2478
546 2478
1924 2478
2478 2901
2410 2478
1369 2478
1446 2478
2478 4663
577 2478
2478 4193
2478 3192
595 2478
2478 3134
1425 2478
914 2478
2475 2478
2478 4895
252 2478
1521 2478
1214 2478
2478 4055
2478 3846
2478 3565
2478 4828
2478 4301
657 2478
1705 2478
2478 2849
2478 3775
2478 2598
1197 2478
2277 2478
2478 4534
1226 2478
935 2478
142 2478
2478 4389
2478 3458
902 2478
2478 4985
2478 4187
2478 3280
2355 2478
2478 2826
2287 2478
2478 4644
2478 3824
2478 2987
2478 3653
1200 2478
2478 3938
1476 2478
2478 2935
874 2478
750 2478
2478 4991
2375 2478
457 2478
415 2478
1052 2478
247 2478
114 2478
2478 4476
1876 2478
1817 2478
699 2478
749 2478
1906 2478
204 2478
2478 3240
2478 4785
1072 2478
362 2478
2478 4909
2144 2478
2478 4687
2478 2939
1917 2478
146 2478
2478 4486
2478 4780
984 2478
55 2478
2478 3691
2478 3251
2274 2478
700 2478
2478 3302
1542 2478
1220 2478
2478 3585
1280 2478
1135 2478
2343 2478
2407 2478
1520 2478
782 2478
2227 2478
596 2478
2478 3231
897 2478
468 2478
1499 2478
2478 2979
2382 2478
2478 3020
2478 4852
2478 4105
2478 3339
2478 3206
2478 2647
2478 4768
2302 2478
2478 4407
650 2478
2478 3769
2478 4878
1324 2478
2478 3313
2478 3760
2030 2478
2478 3492
2478 3041
115 2478
2478 3609
2229 2478
2478 2639
2478 4978
45 2478
589 2478
2478 2684
383 2478
2478 3031
2478 2551
1852 2478
1282 2478
2356 2478
1470 2478
1800 2478
2478 4631
259 2478
2478 4509
2225 2478
2478 4237
2478 4736
2478 4449
2472 2478
736 2478
168 2478
369 2478
706 2478
1573 2478
1144 2478
46 2478
1243 2478
2478 4839
2478 3588
2478 2748
2478 3927
332 2478
1037 2478
1013 2478
2478 2567
1434 2478
2478 2798
240 2478
825 2478
2072 2478
1628 2478
379 2478
549 2478
1999 2478
783 2478
2478 4153
2309 2478
2126 2478
1364 2478
2371 2478
196 2478
2478 4174
2478 4562
925 2478
2478 4460
2478 3153
2478 4082
1381 2478
2478 4737
2478 4431
2478 3307
2478 4201
2478 2897
824 2478
2478 3817
480 2478
83 2478
1747 2478
2478 4986
2478 3093
2478 3314
1122 2478
1244 2478
1332 2478
2478 4872
2478 4188
2032 2478
2478 3979
2042 2478
2478 4691
2478 4950
1950 2478
384 2478
463 2478
580 2478
1599 2478
449 2478
2425 2478
1675 2478
2478 3272
524 2478
1472 2478
2478 3356
1564 2478
1376 2478
1254 2478
278 2478
2062 2478
2401 2478
2478 2768
2478 4321
1362 2478
2478 4624
868 2478
654 2478
2478 3534
2478 4659
2478 4758
1723 2478
1345 2478
1119 2478
2478 4036
2478 3497
1210 2478
2478 4491
267 2478
631 2478
1342 2478
1168 2478
2478 3904
2478 2756
1842 2478
454 2478
287 2478
1374 2478
2478 4724
1880 2478
2478 3279
701 2478
2478 4557
2478 2670
2478 4115
387 2478
2478 4843
540 2478
2478 4507
2478 2779
2478 2785
2478 3223
162 2478
2478 3567
911 2478
2478 3022
2478 4719
89 2478
2083 2478
2478 3955
2478 3582
2478 3086
785 2478
1841 2478
2478 4249
1246 2478
2478 3127
2478 2797
2478 3417
558 2478
1986 2478
376 2478
467 2478
2478 3944
2478 3052
1290 2478
2478 2835
2478 2759
2211 2478
2478 2554
169 2478
1693 2478
426 2478
747 2478
2478 3434
1392 2478
2478 3229
2478 4817
1649 2478
2478 2510
2478 3262
2478 3465
2478 3394
1024 2478
2478 2619
1557 2478
2478 2492
2478 2641
2478 4626
2478 3322
2219 2478
2478 3128
2478 4371
303 2478
2478 4243
2478 2557
2478 2673
2478 4764
2478 3228
2052 2478
1067 2478
893 2478
2478 4487
2478 3170
2093 2478
2300 2478
2003 2478
370 2478
2408 2478
633 2478
2478 2992
2478 2820
2210 2478
2478 4191
2478 4931
2478 3814
2478 4894
2478 4789
2478 4221
2478 3859
2478 4999
2478 4514
573 2478
2478 2980
2478 2548
2478 4891
609 2478
2478 3437
2191 2478
2478 4775
2478 4127
2203 2478
948 2478
2478 2898
266 2478
2107 2478
2478 4350
1617 2478
2478 4962
505 2478
2478 4792
2478 3604
1699 2478
930 2478
1758 2478
2403 2478
2478 3221
1141 2478
1253 2478
2478 4613
37 2478
2478 2597
968 2478
2478 3596
2478 3616
2478 3538
1518 2478
962 2478
2478 4714
159 2478
2096 2478
508 2478
2478 3958
2478 2936
2478 4967
1715 2478
2478 3500
2398 2478
2478 3046
1441 2478
1548 2478
903 2478
2478 3489
2478 4790
2478 3903
73 2478
2478 3001
2478 3024
2478 3044
2478 3845
2478 3665
1263 2478
2478 4342
2478 4172
2478 3317
2478 4459
1012 2478
2478 3247
2359 2478
2478 3074
2478 2886
1294 2478
813 2478
1706 2478
141 2478
2473 2478
306 2478
2478 4277
2478 3673
851 2478
1078 2478
2478 2661
1716 2478
2478 3592
2370 2478
1302 2478
2200 2478
2478 3119
2391 2478
2478 3875
823 2478
2112 2478
1811 2478
1562 2478
656 2478
111 2478
132 2478
2478 4760
2478 2781
277 2478
2478 3218
423 2478
2478 3692
2478 2926
1869 2478
2478 4660
2478 4181
606 2478
2478 2754
2478 3277
2478 3614
59 2478
2478 4706
431 2478
2478 3520
547 2478
992 2478
447 2478
597 2478
2478 2999
2478 4803
2478 3479
2478 4565
2478 4529
2002 2478
2478 4711
2478 4814
2478 4435
1813 2478
1651 2478
698 2478
1227 2478
2478 4292
2478 3243
2478 3533
2478 4045
1896 2478
531 2478
1108 2478
2478 2599
2478 4876
2478 3966
1306 2478
2478 2610
2478 4001
1711 2478
1273 2478
2478 2668
594 2478
852 2478
2478 4523
1525 2478
1228 2478
1467 2478
29 2478
2478 2823
822 2478
2478 2657
2478 3463
2238 2478
2022 2478
2478 4097
716 2478
2478 3244
19 2478
2478 2814
2478 3600
2478 2839
2478 4159
2167 2478
1270 2478
30 2478
1454 2478
2478 3467
2478 4693
2478 4443
289 2478
2478 3027
578 2478
2060 2478
2478 4416
2478 4882
2217 2478
2478 3155
2478 3569
2478 2774
640 2478
1346 2478
2478 3652
2478 3660
777 2478
2215 2478
2108 2478
2172 2478
2478 3895
1507 2478
2478 2643
260 2478
804 2478
2478 3090
932 2478
2478 4753
1560 2478
2478 4884
2478 3397
2478 4739
2438 2478
2478 4003
2478 2691
2478 3557
1181 2478
2478 3346
2478 2503
1663 2478
2478 4016
2478 4488
1081 2478
331 2478
192 2478
2478 3986
2478 3889
2478 2525
2478 4620
2478 2751
462 2478
2478 2844
2478 2607
2478 3744
753 2478
2082 2478
1630 2478
2478 2522
1919 2478
2478 4102
2478 2552
2478 4362
2478 3969
373 2478
381 2478
2478 3433
311 2478
2478 4721
2014 2478
579 2478
2478 3547
2478 3105
862 2478
2478 2615
704 2478
2128 2478
1074 2478
1912 2478
1703 2478
2478 3929
2119 2478
1862 2478
187 2478
2478 2495
1871 2478
2164 2478
513 2478
2478 4447
2478 2683
686 2478
1278 2478
1190 2478
1006 2478
2478 4379
1160 2478
481 2478
243 2478
832 2478
226 2478
2478 3635
2478 3117
2478 3300
973 2478
959 2478
1370 2478
1882 2478
2478 4832
2478 3687
120 2478
2478 3237
2443 2478
545 2478
1725 2478
2478 3881
2478 3309
2478 3734
2478 3528
2058 2478
1731 2478
2478 2971
2020 2478
2478 4094
2478 2802
2099 2478
77 2478
1405 2478
2478 2543
1408 2478
1529 2478
1163 2478
2478 3780
2478 4635
2478 2863
2478 4158
2478 4057
2478 2520
1696 2478
2468 2478
1629 2478
2478 3839
2139 2478
1769 2478
2478 4154
2478 3833
2478 3103
315 2478
2478 3270
2478 2983
2478 2519
2478 4303
2224 2478
2478 3364
1692 2478
2089 2478
2478 2736
128 2478
2478 4260
892 2478
2478 3144
2478 2858
1929 2478
2478 3180
2478 4458
661 2478
1568 2478
2478 4597
333 2478
2478 2908
2478 4757
2478 4738
1138 2478
2334 2478
1697 2478
2478 2837
442 2478
2478 3948
2478 4756
730 2478
2478 4639
1159 2478
2156 2478
2478 4646
2478 4837
17 2478
2478 4027
2478 4870
262 2478
2478 4776
2478 4926
2478 2775
2478 4602
2478 4421
2478 4015
2478 3855
421 2478
2478 3182
2478 3143
2478 2544
2478 4369
2478 2878
2478 4571
2236 2478
2478 3696
975 2478
2478 4530
2478 3508
2478 3790
2478 2502
2478 3867
2478 4805
1483 2478
2304 2478
2478 3204
835 2478
2478 4052
2134 2478
2009 2478
397 2478
1996 2478
2478 3150
1305 2478
511 2478
330 2478
2478 2618
186 2478
1943 2478
1540 2478
1222 2478
2478 4796
329 2478
2478 2601
2478 4218
2478 3106
323 2478
2478 3729
2478 3892
2478 2671
218 2478
888 2478
2420 2478
1666 2478
2478 3694
2267 2478
2478 3290
2478 3113
1378 2478
1171 2478
2478 3974
2478 4879
1512 2478
2478 4276
2478 3306
2478 4222
2478 4464
2478 3456
2478 3607
2478 3462
2478 3764
2478 3162
1658 2478
2478 4893
2478 4185
2478 4219
325 2478
2478 2606
405 2478
1600 2478
2448 2478
501 2478
2478 3896
2478 3380
2478 4354
2478 3924
2478 4413
93 2478
2478 3910
2478 4269
1495 2478
2478 4662
2478 2581
343 2478
1341 2478
2478 2968
2478 2591
2384 2478
2478 2856
2478 3311
2478 4896
2478 4860
2478 2890
2478 4612
491 2478
2331 2478
1803 2478
1604 2478
