5000
}}}}}}}}}}}}}}}}}}}}}}}}}}}}}}}}}}}}}}}}}}}}}}}}}}}}}}}}}}}}}}}}}}}}}}}}}}}}}}}}}}}}}}}}}}}}}}}}}}}}}}}}}}}}}}}}}}}}}}}}}}}}}}}}}}}}}}}}}}}}}}}}}}}}}}}}}}}}}}}}}}}}}}}}}}}}}}}}}}}}}}}}}}}}}}}}}}}}}}}}}}}}}}}}}}}}}}}}}}}}}}}}}}}}}}}}}}}}}}}}}}}}}}}}}}}}}}}}}}}}}}}}}}}}}}}}}}}}}}}}}}}}}}}}}}}}}}}}}}}}}}}}}}}}}}}}}}}}}}}}}}}}}}}}}}}}}}}}}}}}}}}}}}}}}}}}}}}}}}}}}}}}}}}}}}}}}}}}}}}}}}}}}}}}}}}}}}}}}}}}}}}}}}}}}}}}}}}}}}}}}}}}}}}}}}}}}}}}}}}}}}}}}}}}}}}}}}}}}}}}}}}}}}}}}}}}}}}}}}}}}}}}}}}}}}}}}}}}}}}}}}}}}}}}}}}}}}}}}}}}}}}}}}}}}}}}}}}}}}}}}}}}}}}}}}}}}}}}}}}}}}}}}}}}}}}}}}}}}}}}}}}}}}}}}}}}}}}}}}}}}}}}}}}}}}}}}}}}}}}}}}}}}}}}}}}}}}}}}}}}}}}}}}}}}}}}}}}}}}}}}}}}}}}}}}}}}}}}}}}}}}}}}}}}}}}}}}}}}}}}}}}}}}}}}}}}}}}}}}}}}}}}}}}}}}}}}}}}}}}}}}}}}}}}}}}}}}}}}}}}}}}}}}}}}}}}}}}}}}}}}}}}}}}}}}}}}}}}}}}}}}}}}}}}}}}}}}}}}}}}}}}}}}}}}}}}}}}}}}}}}}}}}}}}}}}}}}}}}}}}}}}}}}}}}}}}}}}}}}}}}}}}}}}}}}}}}}}}}}}}}}}}}}}}}}}}}}}}}}}}}}}}}}}}}}}}}}}}}}}}}}}}}}}}}}}}}}}}}}}}}}}}}}}}}}}}}}}}}}}}}}}}}}}}}}}}}}}}}}}}}}}}}}}}}}}}}}}}}}}}}}}}}}}}}}}}}}}}}}}}}}}}}}}}}}}}}}}}}}}}}}}}}}}}}}}}}}}}}}}}}}}}}}}}}}}}}}}}}}}}}}}}}}}}}}}}}}}}}}}}}}}}}}}}}}}}}}}}}}}}}}}}}}}}}}}}}}}}}}}}}}}}}}}}}}}}}}}}}}}}}}}}}}}}}}}}}}}}}}}}}}}}}}}}}}}}}}}}}}}}}}}}}}}}}}}}}}}}}}}}}}}}}}}}}}}}}}}}}}}}}}}}}}}}}}}}}}}}}}}}}}}}}}}}}}}}}}}}}}}}}}}}}}}}}}}}}}}}}}}}}}}}}}}}}}}}}}}}}}}}}}}}}}}}}}}}}}}}}}}}}}}}}}}}}}}}}}}}}}}}}}}}}}}}}}}}}}}}}}}}}}}}}}}}}}}}}}}}}}}}}}}}}}}}}}}}}}}}}}}}}}}}}}}}}}}}}}}}}}}}}}}}}}}}}}}}}}}}}}}}}}}}}}}}}}}}}}}}}}}}}}}}}}}}}}}}}}}}}}}}}}}}}}}}}}}}}}}}}}}}}}}}}}}}}}}}}}}}}}}}}}}}}}}}}}}}}}}}}}}}}}}}}}}}}}}}}}}}}}}}}}}}}}}}}}}}}}}}}}}}}}}}}}}}}}}}}}}}}}}}}}}}}}}}}}}}}}}}}}}}}}}}}}}}}}}}}}}}}}}}}}}}}}}}}}}}}}}}}}}}}}}}}}}}}}}}}}}}}}}}}}}}}}}}}}}}}}}}}}}}}}}}}}}}}}}}}}}}}}}}}}}}}}}}}}}}}}}}}}}}}}}}}}}}}}}}}}}}}}}}}}}}}}}}}}}}}}}}}}}}}}}}}}}}}}}}}}}}}}}}}}}}}}}}}}}}}}}}}}}}}}}}}}}}}}}}}}}}}}}}}}}}}}}}}}}}}}}}}}}}}}}}}}}}}}}}}}}}}}}}}}}}}}}}}}}}}}}}}}}}}}}}}}}}}}}}}}}}}}}}}}}}}}}}}}}}}}}}}}}}}}}}}}}}}}}}}}}}}}}}}}}}}}}}}}}}}}}}}}}}}}}}}}}}}}}}}}}}}}}}}}}}}}}}}}}}}}}}}}}}}}}}}}}}}}}}}}}}}}}}}}}}}}}}}}}}}}}}}}}}}}}}}}}}}}}}}}}}}}}}}}}}}}}}}}}}}}}}}}}}}}}}}}}}}}}}}}}}}}}}}}}}}}}}}}}}}}}}}}}}}}}}}}}}}}}}}}}}}}}}}}}}}}}}}}}}}}}}}}}}}}}}}}}}}}}}}}}}}}}}}}}}}}}}}}}}}}}}}}}}}}}}}}}}}}}}}}}}}}}}}}}}}}}}}}}}}}}}}}}}}}}}}}}}}}}}}}}}}}}}}}}}}}}}}}}}}}}}}}}}}}}}}}}}}}}}}}}}}}}}}}}}}}}}}}}}}}}}}}}}}}}}}}}}}}}}}}}}}}}}}}}}}}}}}}}}}}}}}}}}}}}}}}}}}}}}}}}}}}}}}}}}}}}}}}}}}}}}}}}}}}}}}}}}}}}}}}}}}}}}}}}}}}}}}}}}}}}}}}}}}}}}}}}}}}}}}}}}}}}}}}}}}}}}}}}}}}}}}}}}}}}}}}}}}}}}}}}}}}}}}}}}}}}}}}}}}}}}}}}}}}}}}}}}}}}}}}}}}}}}}}}}}}}}}}}}}}}}}}}}}}}}}}}}}}}}}}}}}}}}}}}}}}}}}}}}}}}}}}}}}}}}}}}}}}}}}}}}}}}}}}}}}}}}}}}}}}}}}}}}}}}}}}}}}}}}}}}}}}}}}}}}}}}}}}}}}}}}}}}}}}}}}}}}}}}}}}}}}}}}}}}}}}}}}}}}}}}}}}}}}}}}}}}}}}}}}}}}}}}}}}}}}}}}}}}}}}}}}}}}}}}}}}}}}}}}}}}}}}}}}}}}}}}}}}}}}}}}}}}}}}}}}}}}}}}}}}}}}}}}}}}}}}}}}}}}}}}}}}}}}}}}}}}}}}}}}}}}}}}}}}}}}}}}}}}}}}}}}}}}}}}}}}}}}}}}}}}}}}}}}}}}}}}}}}}}}}}}}}}}}}}}}}}}}}}}}}}}}}}}}}}}}}}}}}}}}}}}}}}}}}}}}}}}}}}}}}}}}}}}}}}}}}}}}}}}}}}}}}}}}}}}}}}}}}}}}}}}}}}}}}}}}}}}}}}}}}}}}}}}}}}}}}}}}}}}}}}}}}}}}}}}}}}}}}}}}}}}}}}}}}}}}}}}}}}}}}}}}}}}}}}}}}}}}}}}}}}}}}}}}}}}}}}}}}}}}}}}}}}}}}}}}}}}}}}}}}}}}}}}}}}}}}}}}}}}}}}}}}}}}}}}}}}}}}}}}}}}}}}}}}}}}}}}}}}}}}}}}{}}}}}}}}}}}}}}}}}}}}}}}}}}}}}}}}}}}}}}}}}}}}}}}}}}}}}}}}}}}}}}}}}}}}}}}}}}}}}}}}}}}}}}}}}}}}}}}}}}}}}}}}}}}}}}}}}}}}}}}}}}}}}}}}}}}}}}}}}}}}}}}}}}}}}}}}}}}}}}}}}}}}}}}}}}}}}}}}}}}}}}}}}}}}}}}}}}}}}}}}}}}}}}}}}}}}}}}}}}}}}}}}}}}}}}}}}}}}}}}}}}}}}}}}}}}}}}}}}}}}}}}}}}}}}}}}}}}}}}}}}}}}}}}}}}}}}}}}}}}}}}}}}}}}}}}}}}}}}}}}}}}}}}}}}}}}}}}}}}}}}}}}}}}}}}}}}}}}}}}}}}}}}}}}}}}}}}}}}}}}}}}}}}}}}}}}}}}}}}}}}}}}}}}}}}}}}}}}}}}}}}}}}}}}}}}}}}}}}}}}}}}}}}}}}}}}}}}}}}}}}}}}}}}}}}}}}}}}}}}}}}}}}}}}}}}}}}}}}}}}}}}}}}}}}}}}}}}}}}}}}}}}}}}}}}}}}}}}}}}}}}}}}}}}}}}}}}}}}}}}}}}}}}}}}}}}}}}}}}}}}}}}}}}}}}}}}}}}}}}}}}}}}}}}}}}}}}}}}}}}}}}}}}}}}}}}}}}}}}}}}}}}}}}}}}}}}}}}}}}}}}}}}}}}}}}}}}}}}}}}}}}}}}}}}}}}}}}}}}}}}}}}}}}}}}}}}}}}}}}}}}}}}}}}}}}}}}}}}}}}}}}}}}}}}}}}}}}}}}}}}}}}}}}}}}}}}}}}}}}}}}}}}}}}}}}}}}}}}}}}}}}}}}}}}}}}}}}}}}}}}}}}}}}}}}}}}}}}}}}}}}}}}}}}}}}}}}}}}}}}}}}}}}}}}}}}}}}}}}}}}}}}}}}}}}}}}}}}}}}}}}}}}}}}}}}}}}}}}}}}}}}}}}}}}}}}}}}}}}}}}}}}}}}}}}}}}}}}}}}}}}}}}}}}}}}}}}}}}}}}}}}}}}}}}}}}}}}}}}}}}}}}}}}}}}}}}}}}}}}}}}}}}}}}}}}}}}}}}}}}}}}}}}}}}}}}}}}}}}}}}}}}}}}}}}}}}}}}}}}}}}}}}}}}}}}}}}}}}}}}}}}}}}}}}}}}}}}}}}}}}}}}}}}}}}}}}}}}}}}}}}}}}}}}}}}}}}}}}}}}}}}}}}}}}}}}}}}}}}}}}}}}}}}}}}}}}}}}}}}}}}}}}}}}}}}}}}}}}}}}}}}}}}}}}}}}}}}}}}}}}}}}}}}}}}}}}}}}}}}}}}}}}}}}}}}}}}}}}}}}}}}}}}}}}}}}}}}}}}}}}}}}}}}}}}}}}}}}}}}}}}}}}}}}}}}}}}}}}}}}}}}}}}}}}}}}}}}}}}}}}}}}}}}}}}}}}}}}}}}}}}}}}}}}}}}}}}}}}}}}}}}}}}}}}}}}}}}}}}}}}}}}}}}}}}}}}}}}}}}}}}}}}}}}}}}}}}}}}}}}}}}}}}}}}}}}}}}}}}}}}}}}}}}}}}}}}}}}}}}}}}}}}}}}}}}}}}}}}}}}}}}}}}}}}}}}}}}}}}}}}}}}}}}}}}}}}}}}}}}}}}}}}}}}}}}}}}}}}}}}}}}}}}}}}}}}}}}}}}}}}}}}}}}}}}}}}}}}}}}}}}}}}}}}}}}}}}}}}}}}}}}}}}}}}}}}}}}}}}}}}}}}}}}}}}}}}}}}}}}}}}}}}}}}}}}}}}}}}}}}}}}}}}}}}}}}}}}}}}}}}}
3278 4823
2758 3278
44 3278
695 3278
2985 3278
2226 3278
1170 3278
1139 3278
1314 3278
1124 3278
3278 3329
2409 3278
284 3278
988 3278
3241 3278
1803 3278
3278 3413
3278 4702
1678 3278
2538 3278
167 3278
1931 3278
3278 3570
1594 3278
2102 3278
3124 3278
1120 3278
752 3278
380 3278
3278 4075
3278 3845
1935 3278
1285 3278
1031 3278
528 3278
3278 3814
397 3278
3278 3764
1022 3278
2222 3278
2983 3278
757 3278
3278 3750
3278 4241
3278 3746
964 3278
2070 3278
1249 3278
3278 3632
809 3278
1644 3278
1608 3278
3278 3950
3278 3524
709 3278
3278 4720
3278 4308
2600 3278
1693 3278
3278 3911
2047 3278
1200 3278
3278 4406
3278 4910
2117 3278
244 3278
965 3278
730 3278
3278 4448
2614 3278
2834 3278
1906 3278
434 3278
3278 4113
3278 3485
401 3278
2037 3278
3107 3278
2465 3278
2453 3278
2470 3278
1581 3278
2881 3278
3278 4963
3278 4730
3184 3278
3117 3278
1262 3278
1899 3278
377 3278
1138 3278
352 3278
2934 3278
3278 4768
3278 4568
906 3278
1852 3278
3278 3627
3278 3850
3278 3945
3278 4474
115 3278
1130 3278
3278 4043
3128 3278
3121 3278
3278 4312
2090 3278
2443 3278
2688 3278
416 3278
3134 3278
3278 4350
3278 3973
3278 3381
3278 4792
1901 3278
219 3278
987 3278
2041 3278
1088 3278
763 3278
981 3278
2616 3278
150 3278
3278 4275
2830 3278
212 3278
3278 4260
3278 3831
3278 4625
3278 3471
2343 3278
2896 3278
3278 4579
31 3278
2800 3278
3278 3604
3278 3289
3278 4026
1772 3278
535 3278
3278 4205
3278 4245
2238 3278
2323 3278
3209 3278
3278 3483
3278 4695
3196 3278
2964 3278
56 3278
2916 3278
1667 3278
3278 3759
3026 3278
848 3278
2414 3278
3278 3643
1366 3278
2854 3278
3278 3975
3278 3743
2773 3278
642 3278
1717 3278
1441 3278
1047 3278
3071 3278
1241 3278
2675 3278
1078 3278
1244 3278
2711 3278
3278 4924
3278 4231
1730 3278
3278 4323
3278 4288
3273 3278
3278 3504
3278 3519
278 3278
68 3278
3278 4134
3278 4995
3278 4090
3278 4651
3278 3660
348 3278
617 3278
176 3278
603 3278
3278 4030
648 3278
3278 4883
3278 3993
106 3278
3278 4947
1275 3278
2251 3278
2583 3278
1478 3278
1837 3278
2785 3278
3278 3770
1988 3278
3278 4786
456 3278
3278 3965
3278 3893
3278 4747
2782 3278
1360 3278
3278 3371
3278 3701
3278 4099
160 3278
2072 3278
2011 3278
3278 3699
3278 4213
508 3278
2212 3278
3278 4841
2176 3278
3278 4918
2048 3278
2008 3278
2737 3278
1465 3278
3278 4848
2362 3278
3115 3278
3278 4541
2119 3278
3278 4311
3278 4095
3278 4550
1351 3278
3278 3853
853 3278
1886 3278
371 3278
1497 3278
272 3278
1306 3278
3278 4263
3278 4341
3278 3588
3278 3902
1586 3278
3278 4955
3278 4976
931 3278
3278 4649
2168 3278
1065 3278
2535 3278
635 3278
2136 3278
3278 4141
2490 3278
692 3278
3278 4186
3278 4706
1388 3278
3278 3333
3278 3717
3278 3390
3010 3278
2452 3278
2709 3278
3278 4449
2615 3278
3278 3340
2587 3278
2207 3278
1288 3278
2542 3278
3278 4850
3278 3438
576 3278
312 3278
1393 3278
3240 3278
3278 3609
2914 3278
500 3278
551 3278
2310 3278
3278 3452
1541 3278
1051 3278
3278 3919
317 3278
2952 3278
2784 3278
3278 3678
2085 3278
3278 4718
1543 3278
1639 3278
3278 3575
216 3278
1371 3278
3278 3978
3278 3682
243 3278
2166 3278
2433 3278
1484 3278
105 3278
3278 4259
3278 3305
2434 3278
2589 3278
32 3278
3278 3362
2948 3278
3278 3768
820 3278
3278 3457
3278 4979
365 3278
276 3278
3278 4997
3278 4172
3278 3566
806 3278
3278 4573
74 3278
2315 3278
182 3278
2609 3278
3278 4151
3278 4252
3278 4246
1032 3278
1387 3278
2608 3278
304 3278
3278 3479
3278 3367
2482 3278
3278 4965
196 3278
75 3278
71 3278
2534 3278
786 3278
1532 3278
3278 3818
1118 3278
1458 3278
502 3278
1739 3278
2000 3278
2088 3278
1096 3278
3278 3875
3278 3364
2135 3278
3278 3538
2869 3278
3278 3878
2065 3278
2237 3278
2919 3278
3278 4338
684 3278
2875 3278
3144 3278
2378 3278
541 3278
3278 4836
3101 3278
2812 3278
458 3278
3278 3905
3278 4507
3278 3901
1527 3278
2956 3278
1782 3278
691 3278
3278 4152
746 3278
2805 3278
2841 3278
1345 3278
2862 3278
753 3278
734 3278
2052 3278
3278 4872
125 3278
3278 3986
794 3278
886 3278
581 3278
1411 3278
1037 3278
3278 3491
774 3278
1856 3278
3278 4045
2998 3278
1831 3278
2568 3278
1061 3278
3278 4791
3278 4981
1198 3278
634 3278
3278 3957
3278 3448
837 3278
2982 3278
2904 3278
950 3278
273 3278
3278 3906
3278 4506
135 3278
3278 4272
3278 4394
2984 3278
3278 4270
1598 3278
406 3278
3278 3702
3278 4053
2186 3278
1759 3278
3278 3589
3278 4243
743 3278
3278 3849
2358 3278
3278 3495
3278 3778
2591 3278
1300 3278
3278 3649
749 3278
3051 3278
1370 3278
742 3278
3278 4508
3150 3278
733 3278
2907 3278
3278 3598
2729 3278
1009 3278
3276 3278
3278 4475
214 3278
2043 3278
3278 4577
3057 3278
3045 3278
3278 3534
3278 3347
3278 3432
3278 4847
3278 3944
3278 4137
2271 3278
3278 4717
3278 4021
3278 3527
2472 3278
433 3278
3278 4145
3278 3328
531 3278
3172 3278
2307 3278
1833 3278
553 3278
2179 3278
2342 3278
2274 3278
1272 3278
558 3278
3278 4822
2541 3278
363 3278
1554 3278
269 3278
2668 3278
1953 3278
3278 4359
3278 3465
943 3278
1309 3278
3278 3813
2204 3278
3278 4874
3278 4174
3278 3981
1236 3278
3278 4687
1723 3278
3099 3278
2611 3278
2261 3278
3271 3278
3278 3819
3278 3837
1045 3278
1374 3278
2153 3278
2570 3278
3278 4644
2617 3278
720 3278
88 3278
2436 3278
1455 3278
2976 3278
3278 4941
3041 3278
3047 3278
2684 3278
314 3278
807 3278
1794 3278
3278 4596
227 3278
1282 3278
2442 3278
1472 3278
3278 3386
3278 3800
3278 4386
3278 4958
1462 3278
2584 3278
3278 4989
475 3278
353 3278
867 3278
2242 3278
526 3278
3278 4106
863 3278
3278 4295
3278 4380
1004 3278
1909 3278
2143 3278
513 3278
1993 3278
18 3278
1506 3278
574 3278
1626 3278
1955 3278
3278 4498
3278 4751
3278 3661
2455 3278
3278 3757
328 3278
1937 3278
1744 3278
3278 4961
347 3278
3278 4032
3043 3278
3044 3278
2563 3278
3278 3954
349 3278
3278 4431
3278 3962
3278 4689
3278 3870
830 3278
1353 3278
595 3278
3278 4225
2183 3278
3164 3278
571 3278
2451 3278
780 3278
533 3278
3278 4097
3278 3971
2344 3278
286 3278
3278 4023
3278 3446
562 3278
659 3278
3278 3857
2504 3278
3230 3278
2193 3278
3278 4732
3278 4168
3194 3278
826 3278
1808 3278
1601 3278
3205 3278
1512 3278
3278 4430
3278 4358
3278 4318
3278 3315
2454 3278
1435 3278
1571 3278
1452 3278
600 3278
857 3278
3278 4878
524 3278
2421 3278
3278 3492
1429 3278
3278 3322
1214 3278
3278 4022
3278 4218
3278 3811
1996 3278
3278 3869
51 3278
3017 3278
1464 3278
995 3278
1865 3278
3278 4236
3278 3656
3278 3883
97 3278
1071 3278
3061 3278
2280 3278
496 3278
3278 4525
3278 3653
737 3278
92 3278
1910 3278
1774 3278
1983 3278
2991 3278
1008 3278
2656 3278
3278 3379
114 3278
79 3278
3278 4155
1460 3278
3275 3278
3278 4982
3278 4126
745 3278
3278 4771
1479 3278
841 3278
3278 4066
3278 3955
3278 3763
3278 4473
1256 3278
3278 4964
2123 3278
597 3278
339 3278
2178 3278
1864 3278
766 3278
3278 4601
1238 3278
1760 3278
3067 3278
1638 3278
3278 3749
2511 3278
89 3278
637 3278
3278 4364
1515 3278
2081 3278
389 3278
1869 3278
3278 4054
681 3278
1372 3278
791 3278
3278 3460
1903 3278
275 3278
3278 4351
3278 4104
1079 3278
658 3278
3278 3751
370 3278
2099 3278
1295 3278
3278 3996
3278 3435
3278 4913
3278 4086
3278 4435
1727 3278
608 3278
1711 3278
926 3278
2767 3278
1892 3278
2648 3278
1770 3278
3278 4641
3278 4915
3278 4201
1710 3278
2097 3278
358 3278
1343 3278
2923 3278
1749 3278
153 3278
267 3278
3278 4761
3253 3278
3278 4200
1706 3278
252 3278
1116 3278
3278 4376
925 3278
1381 3278
3278 4587
2208 3278
3278 4940
3278 3967
3278 4105
3278 4750
134 3278
958 3278
2518 3278
645 3278
3278 4669
3223 3278
308 3278
109 3278
3278 3542
3278 4165
3140 3278
3278 4530
3278 3928
845 3278
3278 3295
3097 3278
3278 3861
1921 3278
414 3278
923 3278
2693 3278
1618 3278
3278 3815
3278 4012
1446 3278
3278 3732
3278 4807
3137 3278
420 3278
28 3278
2624 3278
1789 3278
1183 3278
3278 3342
3278 4356
1994 3278
784 3278
3278 3718
1997 3278
3278 3657
2086 3278
1987 3278
1521 3278
3278 4966
1048 3278
2060 3278
2115 3278
3278 4927
2397 3278
2999 3278
1880 3278
3278 4533
3278 4337
2940 3278
3278 4614
1271 3278
552 3278
2860 3278
2150 3278
3162 3278
24 3278
3278 4743
501 3278
1187 3278
1806 3278
1254 3278
2532 3278
1307 3278
1652 3278
719 3278
3278 4211
2073 3278
473 3278
245 3278
3278 4911
3130 3278
3278 3739
1084 3278
3278 4938
3278 4503
3278 3925
1384 3278
3278 3891
1454 3278
2273 3278
3278 4136
3278 4446
3278 3348
861 3278
1286 3278
2876 3278
3278 4036
835 3278
2209 3278
481 3278
543 3278
3278 4538
3278 3760
1466 3278
3278 4605
3278 3659
1758 3278
3278 4820
3278 4769
651 3278
1107 3278
813 3278
1069 3278
3278 3441
1538 3278
2623 3278
1073 3278
2230 3278
2340 3278
2250 3278
2233 3278
3278 3564
132 3278
3278 4146
2101 3278
2457 3278
1316 3278
1090 3278
191 3278
3278 4523
2412 3278
1122 3278
1042 3278
798 3278
3278 4673
577 3278
610 3278
1229 3278
1057 3278
2752 3278
2857 3278
1005 3278
3278 4102
3278 3456
391 3278
2045 3278
1648 3278
3278 4845
3278 4001
1035 3278
3278 4862
454 3278
2555 3278
19 3278
3278 4068
1368 3278
3087 3278
2075 3278
3266 3278
3278 3806
3278 3382
1264 3278
3278 3506
3278 4199
530 3278
3013 3278
3278 4668
3054 3278
3278 4044
1359 3278
1743 3278
402 3278
3278 3313
938 3278
3278 4746
3278 4951
2282 3278
302 3278
460 3278
3278 3306
2133 3278
3278 3721
2392 3278
1893 3278
1556 3278
782 3278
3278 4646
3278 4342
2627 3278
3105 3278
3278 4320
2156 3278
1055 3278
2780 3278
3278 4698
55 3278
916 3278
3278 4187
3278 4594
979 3278
3278 4025
3278 4725
3199 3278
3278 3910
825 3278
162 3278
2113 3278
1475 3278
985 3278
2631 3278
3278 4613
1635 3278
1934 3278
3278 4726
3278 4298
145 3278
3278 3299
3278 4340
3072 3278
2739 3278
2500 3278
641 3278
1269 3278
2096 3278
1178 3278
3201 3278
3278 4083
3278 3847
2662 3278
2835 3278
3278 3387
1195 3278
748 3278
2762 3278
3174 3278
1127 3278
3019 3278
3195 3278
3007 3278
1958 3278
907 3278
2294 3278
3084 3278
3278 4037
3278 4289
529 3278
2799 3278
2109 3278
2415 3278
3278 4900
123 3278
474 3278
3278 4347
921 3278
818 3278
2761 3278
1108 3278
2546 3278
2240 3278
1501 3278
2187 3278
3278 4495
3278 3414
3278 3288
3278 3584
2140 3278
3143 3278
2017 3278
3116 3278
3278 3725
3278 3688
2483 3278
872 3278
1132 3278
2201 3278
2049 3278
3278 4282
432 3278
2550 3278
3278 4752
1620 3278
3278 4326
2365 3278
3278 4254
3278 4655
1227 3278
1153 3278
1331 3278
2898 3278
509 3278
1954 3278
1182 3278
3278 3279
3278 3871
3278 4305
305 3278
3278 4293
187 3278
2215 3278
846 3278
1049 3278
3278 4050
844 3278
266 3278
1721 3278
3278 4894
3278 4608
2094 3278
1612 3278
3278 3395
2369 3278
2512 3278
1528 3278
226 3278
3278 4987
3278 4860
1591 3278
261 3278
2719 3278
1802 3278
1526 3278
2050 3278
3278 4048
3249 3278
2844 3278
2721 3278
178 3278
1211 3278
3278 3675
3278 4130
1177 3278
675 3278
3278 4309
13 3278
3278 4067
1433 3278
914 3278
1315 3278
3278 4192
3278 4304
3278 3785
799 3278
1171 3278
585 3278
876 3278
810 3278
3278 3921
1938 3278
118 3278
154 3278
1941 3278
1110 3278
643 3278
3278 4229
3278 4307
1883 3278
209 3278
3278 4278
2108 3278
1647 3278
2447 3278
1119 3278
3278 3343
3278 4005
3239 3278
1970 3278
3278 4599
3278 3854
3236 3278
3278 4600
3278 3615
3278 4088
3278 4250
2889 3278
3278 4812
1159 3278
334 3278
2619 3278
584 3278
3278 4466
2638 3278
3278 4202
3278 4903
3278 4198
898 3278
596 3278
240 3278
3278 3298
1879 3278
2419 3278
3278 4719
463 3278
3278 3540
3278 3826
2710 3278
3278 4482
3278 3563
3278 4115
2371 3278
566 3278
1613 3278
431 3278
1356 3278
3278 4830
3270 3278
3278 4756
2652 3278
1232 3278
3278 4265
2007 3278
186 3278
2790 3278
3278 4468
2089 3278
1010 3278
1854 3278
3278 4378
1805 3278
3278 3693
2058 3278
1707 3278
3278 3536
3278 4873
86 3278
646 3278
1792 3278
400 3278
2373 3278
2855 3278
1778 3278
2025 3278
3278 3346
3004 3278
895 3278
792 3278
3278 4414
891 3278
2521 3278
1907 3278
3278 3794
3278 3585
1040 3278
3278 4764
2580 3278
1766 3278
2321 3278
2456 3278
1567 3278
3278 3822
1222 3278
3278 3569
3278 4819
783 3278
2374 3278
3278 4908
2715 3278
2194 3278
1827 3278
3245 3278
3278 3848
3278 3421
2676 3278
887 3278
499 3278
364 3278
3278 4509
3278 3535
1426 3278
3278 3401
3278 4158
3278 4197
2107 3278
3278 3647
268 3278
3278 4699
3278 4014
3278 4517
2348 3278
1385 3278
2581 3278
974 3278
1890 3278
3278 3282
2613 3278
2837 3278
2963 3278
3278 4551
2929 3278
2654 3278
3278 4598
936 3278
2428 3278
833 3278
2981 3278
1971 3278
3247 3278
2018 3278
1972 3278
2687 3278
1923 3278
3278 4610
2141 3278
2946 3278
3278 3516
3278 4692
3278 3652
3278 3835
1480 3278
224 3278
3278 4921
470 3278
3278 4815
1228 3278
2158 3278
761 3278
1773 3278
3278 4828
3278 3365
3278 4929
3036 3278
3278 4098
2576 3278
3278 3912
3278 4081
3278 4204
1950 3278
3278 4332
2856 3278
3278 4217
1431 3278
697 3278
3278 4084
1920 3278
3278 3771
2467 3278
3278 3917
291 3278
3278 4881
700 3278
3278 4781
3278 3727
3278 4973
3278 4617
3278 3862
1319 3278
206 3278
1402 3278
1489 3278
591 3278
3278 4464
2602 3278
3278 3855
1596 3278
759 3278
828 3278
3278 4441
1459 3278
517 3278
1218 3278
1041 3278
3278 3447
15 3278
3163 3278
3278 3385
1066 3278
1922 3278
2114 3278
3180 3278
1523 3278
3278 3780
3278 4808
3278 3544
3278 3539
1913 3278
3080 3278
2364 3278
3278 3899
1689 3278
3278 3941
2185 3278
476 3278
3142 3278
2843 3278
2424 3278
405 3278
2 3278
2603 3278
3278 3296
1421 3278
188 3278
726 3278
1734 3278
673 3278
3278 3360
1278 3278
2064 3278
2091 3278
3278 4092
520 3278
6 3278
1850 3278
3278 4990
3278 4094
3278 4491
2394 3278
1001 3278
2084 3278
2560 3278
1698 3278
181 3278
3278 4570
3278 3557
1908 3278
632 3278
73 3278
2912 3278
2877 3278
3278 3926
1911 3278
1549 3278
3278 4409
3278 4366
2938 3278
3185 3278
1781 3278
966 3278
1030 3278
3161 3278
1561 3278
2657 3278
205 3278
2882 3278
2764 3278
624 3278
3278 4801
3278 3541
2641 3278
3278 4636
3278 3437
1423 3278
3278 3947
3278 4589
3278 3838
3278 4118
99 3278
788 3278
3278 4944
1059 3278
2387 3278
2789 3278
2906 3278
37 3278
952 3278
497 3278
1083 3278
3278 4492
3278 3689
3278 3573
3278 3681
665 3278
152 3278
2597 3278
3278 4132
2053 3278
3278 4264
3278 4620
300 3278
2531 3278
1248 3278
3278 4975
2468 3278
3278 3546
1551 3278
2957 3278
3278 4556
1386 3278
2918 3278
3278 3526
483 3278
2659 3278
3278 4952
3278 4898
1077 3278
687 3278
1824 3278
3278 4251
2080 3278
3278 4034
3278 3694
1671 3278
1767 3278
3278 4216
2423 3278
1605 3278
2910 3278
3278 3320
1201 3278
443 3278
2747 3278
3278 3377
2326 3278
1606 3278
322 3278
3278 4623
3158 3278
1979 3278
2509 3278
2742 3278
1354 3278
3278 4835
3278 3877
3278 3635
1821 3278
2199 3278
2386 3278
3278 4840
2634 3278
519 3278
2147 3278
3278 3988
3278 4162
1525 3278
2382 3278
3278 3351
2174 3278
3278 4465
894 3278
1871 3278
2384 3278
2489 3278
1428 3278
538 3278
706 3278
849 3278
2852 3278
2920 3278
2606 3278
3278 3595
963 3278
2352 3278
2925 3278
3278 3638
2400 3278
3278 4419
3055 3278
3278 3388
1961 3278
3278 4827
903 3278
223 3278
3278 4238
410 3278
1149 3278
3278 4895
43 3278
3278 3398
1887 3278
3278 4029
1687 3278
429 3278
2571 3278
3278 4665
3278 4411
3278 4262
2291 3278
3278 3742
215 3278
3278 3684
3278 4487
3278 3349
3025 3278
1330 3278
1990 3278
3278 4424
1823 3278
59 3278
3278 4505
3278 3601
2815 3278
3278 4757
3278 4257
3278 4561
627 3278
2478 3278
3278 4450
3278 4661
1548 3278
669 3278
662 3278
1926 3278
514 3278
207 3278
3278 4931
203 3278
650 3278
3278 3642
3278 4297
256 3278
3191 3278
3278 4833
1514 3278
990 3278
3278 3366
836 3278
1779 3278
1516 3278
2750 3278
3110 3278
741 3278
3278 4164
2010 3278
40 3278
3278 4013
3083 3278
2520 3278
1135 3278
3278 3900
1494 3278
3278 4178
1092 3278
2605 3278
3278 3916
249 3278
3278 3458
3278 3913
2537 3278
467 3278
1791 3278
3278 3621
796 3278
3278 3415
2122 3278
1160 3278
860 3278
3278 3487
3257 3278
3278 4821
3278 4740
3278 3473
2182 3278
1944 3278
3211 3278
1765 3278
910 3278
1777 3278
3278 4889
3278 3611
3278 4416
1584 3278
1798 3278
3278 4089
362 3278
450 3278
3173 3278
137 3278
3278 4779
3278 4196
3278 4314
738 3278
1163 3278
851 3278
2879 3278
503 3278
1103 3278
905 3278
1675 3278
3278 4629
3278 4796
477 3278
3113 3278
3278 4798
3278 3451
3278 4398
2071 3278
1074 3278
148 3278
3278 3896
1714 3278
2231 3278
210 3278
1280 3278
3278 4864
2375 3278
3034 3278
1668 3278
3278 4959
1100 3278
1192 3278
2649 3278
3278 3389
3278 4825
2331 3278
3278 4497
1255 3278
3278 4401
3278 3376
419 3278
3278 4513
3278 3932
2336 3278
292 3278
2314 3278
2823 3278
1795 3278
3278 3791
3278 3325
338 3278
3278 3574
3278 3949
1297 3278
2139 3278
2417 3278
3278 3372
3278 4140
546 3278
721 3278
1486 3278
1649 3278
3278 3496
3278 3453
2247 3278
1579 3278
1691 3278
372 3278
2804 3278
1274 3278
3278 3517
2821 3278
2838 3278
351 3278
712 3278
1590 3278
3278 4035
554 3278
248 3278
3278 4585
3264 3278
321 3278
1390 3278
1872 3278
3278 4788
3278 4709
1324 3278
1072 3278
1836 3278
729 3278
2824 3278
495 3278
869 3278
3278 4727
874 3278
912 3278
3278 4166
1412 3278
2932 3278
1023 3278
2287 3278
3278 4555
1653 3278
2639 3278
3278 4214
1564 3278
2313 3278
3278 4707
2886 3278
602 3278
2682 3278
1151 3278
3278 3476
3278 4923
3278 4453
1964 3278
855 3278
3278 4060
1529 3278
3278 4051
3278 4565
644 3278
1152 3278
3278 4147
1474 3278
2530 3278
1851 3278
3278 3357
1266 3278
1015 3278
3235 3278
604 3278
1414 3278
3278 4684
3138 3278
2839 3278
2878 3278
3278 3650
3278 3576
315 3278
3278 3908
3278 4554
3278 3779
1933 3278
1875 3278
3278 3703
11 3278
3278 3533
1162 3278
3278 3559
1352 3278
3278 4331
3278 4463
654 3278
3278 4437
409 3278
1112 3278
3063 3278
1868 3278
1087 3278
1619 3278
2471 3278
2026 3278
3278 4775
3278 3444
2666 3278
3154 3278
614 3278
1338 3278
3278 3416
360 3278
3278 3280
2972 3278
3278 4180
1939 3278
211 3278
2783 3278
136 3278
3278 4762
701 3278
2297 3278
3278 4926
3278 4499
2460 3278
3078 3278
1592 3278
2586 3278
486 3278
3278 3430
2255 3278
3278 4469
1340 3278
3278 4181
3278 3758
3278 4994
3278 4405
3278 4478
3278 4956
195 3278
2092 3278
1818 3278
241 3278
711 3278
3090 3278
3262 3278
3278 4258
606 3278
3008 3278
3278 3301
2481 3278
3278 3700
1144 3278
144 3278
2395 3278
2866 3278
2890 3278
3278 4428
3278 3499
3278 3537
104 3278
1569 3278
1133 3278
3278 4705
3278 3671
2173 3278
3278 4737
1844 3278
3005 3278
3278 4091
1 3278
3278 4476
2195 3278
969 3278
2196 3278
421 3278
3278 4648
913 3278
953 3278
1207 3278
1416 3278
2001 3278
1437 3278
3278 3807
3278 3833
3278 4795
710 3278
3278 4107
2390 3278
2149 3278
3278 3776
703 3278
927 3278
563 3278
179 3278
1735 3278
1259 3278
1932 3278
1085 3278
800 3278
468 3278
2793 3278
2391 3278
2798 3278
1839 3278
3278 4284
3278 4904
3278 3561
971 3278
3218 3278
3278 4389
1505 3278
3278 3464
2014 3278
3278 4984
1977 3278
1303 3278
3278 4758
3222 3278
221 3278
2138 3278
428 3278
449 3278
3278 4763
897 3278
2154 3278
2485 3278
1197 3278
3278 4368
3278 3392
3073 3278
2593 3278
1870 3278
1289 3278
3278 4361
1536 3278
2427 3278
3278 4383
325 3278
3278 3948
1642 3278
3278 3816
2361 3278
3278 3639
677 3278
3278 4905
1761 3278
3278 4189
2055 3278
3069 3278
2134 3278
2966 3278
3278 4423
101 3278
2567 3278
3278 3373
2678 3278
1204 3278
2598 3278
544 3278
3182 3278
1946 3278
1819 3278
2499 3278
3278 3459
2475 3278
3278 4233
3278 4027
3278 3423
3003 3278
3278 4480
3278 4806
1847 3278
1585 3278
2450 3278
3278 4206
3278 4716
3278 4184
3178 3278
26 3278
3278 4191
3186 3278
3278 4343
1504 3278
3278 4458
590 3278
189 3278
103 3278
3244 3278
3278 3449
3278 4210
2612 3278
922 3278
1595 3278
1267 3278
2888 3278
490 3278
2996 3278
2301 3278
3278 4785
3011 3278
283 3278
1463 3278
3278 3961
1702 3278
3278 4595
3278 4160
3278 4255
2544 3278
959 3278
3278 3572
3278 3866
973 3278
3278 4002
3278 4968
3278 4780
868 3278
2970 3278
1621 3278
2217 3278
3278 4117
3278 3716
2569 3278
954 3278
1575 3278
824 3278
3278 4121
2924 3278
1643 3278
904 3278
2353 3278
1664 3278
888 3278
3265 3278
2083 3278
3278 4169
915 3278
3278 3798
3278 3887
3210 3278
3251 3278
487 3278
1427 3278
139 3278
3077 3278
3278 4100
984 3278
359 3278
2536 3278
1349 3278
2887 3278
3133 3278
3278 4619
1223 3278
3278 3737
568 3278
2277 3278
1876 3278
2523 3278
3256 3278
3278 4207
3278 4612
3278 3612
3278 4999
2464 3278
1097 3278
2727 3278
3278 4744
1247 3278
297 3278
3278 4899
1686 3278
1577 3278
516 3278
1733 3278
2435 3278
2110 3278
3278 4061
494 3278
2788 3278
3278 3879
3278 3502
768 3278
3278 4858
1115 3278
1257 3278
1196 3278
107 3278
3278 3466
1425 3278
262 3278
255 3278
2577 3278
3278 4055
557 3278
3166 3278
3 3278
3278 4354
2734 3278
2661 3278
3278 4739
3278 4802
387 3278
919 3278
623 3278
3278 3762
3278 3626
2562 3278
1603 3278
693 3278
598 3278
2884 3278
198 3278
461 3278
3278 3977
1930 3278
2131 3278
1659 3278
1444 3278
1874 3278
3278 3300
1769 3278
3278 3686
3278 3510
3278 4153
366 3278
3040 3278
247 3278
3278 4856
3278 3293
2995 3278
1646 3278
3278 3292
3278 3863
3278 4249
1346 3278
1878 3278
3278 3667
3278 4501
3278 4321
3278 4875
3217 3278
1665 3278
3278 3707
236 3278
3278 3799
3278 4564
1732 3278
3278 3507
1553 3278
3278 4281
3231 3278
3278 3641
2643 3278
1861 3278
2337 3278
935 3278
1342 3278
1625 3278
1114 3278
3278 4843
3278 4415
3278 4773
2905 3278
3278 3781
396 3278
2339 3278
1853 3278
2928 3278
2368 3278
3278 4422
3226 3278
3278 4316
506 3278
3278 3587
3278 3380
2797 3278
801 3278
1771 3278
3176 3278
3278 4521
3278 3450
1206 3278
1862 3278
864 3278
2794 3278
280 3278
3278 3308
1128 3278
3278 3706
3278 3599
1948 3278
2429 3278
1450 3278
3278 4932
3278 4420
3278 4493
388 3278
2802 3278
3278 4953
3188 3278
354 3278
2672 3278
3278 4059
2626 3278
1724 3278
3278 4426
3278 4483
696 3278
2945 3278
2227 3278
250 3278
3278 4813
1481 3278
3278 4111
2960 3278
2221 3278
713 3278
1394 3278
2449 3278
1565 3278
3278 3361
3278 4123
453 3278
3278 4443
672 3278
3238 3278
163 3278
1936 3278
3278 3469
1572 3278
3192 3278
573 3278
579 3278
3278 4377
3075 3278
3278 3960
2596 3278
290 3278
3278 4301
3278 4626
361 3278
781 3278
1234 3278
3278 3344
1545 3278
1126 3278
656 3278
3278 4891
3156 3278
313 3278
3278 4919
87 3278
947 3278
1070 3278
3278 3358
883 3278
3278 3335
3278 4680
2771 3278
3278 4936
3278 4442
1945 3278
1212 3278
1889 3278
386 3278
3278 4242
3278 3709
3278 3409
1787 3278
399 3278
978 3278
3278 3934
3033 3278
3278 4101
840 3278
3278 4838
2418 3278
3278 3668
2223 3278
1513 3278
2044 3278
3278 3304
423 3278
1816 3278
257 3278
3278 4143
3079 3278
3278 3888
234 3278
1978 3278
296 3278
2935 3278
3278 4267
2200 3278
38 3278
1376 3278
3278 3821
1105 3278
3091 3278
3229 3278
2252 3278
945 3278
384 3278
3278 4861
3278 3513
3278 4082
3278 3909
36 3278
2680 3278
3131 3278
3278 3532
3278 4797
1683 3278
2988 3278
3278 4461
1383 3278
3278 4755
880 3278
3278 3958
977 3278
3278 3756
2292 3278
3278 4834
3278 4735
1312 3278
1205 3278
1750 3278
1768 3278
779 3278
1544 3278
2377 3278
3278 4983
3278 4664
3145 3278
3009 3278
678 3278
2549 3278
567 3278
1136 3278
3278 3515
3157 3278
1447 3278
2622 3278
3278 3501
3278 4575
3278 3852
3278 4193
3278 3531
1829 3278
2367 3278
1239 3278
2836 3278
2607 3278
464 3278
3219 3278
455 3278
1325 3278
967 3278
14 3278
949 3278
1476 3278
1718 3278
3278 4930
3278 3353
3278 3765
3278 4778
379 3278
3123 3278
3278 4652
640 3278
1245 3278
492 3278
462 3278
2497 3278
459 3278
1884 3278
1672 3278
1058 3278
1328 3278
3165 3278
2540 3278
2712 3278
1796 3278
3278 3597
1263 3278
2167 3278
2338 3278
3278 4349
3278 4674
3278 4562
536 3278
3278 4988
3278 3582
2349 3278
564 3278
1174 3278
1666 3278
173 3278
1815 3278
2234 3278
3278 4188
3278 3608
1999 3278
2990 3278
3278 4971
3278 3803
3278 4634
2579 3278
3278 3983
3278 4914
3278 3991
2803 3278
2095 3278
3278 3851
2015 3278
1327 3278
326 3278
3278 4663
3278 3680
3278 4935
3278 3468
683 3278
2347 3278
3278 4855
3278 3724
2067 3278
3278 3467
168 3278
2029 3278
3278 3720
527 3278
1825 3278
575 3278
1578 3278
120 3278
2265 3278
3278 3555
3278 3730
479 3278
3278 4593
2505 3278
3278 4161
1912 3278
3278 4007
3278 4040
3234 3278
790 3278
986 3278
452 3278
1582 3278
2290 3278
972 3278
1367 3278
871 3278
3177 3278
3278 4108
1056 3278
3278 4455
3278 4224
3278 3443
3278 3511
2548 3278
415 3278
3278 4679
2861 3278
2955 3278
1190 3278
1753 3278
3278 4271
2106 3278
630 3278
3278 4400
688 3278
2244 3278
2023 3278
3278 3312
3278 3327
407 3278
708 3278
3278 3728
3278 4315
3278 4445
1279 3278
3278 4957
3278 4928
126 3278
1276 3278
2319 3278
934 3278
2796 3278
1389 3278
3278 4609
1834 3278
1863 3278
2328 3278
1155 3278
725 3278
2755 3278
2954 3278
3029 3278
1902 3278
2705 3278
3278 4365
3278 3956
3278 3287
323 3278
1184 3278
3278 4348
3278 3605
3114 3278
3278 4144
3278 4175
1335 3278
2459 3278
3278 3985
3102 3278
3278 3436
382 3278
3278 3420
3278 3477
3104 3278
776 3278
3152 3278
3278 4208
1382 3278
2696 3278
3248 3278
1822 3278
1302 3278
1424 3278
281 3278
3015 3278
3278 3646
375 3278
229 3278
1602 3278
2320 3278
3278 3662
3278 3454
2858 3278
3278 3885
2093 3278
3278 4722
3278 5000
1622 3278
3278 3332
1321 3278
2306 3278
2426 3278
3278 4925
1422 3278
2647 3278
3278 4015
2850 3278
884 3278
3278 4519
699 3278
2145 3278
1593 3278
65 3278
3278 3951
1093 3278
1392 3278
3278 4643
2893 3278
3228 3278
3278 4907
393 3278
525 3278
2130 3278
3278 3856
3278 3904
41 3278
2267 3278
3278 4693
2127 3278
2551 3278
1154 3278
1984 3278
3278 4937
190 3278
3278 4069
2259 3278
664 3278
1800 3278
3278 3399
3278 4079
2922 3278
202 3278
3049 3278
3278 3633
858 3278
34 3278
3278 4129
2691 3278
3278 4741
213 3278
2683 3278
3278 3523
3278 3790
2027 3278
1705 3278
2810 3278
1657 3278
1258 3278
3278 3946
3278 3359
3278 3959
2716 3278
3278 3488
1017 3278
3278 4382
1317 3278
3278 4436
512 3278
1609 3278
3278 4171
2142 3278
523 3278
2524 3278
1336 3278
3278 3603
3039 3278
1560 3278
3278 4824
3059 3278
3278 4402
2062 3278
2801 3278
3278 3470
2554 3278
1962 3278
2370 3278
3278 3922
208 3278
3278 3402
2698 3278
378 3278
57 3278
3278 4511
3278 3939
3278 3525
3278 3931
2987 3278
2266 3278
735 3278
2213 3278
3153 3278
3278 4173
2432 3278
3278 3405
2325 3278
3278 3331
3278 4710
3278 4542
1755 3278
2781 3278
1942 3278
277 3278
1793 3278
3278 3434
1347 3278
2738 3278
2477 3278
3278 3692
3070 3278
1337 3278
2828 3278
1098 3278
3278 4970
1616 3278
1835 3278
611 3278
2743 3278
882 3278
3278 4447
395 3278
1673 3278
3278 3528
1637 3278
3278 3620
45 3278
1949 3278
3278 3733
911 3278
1866 3278
1060 3278
3278 4221
3278 3825
1296 3278
1540 3278
1696 3278
3278 3832
3278 4183
2640 3278
2031 3278
2407 3278
3278 3929
3278 3581
324 3278
3278 4896
3278 4829
146 3278
2329 3278
3106 3278
518 3278
1029 3278
1604 3278
3278 4627
655 3278
582 3278
1326 3278
3278 4635
3278 4384
3278 4548
3278 4412
3278 4588
3278 3543
58 3278
493 3278
3278 3556
793 3278
1284 3278
3046 3278
3278 3486
1075 3278
1006 3278
2694 3278
478 3278
2818 3278
1725 3278
2559 3278
3278 4047
53 3278
2926 3278
2137 3278
3278 4713
1104 3278
3278 4522
3129 3278
2124 3278
2808 3278
2388 3278
3278 4945
1273 3278
3278 3375
466 3278
3278 4373
3018 3278
1573 3278
3278 4537
288 3278
666 3278
3278 3316
3170 3278
2206 3278
714 3278
1125 3278
975 3278
2787 3278
2510 3278
2228 3278
3278 3766
1225 3278
3278 4996
2022 3278
3278 4440
3278 4691
674 3278
3278 3673
2630 3278
2526 3278
3278 4618
3278 4704
1562 3278
3278 3867
960 3278
2811 3278
2359 3278
539 3278
1894 3278
628 3278
1509 3278
3103 3278
2637 3278
345 3278
239 3278
1843 3278
3278 3788
3278 4879
626 3278
1101 3278
2032 3278
3278 4357
2198 3278
728 3278
1588 3278
1213 3278
2829 3278
3112 3278
1535 3278
3093 3278
3278 4395
1550 3278
1143 3278
1304 3278
1235 3278
3278 3600
2971 3278
3278 4370
3060 3278
1341 3278
2355 3278
1812 3278
1679 3278
2009 3278
2379 3278
3278 3509
2270 3278
2816 3278
1811 3278
2170 3278
3278 3817
411 3278
2066 3278
3278 3354
676 3278
2679 3278
3278 3431
1855 3278
3227 3278
2393 3278
2720 3278
2556 3278
3278 4004
2235 3278
3278 4502
2859 3278
3278 3793
158 3278
3086 3278
3278 4986
430 3278
3278 3952
2488 3278
444 3278
1202 3278
3278 3290
3278 4374
2404 3278
3278 4868
593 3278
2019 3278
2430 3278
731 3278
3278 3636
983 3278
3278 3672
3278 3846
2748 3278
3278 4003
3088 3278
2582 3278
3278 4396
1615 3278
3278 3658
2197 3278
3278 4790
2629 3278
2592 3278
3278 4536
1377 3278
488 3278
3278 3774
3278 3796
1440 3278
2620 3278
2316 3278
704 3278
2671 3278
201 3278
306 3278
1940 3278
997 3278
3278 4477
1728 3278
2664 3278
2463 3278
484 3278
3278 3828
3278 4490
2973 3278
2814 3278
3278 4943
1485 3278
618 3278
3278 4653
2754 3278
2013 3278
3278 3884
1176 3278
587 3278
3278 4392
3278 3734
344 3278
1332 3278
2977 3278
3278 4870
2005 3278
1756 3278
2034 3278
9 3278
472 3278
3278 4417
2825 3278
2965 3278
542 3278
3278 4344
3278 3990
1754 3278
3278 4800
580 3278
3278 4810
1113 3278
1507 3278
2159 3278
111 3278
3278 3285
22 3278
3278 3723
3169 3278
3278 3773
3278 4837
3278 4886
3278 3294
3198 3278
2778 3278
3278 4379
3278 4467
2927 3278
1242 3278
2303 3278
1173 3278
1558 3278
2585 3278
2040 3278
1012 3278
3278 3619
3278 4142
1277 3278
3278 3291
1369 3278
3278 4408
3278 4299
2039 3278
1557 3278
3278 4590
3064 3278
2484 3278
2164 3278
3278 3493
2162 3278
2074 3278
3278 3596
2937 3278
2012 3278
2552 3278
3278 3393
3278 4543
1147 3278
2894 3278
838 3278
3278 3715
3278 4869
3278 4529
3278 4526
1344 3278
3278 3317
3278 3613
3147 3278
1038 3278
2069 3278
3278 3318
2473 3278
1559 3278
1470 3278
3278 4150
2951 3278
3278 3704
3278 4119
8 3278
81 3278
515 3278
2651 3278
2832 3278
2016 3278
998 3278
823 3278
3278 4494
2360 3278
3278 3404
60 3278
3278 3281
970 3278
1968 3278
2380 3278
1757 3278
3056 3278
3278 4534
3167 3278
1076 3278
3278 4064
607 3278
3233 3278
707 3278
54 3278
3278 4880
2004 3278
2714 3278
140 3278
3278 3782
832 3278
2225 3278
3278 4116
2366 3278
2446 3278
2078 3278
1737 3278
951 3278
1407 3278
69 3278
3096 3278
1712 3278
2082 3278
1751 3278
690 3278
465 3278
3278 3475
3278 3940
3053 3278
3278 3830
2689 3278
270 3278
1365 3278
2507 3278
1943 3278
1952 3278
157 3278
1640 3278
3278 3440
424 3278
772 3278
3187 3278
1905 3278
1614 3278
3278 3795
2116 3278
3278 3407
3139 3278
3278 4019
7 3278
3278 4385
35 3278
2398 3278
2024 3278
3278 4544
2731 3278
3278 4077
3148 3278
2035 3278
3268 3278
3278 3876
3278 4539
3193 3278
3278 4418
2820 3278
1313 3278
2533 3278
1305 3278
3278 4902
559 3278
3278 3521
2192 3278
2847 3278
1715 3278
3278 4686
3278 4696
1490 3278
2059 3278
2993 3278
445 3278
1804 3278
1699 3278
2979 3278
3278 4369
2735 3278
3278 3979
3278 4122
638 3278
2175 3278
2736 3278
686 3278
1716 3278
295 3278
1215 3278
3278 3747
3278 4413
3278 3976
805 3278
3278 4024
1395 3278
50 3278
12 3278
2038 3278
1493 3278
1391 3278
242 3278
2413 3278
2462 3278
77 3278
3278 4313
3278 3461
1645 3278
992 3278
3159 3278
3278 4736
3278 3406
3278 4016
1364 3278
29 3278
3278 3410
309 3278
1252 3278
3278 3695
1746 3278
736 3278
3278 4008
1975 3278
2487 3278
616 3278
3278 4805
2776 3278
1568 3278
3082 3278
263 3278
2125 3278
1660 3278
2461 3278
3278 4933
2595 3278
3278 4524
939 3278
2278 3278
2431 3278
170 3278
3278 4906
3278 4742
1180 3278
1629 3278
1448 3278
1600 3278
418 3278
3278 4849
2144 3278
3278 3972
1731 3278
3278 3994
3278 4877
3278 4723
3278 4683
769 3278
3125 3278
82 3278
3278 4839
1661 3278
3278 3370
159 3278
586 3278
3278 3481
2396 3278
3278 4978
556 3278
149 3278
2522 3278
2440 3278
3278 3391
957 3278
1959 3278
2003 3278
3278 4729
1927 3278
2775 3278
3278 3834
333 3278
2268 3278
3278 4640
2120 3278
3023 3278
751 3278
2702 3278
2917 3278
3278 3384
3278 3429
282 3278
3278 4269
3278 4302
2399 3278
3278 3397
3278 3554
3189 3278
633 3278
2293 3278
138 3278
2669 3278
1951 3278
3278 3710
3278 4803
3278 3529
3278 3810
2741 3278
2646 3278
1265 3278
85 3278
1627 3278
2871 3278
865 3278
3278 4531
1348 3278
3278 4656
1788 3278
3278 3705
3278 4811
682 3278
231 3278
3278 3714
3278 4701
3098 3278
2517 3278
3278 4157
1358 3278
1167 3278
498 3278
1498 3278
1729 3278
982 3278
3278 4566
3278 4816
3274 3278
1708 3278
1492 3278
193 3278
1965 3278
3278 4234
100 3278
2578 3278
3278 4248
3278 3783
440 3278
2740 3278
565 3278
1268 3278
2980 3278
3278 4553
1838 3278
3278 3963
2892 3278
3278 3697
1401 3278
3278 4784
3278 4452
3232 3278
2717 3278
84 3278
771 3278
3278 4327
1690 3278
3278 4809
3278 4324
1740 3278
110 3278
1175 3278
1542 3278
392 3278
1982 3278
3278 4353
3258 3278
336 3278
2260 3278
2930 3278
3278 3302
1495 3278
812 3278
2826 3278
3278 3844
357 3278
3278 3729
2677 3278
3278 4518
854 3278
3278 4728
522 3278
3278 4611
3212 3278
3278 3842
2708 3278
1281 3278
549 3278
39 3278
2312 3278
3278 4520
3278 3580
3278 4294
1633 3278
2525 3278
631 3278
2188 3278
3278 3918
1064 3278
3278 4857
3278 4114
2655 3278
920 3278
592 3278
1270 3278
183 3278
3278 4514
1026 3278
3278 4846
1145 3278
1566 3278
3278 3571
3278 4647
1250 3278
3278 3324
3062 3278
3278 4300
924 3278
2236 3278
2288 3278
850 3278
3203 3278
3278 4607
119 3278
1161 3278
1199 3278
2599 3278
1966 3278
78 3278
5 3278
25 3278
747 3278
3278 3820
1877 3278
2330 3278
3278 4352
3278 3628
1713 3278
1298 3278
1039 3278
3278 3297
3278 4748
764 3278
1888 3278
2205 3278
1380 3278
156 3278
2772 3278
3278 3915
2439 3278
689 3278
2486 3278
355 3278
3278 4371
2849 3278
2104 3278
3108 3278
3278 4433
2645 3278
3278 4516
1404 3278
3278 4427
3278 4222
1989 3278
1896 3278
2112 3278
3278 3679
3278 4670
3278 4884
3278 4760
2264 3278
1610 3278
1700 3278
2992 3278
1697 3278
3278 3403
991 3278
253 3278
3278 3309
131 3278
3278 4992
1461 3278
3278 4765
217 3278
1287 3278
3278 4962
383 3278
1046 3278
3278 3744
3278 4576
1129 3278
3278 4734
3278 4457
1430 3278
511 3278
948 3278
331 3278
2723 3278
113 3278
3278 3503
3278 4572
3278 3752
3278 3808
3278 4434
2628 3278
1519 3278
70 3278
3278 3786
2872 3278
2046 3278
1397 3278
550 3278
3278 4220
1747 3278
1403 3278
3278 3439
2745 3278
2006 3278
3278 3634
3278 4721
1849 3278
3278 4654
1857 3278
3278 4235
1534 3278
254 3278
3278 3337
1468 3278
246 3278
2865 3278
23 3278
929 3278
311 3278
2695 3278
933 3278
1420 3278
2171 3278
3278 4667
2660 3278
2262 3278
1917 3278
804 3278
1003 3278
1524 3278
3278 3480
2479 3278
3278 3767
3278 4006
3278 4345
2943 3278
3278 4571
2299 3278
652 3278
680 3278
3278 4334
625 3278
1157 3278
1929 3278
2155 3278
1703 3278
2625 3278
2295 3278
129 3278
694 3278
2103 3278
3160 3278
3278 4574
1881 3278
3278 4867
3278 4967
1102 3278
698 3278
765 3278
1091 3278
1611 3278
3278 3427
2079 3278
121 3278
3278 4831
615 3278
184 3278
3278 4657
482 3278
3278 3930
3278 4292
20 3278
3278 4972
3278 4041
3278 3394
2573 3278
941 3278
3278 4179
2229 3278
1599 3278
2911 3278
3092 3278
2686 3278
3278 4063
3278 4770
2901 3278
723 3278
3278 3726
3278 4794
2068 3278
3278 4893
3278 3286
1086 3278
2557 3278
2498 3278
1502 3278
3032 3278
3278 3914
3278 3748
2219 3278
3278 4387
3243 3278
1654 3278
859 3278
2807 3278
3278 4658
3278 4676
485 3278
2246 3278
3278 3339
3278 4339
3278 3463
341 3278
2389 3278
3016 3278
3278 4096
899 3278
422 3278
90 3278
3278 3696
3278 4715
2851 3278
3278 4078
3278 3330
3278 3383
877 3278
817 3278
3278 3775
1193 3278
1764 3278
1574 3278
1636 3278
1062 3278
2354 3278
613 3278
2746 3278
3278 4546
2334 3278
2704 3278
3278 4393
2575 3278
3278 4328
3216 3278
896 3278
3278 4042
3278 3428
3050 3278
2545 3278
3278 3590
3278 4578
1720 3278
1628 3278
2128 3278
3074 3278
3278 4974
2309 3278
2700 3278
875 3278
3278 4103
3278 3933
547 3278
3278 4070
3278 4120
2760 3278
2809 3278
1261 3278
1432 3278
3278 3754
2863 3278
3278 4865
3149 3278
3278 4471
3278 4367
3035 3278
2636 3278
98 3278
2189 3278
3278 3936
2833 3278
629 3278
1224 3278
3278 4170
133 3278
756 3278
3278 4310
2405 3278
1396 3278
1552 3278
1082 3278
3278 3514
3278 4496
1310 3278
3109 3278
3278 4481
2502 3278
441 3278
1434 3278
1191 3278
3278 3865
3278 4552
3278 3338
442 3278
2087 3278
3260 3278
534 3278
1555 3278
3278 3455
2253 3278
3278 4159
398 3278
3278 3953
3254 3278
1473 3278
142 3278
2978 3278
52 3278
1361 3278
2565 3278
3278 3637
3261 3278
2317 3278
1210 3278
1776 3278
3278 3882
537 3278
3224 3278
3175 3278
999 3278
2903 3278
3278 4087
3278 3368
3278 4581
175 3278
3278 3970
3278 3753
1251 3278
3278 4602
2831 3278
2161 3278
718 3278
3278 4451
1246 3278
3278 4065
2190 3278
185 3278
3278 4303
2036 3278
489 3278
1146 3278
827 3278
2792 3278
1916 3278
1895 3278
1845 3278
3278 4783
2286 3278
1682 3278
3278 4049
1928 3278
3278 3630
2908 3278
1025 3278
1208 3278
1453 3278
3278 4404
480 3278
778 3278
3278 3685
2363 3278
3278 4950
1914 3278
199 3278
3042 3278
2495 3278
3179 3278
1013 3278
1780 3278
1499 3278
3278 3792
2722 3278
2732 3278
3001 3278
3278 3352
1587 3278
3278 4185
3278 4058
1980 3278
3278 4738
2770 3278
2633 3278
3278 3920
3068 3278
1918 3278
2515 3278
3278 4703
3278 3323
2730 3278
507 3278
2618 3278
785 3278
2283 3278
2942 3278
1539 3278
2909 3278
2644 3278
2063 3278
3278 4322
2749 3278
3278 3731
3278 3369
2203 3278
128 3278
2257 3278
155 3278
3278 3445
2444 3278
3278 3992
3255 3278
197 3278
1054 3278
2327 3278
1405 3278
169 3278
3278 4432
1002 3278
570 3278
3278 3314
1439 3278
233 3278
3278 4793
2445 3278
2989 3278
376 3278
909 3278
2172 3278
2519 3278
3278 3433
3278 4438
4 3278
3278 4767
3278 3551
1694 3278
2900 3278
164 3278
83 3278
2275 3278
3278 4072
2604 3278
2703 3278
1974 3278
2777 3278
1807 3278
1785 3278
3278 4712
3278 4642
1406 3278
320 3278
881 3278
2588 3278
3278 4330
3278 4818
2949 3278
2220 3278
1491 3278
3278 3839
2411 3278
3278 3614
2177 3278
1482 3278
2975 3278
2263 3278
3278 4909
3118 3278
1413 3278
3278 3618
165 3278
3278 3927
754 3278
3278 4586
1956 3278
1496 3278
1570 3278
588 3278
956 3278
274 3278
3278 4887
671 3278
3278 4853
2480 3278
3278 3578
3278 4266
2474 3278
3278 4454
3278 4133
2786 3278
2663 3278
1355 3278
1858 3278
1651 3278
663 3278
356 3278
1786 3278
1960 3278
3278 3567
3278 4672
3278 4535
3278 3422
1832 3278
2769 3278
3278 4362
930 3278
3278 4567
3278 4335
2033 3278
3278 3997
1156 3278
1290 3278
251 3278
2216 3278
1688 3278
238 3278
758 3278
3278 4731
2098 3278
3278 4563
2514 3278
412 3278
3278 3622
3278 4977
3278 4256
787 3278
3278 3666
3111 3278
3278 3874
2813 3278
1963 3278
1131 3278
2699 3278
739 3278
3278 3283
1867 3278
3278 4787
1580 3278
1445 3278
346 3278
892 3278
937 3278
3278 4375
3278 3829
3278 3363
3278 3547
3278 3943
870 3278
3278 3698
777 3278
3278 4286
343 3278
17 3278
3278 4814
3278 4479
3278 3645
3278 4131
3020 3278
3278 3326
3278 3400
1655 3278
1063 3278
3278 4711
3278 4429
287 3278
3278 3801
3278 4776
3278 4227
2959 3278
3094 3278
64 3278
2157 3278
3278 3594
3278 3411
2051 3278
3278 3505
2842 3278
3089 3278
3278 3777
1722 3278
2506 3278
2759 3278
3278 4274
3278 3629
3278 3859
760 3278
2953 3278
3278 3307
2870 3278
3278 4163
3076 3278
3278 3378
1329 3278
980 3278
471 3278
1809 3278
307 3278
3278 4871
2997 3278
2969 3278
2239 3278
3278 4528
1050 3278
3278 4390
1467 3278
1443 3278
3278 3735
1641 3278
3278 4291
3278 3500
3278 4708
3065 3278
668 3278
2827 3278
21 3278
1726 3278
932 3278
583 3278
2241 3278
2401 3278
1469 3278
3278 3412
3278 3530
3278 4388
3278 3823
2590 3278
3278 4844
1137 3278
3278 4920
3278 4276
3278 4946
619 3278
3278 4615
2757 3278
2180 3278
3278 4017
2214 3278
3278 3602
1020 3278
2650 3278
3278 3408
3278 3984
902 3278
3278 4603
2160 3278
3278 3690
2305 3278
3278 4226
16 3278
862 3278
3278 4124
337 3278
3278 4616
1891 3278
1617 3278
3278 3894
2572 3278
3278 3607
469 3278
3038 3278
1417 3278
3278 3989
1882 3278
1111 3278
1967 3278
3127 3278
3278 3586
3278 3552
3278 4009
3278 3841
1150 3278
1179 3278
2941 3278
3278 4851
3278 4675
1576 3278
3278 3923
3278 4488
1033 3278
1158 3278
3278 4632
2921 3278
3278 3522
3171 3278
705 3278
2574 3278
2030 3278
2181 3278
594 3278
3278 3797
1685 3278
3278 4637
3048 3278
200 3278
885 3278
3278 3836
3278 3655
3278 3687
2931 3278
1848 3278
3278 3897
2057 3278
3278 4504
1650 3278
3278 4866
327 3278
3052 3278
3278 3713
3278 3868
2243 3278
3100 3278
3278 4240
2958 3278
3278 4745
1897 3278
1164 3278
1511 3278
2864 3278
3278 4678
3278 4892
2126 3278
3278 3809
2129 3278
3278 4949
510 3278
3278 3520
3278 3512
3278 4774
940 3278
260 3278
1992 3278
373 3278
172 3278
3204 3278
2437 3278
1089 3278
2848 3278
3278 3942
3278 4285
1016 3278
961 3278
3278 3677
232 3278
3278 4545
1537 3278
1408 3278
3278 3419
2753 3278
3278 3518
2610 3278
831 3278
908 3278
2594 3278
3278 4510
3278 4782
3132 3278
2744 3278
2042 3278
2341 3278
408 3278
3278 4960
3278 4080
141 3278
3278 3740
2947 3278
147 3278
3278 4212
2376 3278
3278 4073
342 3278
1692 3278
3278 4237
797 3278
1919 3278
2845 3278
821 3278
1375 3278
3278 3442
3250 3278
3278 4486
847 3278
3278 4230
3278 4688
3119 3278
657 3278
3263 3278
1508 3278
3278 4244
802 3278
42 3278
1318 3278
649 3278
1018 3278
3278 3995
3278 3562
2184 3278
1165 3278
2774 3278
1142 3278
3278 3980
3278 4584
2718 3278
3278 4329
1563 3278
2202 3278
3278 3593
3278 3969
3278 3711
3278 3336
3278 4319
3208 3278
2543 3278
3206 3278
2218 3278
1662 3278
1109 3278
1898 3278
3278 3396
1820 3278
1623 3278
3278 4922
3278 4700
3278 3478
3278 3565
3278 4948
3278 4766
3155 3278
2284 3278
1719 3278
3278 3935
3278 4832
3278 4010
316 3278
636 3278
3278 4842
3278 3864
1186 3278
560 3278
3278 4460
2469 3278
2902 3278
2406 3278
3278 4628
3278 4346
80 3278
374 3278
2621 3278
2986 3278
3278 4638
2701 3278
1021 3278
3278 4622
1810 3278
2146 3278
3278 3987
3146 3278
3183 3278
2402 3278
3278 3321
770 3278
3278 4247
2152 3278
381 3278
2867 3278
3037 3278
2726 3278
2558 3278
3278 4485
2121 3278
2224 3278
3278 3676
612 3278
968 3278
3278 4682
1231 3278
3278 4799
879 3278
289 3278
1630 3278
279 3278
3278 4639
3278 4038
2795 3278
1669 3278
1442 3278
2300 3278
811 3278
3278 3895
1925 3278
3278 4109
3278 3424
3278 4287
1531 3278
3278 3426
3085 3278
437 3278
2372 3278
3278 3319
1530 3278
1099 3278
3278 4154
1052 3278
3278 3974
3278 4039
803 3278
332 3278
1007 3278
62 3278
451 3278
3278 4547
3278 3938
3278 3462
1209 3278
33 3278
1748 3278
815 3278
61 3278
2513 3278
2441 3278
2756 3278
301 3278
3278 4223
3278 3617
3278 3610
3278 4410
2422 3278
3278 4549
685 3278
2819 3278
3278 4363
225 3278
1217 3278
2658 3278
1503 3278
1457 3278
3278 3577
762 3278
3278 3311
2269 3278
561 3278
3278 4624
235 3278
1957 3278
3278 3966
878 3278
3278 3881
2494 3278
3207 3278
2873 3278
1589 3278
192 3278
2249 3278
491 3278
1680 3278
2302 3278
1299 3278
2028 3278
3278 3484
829 3278
3278 4606
3278 4028
3278 4138
834 3278
3278 3497
1168 3278
3278 4558
3278 3651
3278 4232
1357 3278
3278 4277
3126 3278
3278 3625
2438 3278
3031 3278
264 3278
3278 4917
340 3278
3278 4515
228 3278
1283 3278
1181 3278
2822 3278
3000 3278
3278 4934
3278 3674
3278 4733
1873 3278
1656 3278
3213 3278
993 3278
2105 3278
3278 4167
1483 3278
2254 3278
3278 4421
10 3278
3027 3278
230 3278
814 3278
1043 3278
2853 3278
3278 4381
1000 3278
2961 3278
1067 3278
2276 3278
3278 3583
3278 4403
3278 3873
3278 4125
2491 3278
298 3278
3278 4604
3278 4046
2298 3278
1243 3278
3278 4991
303 3278
1400 3278
72 3278
1362 3278
171 3278
3278 4325
2332 3278
3278 4863
2561 3278
722 3278
3278 4219
3278 4885
1742 3278
1034 3278
3278 4268
3278 4901
942 3278
1828 3278
3278 4645
3278 3644
3278 3712
3278 4203
2324 3278
3278 4826
1323 3278
2994 3278
918 3278
3278 4569
2279 3278
724 3278
2944 3278
1233 3278
1846 3278
413 3278
1986 3278
1684 3278
2690 3278
3278 3654
3278 3623
2448 3278
1095 3278
1631 3278
161 3278
1840 3278
3278 4056
3278 3350
1188 3278
3014 3278
3006 3278
3278 4583
1203 3278
1378 3278
1991 3278
1790 3278
3278 3999
1094 3278
2492 3278
1028 3278
2885 3278
3168 3278
3278 4939
258 3278
2913 3278
3278 4591
2333 3278
1701 3278
609 3278
3278 4076
3246 3278
3278 3474
3278 4681
3278 3356
1775 3278
3278 4954
3278 3924
3278 4071
955 3278
3141 3278
390 3278
1409 3278
2308 3278
3278 4057
1320 3278
30 3278
446 3278
1998 3278
2733 3278
3278 4540
2381 3278
962 3278
435 3278
3278 3860
2713 3278
63 3278
2322 3278
1044 3278
3278 4407
3278 3548
1841 3278
1624 3278
3278 3553
3278 3545
1607 3278
1670 3278
3237 3278
3278 3669
1230 3278
3278 4969
2936 3278
3278 4462
3278 4033
1973 3278
1704 3278
3278 4182
46 3278
3272 3278
2553 3278
3278 3903
3278 4980
3278 3550
2897 3278
2383 3278
3278 4149
2681 3278
3278 4484
2132 3278
548 3278
335 3278
3278 4659
3278 4018
994 3278
3278 4630
1471 3278
3278 4666
3278 4724
1081 3278
3278 3998
1456 3278
2915 3278
151 3278
329 3278
2210 3278
3278 4399
48 3278
3278 3741
1399 3278
3278 4127
1677 3278
3022 3278
3278 3880
3278 4817
3278 4592
3278 4650
3278 3670
2974 3278
2642 3278
2061 3278
976 3278
3278 3738
744 3278
717 3278
3278 4011
1308 3278
1291 3278
789 3278
2258 3278
2724 3278
1752 3278
1634 3278
94 3278
3200 3278
3278 4671
1398 3278
3278 4897
3278 3568
174 3278
2458 3278
2296 3278
3278 3789
367 3278
2635 3278
3278 4317
1134 3278
1547 3278
116 3278
3278 3663
3278 4772
3278 3665
732 3278
2899 3278
3278 4456
1220 3278
2895 3278
3278 4789
3278 4190
3278 3508
1438 3278
3278 4472
427 3278
605 3278
667 3278
2846 3278
1140 3278
394 3278
1053 3278
457 3278
740 3278
3267 3278
130 3278
3278 4093
3278 4859
1826 3278
3278 3640
1172 3278
2191 3278
2350 3278
1068 3278
3278 4942
621 3278
1995 3278
2285 3278
3278 3549
3278 4882
2232 3278
3120 3278
716 3278
3278 4253
3278 4052
3278 4306
3278 4557
890 3278
3278 4854
2356 3278
3225 3278
3220 3278
1148 3278
3278 3886
2408 3278
2345 3278
1817 3278
2806 3278
27 3278
3278 4660
3278 4876
117 3278
47 3278
1813 3278
285 3278
2529 3278
166 3278
447 3278
3202 3278
3278 4580
3221 3278
3278 4239
3278 4690
3278 3303
1301 3278
1969 3278
2289 3278
3269 3278
843 3278
3278 4280
1363 3278
3278 3560
3215 3278
180 3278
1185 3278
1189 3278
2508 3278
647 3278
3278 4444
3278 3772
2256 3278
578 3278
3278 4777
448 3278
1981 3278
2054 3278
2496 3278
1597 3278
1451 3278
293 3278
91 3278
3278 3827
521 3278
3278 4621
3278 4633
1477 3278
124 3278
1449 3278
3259 3278
1080 3278
3278 3755
2667 3278
3278 4597
1681 3278
3278 3898
2653 3278
318 3278
3278 4355
3278 3345
1745 3278
3278 4176
2076 3278
2425 3278
319 3278
1487 3278
218 3278
2707 3278
3278 4110
3278 3341
2967 3278
3278 3494
2665 3278
2410 3278
767 3278
2685 3278
3278 4148
294 3278
1546 3278
1117 3278
3278 3417
2968 3278
1415 3278
599 3278
3136 3278
1226 3278
3278 3736
3278 3284
1106 3278
3002 3278
1533 3278
3278 4372
2962 3278
2728 3278
1583 3278
702 3278
122 3278
819 3278
1784 3278
3021 3278
1123 3278
1632 3278
3278 3907
3081 3278
545 3278
3278 4559
3278 4333
1418 3278
889 3278
1900 3278
95 3278
2765 3278
2939 3278
873 3278
2021 3278
3278 3579
679 3278
1763 3278
3278 4677
917 3278
3278 3805
102 3278
1237 3278
842 3278
3278 4993
3278 4804
989 3278
3278 3761
3278 3968
3278 4194
2503 3278
3278 3310
3278 4074
3278 4500
750 3278
2547 3278
3278 4397
3252 3278
1169 3278
1762 3278
901 3278
3278 3722
1488 3278
816 3278
3278 4694
1036 3278
439 3278
944 3278
3278 4336
1419 3278
2933 3278
1676 3278
3278 4985
2516 3278
222 3278
3278 4290
2564 3278
96 3278
1014 3278
3278 4489
2248 3278
2883 3278
2528 3278
2272 3278
1019 3278
2763 3278
866 3278
265 3278
808 3278
3278 4759
2791 3278
3028 3278
127 3278
1830 3278
330 3278
259 3278
3278 4031
143 3278
3278 4156
1379 3278
3278 3784
403 3278
795 3278
555 3278
1221 3278
3278 4215
3278 3890
1915 3278
3066 3278
2632 3278
639 3278
3278 3683
1194 3278
2950 3278
3242 3278
1709 3278
368 3278
369 3278
108 3278
3024 3278
2476 3278
194 3278
1976 3278
3278 4439
3278 4020
3278 4582
3278 4000
1947 3278
2385 3278
3278 4296
1904 3278
504 3278
996 3278
2697 3278
928 3278
2725 3278
3278 3425
661 3278
67 3278
3278 4177
3190 3278
3278 4391
3278 3812
404 3278
3151 3278
3278 3374
2501 3278
2403 3278
66 3278
310 3278
900 3278
3278 4890
1166 3278
436 3278
49 3278
112 3278
1860 3278
3278 4085
237 3278
1350 3278
660 3278
1339 3278
1799 3278
2111 3278
3278 4631
425 3278
3278 3355
3278 4360
3278 3490
1522 3278
2165 3278
1436 3278
2148 3278
3278 3804
2868 3278
1520 3278
3278 4112
2527 3278
3278 4852
1924 3278
1253 3278
589 3278
2357 3278
2768 3278
2169 3278
1334 3278
3058 3278
3278 4714
76 3278
417 3278
3278 4662
3278 4425
1410 3278
3278 3892
3278 3982
2346 3278
2163 3278
3277 3278
3278 4459
2335 3278
1024 3278
572 3278
2245 3278
3278 4512
385 3278
2601 3278
3278 4209
2118 3278
3278 3691
93 3278
271 3278
3278 3592
1260 3278
2766 3278
1216 3278
1240 3278
3181 3278
1658 3278
2311 3278
2670 3278
3278 4697
3278 3843
350 3278
3278 4128
438 3278
2281 3278
2351 3278
299 3278
1219 3278
755 3278
3214 3278
3278 3745
3278 3802
2674 3278
3278 4749
1663 3278
1027 3278
1801 3278
2840 3278
3278 4135
946 3278
569 3278
2874 3278
670 3278
3278 3937
1885 3278
2779 3278
3278 4888
3278 3769
1736 3278
3278 3858
3278 3472
1373 3278
2211 3278
2020 3278
3278 4754
1311 3278
3278 4753
2466 3278
3278 3787
1738 3278
1859 3278
1510 3278
3278 3872
3278 4261
3278 4998
3278 3889
3012 3278
3197 3278
1011 3278
3278 3482
822 3278
2692 3278
775 3278
1741 3278
3278 4527
426 3278
3122 3278
1322 3278
2673 3278
3278 4279
601 3278
2493 3278
893 3278
2880 3278
2539 3278
3278 4912
220 3278
3278 3964
727 3278
1333 3278
3278 3624
540 3278
3135 3278
3278 3648
2420 3278
620 3278
2002 3278
2751 3278
1674 3278
3278 3708
2416 3278
2891 3278
1985 3278
1783 3278
3278 3489
3278 4560
3278 3631
3278 3606
3278 3558
3278 4470
3278 4685
2077 3278
1814 3278
1141 3278
715 3278
2318 3278
2100 3278
204 3278
3278 4273
2817 3278
3278 3616
2706 3278
773 3278
177 3278
3278 4228
1500 3278
856 3278
3278 4283
2304 3278
1517 3278
1292 3278
3095 3278
1293 3278
839 3278
3278 4195
2151 3278
1294 3278
3278 3591
3278 3840
2056 3278
3278 3418
3278 3664
3278 4916
3278 3719
1842 3278
3278 3334
852 3278
3030 3278
622 3278
653 3278
3278 4532
3278 3824
3278 3498
3278 4139
2566 3278
505 3278
1797 3278
1695 3278
1518 3278
3278 4062
532 3278
1121 3278
