5000
[)]([][([]](]([)][][)[(]([(]]][(](()])[([](()[))]])]][]]](])[)([[(]([(]][[]][)[)]])[[([[](])])))()))[[)))))([[)[])(][[([(]])][))]))])((](([(](]))[)))[[[[)[]((([)[)(()(([](]]]))]]()[]()(])[)][)()][)[((]([]())][])[[))(]]()]]][[[[())))])])[([)[][([][[(][[([[(](()()[](()[][[)[[[))[[]])[[](([[[])((]((()(([()(][)][]][))](]])[([]]][((((])[[)(][()[[][]]([(]))[(])])()((])([))[[))]](()]]]][))](])[()()(]][](([(]()([]))[[]])[())](][([][(]]](([]]]]](]])([)([[)[][()][[))]()()[]]([[[][[)[)])])]))[[[(](([)(()))[)])((()])])())])]([[]))(([]]](][])))(()](]))((]]((][[)[((]()(]][]])([((][)[])]][][)[))([()]])][)[][))(])][[)]][)())][]()((([[)[][[[[(([([]])]]))][]]](])][(][][)([][[)(]][()([[[((]()(()][()[][][[)[[]]([]][)[([)][]])()[][]((([[]([[([][])))))[](]]))[])))[[)([[(()[(]))))[([(](][[](]])(](([[)))[][[[))))[]]))[)](([[])][)]()([](](([(]]))])[)((()([]]([))[(((]](()([)[][(]])][][]]][[)[[)()])(]]([)(]))[()([[(]]]([([[])[()]()][())]([[()))))(][]]([][][([[)(]]]((][[)(]]])(()[]))[()[)())[([(][[]]((]][)[]])(([][][[[](])[]])[][[([])[)][[[)()](]([])]()[[[))]]](())][])(()])(]]]([[[)]][()([)[[][)[))]](]()[[])]([]([)[()(](()()]])))[])[)([)))[]])([()][()[]([))](()]())[(](((]((]][([)(([())][](((([]()([][]][)]((][)(()([[][()()]()()((]]](]((]]((]))[([(]]]))[)][(]()])[))[(()[()))([((])[(]()])()][([[)]](]))([(](([)[(]]]][[]([()])[)[](((]()][[)(][[[]]]([[](]]](])[[[([)[[[()[[(([(]](](((][[[])][(][]([((]][]]])(][))[[]]]])])]([)])(]()))))(([)]](]][[)][(][(]])]][[]))]([[]](])][])]([]((()()]])]([)[)[[())[[)[](]]](]]([][)](][)([[])]((])(())[]))[])]()))]([)]([[]][))][)[[[[]]]](([((]([](]](][[(]]][)(]][)]()([()))(((]([)[([]([[([][]]][[])))[)([)[[)][]]]()[[]]]])])((])()))(([(((((][[([([])[)][)]])]((([[](])()[[]][(])[([(][)()()(])[]]](]]))[)[](])[())]([[[([)(][)])(()][)]])[)(]]](())[])([)[)[[(])])[][[)))([[[((([])[](())])](](((((]](([])(((([][))[([()[[[)]]()(])(([)[((]([]([[)][[))[](()(()([()](((([][])[))[]]))[](([])[]]][[[)))[[]((][[]][[)()[([)])[[([)[))[]([]][)(]][(([()]]]]][()[)[)((((][[([]]](]))((][[])[[(][[](][[))[[([()[[[)])][([))[()[[][([([[)]]((]]))](())(]([[([[(])[)](()]([(])()(())]])))][)][([)[[[[(][][((()])][)((]()(][]][[)]]()[[[(()([])]((][([()[()]][[)(([[(]]((](]]]()]][())()))([][][))([](])()([([(]][[)][)]()]([)[(()])([)(([[(([([[([([)[]]])])([)(](]([()]]]])]][([)([)))[)([)()]]]]))([[][)([][(][()([)()(]](]])[][))))]][([[[(](]]([]]][])[(]]))(]]((()([]([([)[)(([[)]]))][)(])[[]](]([()()))[[[]][[([][]][[[)[)([())(([[)]]([])))((()][([[]][((())[[](]][[)[((]]]])[(](((((]([(][))][)[(][[)])[(([[]][)][(]]]((((])[))(]][()((][]()(([]]][[)][)[[[)]()][((())()])][[)[[[]]()(]]([[()]([[[)[[(]]((([([)[))[)])[[()(()[]]]()][(][(][[)))(])]()()]([])([[)[()))((((]])()(]]])[))))]()]])]))[]](]()()][[)(]](]]]][)[[[([[)]])][]][)[(][[[[())()(]))[([)(][(([()(]())(]([([[]([][(]())]((]])[[)[][]][((((][)]])(])(](]))])][])(][[[])][)[[)]]]([)[)]]]]]]])](](()()][())(()()(])(])()([[((]((((([)))))[]())]))]()()[)])]()]]])(]))])[)(]](]][()(]]()]](]][(()[)[][)))][[[())(]()]())])[[][(]([([))])]]]][)])[][]])][][])](((]][[((][())[(])((])([)())][[)[][)]([[())]](()][)[(((()]]([)]((([)])([])(][]([))](][](][)(([[[[)[((]())[)[()([[)][[]))[])()[])[[(][[([)(]())(]))(][])[][(]](]]](([(](()[[[[[]][[]]]])[])]])(]([[][]]()[)])])[[]([]()()[])([())(([]([[[[(][((]])()[[(([()(([((]((([](]]((]]))]()(][[[)(])][(([[)]]([()](](](())()[]())((])([]])[]((][()[)])[)][(](]]([]](]]))])()]()])]][]))[])[(]((()[])]]([[[]((][)])[)[[[][)[]]]](][(([(((()[)()(]((]]](][][)((][])(](]([[]][(([][(((][()]]([(())([[(]]][[))()[]]()())])([)](]([](((]([(]]][)][)))())[[))[)[())([[([)]([][](]((]]([]])[))]))[[])](([[([[]))([()[[[([]()]()]][)]](][()([]][(()](][)][()](((]((((](]][[(][)()[]))[([()][(]([)[[[)]((])]))))[)[([]])(][(][))([]]()[]]))[[[()[)]()(]](]])([((]([)()))([)][([][)][[[(][[][((([)])(][]))[[[))]([())]][([[)][)])))[[]))((][()(]]())]()](]])]]()(]))[[(][]))[])[()]](][]()())([)(])[[][)([]][)]][][[()[[][([()]]][]([[[)](](()[)(())][)[])(]][(([([([](()[)[)[()[)[))]([[)[()))))([]]([][(([)(]))[(())())[]]))))]())([[([)()])]([[[))][(([][))](])]([[])))[[)])]]()]][)[)([(()])([(([())])((()[()([])[[][)][[][()[)][))[[][[)(()[[()[]))])](([(])]][]]])]]])](][[]))]]]))((](]))(][[(]()(()]))])[)()(](][()]]]([[[)))))][[]]])[)(])(()[([((((]([](([([)(][]()[(([[[]([[]([[)[[]([](][[]][(]))[)[(][([))))])[[))[]([(()]]][]))(]])(]([[)(())[[(([]()(())()))](](]()][)][([)[[([)]])](()))][)[(]()[[(][((([))(())()(](](]]]]][[[)())[[[[]()]]())((][][[)]))][([)([][(])(]][]((]()])][])))][(])(]]])[[]])][])[))](]]]])[]]((][)()(()(()]])]][)(]]]()][)[][]]([[(([[[])]]]]][(([))[)(()()())[[][[)[()[([()))])[)([)[(]]]([(])[((]([(([(]))[[]))()[[(((])(]]])[(]](]((]][(])([)(([](((])]()])][(])[(]]))[[)[])((([([)((())][]([][)[)[([[[[]([((]())(()(((])[[]((()]([)([](([[(][()[))(()]([][((]]))[(]()[[(()]([])])[)[]])[(](())[]()((])[)[)))(]])(()())]])[[])(]])())(])])[))(([]))](])]]])))[]()](][))((][])]()[)[)[)()[(()[[[))[[[)[[(][][[()[)]][()[]]][])[(()[([[(([)(]]]]])])[[]]][)([()[[])]](](]]]](])[[)())))[])]][[(((][()[(][[[(]()[[)[[]])[([())[(][([]](((])[))](])[]](((]][[[[)
1468 1816
1816 2242
1816 3268
1816 2974
566 1816
282 1816
1816 3255
1816 2553
1816 3661
944 1816
1816 2248
951 1816
1816 4556
1816 3657
1816 2880
1037 1816
1072 1816
1816 1871
1816 1825
1205 1816
1816 4398
1816 4081
1440 1816
1816 3264
1816 2677
1816 3705
659 1816
1816 3254
1816 4280
1816 2738
1816 2645
1816 4833
1816 3711
1816 4072
1816 4805
1816 4255
1013 1816
262 1816
1816 4879
1816 2212
1816 2737
1816 3265
1816 3283
1816 2562
1816 2547
1816 4397
1816 3908
295 1816
1816 2394
1816 1860
1816 4504
554 1816
1232 1816
1816 3941
342 1816
1816 3019
1816 4985
1762 1816
1657 1816
279 1816
1816 3871
1816 4288
1816 2277
1816 4222
1816 2513
1046 1816
292 1816
1359 1816
1816 4532
1262 1816
851 1816
739 1816
1361 1816
1816 3602
1816 4160
909 1816
1816 3313
1816 3731
1816 2211
1322 1816
1816 3158
108 1816
1816 3128
1816 4753
1611 1816
1816 4907
1816 2826
1185 1816
1816 2306
1816 3534
656 1816
1816 4747
1203 1816
1816 3948
1816 2972
870 1816
1816 3465
1027 1816
1816 2280
1816 4606
389 1816
1174 1816
762 1816
1816 2399
1816 4383
1816 3314
418 1816
941 1816
1816 4904
1816 4611
1816 3495
162 1816
1816 2145
1000 1816
1379 1816
1816 2351
863 1816
1816 3383
1816 2931
1816 1902
1816 4591
1816 3513
1816 3322
1816 3299
1816 4912
1816 4528
1816 1893
1816 2482
79 1816
1816 3853
1816 1869
1808 1816
1816 4252
1816 4089
1816 4634
1816 3959
1192 1816
1816 2612
1499 1816
1816 4855
850 1816
1816 3129
1816 3909
1816 3079
1816 2315
1816 4640
1816 3994
1816 2327
1028 1816
1736 1816
1816 4487
1816 3333
1816 4819
1728 1816
302 1816
1816 4501
1816 2017
1575 1816
1816 4700
1816 3004
1816 4908
525 1816
1816 2068
1816 3747
1816 3673
1816 2740
1816 2021
1366 1816
1816 2503
1816 4919
1816 4914
1516 1816
1816 2475
1816 3866
38 1816
1816 2028
860 1816
1816 3707
195 1816
1816 4804
1816 3123
1816 3911
1816 4989
1816 2406
1816 2286
881 1816
1816 2863
1816 4096
1816 2699
1816 2384
1816 4129
1216 1816
1816 4079
1816 4130
989 1816
1816 3808
1816 3931
444 1816
1816 2133
1816 3814
1679 1816
264 1816
1816 1833
1319 1816
1816 4972
1816 2146
1816 4349
1816 4773
1816 3100
1816 2971
1816 2117
1816 2447
993 1816
1816 1839
1407 1816
968 1816
1816 4446
1816 2661
1816 4135
1816 3064
1004 1816
420 1816
1816 2994
1816 3597
1816 4890
522 1816
1816 3521
1720 1816
1816 3427
1816 3462
933 1816
433 1816
1213 1816
723 1816
1816 3876
835 1816
1801 1816
1816 3429
1816 1944
1816 2217
1816 3242
1816 4785
1816 3428
1816 3033
1816 3753
1816 3966
1717 1816
1816 4674
1816 2326
363 1816
1816 3152
1816 2535
1816 4746
632 1816
1583 1816
648 1816
1816 3329
1816 2697
1816 3721
169 1816
1816 3143
572 1816
1816 3288
1816 2192
1816 4724
1816 3820
1816 2891
1816 2108
1816 3309
1816 4956
1816 3770
1816 2215
1432 1816
1816 4968
170 1816
1816 3454
1816 2025
1816 3351
1327 1816
1816 4219
1816 4392
1816 2950
1816 2619
1816 3062
1816 4498
1804 1816
1816 1829
1816 3051
1816 2236
1816 2291
1816 2631
42 1816
321 1816
1201 1816
1816 2087
1816 2923
1506 1816
639 1816
1816 4400
1816 4110
1816 4526
1816 4460
1816 4712
513 1816
31 1816
670 1816
1178 1816
1743 1816
958 1816
1816 2391
1193 1816
615 1816
1816 4752
1816 3712
493 1816
1816 3620
1816 4980
1816 3432
1816 4646
1816 2005
1816 3104
1816 3232
1816 4362
1816 4277
679 1816
1816 2111
1816 3958
240 1816
508 1816
89 1816
1816 2252
1816 2367
1816 2199
1816 2643
436 1816
1816 3803
1816 4557
677 1816
1816 2560
1816 1903
1816 2053
1816 3411
1816 4839
1816 2656
1816 1891
1816 4035
164 1816
605 1816
1816 2432
1266 1816
1268 1816
1675 1816
1816 3830
1816 4115
348 1816
1474 1816
1438 1816
1036 1816
1816 2191
1816 2936
1816 4714
388 1816
1816 4680
1816 4934
781 1816
1816 2207
620 1816
637 1816
1816 4401
1816 4016
153 1816
1190 1816
1816 2673
1816 3217
1816 3395
1816 3892
961 1816
1816 3922
1816 2858
1816 4841
1746 1816
1816 4099
157 1816
1816 2197
1816 2709
1243 1816
1816 4467
903 1816
1411 1816
1816 2939
1816 1894
1816 2958
1080 1816
1816 4938
1816 3243
1816 3981
1816 1848
1816 2657
487 1816
1816 3921
1800 1816
1816 2759
1816 1989
1816 4875
1816 2543
1816 1840
148 1816
1816 3444
1816 4568
1816 4486
932 1816
1816 2582
1434 1816
4 1816
1226 1816
1816 4027
1816 2308
528 1816
519 1816
1816 2360
1146 1816
1816 4090
1816 2575
1816 4911
1816 1984
1816 4076
1816 4174
1816 4877
1772 1816
249 1816
1816 3752
1816 3694
1816 4038
1816 4052
1816 4250
1527 1816
1816 2425
1816 4859
1816 2234
1816 2101
1816 4013
1609 1816
203 1816
1816 4757
1816 4677
1306 1816
1671 1816
1816 2603
1816 3996
1816 3053
1816 4631
1816 2668
1633 1816
1805 1816
1816 1861
1816 3859
1816 2593
1816 2250
1816 2782
1816 2969
1816 4317
1816 3522
1816 4963
839 1816
988 1816
1816 3701
1816 3561
1816 2565
1816 2583
1816 2181
536 1816
1816 3995
1712 1816
1816 3122
1816 3828
1816 4136
465 1816
919 1816
1816 2852
1816 4510
491 1816
1816 2573
1236 1816
767 1816
1231 1816
1816 4831
1816 4286
1816 3569
319 1816
1816 2964
1816 1909
638 1816
1420 1816
1773 1816
490 1816
1816 4749
1816 2385
549 1816
1816 2731
1816 3076
1391 1816
1549 1816
1310 1816
1816 3245
202 1816
1816 1957
1816 1935
561 1816
1816 4146
386 1816
1101 1816
1488 1816
1816 3396
1816 3717
1816 4961
776 1816
1816 2485
1816 2843
24 1816
1816 3106
1032 1816
1816 2935
1816 2159
1816 4543
1354 1816
1816 1963
570 1816
1816 4754
1816 4445
1164 1816
374 1816
1816 2571
1816 2808
1816 2172
1816 3301
1816 3880
1816 4078
1816 4894
1816 4720
1816 3352
1816 4945
1793 1816
1816 4997
700 1816
1816 2594
1816 3977
1816 3162
668 1816
1199 1816
832 1816
1333 1816
1816 3077
1816 2802
1816 1988
1816 3405
1724 1816
1816 3515
1816 3145
176 1816
1816 4377
1816 2943
1360 1816
1816 2542
1816 2884
1816 3345
812 1816
1816 3424
40 1816
1816 4595
1816 2976
805 1816
1816 3692
1816 3761
56 1816
1816 2680
1050 1816
1816 2866
1816 2323
1816 4569
643 1816
1816 2112
1618 1816
1816 4925
1816 3111
852 1816
1816 3210
1816 3596
1816 3040
954 1816
1816 4561
1755 1816
1522 1816
1816 4823
1816 4533
1816 2774
1816 3131
1320 1816
1816 3599
1816 2781
1816 4993
1816 2292
854 1816
1816 2275
1365 1816
531 1816
1665 1816
1816 2577
1816 2491
1816 4798
1816 2758
1816 3947
1816 3674
1816 3727
1816 3404
1816 4871
299 1816
209 1816
1816 2881
1816 2008
1816 2722
1816 4474
1816 3982
172 1816
1816 2333
1816 4153
1816 3370
221 1816
1450 1816
1816 4060
1816 2501
1367 1816
1816 3894
1816 4443
119 1816
1086 1816
1816 3976
1816 4592
1816 4769
1077 1816
1580 1816
1816 4117
521 1816
1816 4881
743 1816
1816 1867
1816 3102
1816 3685
1816 4466
1816 4091
1816 4022
1816 2595
349 1816
63 1816
1816 3633
11 1816
1816 2174
1816 3155
1816 1865
1816 2701
1816 4297
1816 4390
1816 2452
1816 4778
1816 4650
53 1816
332 1816
1816 3182
577 1816
1585 1816
1816 4958
1289 1816
1816 4075
1138 1816
1816 2027
1816 3606
1816 2654
1021 1816
1157 1816
1816 2806
1816 2718
1816 2296
271 1816
553 1816
702 1816
1644 1816
1816 4597
1816 3640
1816 2179
1816 3837
1244 1816
1816 3096
545 1816
1816 3775
1464 1816
1816 2938
297 1816
1816 4047
1816 2956
1816 4596
1816 3172
1816 3846
114 1816
1816 4073
824 1816
1816 2055
1280 1816
1222 1816
1816 2727
1816 2796
1816 3084
1198 1816
1816 3021
1816 3042
1816 4824
1816 4809
1714 1816
1816 4988
68 1816
1816 1914
1816 2509
1066 1816
978 1816
1816 3818
1816 3695
337 1816
1816 3093
1816 2434
1816 2086
1816 4376
1816 4817
865 1816
1816 4978
1816 2273
1816 1947
1816 4441
843 1816
1816 4472
1816 4384
1816 4649
1052 1816
94 1816
1816 2450
1816 4790
1816 2135
645 1816
1816 4181
1816 2297
736 1816
1394 1816
1668 1816
1816 3638
1816 4796
1816 1937
1816 2913
1816 3194
1816 3824
317 1816
1639 1816
1816 1975
611 1816
1816 4669
1816 3511
1816 4865
1816 2683
924 1816
1753 1816
837 1816
405 1816
1816 2763
1816 2667
1318 1816
1816 2820
1816 4198
1816 4849
1816 4481
1816 3275
1325 1816
1816 4802
1816 2088
1816 4077
1816 2609
1816 2256
1816 2037
1816 4570
459 1816
1816 2015
1816 3450
1816 4125
71 1816
1816 4276
1816 4321
1816 4703
1816 2757
1469 1816
1617 1816
1816 3151
1816 2046
1312 1816
485 1816
950 1816
1816 2032
1816 2876
1816 2749
1791 1816
402 1816
1816 2937
1088 1816
709 1816
1816 2537
1816 2997
466 1816
1750 1816
422 1816
1816 2717
192 1816
672 1816
1816 3097
1816 2467
1799 1816
1816 2023
759 1816
1816 2877
1816 1877
13 1816
1816 3308
1816 3368
1816 3840
1816 3221
1816 3193
303 1816
1816 2329
268 1816
1816 4088
1294 1816
1228 1816
1816 3771
448 1816
1816 4127
1816 4032
1816 4001
810 1816
1684 1816
1816 3433
1816 4775
1816 2508
1816 4525
592 1816
892 1816
518 1816
82 1816
1816 3827
1816 4530
1816 4388
1816 4415
384 1816
1816 2586
1816 2483
1816 4453
673 1816
1816 2415
1022 1816
1274 1816
1816 2104
1816 2986
1816 1993
1816 4600
1816 2169
1816 2929
584 1816
1412 1816
1816 1857
1816 4922
596 1816
1816 3724
1816 3458
1816 3468
573 1816
1816 4607
1447 1816
1816 4731
751 1816
39 1816
1599 1816
1816 3861
185 1816
27 1816
594 1816
1816 3920
1816 2987
1217 1816
785 1816
775 1816
1816 2707
1816 3843
1346 1816
397 1816
1816 4168
1816 2076
1816 4721
760 1816
1816 2048
1816 4149
1816 3607
1816 4226
1816 3756
1816 2589
360 1816
1816 2812
1816 3147
1816 3848
1816 3580
1816 1946
1816 2579
681 1816
1816 4928
1816 4624
1436 1816
1680 1816
1816 3451
1816 4214
1581 1816
1816 3250
647 1816
1816 2724
1816 4610
1816 2412
927 1816
188 1816
1233 1816
1816 1835
1816 2815
1797 1816
1816 3121
1816 2794
1816 2530
1816 2998
1483 1816
797 1816
1816 2285
1816 1895
1816 4675
1816 2856
1816 4102
1816 3066
1816 4965
571 1816
1816 4296
899 1816
845 1816
1816 2621
1816 2396
1816 2620
1816 2339
1451 1816
1816 2921
1092 1816
1816 4644
1816 4835
3 1816
1102 1816
1561 1816
1816 1864
675 1816
1816 3582
1816 3856
1816 2708
1816 4236
1816 3669
1816 2681
1704 1816
1816 4932
1701 1816
83 1816
891 1816
1816 4141
1816 3354
210 1816
1816 4399
1816 4378
1816 3928
499 1816
1300 1816
1816 3726
1816 3274
1816 3381
722 1816
1816 1890
1816 3592
1816 2140
1816 2960
1370 1816
339 1816
1816 2511
1816 3163
771 1816
1816 4058
1816 3002
1816 3703
1816 2083
1816 4743
130 1816
657 1816
1816 2827
1816 2754
1386 1816
471 1816
1816 4549
412 1816
976 1816
1816 4233
1473 1816
1816 4572
1351 1816
1816 2652
1816 3364
1287 1816
613 1816
1816 2765
1816 4886
1816 2130
1816 3715
1296 1816
649 1816
1816 3842
1480 1816
1816 1849
1816 3584
1816 3608
1816 1822
1114 1816
1816 4217
1079 1816
1816 4707
1816 2669
779 1816
1816 3683
1604 1816
1816 2382
1363 1816
5 1816
505 1816
1816 2301
698 1816
1816 3774
1816 2659
1816 2838
1758 1816
1816 4544
1816 3356
1816 2601
1816 2664
1816 4238
1816 3445
1816 4112
1816 3886
1816 3989
1816 2466
1816 4247
280 1816
1816 2185
1816 2764
1816 2335
1816 4995
1816 2730
1816 3893
1816 3967
1816 3034
1816 2793
642 1816
1816 2178
1816 2527
1626 1816
1816 4799
12 1816
1816 2420
1816 3156
621 1816
1612 1816
1816 2934
1816 2729
1816 2080
1059 1816
1816 3651
1816 4263
1816 3960
47 1816
1816 4711
1647 1816
1816 4216
1816 2615
1816 2089
1130 1816
1816 4456
1816 2644
1816 2058
1816 3762
1166 1816
1816 2059
1816 2229
1816 3604
1816 4774
1816 2496
1816 3300
1816 4372
1816 4334
1426 1816
1816 2716
341 1816
1816 2886
246 1816
1816 4009
1816 2568
1816 1906
1816 2001
1816 4847
1078 1816
1816 2636
607 1816
697 1816
1816 1917
74 1816
1442 1816
1389 1816
1816 4826
794 1816
1816 3089
1816 2082
1816 4682
1459 1816
864 1816
1816 4656
1816 2638
898 1816
813 1816
1816 2835
1377 1816
1816 3937
1816 4176
1816 4971
1816 3319
1490 1816
1605 1816
1816 1992
728 1816
1816 4947
578 1816
1816 4469
396 1816
1816 2770
1796 1816
1816 3507
1501 1816
1816 2397
1816 2822
1589 1816
1816 3978
1816 3817
1816 4339
1816 4261
792 1816
1816 4405
1816 3529
1816 3541
1816 4547
90 1816
1816 4303
1646 1816
1816 3816
1816 3397
1816 3022
1816 2213
357 1816
1816 3039
1816 4448
1816 4633
1816 4783
925 1816
1816 4178
1816 4477
1816 3331
623 1816
1816 4571
1816 2855
1261 1816
1816 4848
1816 4440
1816 1896
1816 2924
1816 4664
1816 3636
1816 4182
1693 1816
1816 3185
1816 4552
1816 3047
1816 3897
1816 3486
1816 2981
1816 2331
1816 4566
1816 2817
1816 3223
1816 2269
1816 2157
219 1816
206 1816
1816 2564
1816 4331
590 1816
277 1816
655 1816
75 1816
1816 2318
1507 1816
1816 4258
1816 4555
1816 4866
1816 3153
45 1816
1019 1816
1049 1816
1816 1949
1812 1816
1816 4614
1401 1816
1816 2203
1816 3003
1816 3263
1816 4071
1816 2007
492 1816
1816 2334
1816 4093
1816 1922
1816 2249
1399 1816
1498 1816
1816 2940
1816 3854
1816 2784
1816 2646
1816 2225
1816 3408
1816 3292
334 1816
1816 3474
1816 4155
742 1816
1816 4742
1816 4212
1816 4937
1515 1816
1816 2869
1816 4147
1816 4659
1479 1816
276 1816
1584 1816
1816 3743
1780 1816
1096 1816
591 1816
1816 2999
1816 3044
1816 3415
1816 1950
1816 4196
1816 2147
1816 2548
1206 1816
1636 1816
1816 3049
1816 3422
1816 3699
1816 4152
1191 1816
367 1816
1816 2239
198 1816
818 1816
1816 4107
1592 1816
1816 3467
1686 1816
855 1816
116 1816
1816 4407
1816 2992
1816 4837
1816 4715
1816 2885
252 1816
872 1816
710 1816
1816 3610
1816 3421
1816 4326
1816 2348
1816 3031
912 1816
1676 1816
1107 1816
1816 4718
62 1816
191 1816
1816 3831
1816 3578
1816 2205
1816 1908
1816 4829
1816 2160
1816 2505
820 1816
1816 3899
99 1816
1816 2504
97 1816
1816 2344
563 1816
694 1816
1816 2034
1816 4300
1816 2648
1816 4026
1816 2946
1816 4386
896 1816
1816 2632
862 1816
1094 1816
1816 4111
1816 3000
1816 4465
1816 3631
1816 3027
272 1816
1311 1816
1816 3117
1816 4684
1816 3371
1816 4295
1816 3879
1816 4906
1625 1816
1816 3925
1816 3048
110 1816
1816 2081
1816 4194
1816 2187
1816 2304
1816 4916
1816 3402
343 1816
1816 3955
1816 4924
1816 2401
1816 2703
1075 1816
931 1816
875 1816
1350 1816
1816 2538
633 1816
1816 2910
1045 1816
1816 2821
1076 1816
808 1816
1816 2173
1816 3759
1816 3965
1816 4728
1145 1816
1816 3542
1816 2690
1816 3259
1816 3751
1816 2592
1816 1921
583 1816
1816 2622
707 1816
1816 3624
1816 1859
1816 2870
1816 3344
1816 4522
1816 3208
1816 3689
1816 3247
1816 3230
1690 1816
1816 4411
1816 3091
741 1816
1816 2266
1058 1816
1409 1816
1816 3059
1816 4299
1816 4502
1478 1816
229 1816
1816 2340
1816 4553
1816 4577
1816 3388
336 1816
36 1816
1424 1816
983 1816
57 1816
207 1816
1629 1816
847 1816
593 1816
1816 2979
1816 3461
408 1816
1816 3519
1816 3811
430 1816
296 1816
1816 3509
1816 2010
1816 4898
1530 1816
1816 3317
1816 3663
1816 2968
1816 3448
1816 4693
1816 3728
842 1816
1816 4688
1816 3010
1084 1816
1816 4482
1816 4977
1816 2051
1816 2766
458 1816
1595 1816
1816 2875
1816 2484
907 1816
1207 1816
1816 2114
622 1816
1816 3460
120 1816
990 1816
1816 2506
1816 2647
1816 1995
1816 3330
1816 2719
1816 4717
799 1816
1816 4105
1816 3794
1816 2287
1816 3716
1816 4740
1342 1816
1816 4232
1030 1816
1816 3738
1816 2424
435 1816
1816 3847
1816 3423
1816 4328
1816 4413
259 1816
1816 4189
1816 2446
1816 2110
1816 3988
1816 3980
1816 4582
326 1816
1816 2410
1816 3226
1816 2012
1564 1816
1816 4337
1816 4735
168 1816
1816 2554
1802 1816
1816 3350
1816 1912
1452 1816
1816 2161
1816 2872
1816 3378
1816 3436
1816 1900
1816 3008
1816 4955
1816 3400
1816 3234
1816 2871
1816 3362
1816 4766
1816 3930
1816 3184
1792 1816
1816 2556
356 1816
902 1816
1816 3438
981 1816
1816 3246
1816 2342
1816 2695
1816 4551
1816 4565
1816 2861
1816 4496
1816 2274
1816 3026
1816 3912
1816 4017
1253 1816
1816 1898
1816 3209
534 1816
1293 1816
1816 2451
1774 1816
1816 2052
1816 3116
1608 1816
708 1816
804 1816
1816 2246
1816 3257
1761 1816
1031 1816
1816 4678
757 1816
1816 3214
1816 2947
1816 4067
823 1816
884 1816
1816 3085
803 1816
1816 3148
1816 4630
1330 1816
1816 2431
1816 4629
1816 3068
1816 3266
1816 2836
1816 1967
1248 1816
1816 2623
1816 2045
1816 4166
1816 3464
1362 1816
1182 1816
1816 3347
212 1816
1816 3050
1215 1816
1816 4051
409 1816
454 1816
537 1816
1816 3672
1816 3360
1816 2694
1816 3353
1816 3616
1816 2050
1816 4341
1816 3575
793 1816
1816 2353
546 1816
1129 1816
1816 4124
1816 3088
815 1816
869 1816
1081 1816
1816 2127
92 1816
1735 1816
1816 3282
1816 2803
562 1816
1816 2559
1816 4852
1816 2365
1816 3888
1816 4999
1816 4657
1816 4584
1470 1816
1619 1816
1816 4869
1816 2811
136 1816
1816 2066
920 1816
1816 2517
1816 4248
1816 2993
1816 4815
1816 3074
1816 3934
992 1816
1816 3767
866 1816
609 1816
1816 3479
817 1816
833 1816
1816 4011
1816 4131
1816 4183
1816 4917
1816 2216
1816 4159
916 1816
686 1816
1816 3105
2 1816
1816 4289
1816 2071
1816 3626
1315 1816
154 1816
1144 1816
1816 4249
1816 4234
1816 3666
921 1816
1816 4491
1705 1816
729 1816
1816 4951
1816 2552
1816 2637
1410 1816
1816 2188
1414 1816
1816 2828
1816 2816
1816 4108
1816 3593
877 1816
1816 4241
1816 4259
1123 1816
122 1816
1816 4053
1816 4655
1816 2061
1816 3272
1816 4237
819 1816
1816 4825
1816 2437
1305 1816
1816 1897
1816 2118
1816 1827
1573 1816
1816 3655
859 1816
1816 1958
1054 1816
1816 4741
1816 2544
1816 1901
407 1816
1816 3204
1816 3508
1816 4942
1816 3746
1816 4374
147 1816
1816 4733
1816 2700
1816 3686
1769 1816
1816 3619
106 1816
1168 1816
1816 4275
1816 4642
1816 2658
1760 1816
1816 4459
1816 2725
856 1816
1653 1816
1816 4056
1816 2533
1816 4602
347 1816
953 1816
1816 3919
756 1816
1816 3891
1173 1816
478 1816
1816 2230
1224 1816
1241 1816
731 1816
1816 3407
1781 1816
1816 2679
1816 2223
1656 1816
314 1816
1816 1879
1816 4691
1816 2580
1816 3419
1816 3629
1816 4082
218 1816
1237 1816
1816 3281
1727 1816
714 1816
1590 1816
1816 3503
646 1816
604 1816
1816 2247
1816 3809
1816 2474
1816 3490
616 1816
1816 3287
139 1816
1816 4333
1816 2982
1816 2918
1816 1987
695 1816
873 1816
395 1816
690 1816
362 1816
1816 2845
1816 2378
1568 1816
1816 4493
1816 2903
1816 2255
1816 2449
1332 1816
1068 1816
1816 2736
905 1816
1816 3697
1816 4892
1279 1816
1816 2039
1357 1816
1477 1816
1816 4856
1816 2164
177 1816
1816 3389
929 1816
1471 1816
579 1816
1789 1816
1816 4535
1816 4278
1816 4935
1557 1816
1816 2180
930 1816
1816 4419
1302 1816
1816 2734
1345 1816
1816 4761
291 1816
1816 3778
1816 2265
1505 1816
1816 4323
1816 2499
1152 1816
1816 2493
1816 4101
1816 2663
1816 2115
1816 3018
1816 2386
1816 2456
1815 1816
986 1816
1816 2721
1816 2599
1816 3527
1816 3459
1816 3174
1816 2578
1816 3772
1816 1905
1816 2660
355 1816
80 1816
1534 1816
1816 4685
238 1816
913 1816
66 1816
1816 4891
1816 3556
1184 1816
543 1816
1816 3855
1159 1816
595 1816
1816 2445
802 1816
1816 3171
1816 2121
1816 4253
1816 3215
1816 4494
1816 2006
782 1816
1816 1930
1816 3476
1301 1816
1579 1816
1816 4369
327 1816
351 1816
1816 1924
890 1816
1816 3718
1378 1816
1816 4768
1816 3652
1816 2900
1816 2281
1816 3321
1816 3858
1664 1816
730 1816
1816 3457
1514 1816
1816 4492
1196 1816
1816 1913
1816 3114
787 1816
387 1816
461 1816
1816 3687
1816 4187
1816 1852
1816 4409
1816 3295
1673 1816
1103 1816
1338 1816
101 1816
473 1816
1816 3834
1259 1816
1816 2235
275 1816
1816 4173
1816 3713
1186 1816
1816 4267
1816 2617
1816 2581
1816 2832
1816 3380
1816 2311
380 1816
1816 4513
1816 2789
1816 4045
1816 3950
1816 3839
1466 1816
1816 2814
1816 3134
1816 3986
1348 1816
1816 4357
1816 3063
1643 1816
1816 2131
1816 2036
618 1816
1816 4279
1816 3070
631 1816
1816 2988
1816 3776
1003 1816
261 1816
1816 2702
630 1816
1816 3446
1816 4034
1513 1816
1816 2177
1816 4201
1816 2043
1816 2373
1816 3898
200 1816
1816 3648
1816 4969
1503 1816
1292 1816
1234 1816
853 1816
1816 2370
1519 1816
1816 4706
231 1816
1816 4964
6 1816
423 1816
1816 4312
1816 3270
1816 4511
1816 3023
1816 3974
1816 3103
205 1816
1495 1816
1816 4425
827 1816
1816 2684
503 1816
1816 4689
1816 2912
1816 2363
1816 1938
1816 4803
1816 3548
911 1816
1816 4967
918 1816
1816 3491
529 1816
1369 1816
1816 4905
281 1816
1560 1816
1816 4558
1141 1816
1816 2862
1816 3224
1816 3745
1816 4274
1816 3328
1375 1816
1816 2002
1688 1816
1816 4791
1816 1969
1816 3798
1816 1880
1816 2166
1218 1816
1816 4230
30 1816
1816 3868
1795 1816
1149 1816
1816 2590
1816 4878
127 1816
1816 4853
772 1816
934 1816
1816 1939
1816 2980
1816 2119
1816 3793
1816 4763
1816 3993
1172 1816
1816 1936
1816 3875
1816 4764
1529 1816
1816 4950
1073 1816
1816 2126
1816 4380
1816 2444
654 1816
335 1816
1816 2371
1816 3455
1816 1836
1816 4039
809 1816
1816 2244
1816 4673
1816 2307
129 1816
1278 1816
1816 4028
1816 3805
1816 2655
1816 2713
1816 2962
1816 3845
1816 1994
688 1816
1816 2748
1816 4567
1816 4948
880 1816
1816 3416
893 1816
1816 2290
226 1816
1816 3915
1816 2897
1759 1816
1437 1816
1816 2330
506 1816
1413 1816
1816 4385
1816 2927
1427 1816
1784 1816
427 1816
1816 2062
1816 1868
350 1816
1816 3179
1816 4307
1816 3499
977 1816
1816 3349
474 1816
1816 3146
1567 1816
37 1816
1816 3630
1816 4436
1641 1816
1816 2113
1816 2710
1816 4061
1816 3997
1816 4918
1816 3470
1816 4144
1816 4354
84 1816
1816 3206
1809 1816
14 1816
1816 2218
1108 1816
1816 3889
1816 3113
1816 1873
1816 2928
171 1816
1816 4672
248 1816
1816 3729
165 1816
1816 4941
1816 2688
1344 1816
1816 4363
1406 1816
1816 2693
1816 4585
1816 2030
1288 1816
1816 2922
1816 3943
614 1816
368 1816
1816 3550
1816 3906
1816 2074
1692 1816
50 1816
32 1816
904 1816
1816 3650
1816 4622
1816 2026
1816 2316
1816 2024
1816 3869
507 1816
1816 4750
1816 3904
1816 3015
1816 4670
1816 3338
1816 4882
1816 2206
1816 2141
400 1816
1816 3829
1816 2712
1816 4709
1816 3537
1816 1990
1816 2096
1816 3135
946 1816
1816 3990
1816 3755
908 1816
1816 3865
1044 1816
1816 3238
1816 3907
1816 2355
1816 4010
1816 3807
163 1816
1659 1816
720 1816
1099 1816
1816 2783
1816 1885
1816 3938
1816 2965
1816 3035
1816 3036
1816 3723
1716 1816
1816 3641
10 1816
1816 3024
895 1816
1707 1816
588 1816
560 1816
1104 1816
1816 3552
1087 1816
1376 1816
1816 4057
1816 3086
1816 4953
132 1816
1708 1816
1816 2807
1093 1816
1816 3166
1816 3304
901 1816
1816 4371
1816 2047
979 1816
1816 4800
1816 3124
1816 4185
1816 3916
1816 3665
1816 4506
1597 1816
1816 4857
1816 4843
798 1816
1816 2468
1816 2596
1570 1816
1816 4044
1816 2745
1816 4463
764 1816
1317 1816
1816 4420
1816 2358
1816 2516
1816 2540
1816 2587
669 1816
1528 1816
1816 2628
1143 1816
1816 4637
1816 3737
1816 4593
1816 3052
1816 4867
831 1816
1816 2224
1816 2915
1816 2888
1816 1886
1816 1855
1816 3060
464 1816
733 1816
1816 4915
1816 4080
1816 3998
1816 1929
1816 4895
1816 2392
1546 1816
1816 2143
1816 2402
790 1816
1816 2461
1816 4036
1816 3560
377 1816
1816 2755
1816 3645
715 1816
1816 1972
446 1816
193 1816
1816 2439
1816 2324
1816 1841
1816 4885
1358 1816
1816 2761
910 1816
1816 4475
926 1816
401 1816
627 1816
1467 1816
1816 1942
1816 4975
1816 2524
816 1816
91 1816
1816 4705
1816 3857
1431 1816
1284 1816
652 1816
214 1816
174 1816
1816 4608
1816 2404
1816 3469
1816 4097
1816 4959
1816 4015
796 1816
1816 4283
1816 3279
1816 4139
1816 3877
1816 3473
1816 2107
310 1816
1816 2963
1816 4329
483 1816
313 1816
1816 2502
1816 3489
1816 3440
1816 4343
1816 4063
550 1816
1816 3386
1816 4351
1816 3168
970 1816
1816 4208
453 1816
1816 2942
774 1816
1588 1816
1739 1816
1816 2403
1816 2195
1816 3914
1816 3953
1816 4745
1816 3366
1554 1816
1816 2099
1816 1920
1816 4020
1816 4457
1816 2152
469 1816
841 1816
1816 4450
1816 4191
175 1816
1816 2723
1371 1816
1816 4846
1816 2977
1816 3792
1816 4301
1511 1816
1816 3639
1816 3812
254 1816
1816 2238
1263 1816
300 1816
1816 3860
1733 1816
1047 1816
1139 1816
1816 4442
28 1816
1816 4900
1816 4579
861 1816
158 1816
1816 4473
1816 2018
1672 1816
100 1816
496 1816
1816 3883
250 1816
1699 1816
1816 4653
1816 2570
1816 4330
1816 3244
1816 3190
1695 1816
959 1816
1816 2253
661 1816
997 1816
1816 2666
1663 1816
1816 2498
1816 3741
1816 2919
1816 2879
612 1816
1816 4298
1029 1816
1816 2417
305 1816
1816 4145
1816 2797
1091 1816
1816 1927
1719 1816
1535 1816
43 1816
1816 2966
879 1816
1816 4765
1816 4121
1816 3306
1816 3882
1682 1816
1816 3012
1211 1816
1816 2428
234 1816
1816 2728
1816 2124
1816 4068
1816 4808
1816 3945
1816 4458
1816 2639
1816 2534
1128 1816
1816 3533
1651 1816
1816 2208
1816 1817
576 1816
1798 1816
113 1816
1816 2778
1816 3506
123 1816
1816 3005
1816 2933
1816 4172
1816 3612
215 1816
1429 1816
516 1816
1176 1816
1816 4792
1523 1816
1816 1866
1816 3269
1816 4509
1816 2584
425 1816
1324 1816
928 1816
1816 2800
1816 4621
1816 3430
1816 3635
1816 2433
1816 4244
1816 4358
1816 4030
1816 4306
691 1816
1816 3549
1547 1816
1816 2489
1816 2894
204 1816
1097 1816
985 1816
1816 3326
1816 4531
1816 1961
1706 1816
1816 3359
1 1816
1816 2142
1816 2788
1816 1919
906 1816
1095 1816
1816 2895
1816 2338
1816 4920
1816 4389
1816 4257
352 1816
1816 4315
1816 4126
1816 3505
419 1816
1816 2847
1246 1816
434 1816
1816 3576
1816 3286
1816 4489
1816 4361
1816 2604
1816 4428
1816 1830
1816 2332
502 1816
556 1816
1816 2572
1083 1816
131 1816
1816 1858
1816 3760
1816 2299
1816 4485
152 1816
285 1816
1816 4722
1816 4872
1816 4000
189 1816
1816 4395
1816 3664
1816 3926
501 1816
1816 4356
1816 4447
1189 1816
1816 3643
1816 4713
1816 4601
738 1816
1816 3414
1816 2752
1277 1816
1816 3412
1816 4616
1816 3126
1816 4273
1816 3307
1816 1970
1816 2777
1563 1816
938 1816
1090 1816
1816 3140
1816 3211
1816 2792
636 1816
1816 4893
1816 3821
1041 1816
1355 1816
1816 2009
1816 3262
1816 3766
1131 1816
1816 4164
1816 3057
1816 4308
1816 2591
830 1816
1816 4984
1607 1816
1816 4455
1816 2868
1816 4748
1816 2837
1674 1816
1816 4661
1816 3789
1816 4505
1816 1953
1816 1955
1816 3572
1816 3374
1816 2106
1816 3315
64 1816
1816 2163
1810 1816
1562 1816
1816 3483
498 1816
1456 1816
1816 2989
894 1816
1816 4854
1816 1863
1816 4518
181 1816
1074 1816
1816 4512
1816 4408
1398 1816
88 1816
1816 4322
969 1816
1816 3406
1816 4133
1816 2750
1816 2469
1816 4268
1725 1816
1816 4880
1816 4861
1816 3969
1816 4594
1816 2990
1816 1925
1816 4870
449 1816
1816 4213
629 1816
1816 2569
1816 3605
1816 4120
34 1816
1816 4118
882 1816
1816 4381
1816 3838
1816 4018
1816 2165
1816 4495
1816 2605
1180 1816
497 1816
1737 1816
450 1816
1816 2138
748 1816
1816 3176
224 1816
1816 3518
1816 2182
1816 2171
1816 3216
1816 3675
1816 2775
1816 3325
1816 3613
1816 3198
1816 4662
19 1816
1691 1816
477 1816
1816 3038
1816 3426
1715 1816
1696 1816
1492 1816
1816 4575
255 1816
1816 4876
1816 1943
1816 3975
1816 3833
328 1816
1816 4461
1816 4215
1600 1816
424 1816
1816 4309
626 1816
1816 4838
1816 2473
288 1816
1816 2278
1816 3923
1613 1816
1321 1816
1816 2742
1816 3785
867 1816
1816 4488
1816 3083
1658 1816
1435 1816
1816 4368
488 1816
1776 1816
1816 4412
1816 3734
1816 3890
1816 2368
289 1816
1816 2462
1816 3240
1816 2105
1816 4840
186 1816
608 1816
1816 4695
1576 1816
1587 1816
711 1816
1230 1816
1816 4314
1493 1816
1816 3662
1816 2521
1816 2209
1816 2063
8 1816
1816 3617
1334 1816
1816 4113
354 1816
1816 2850
1816 3030
1816 3913
1816 2414
752 1816
1816 1884
724 1816
523 1816
1433 1816
1816 2829
705 1816
1816 2760
1816 3361
1726 1816
1816 2550
1816 4360
811 1816
1632 1816
1816 4668
1816 4347
455 1816
777 1816
105 1816
1460 1816
1816 4359
1816 2136
1816 4779
1816 4887
548 1816
1816 2720
1816 1856
1816 1904
1816 3658
1552 1816
1816 2930
758 1816
1816 2129
1816 4797
1816 2400
1816 4889
957 1816
1816 2840
1816 4788
1010 1816
1816 3340
1025 1816
1323 1816
1816 3067
1816 2220
871 1816
606 1816
1816 4199
1816 4573
1012 1816
1816 4725
1421 1816
1816 2795
1816 4520
1265 1816
1816 2801
1816 1819
1816 4094
800 1816
1816 3676
1669 1816
1816 4863
404 1816
1816 3032
1816 3488
1816 2769
1816 2602
1816 2158
1170 1816
1757 1816
1771 1816
1816 4954
1816 4793
1816 4119
1816 2675
1816 3823
1816 3615
376 1816
1455 1816
1816 4006
1816 4218
104 1816
1816 2298
1816 4165
1816 2698
394 1816
1816 3796
382 1816
1816 4206
1062 1816
1422 1816
1240 1816
1816 3078
183 1816
1816 2243
1816 3946
1816 3482
1816 3850
1816 2362
1787 1816
286 1816
1816 4701
1816 4548
1153 1816
1816 4449
128 1816
1816 1862
559 1816
1380 1816
1816 4434
703 1816
1816 3443
1816 1999
329 1816
1816 4603
1816 3961
1816 4074
1816 1964
1816 2312
1816 4864
1238 1816
878 1816
1816 1916
1816 4760
509 1816
233 1816
1816 2941
1816 4821
142 1816
1577 1816
1652 1816
1816 4114
1177 1816
1500 1816
597 1816
1285 1816
1816 3884
1816 3671
345 1816
1816 4982
732 1816
1816 3563
1816 2289
1462 1816
1390 1816
1816 4221
1816 4794
1341 1816
1816 2125
547 1816
1816 3826
1816 2488
876 1816
1816 3016
340 1816
1816 2454
1816 2155
1816 2095
1816 2472
1816 3825
1816 3142
1512 1816
1816 4451
1816 3127
1816 4332
1816 3094
1816 1842
1816 4658
415 1816
1816 4719
1816 2347
1545 1816
1816 3239
693 1816
1816 3363
1816 4772
1816 2167
1816 2376
1816 3139
1816 2787
1816 3417
1816 4281
1816 3382
1816 4636
1816 2470
1816 4476
1816 3589
1745 1816
457 1816
411 1816
1816 4873
1816 2487
1816 3740
1593 1816
585 1816
1816 4254
1816 3895
1816 3337
1594 1816
366 1816
1816 4517
1816 3249
1816 3133
156 1816
887 1816
1816 2214
1816 3267
1816 2381
381 1816
1816 4188
1208 1816
1816 3138
801 1816
78 1816
1816 3346
1816 4973
1778 1816
1457 1816
1271 1816
1816 3312
1816 4647
124 1816
1816 4845
287 1816
1816 3535
1816 3698
322 1816
1067 1816
761 1816
182 1816
1816 2726
874 1816
1816 4663
1816 3278
1816 2711
1167 1816
447 1816
1816 4827
1816 2122
564 1816
1816 2097
1816 3178
1816 3733
1816 4225
1816 2649
1816 3585
1816 2067
1816 2916
1816 4429
580 1816
1400 1816
167 1816
848 1816
1816 4320
1816 2834
1140 1816
1763 1816
1816 2189
784 1816
1147 1816
1352 1816
1816 2395
942 1816
1816 2528
1816 3872
1816 2751
1816 4438
187 1816
243 1816
1816 2176
1816 2156
1816 4998
1623 1816
1290 1816
1816 3302
1816 4122
1297 1816
1816 2909
1816 3199
1816 3090
1816 2295
1816 1854
1816 3973
1504 1816
1816 2054
1242 1816
1816 2259
253 1816
1783 1816
1816 2302
1816 2038
239 1816
1741 1816
1517 1816
1372 1816
1775 1816
1340 1816
1622 1816
1816 3228
1816 3453
1816 3472
1816 2967
1816 4344
1816 1876
1816 4184
676 1816
1816 4966
1816 2818
807 1816
858 1816
107 1816
1061 1816
1816 4860
1816 4271
1816 2300
1816 2893
1816 4262
58 1816
1816 2798
1816 4806
1816 2671
96 1816
1816 2310
1770 1816
664 1816
1816 2020
1124 1816
1816 3579
1816 4041
1816 3225
15 1816
1816 4635
431 1816
1491 1816
1816 2204
1816 3583
1816 4478
1539 1816
1816 3213
1816 2914
338 1816
1816 2799
1816 3525
1816 1997
1816 3932
1816 2948
769 1816
1118 1816
1816 2642
1816 4161
1816 4814
1816 2029
1816 2753
1816 3910
1816 4177
1738 1816
1337 1816
1816 3355
1816 1821
795 1816
1816 4352
1816 3736
1816 3609
1816 4723
1816 2899
1816 3516
1816 3524
1816 3795
1042 1816
1816 1892
1816 2674
1610 1816
1816 4698
1384 1816
1816 4355
1816 4739
1816 4615
1502 1816
1816 2911
1156 1816
1816 2305
947 1816
1816 1986
1816 2896
1816 2085
1816 4421
1816 3200
1018 1816
1816 4065
1816 3568
1816 4842
512 1816
1816 2585
227 1816
1816 3942
750 1816
1816 2551
1816 2227
1816 4534
1816 2920
1816 3874
716 1816
1816 3065
1816 3159
1816 3782
1816 4868
1816 2618
1816 4418
1816 1843
1179 1816
241 1816
1816 3101
1816 3343
635 1816
973 1816
1816 4758
160 1816
1749 1816
421 1816
1816 4619
500 1816
1816 2889
1816 3358
439 1816
1816 4256
1816 3229
1816 3581
1816 1977
1816 2532
1816 4933
1282 1816
1816 4574
1816 4285
1816 2486
1548 1816
274 1816
1816 3642
1816 3832
1816 3968
1816 4654
1637 1816
1816 1976
1816 3742
278 1816
1017 1816
1415 1816
1816 3659
1730 1816
526 1816
1816 4514
1816 3810
442 1816
1816 4375
846 1816
558 1816
1816 3902
1816 2692
1816 2073
1816 4974
1816 2102
1313 1816
1541 1816
325 1816
1816 3754
1816 3318
344 1816
991 1816
1816 3786
1816 2823
1786 1816
1816 2925
1816 2040
1816 2426
1816 4324
1816 2859
112 1816
1816 3797
228 1816
1816 3365
1106 1816
1718 1816
179 1816
1040 1816
1308 1816
1816 2268
1816 3924
1816 2282
1816 3836
1816 2627
1816 3191
1816 2092
994 1816
1816 4150
1816 3410
190 1816
1662 1816
1816 4462
67 1816
569 1816
1582 1816
1559 1816
1816 4391
370 1816
437 1816
1816 2955
398 1816
1136 1816
1816 2626
1816 3201
456 1816
144 1816
1811 1816
1816 4744
682 1816
1007 1816
1816 2429
133 1816
1816 4665
1133 1816
1816 4979
1816 3391
1816 3748
1816 1934
1816 4373
1816 3141
1816 4220
1816 2973
1816 4468
1024 1816
1816 2490
582 1816
1816 2975
1816 3917
1816 4175
692 1816
1816 4005
1418 1816
1816 3261
1816 3933
1816 2526
1816 4318
1816 3487
1115 1816
1373 1816
1816 4931
1650 1816
1816 3431
963 1816
143 1816
1816 4884
601 1816
1816 4205
634 1816
995 1816
1816 3600
1816 4581
1748 1816
1816 2704
1250 1816
1816 1834
1816 4019
1816 3813
1816 3434
1816 2786
1816 2198
1816 1874
121 1816
1816 2359
1816 4589
1257 1816
510 1816
1816 1956
1655 1816
1816 4231
1816 2069
1816 4587
1816 3297
1476 1816
1816 2809
1723 1816
1816 2961
1816 2779
1816 4353
1816 4195
1638 1816
1816 1978
1175 1816
1816 3492
1816 4497
1816 3092
1816 4671
1816 2411
1816 4962
1816 2691
225 1816
1816 4193
1816 3614
1816 3566
1816 4540
1816 2611
1816 3783
73 1816
1816 2405
1816 2345
1816 3112
208 1816
567 1816
1816 3452
1816 3498
504 1816
1816 3660
943 1816
1816 4667
1816 2791
1816 2149
763 1816
1816 2184
552 1816
689 1816
1816 3781
1816 4430
1816 4686
1816 2844
1197 1816
1816 2904
1299 1816
1816 3546
138 1816
1816 3765
1816 3115
1816 3625
1204 1816
1816 3896
1816 3384
828 1816
1816 4310
1816 3373
1816 1971
680 1816
987 1816
1816 3001
1251 1816
1542 1816
1816 2453
1816 3628
1816 2507
1816 2597
1446 1816
1816 4605
1816 4613
1816 3512
1258 1816
1816 3169
1711 1816
1816 2857
1816 1959
1816 3481
1816 4203
1816 1881
265 1816
1816 2035
540 1816
1816 2883
1816 3496
1276 1816
1816 3403
1816 2134
1816 3954
900 1816
1816 4143
663 1816
1134 1816
1816 2549
1816 3014
1816 4734
1127 1816
1304 1816
821 1816
1790 1816
1816 3595
1816 3559
1816 2283
1816 3849
1816 4545
1816 4437
1816 4625
1816 4417
1816 4366
1816 3477
1816 4043
1816 2210
1816 3256
61 1816
1816 4151
1816 2341
1816 4737
18 1816
1816 4305
1767 1816
1816 4066
1816 3157
1697 1816
1816 2245
1816 2448
1766 1816
1816 4471
1816 1911
1816 3841
1816 3677
1816 2634
658 1816
1816 5000
885 1816
1816 4755
814 1816
746 1816
1816 4503
1816 3844
1816 3463
1816 2016
1187 1816
1816 3442
452 1816
1816 2241
1816 3187
1816 2123
1816 4336
1816 4515
1816 2228
1816 3558
1264 1816
1816 3944
982 1816
1816 4751
1816 4055
1816 4103
1683 1816
1063 1816
260 1816
786 1816
1816 3918
1816 3949
1816 1872
1816 4789
1816 2436
1816 4367
1070 1816
1816 2762
331 1816
1816 2393
1335 1816
1816 2019
1816 4639
1221 1816
1033 1816
1816 4393
1816 4007
1816 2536
1642 1816
480 1816
1816 2056
1816 4338
1578 1816
1816 2084
1816 4123
766 1816
1721 1816
1423 1816
403 1816
1001 1816
1119 1816
1816 2705
1816 3289
1392 1816
1816 4795
922 1816
1816 4909
1816 4049
844 1816
23 1816
1816 4628
1816 4537
70 1816
1816 4896
1816 3670
1816 4643
1816 2042
696 1816
1816 3532
1532 1816
1816 4939
1816 3531
1816 2336
1816 3688
49 1816
1816 2689
1794 1816
1816 2756
1816 3007
1816 2588
530 1816
1393 1816
1816 4913
1816 2321
1816 4134
1816 4617
1816 2641
1816 2771
1441 1816
308 1816
197 1816
1816 2555
1816 2741
1816 3258
1710 1816
1816 3061
1816 4781
706 1816
719 1816
1722 1816
245 1816
557 1816
1816 3530
1816 3649
1816 1851
1816 4098
1603 1816
1816 3750
1816 3773
1526 1816
1487 1816
1816 3637
81 1816
1816 4021
1816 3357
1816 3017
1255 1816
1661 1816
1816 2361
149 1816
1816 3186
1816 2090
1816 3706
1472 1816
1816 4014
660 1816
1816 4426
1816 2954
1816 2441
1816 3222
745 1816
1816 2139
9 1816
1816 3327
1614 1816
1816 3735
1816 4516
1816 2830
1239 1816
1816 3587
1816 4929
1816 2430
60 1816
1816 3227
1816 1826
220 1816
41 1816
1816 2264
1336 1816
1816 4583
687 1816
1816 4903
1816 4897
1816 4690
463 1816
1816 2813
915 1816
1816 1846
1816 2303
443 1816
1816 3335
640 1816
1816 2479
1816 4936
1295 1816
1816 3903
1328 1816
1816 3379
1816 4239
95 1816
1816 2388
1816 4084
1816 4787
1816 2201
1816 3285
1816 3418
1816 4197
1454 1816
1816 2514
1816 4137
1816 2790
1816 3480
364 1816
966 1816
1229 1816
1816 4771
22 1816
1816 2100
1816 3336
1816 3804
1816 2687
765 1816
1816 4190
1816 2116
236 1816
1816 3646
1816 4770
1816 3517
1742 1816
1816 2519
1816 3929
1155 1816
1489 1816
1816 4157
217 1816
789 1816
375 1816
1816 2908
1700 1816
1816 3220
1816 3437
1408 1816
263 1816
1816 3311
886 1816
1816 2383
1816 3290
1121 1816
1816 1832
1756 1816
1816 4767
1816 2624
1816 3991
1510 1816
1816 3006
1816 1951
1649 1816
1816 4365
1816 2098
1816 3189
1816 3413
270 1816
1816 1889
1816 3218
1816 4901
1816 2833
599 1816
390 1816
1524 1816
1816 4683
1816 2512
1782 1816
952 1816
1816 4660
1806 1816
1148 1816
65 1816
173 1816
1816 4346
1816 4348
1816 3577
1816 4949
1816 2670
1816 2137
1816 4240
1816 3233
1556 1816
1670 1816
1816 4726
1816 4382
721 1816
115 1816
1816 4687
1816 2523
1816 2416
1816 3120
974 1816
1816 3398
1816 4776
1816 3758
1816 2991
1816 2313
323 1816
1816 2387
1816 4648
1816 2805
59 1816
699 1816
1060 1816
1816 2949
1816 4986
1777 1816
1816 3497
532 1816
1011 1816
685 1816
140 1816
1816 4732
1195 1816
1816 2640
610 1816
1816 4209
1816 2162
1816 3668
1816 1923
778 1816
1816 4227
1816 4265
1135 1816
1298 1816
1816 2846
1816 3192
1002 1816
1428 1816
1816 4293
1816 3276
1816 3702
917 1816
1816 4284
1816 3819
1621 1816
1816 3099
244 1816
889 1816
1816 4830
678 1816
1734 1816
1160 1816
1816 4270
1816 2767
51 1816
1816 1845
1816 2772
1816 2237
1816 3087
1816 4128
379 1816
1816 4694
1816 2706
1816 2322
1816 2735
1816 4813
1627 1816
1816 2848
358 1816
1816 4158
1816 1915
1816 2065
1116 1816
1816 1838
1816 4454
393 1816
857 1816
838 1816
1816 4818
1565 1816
1816 2873
1816 3478
1666 1816
1816 4444
1816 2854
1816 4927
1764 1816
1816 3332
1544 1816
1816 4696
1247 1816
1816 4290
1816 4921
1816 4759
1816 2563
1816 3056
1816 3714
1816 3690
1329 1816
315 1816
1816 2263
1816 3339
1816 1945
1816 2011
1816 2860
568 1816
1681 1816
1816 3125
399 1816
1816 3195
1816 4186
1543 1816
1110 1816
1816 2598
1816 3881
972 1816
1816 3494
1816 3119
1816 2459
1816 2541
1816 4992
1816 3763
1816 1960
1816 4981
1158 1816
1816 4470
755 1816
701 1816
1816 4957
1039 1816
1536 1816
641 1816
914 1816
1816 3372
1816 3999
311 1816
1816 3594
1816 2075
1640 1816
1537 1816
1816 2610
1816 4666
1816 2093
1496 1816
1816 3291
1212 1816
1816 2435
1816 4154
1816 3851
1816 4464
201 1816
1816 2574
1816 3277
1816 3571
1816 2465
1816 3037
1816 4883
1382 1816
717 1816
1209 1816
625 1816
1816 2953
1703 1816
1816 4327
1816 2901
1816 3294
945 1816
1269 1816
1816 3547
1816 3700
674 1816
1816 4342
1816 2186
780 1816
1816 2780
1816 4432
1816 4246
1816 4716
135 1816
1816 3696
199 1816
180 1816
1816 3188
118 1816
1816 3900
1816 3905
1816 1932
888 1816
1816 4414
665 1816
307 1816
1816 2520
1816 4598
1816 4313
1816 3183
1768 1816
1816 3555
1816 2662
1816 3219
975 1816
1816 4431
134 1816
1816 2867
1816 2902
1816 4560
1816 1941
1816 1979
1525 1816
1816 2952
1816 3951
1816 4406
998 1816
1816 4294
1816 3545
971 1816
1816 3399
48 1816
962 1816
1194 1816
1816 4148
1816 2254
1816 4541
1816 3069
1816 2478
489 1816
517 1816
1816 3870
1816 2270
1816 4083
1272 1816
1816 2070
1816 3570
472 1816
184 1816
111 1816
1816 3045
939 1816
1816 4844
1816 4335
1816 3177
1816 2357
1816 4345
1788 1816
1816 2686
316 1816
628 1816
1444 1816
406 1816
1188 1816
1816 2377
1485 1816
1181 1816
1816 2616
1816 2957
1816 2665
737 1816
1816 4782
1816 3985
1816 2676
54 1816
1816 3500
1816 1899
476 1816
426 1816
1816 3927
1816 3553
538 1816
1816 4991
1816 3835
1816 4002
1816 1844
1816 3041
1816 2261
1252 1816
1816 3011
1816 2566
1816 2202
242 1816
1816 3098
283 1816
1816 2633
1553 1816
1816 3621
1816 4626
1100 1816
141 1816
1747 1816
836 1816
868 1816
1816 2262
267 1816
1816 4138
1816 4435
1816 4801
1816 2625
1807 1816
1816 3390
1405 1816
1816 4990
1816 3708
1816 4550
1816 4699
1816 2060
1816 2379
825 1816
1816 2606
1117 1816
1006 1816
87 1816
1816 4820
1816 2314
1816 3271
1245 1816
1816 4850
1816 3885
1816 4836
1816 3952
1816 1907
1816 3768
1816 3071
1816 4423
1816 1823
1816 3447
159 1816
1347 1816
1816 4762
1816 2522
1816 2374
1816 2839
72 1816
1816 2003
1816 2739
960 1816
1816 4269
1816 3484
1558 1816
1816 3799
735 1816
1816 4479
1816 3394
1816 3025
1816 4578
359 1816
1816 4394
1816 2346
1816 4264
1008 1816
1816 2600
486 1816
937 1816
1816 3719
1816 2831
1816 2978
1816 3802
441 1816
527 1816
1816 2369
1481 1816
1816 2352
1816 1831
773 1816
1816 2515
1816 4923
1816 2077
1816 4559
1729 1816
1816 3709
1816 1878
948 1816
1816 4508
1816 4304
1816 2984
1816 3618
1082 1816
1816 2851
1463 1816
1816 4132
1816 4563
1816 2375
1816 2887
1816 2319
1816 3680
1816 3679
1816 2232
1816 2079
1816 3523
1685 1816
1816 2768
1448 1816
33 1816
1816 3055
1163 1816
1816 3526
1702 1816
1816 3075
1816 3586
7 1816
1816 3603
1816 3704
1816 4287
1816 4554
1816 3611
1816 3822
378 1816
1014 1816
1678 1816
565 1816
1816 1991
1816 3425
484 1816
1645 1816
1816 3732
1816 4029
1816 2072
539 1816
1816 3466
1816 3936
1785 1816
1816 1982
1458 1816
1709 1816
1816 2320
1397 1816
1816 2747
1816 3504
1309 1816
1816 3801
1816 3957
1816 2154
1816 3342
1816 2653
1816 4364
1816 4040
1816 3393
1816 4350
1816 2497
1816 4260
1550 1816
1816 1998
1616 1816
1816 3252
1816 4316
414 1816
1816 2267
1751 1816
1816 4100
1731 1816
1064 1816
1816 4910
1816 4586
1816 2421
1521 1816
1183 1816
575 1816
1816 4786
1816 3557
1816 4370
602 1816
1816 1820
834 1816
1816 1931
1816 2293
1816 2419
230 1816
1402 1816
495 1816
734 1816
1816 4200
1816 4062
1816 4202
1816 3013
1816 4987
1219 1816
1015 1816
1816 4311
1816 2864
1816 2945
1816 4692
98 1816
1816 4302
1339 1816
1816 2200
744 1816
1816 3161
1816 3377
55 1816
1816 4070
1816 2995
555 1816
1816 2983
624 1816
1816 2525
1816 2494
644 1816
237 1816
1816 3935
1816 3622
1816 3544
1816 1847
964 1816
1816 2271
514 1816
1816 2464
712 1816
1169 1816
897 1816
1497 1816
1816 3160
1816 2696
1816 4943
1816 3678
1816 3009
413 1816
1816 2153
1816 2746
1816 2288
1816 4490
1816 3693
1267 1816
1816 2545
1816 4223
1816 3441
1816 3348
1816 2932
1816 4340
1816 4499
1816 3565
1816 4519
1816 3634
967 1816
1816 2422
211 1816
1816 2557
1816 2240
1291 1816
1816 2970
1816 3992
1416 1816
1816 3439
1816 4092
1816 4387
1816 3231
1816 4952
1602 1816
1816 3656
1816 2865
520 1816
251 1816
479 1816
1816 4211
651 1816
1779 1816
1816 3367
1816 2251
1816 3983
1816 4524
1816 4681
1740 1816
1816 3787
1403 1816
1816 3409
574 1816
1816 2651
1260 1816
1816 3205
1816 4433
1816 1887
1816 2531
26 1816
298 1816
984 1816
1056 1816
1816 4243
1816 2685
1816 3058
1816 4676
1816 2049
1634 1816
1120 1816
1816 3940
1591 1816
1816 4207
1816 1875
69 1816
1816 3108
1816 2094
1816 4024
1551 1816
1465 1816
29 1816
1816 4702
273 1816
365 1816
1816 2773
1816 2183
1538 1816
1816 2510
1816 4272
1816 2907
1816 3251
1816 4404
1816 3540
1816 3514
1816 3401
1816 4888
1326 1816
1816 3298
353 1816
749 1816
1816 4162
1098 1816
1816 3260
1816 3369
440 1816
1816 2132
1816 3769
1816 4627
1154 1816
955 1816
1816 4812
1816 2057
1816 4008
1816 3573
391 1816
1816 4050
1816 2874
1111 1816
1509 1816
109 1816
1816 1983
754 1816
1816 3456
1381 1816
333 1816
86 1816
1816 3806
373 1816
1816 2349
1816 2841
1210 1816
1531 1816
1816 2033
1816 2825
1816 4251
1660 1816
1316 1816
1816 4828
1816 3341
1816 2824
1816 4822
1816 4325
1816 2906
269 1816
1816 3241
1816 1828
1227 1816
1816 3654
1816 3236
216 1816
1816 4727
1281 1816
1816 3144
1816 3681
1816 3150
451 1816
1816 4588
1816 3682
294 1816
1816 4638
1816 4899
1816 4874
1606 1816
1816 4946
1816 3303
1816 2608
1816 2926
482 1816
1816 3632
1816 4169
1698 1816
1816 4807
1816 3720
1816 3082
1816 2890
1816 4970
1816 4580
1816 3567
1816 2878
247 1816
1816 3971
1816 3180
1586 1816
1816 2944
1089 1816
1816 4983
1816 4564
1162 1816
1765 1816
1816 4229
1214 1816
1816 1888
1816 1966
232 1816
1374 1816
125 1816
304 1816
1816 1952
1256 1816
462 1816
1816 2613
1816 2492
1816 1926
1816 2041
1816 3132
747 1816
783 1816
1628 1816
309 1816
1816 2892
1816 4416
1816 2221
1816 4046
257 1816
1816 2418
1816 3136
1816 2457
1816 2558
1494 1816
1482 1816
1816 2576
1383 1816
1816 3601
1816 4210
1816 3248
1816 2438
1816 1996
587 1816
1816 4599
840 1816
1105 1816
1816 2317
999 1816
1816 3536
1508 1816
1816 2044
1816 2996
1171 1816
1816 2354
1816 4926
1069 1816
1816 3235
949 1816
1816 3043
1137 1816
1816 4612
1816 4539
1816 4106
1816 2413
1816 3334
1816 2635
1816 2480
1816 3956
1816 3385
1816 4632
1816 4834
1275 1816
151 1816
1484 1816
1601 1816
1816 2260
1142 1816
619 1816
145 1816
1235 1816
1307 1816
1816 3684
1816 4730
849 1816
542 1816
1395 1816
1816 3196
1816 4085
1816 4059
1816 2455
1816 3591
515 1816
1816 1928
1449 1816
1816 3730
1635 1816
1816 1981
385 1816
196 1816
1816 3939
290 1816
1816 3590
1816 4960
1816 3564
1009 1816
1286 1816
1816 4033
1816 3887
1816 4319
1816 2539
1816 4291
1816 3181
1816 3528
1816 3791
372 1816
1816 3972
1816 2109
1816 1933
1654 1816
1816 4266
1816 2000
1816 2193
935 1816
1016 1816
1816 1940
1816 4645
1331 1816
1816 4710
1816 2144
684 1816
1816 3109
726 1816
1816 3867
1816 4976
1816 4379
1816 3212
256 1816
1020 1816
470 1816
822 1816
1475 1816
1816 2120
16 1816
1816 3901
361 1816
1816 2150
1816 1837
1122 1816
1816 3323
1816 2905
1667 1816
1816 4292
1816 3644
1816 2257
1694 1816
1569 1816
511 1816
1816 3501
1754 1816
1630 1816
1816 4697
1816 2226
1283 1816
1816 1980
940 1816
1816 1910
1816 3435
1813 1816
1202 1816
1816 3376
1814 1816
1816 4777
1816 2078
683 1816
1816 4156
1816 3800
1816 3449
1816 2471
1816 2407
1816 4738
1816 2276
1132 1816
1396 1816
1816 4245
1816 3852
713 1816
1816 4410
1816 4282
1816 1870
1816 3725
1150 1816
178 1816
1816 1824
1816 1962
1744 1816
1071 1816
1816 4403
1816 4422
1816 3739
1816 4902
1816 2272
146 1816
965 1816
1816 2630
1387 1816
1816 2427
1816 3788
1816 4095
324 1816
956 1816
1816 4858
1816 2325
117 1816
1816 3154
1816 3873
1816 3107
1816 3623
1816 3471
1816 2356
1816 2819
1816 3815
1816 2500
1065 1816
1816 4507
1816 3864
1816 4012
137 1816
1816 3647
1816 1883
1112 1816
1816 4480
1816 2258
150 1816
1816 3964
1732 1816
1816 3284
1816 4851
383 1816
1816 3280
460 1816
223 1816
1816 3963
428 1816
1816 3574
1816 2103
306 1816
166 1816
1713 1816
1816 2170
1816 4170
589 1816
102 1816
1816 4523
667 1816
806 1816
21 1816
1816 3538
1816 4180
1816 2682
1816 2372
1816 1850
1816 3543
1816 2390
1816 3137
1816 3029
1816 4167
1816 3170
1220 1816
44 1816
1816 4756
1816 4862
161 1816
603 1816
1518 1816
1816 2785
1816 2951
1803 1816
1816 4784
1687 1816
1816 2294
551 1816
1816 3562
1816 3493
1816 2898
788 1816
1816 3253
1816 4930
417 1816
1816 4521
1816 4500
1303 1816
1816 4527
1816 2458
1816 2443
1816 2518
1430 1816
1048 1816
429 1816
1057 1816
1034 1816
410 1816
1461 1816
1125 1816
1816 3475
923 1816
1816 3072
320 1816
1816 2882
1816 4729
1816 4994
222 1816
1816 2013
653 1816
1816 2219
1816 4538
1273 1816
194 1816
52 1816
1816 4104
1816 3520
1051 1816
1816 2364
25 1816
213 1816
1816 3551
1816 1918
1596 1816
284 1816
1816 2714
1816 4590
1816 3202
1816 2804
1816 3149
1816 2476
1816 3167
1816 3588
1816 4704
1620 1816
1520 1816
1816 2279
1816 3165
1368 1816
1035 1816
1816 2776
1816 4031
1816 4224
1816 2194
1349 1816
1200 1816
1816 4708
1816 3392
369 1816
1816 4641
725 1816
1816 2151
1816 4087
1816 3095
1816 2423
1165 1816
1816 2672
1816 3757
1816 2031
1161 1816
996 1816
1816 4483
1533 1816
1816 4054
126 1816
1816 2959
1816 2168
438 1816
1816 3305
1816 3175
1439 1816
1816 2481
46 1816
1816 2629
1816 2567
1816 2380
1249 1816
1816 4940
1816 2343
1816 4996
293 1816
1816 4003
1005 1816
1816 2650
1816 4811
727 1816
1816 3863
535 1816
617 1816
1816 2678
1816 4023
1816 1968
1385 1816
1445 1816
1816 3764
1816 2091
1816 3722
650 1816
1816 2460
1566 1816
1816 2022
1816 3130
1631 1816
1816 3118
1151 1816
1816 3780
1816 4037
1816 4452
770 1816
1816 3710
980 1816
1816 1985
1816 2842
1043 1816
740 1816
371 1816
1816 2309
1816 3173
829 1816
103 1816
1816 2408
1816 4651
1816 2366
416 1816
1816 4609
1816 4064
1126 1816
1816 3485
1816 4142
1816 2175
392 1816
1023 1816
1816 3164
1085 1816
1816 3598
1816 3207
1816 4618
1816 1882
258 1816
1816 4623
1816 4576
1816 2849
1816 4179
1816 4228
1816 3203
1816 2190
1816 3320
1816 3054
1816 4204
1816 3324
301 1816
1598 1816
35 1816
1816 3667
93 1816
346 1816
1816 4736
1816 3293
1574 1816
1453 1816
1038 1816
1816 2607
1816 4069
1816 2463
1353 1816
1113 1816
1816 2014
1816 4163
1816 2004
1314 1816
1615 1816
1816 4944
586 1816
1816 4816
1816 1818
1816 3878
1816 3387
1816 4562
1816 4235
1816 2148
1816 3970
1816 4116
1425 1816
1816 3296
494 1816
600 1816
1364 1816
1816 4529
1816 3080
936 1816
1816 3744
1486 1816
1816 4536
1816 3316
1816 3420
1572 1816
1816 4832
791 1816
1816 3554
1816 2810
1816 4620
1816 3627
1816 2442
1816 2744
155 1816
475 1816
1816 2389
1752 1816
266 1816
1816 4109
1816 4048
598 1816
1816 4140
1816 4652
1816 2128
533 1816
17 1816
1254 1816
1816 4424
1816 3962
524 1816
1816 2222
330 1816
1816 2743
1689 1816
312 1816
1816 3028
1816 3510
753 1816
1816 3979
468 1816
1816 4042
1270 1816
1816 4171
1816 2917
1816 2614
1223 1816
1816 2546
671 1816
1816 2440
1816 4679
1816 4242
1540 1816
1624 1816
1343 1816
76 1816
1816 3237
1816 4427
318 1816
718 1816
1816 3310
1225 1816
541 1816
1816 4780
1816 3779
1026 1816
1816 3784
1055 1816
1816 4396
1404 1816
20 1816
1816 2715
1816 3197
544 1816
1816 3073
1816 1965
1816 2233
704 1816
1816 2561
1816 4542
1388 1816
1816 2328
1816 2477
432 1816
1816 3987
1816 4810
1816 3653
1356 1816
1816 3790
662 1816
85 1816
1816 3862
1816 2284
1555 1816
1443 1816
1816 3046
1816 2732
1816 4086
1816 3081
768 1816
1816 4484
1816 4025
1816 4604
666 1816
1816 1948
1571 1816
1816 2409
1677 1816
1816 2529
1648 1816
1816 4546
445 1816
883 1816
235 1816
1816 3777
1816 2985
1816 4192
1816 3110
1816 4004
1816 2733
1816 3749
1816 1954
1419 1816
1816 2196
1816 4439
1816 3273
1816 1853
1109 1816
581 1816
1816 2064
1816 2495
1053 1816
1417 1816
1816 2398
1816 3502
1816 2350
467 1816
77 1816
1816 3020
1816 3539
1816 2853
1816 4402
1816 1973
1816 2337
1816 3375
1816 1974
826 1816
1816 2231
1816 3691
481 1816
1816 3984
