5000
)((())))()))()((()(())))))(()))(()()())((()(())))(()))(()))))))()(())))())(((()(())()((((()()()(())())(())((()(((()((((())(())))(()))((((((((()())())(())((((())(((())))((())))(()((((((()((())))((()((((()))((()))()))))()))())()))))))))()()(())))()))(()(((())())(((())()))))((())()()((()(())((())))(((()))((()(((()())())))(()))))()((())(()((((()())(((()(())(())()))()()())))(())))())()()())))()))()()))((()()(())))())))()(((()(()((()(((()))((())()((())(())))()(()))))((()()()(()(())))()))(((((()((((((()()(((()))(()(((()((()((((()()()((((((())()()(()(((())((()())()))()())))())()())))((()))((()))())())()(()()()))))))()()))(()(()()(((((())()((())())()())))()))))(()((()())()()))((())()))))))())))(())()((())()((()(()))))(((())())(()))(())()()))()))))()))((()))))()((((((()(())(((()()((((((()(()())))))())()))))()()(())()))()()(((((()()((())))()))()))(())(((())(()))()()()()()()()(()())(())()((((()(()((())())))())())())))))))(()(())(())))())))(()((()()()()()()))()((())(()))((((((())(((((((()((())()()((())()())))())))((()(())((())))()(()())(()(()(())))((())(()()(())(())(()))())))()(())()((())())(()())((()()))))))()()))(()(())()))(()(()))()))))(()))((()())()()())()))((()()()()())(((()()())((((((((((()()((()()()()()((((()()))()())())(((())(())())(((()))()))((()())((((())))))(((()(())(()))(()()))()))))())()))(())()()((())))())()()()()(())())))()()(()()(()(())((((()())())()()()())()()))((())()))(()))))()(())())))()()(((()()()((())(()))(()((()(())()()))(()))))(((()()(())((()()(((()()))()()())()()))))))))))))())))))(()(()())()()((()))()((((()((()()(()())()(())()))(((()(((((()()((())))()(((((())((())))((((((((()()(((()()()(((())))(()))))((())()(())()))))()(((()()()()(()())())))((((())())((()()(()()((((()(()()))((())()(()))((((()()())))(())((((()()(())))((()))(()())))()())))(()()(())()()()((()())(())()))()())))(((()()(()))()()((())(()())(((()(())((((())(((((()((((()((((()))(())(()))()()(())))))())(((()(())((())(()))))()()((()))((())((()(()))()))())()()((()()())))))(()(((()()))()(()))()())((())((()())((())))(()))))))(()))())))(()()(()(((()(()()(()()())()))()))))())))(()()())((((((()())()(()(()((()))()(()((((()((()())))(()()(()()(()())())(())())())((())()))()))())))((((())))((((()()))(())())((((()()())(()(())(()))((((()(()(())((((((())))((()(((())()(()(()()))())(((((()()())())(((()(()))))(())())()()())()()))()((())))()))())(((())((()(((()()((((()(())(((()(())()()(()))())(()()))(()((())))()((())((()))(()())()))(())()))))()))))(((()))()())())()))))()())()(()((()()()))(()(((()((()((()())))((()))()))(())()))(())((()((((())))))()())()))(()))())))(()))()()((((())))()((()())((())))(())(((((())))())))))()))()((()())()))()((())(()()()(()(((()(()(()(())()(((((()(()))))((())))))((()))()))))()()()))))()))((()((()))(()()(()()((((()))(()(()))(()())())))))()()()))())()()())))))))()(((()))))))))()(()()()))()((()))((()(())))))()(()))(((()())(((())))(()()(()())())())()(())()()(()))()()())((((()()()(()()(())))()(())())((())()(((()()((((((()()(())())()(())()())(((()()(()))()())()))))()))(()(()())())()))()()(())((())((())())(())((()()(((())))())((()))())())(((((())())((())))((())))))()))()))(()()((()()(())())))(()())((((()((()))))(())())()(()(((()()))))(((()())(((()()(()()()(())((())(()()(((()())))())())())(((())))()(()(((((((((()()(((((())()))()((()()()()()))())(())()))))(()))))))())))(()))()(()()(((()))())()())(((((((()(((()))(()(())(()))(()((()))(()(((()(()(()()()()())))(()))()()(()()))()())()(()()((())()((()((())())))((((()())(()()(()()()()()))))(()(()))(((((()())(((((((()(()())))))))(()((()))()(()))(((()())()(()())(()()(())(()()())(()))()))()))((())()((()((()())(())()()(((()(()()))(()))))))(((())())(())(()()()((())((()())()())()((((()((((()())())()())(()(()()()())))))((())((()))())()(()(()((((()(((()(((((())()(())()(())())()(()))(()))))))(((((()(()((()())(((()()())(()))))((((()((())())((()())))((())))()))))(()(()))(()((()(())()))(()((()(())))))(())(()))(()((()))(()))))()())()()()((()()((((()((())())())()((()()(())()()())(())()(())((((((())(()))()())()())()()())))())(((()())(()))((()(())(())())(()(()(()))((((((()())(()()))(())())(()))())))))((()(())))(()))))))((()))))()(()))((((()()((((()))(()()((()())))())()())((()((()(()(()()()))()))))))((()))()()())())))(((())()(()()(()(((((()))))))((((())))(()()())(((())())))()()((((())()((((()())(()))()((()(((()))(()()(()(()())())(((()()()()()()(((()((((())(((()()((()))(()((()))))()))())))((((((()(((()((((((()())))())))))))(())()())(()()(((())))()((()()()()(((())()((((((()((((((((((()())(((())))((()()((()()()))))(())((())((()))(()()))()()))())))(())(()()(()((())()())()))(()()))()())))((()(())(((()))(())()()()))()(((()))()())((((()))(())(((())((())(()(((((()()))))()((())()(((()))))))()))))(((((()))()()()())((()())(((((()))(()((()()()()(()(())()))())(()()())()())))))()()()))))((((((((()()))))(()())()))(())(()))))))(((()))())())(())()())(())))))())))))())(()()()())))))))))()())()((()))((())(())()(((())()(()((()((()()))(((((((()(()))()))((())()(()))(()(()))())(()(((())))(())(())()((()())())))((()))))))))(((((()(())(
1209 3670
2822 3670
413 1209
1492 3670
1209 4212
3670 4395
1209 4615
3670 4720
1209 3269
1631 3670
262 1209
2800 3670
103 1209
1214 3670
1209 4763
2226 3670
1209 2119
1084 3670
1209 4955
3670 4518
1209 2900
1953 3670
1209 3518
3670 4122
1209 1447
359 3670
965 1209
3670 4995
1209 3175
1660 3670
1209 1882
2678 3670
1209 2681
221 3670
1209 4285
3670 4653
892 1209
2020 3670
1209 1975
3670 4339
1209 3086
3670 4396
1209 2527
2155 3670
1209 1755
1101 3670
1209 4503
3670 4247
1209 3429
2613 3670
534 1209
1957 3670
1106 1209
3670 3817
1209 1229
3670 4852
1209 2097
1510 3670
1209 2464
3670 4173
1209 2901
1369 3670
1209 4880
3553 3670
1209 4636
962 3670
1090 1209
741 3670
1209 2246
3670 4999
512 1209
1640 3670
1209 2588
3670 3889
1209 2323
3288 3670
1209 3495
1403 3670
130 1209
3670 4685
1209 4446
1459 3670
1209 4012
3670 4318
1209 4597
166 3670
1209 2500
1313 3670
1193 1209
2486 3670
1209 3716
2593 3670
1209 4308
940 3670
460 1209
3293 3670
1209 1883
3670 4320
1209 2516
3670 4106
1209 2099
674 3670
1209 4329
3670 4779
1209 4413
1714 3670
1209 4166
3270 3670
1209 1836
1288 3670
1209 2924
1404 3670
1209 2488
3670 4515
1209 4042
2743 3670
988 1209
2832 3670
1209 2570
1991 3670
1209 4374
326 3670
1209 2656
3670 4236
452 1209
1006 3670
1209 3068
53 3670
1209 2258
1113 3670
1209 1661
1936 3670
1209 1724
2509 3670
1209 2969
3670 4914
1209 4701
2763 3670
584 1209
1318 3670
1150 1209
1768 3670
1209 4817
3670 4277
1209 4904
3474 3670
1209 4341
1171 3670
991 1209
3557 3670
1209 2653
3670 4191
1209 3134
1252 3670
1209 1711
3670 4397
1209 4808
614 3670
1209 2081
153 3670
426 1209
1654 3670
1035 1209
3211 3670
1209 2731
959 3670
1209 1609
1904 3670
1209 4340
3670 4181
1209 2793
1117 3670
1209 3864
380 3670
1209 2596
3432 3670
1209 3892
2933 3670
1209 3509
2553 3670
1209 3106
1449 3670
1209 2388
3670 4807
1209 1760
3057 3670
1209 1355
528 3670
1209 2013
1579 3670
1209 1767
3670 4390
1172 1209
3395 3670
1209 3475
2787 3670
1209 4020
1998 3670
1209 3334
3670 4780
598 1209
3302 3670
1209 2233
1948 3670
1209 3660
540 3670
1209 4725
2733 3670
1209 2244
2238 3670
1209 4375
3670 3726
1209 1820
3670 3796
171 1209
580 3670
1209 3936
325 3670
1209 2089
2754 3670
9 1209
3215 3670
1209 1818
3670 4242
1209 3373
3670 4360
1209 4368
820 3670
1209 3405
3670 3755
623 1209
1563 3670
1209 2635
333 3670
772 1209
3670 3868
1209 1842
2569 3670
1209 1363
3032 3670
1209 1218
59 3670
1209 1835
3670 3842
909 1209
3670 3894
1209 1532
1910 3670
622 1209
3670 3885
1209 3027
3670 4726
1209 1245
1885 3670
1209 2519
2158 3670
1209 4200
1867 3670
1209 4586
1256 3670
1209 1259
882 3670
1209 1429
3670 4485
55 1209
1521 3670
1209 1877
1526 3670
1209 2437
1843 3670
1209 4634
3670 4171
1209 3544
2978 3670
1209 3879
2128 3670
1209 3191
3670 3948
1209 4284
3529 3670
782 1209
1142 3670
338 1209
2862 3670
1209 3732
1381 3670
1209 2970
2783 3670
1209 4929
3670 4269
162 1209
3024 3670
72 1209
3670 3736
1209 4610
1806 3670
1209 4401
233 3670
1209 3314
2143 3670
517 1209
3670 3944
632 1209
2015 3670
1209 3965
1388 3670
1209 4913
2072 3670
1209 2843
2328 3670
111 1209
1639 3670
1209 3489
126 3670
1209 4722
3670 4957
1209 3658
1900 3670
1209 4871
735 3670
832 1209
1940 3670
1209 1540
3316 3670
1209 1943
60 3670
1209 3956
2468 3670
1209 3912
3670 4771
1209 2780
1095 3670
1209 2450
2324 3670
1209 1576
2871 3670
638 1209
3670 4793
1209 3413
3670 3819
1209 1236
883 3670
1209 3339
3007 3670
1209 2406
2909 3670
1209 1909
2979 3670
1209 4767
3670 4741
591 1209
469 3670
1209 4111
2922 3670
1209 2485
3035 3670
1209 2005
756 3670
1209 4271
2770 3670
1209 2227
251 3670
1209 3777
3670 3742
1209 3358
3610 3670
1209 2273
685 3670
1209 3901
1264 3670
1018 1209
3670 4403
1209 3999
2184 3670
712 1209
370 3670
368 1209
3374 3670
1123 1209
2930 3670
1209 4449
2286 3670
1209 4238
2826 3670
1209 3522
2416 3670
1209 2815
3670 4736
1209 2765
2698 3670
1209 3683
2697 3670
1209 4997
3670 4572
1209 2961
3670 4524
780 1209
1414 3670
1209 4249
1680 3670
382 1209
3109 3670
1209 1493
1454 3670
1209 3172
3542 3670
1209 4335
1930 3670
1019 1209
3537 3670
134 1209
2619 3670
439 1209
3670 4022
1209 1697
400 3670
1209 4193
1327 3670
1209 4327
1128 3670
1209 3945
3670 4465
1209 2380
2391 3670
1209 3477
1087 3670
1209 3784
3048 3670
1209 1530
1637 3670
1209 4714
1300 3670
1209 2690
110 3670
1209 2670
3670 4442
1209 2601
320 3670
1209 3510
3353 3670
117 1209
2548 3670
1209 3480
1860 3670
1209 4789
956 3670
1209 1690
3670 4792
1209 1821
3258 3670
164 1209
3670 4228
1209 4174
479 3670
1209 4129
714 3670
1209 1735
2098 3670
1209 4415
1720 3670
1209 3368
2009 3670
3 1209
3582 3670
1209 3180
1045 3670
1209 4896
1738 3670
286 1209
3670 3853
1209 1255
3670 4494
1209 3210
2308 3670
830 1209
2036 3670
791 1209
2295 3670
457 1209
3385 3670
1209 3785
3670 4868
525 1209
3345 3670
1209 2193
442 3670
1209 4175
1602 3670
1209 3804
3670 4747
1209 3923
923 3670
1209 4454
1216 3670
516 1209
1375 3670
576 1209
3029 3670
1209 2362
3670 4378
1209 3547
2724 3670
568 1209
636 3670
521 1209
2435 3670
1209 4977
3670 3754
703 1209
1204 3670
1209 2929
1274 3670
1209 1636
2146 3670
1209 2648
621 3670
1209 3678
2115 3670
1209 1946
3670 4873
1209 3524
3670 4842
1209 4865
1723 3670
1209 3071
1549 3670
1209 3492
2605 3670
1209 3198
1502 3670
650 1209
3670 4113
1209 4366
2461 3670
253 1209
2680 3670
767 1209
214 3670
1209 2352
727 3670
1209 4710
476 3670
1209 2941
121 3670
1209 4385
3670 4855
1209 2144
694 3670
1209 4476
3670 4658
446 1209
3170 3670
1209 1719
1897 3670
1209 3287
3670 4373
1209 3893
3670 4739
1209 3074
2615 3670
1209 1583
3670 4064
1209 4978
1967 3670
642 1209
145 3670
1209 2150
3670 4521
1209 2881
2707 3670
604 1209
2797 3670
1209 4435
1888 3670
1209 4198
1177 3670
1209 3336
3670 4981
1209 4381
3670 4727
1209 2498
3670 4352
719 1209
3670 4802
1209 2579
2133 3670
945 1209
1042 3670
194 1209
3670 4713
777 1209
2950 3670
1186 1209
3670 4399
1209 3182
3670 4024
1209 4903
1153 3670
1209 4333
2365 3670
785 1209
3670 4782
1209 5000
705 3670
1209 3192
2300 3670
1209 2789
3670 4822
1209 4048
3670 4419
1209 3478
2239 3670
1209 1642
3670 4872
1209 3216
3484 3670
1209 4656
3670 4177
107 1209
3670 4887
1209 2658
2760 3670
1174 1209
869 3670
1209 4835
3670 3772
1209 4180
3670 4394
1209 2507
3361 3670
1209 1546
971 3670
1209 3490
414 3670
1209 1907
2405 3670
330 1209
1913 3670
1209 2472
742 3670
630 1209
530 3670
1209 2136
456 3670
1209 3418
3321 3670
56 1209
3341 3670
1209 4263
2382 3670
1209 3486
592 3670
1209 4633
3670 4756
1209 3265
805 3670
1209 4000
936 3670
992 1209
2642 3670
1205 1209
717 3670
1209 1312
276 3670
17 1209
3670 4728
1209 2636
1148 3670
1209 4103
2320 3670
1209 3708
3670 4659
1209 3616
1974 3670
1209 4686
2654 3670
1209 3116
1257 3670
566 1209
3670 4650
1209 3069
954 3670
1209 1544
3670 3934
1209 1423
3670 4536
1209 2317
871 3670
1183 1209
3670 3985
1209 3034
281 3670
1209 4116
3670 4731
1209 1944
3670 4069
1209 1706
210 3670
1209 2090
1015 3670
184 1209
3268 3670
1209 4626
877 3670
1209 3190
1587 3670
1209 4117
416 3670
1209 3054
615 3670
1209 3129
2520 3670
1209 3818
3670 3926
1209 1863
700 3670
1209 2918
294 3670
1209 2752
226 3670
245 1209
1406 3670
151 1209
2625 3670
1209 2475
1506 3670
1209 4897
346 3670
1209 1238
3670 3827
1209 4431
2925 3670
1209 2531
2171 3670
1209 1906
3534 3670
1209 4474
3670 3789
1209 3550
3670 4987
1209 3250
1837 3670
1040 1209
1273 3670
1209 4141
3406 3670
1209 4346
1165 3670
1209 1846
3670 4010
1209 4438
115 3670
1209 1346
2400 3670
1209 2001
301 3670
1083 1209
1995 3670
625 1209
2784 3670
1209 2399
3670 4490
1209 3793
2033 3670
1209 3581
3670 4304
1209 4762
2109 3670
783 1209
3670 3880
1209 2336
3559 3670
1209 3259
999 3670
1209 3722
1111 3670
1209 1963
1240 3670
1209 4648
1788 3670
1209 3232
944 3670
1099 1209
1297 3670
1209 4496
867 3670
1209 3158
2565 3670
1209 1578
3018 3670
364 1209
2409 3670
1209 3487
698 3670
1209 2230
1417 3670
1209 2581
1136 3670
1209 4614
436 3670
573 1209
561 3670
1209 4205
1504 3670
451 1209
3670 3812
348 1209
1793 3670
537 1209
2632 3670
1209 2981
1461 3670
1209 1292
2564 3670
1209 2045
3670 4824
280 1209
3670 4332
1209 3541
1740 3670
590 1209
3670 4275
1209 1593
602 3670
1209 3976
2560 3670
1209 1599
1426 3670
1209 2000
3670 4589
1209 4502
3670 4509
109 1209
1961 3670
1209 1552
3670 4331
1209 3535
229 3670
1209 4574
1902 3670
713 1209
1671 3670
1209 2828
3670 3907
1209 1522
2396 3670
1209 1421
165 3670
1209 4370
2101 3670
1209 1896
3670 3763
1209 4989
3670 3979
1209 1317
3528 3670
1209 3108
2830 3670
1209 3101
2836 3670
1164 1209
3670 3872
763 1209
3670 4579
1209 4182
1387 3670
655 1209
683 3670
1000 1209
2309 3670
1209 4718
1342 3670
1209 2178
1322 3670
1209 3506
3589 3670
1170 1209
3670 4354
1209 1380
3670 4404
1134 1209
1487 3670
894 1209
3670 3970
1209 2562
3670 3997
1209 1580
2064 3670
1209 1850
3136 3670
1209 4402
3670 4557
1209 3635
3670 3938
578 1209
3206 3670
1209 1496
3670 4100
1209 4838
173 3670
483 1209
219 3670
1209 2078
3670 4823
1209 3575
3670 4602
879 1209
3670 4707
1209 2778
3349 3670
1209 1705
1624 3670
1209 3918
3049 3670
1209 2367
1971 3670
1209 1643
3670 3865
1209 3150
1349 3670
1209 3587
3670 4562
1209 2668
3516 3670
80 1209
2545 3670
1209 1611
3670 4491
1209 1555
3670 4877
1209 4881
2318 3670
1209 2314
693 3670
1209 1470
3266 3670
904 1209
1190 3670
1209 3863
362 3670
1209 3757
513 3670
633 1209
404 3670
1209 3077
3670 4087
1209 2055
409 3670
1209 4225
1098 3670
506 1209
3670 4472
964 1209
241 3670
1209 3953
3670 4400
1209 1784
1137 3670
776 1209
658 3670
177 1209
1770 3670
1209 3851
3551 3670
1209 3322
681 3670
1209 3164
2235 3670
1209 1287
3456 3670
1209 4603
1757 3670
1209 3937
2074 3670
1209 3995
234 3670
1209 1929
1293 3670
1209 2134
1778 3670
1209 2019
2938 3670
1209 2363
1497 3670
1209 2469
3508 3670
252 1209
3670 4096
1209 1431
160 3670
1209 2111
3670 4156
1209 3539
3670 4613
1209 3790
2985 3670
1209 4280
3670 3797
1209 1215
3670 4185
1209 2523
2095 3670
1209 3459
3306 3670
1209 4645
745 3670
527 1209
3670 4837
515 1209
1562 3670
1209 3045
3670 4816
849 1209
2517 3670
1209 4452
564 3670
790 1209
3670 4477
1209 2659
938 3670
749 1209
2447 3670
1209 3747
3670 3675
1120 1209
3650 3670
1209 4996
3670 4527
27 1209
2224 3670
129 1209
3183 3670
899 1209
3670 4849
1209 2165
1810 3670
1209 1710
1566 3670
1209 4708
3670 4894
1209 4629
2439 3670
1209 3133
3464 3670
1209 2206
232 3670
1209 4733
3645 3670
1209 3085
268 3670
1209 3884
2460 3670
1209 1570
168 3670
1209 2181
3323 3670
1209 2147
3335 3670
1027 1209
2311 3670
1209 1614
3670 3746
1209 3788
2080 3670
1209 2124
2321 3670
1209 2672
3670 4245
1209 1542
2874 3670
1209 1647
587 3670
1209 4324
29 3670
1209 2215
3670 4854
766 1209
2705 3670
1209 2616
2621 3670
1026 1209
797 3670
1097 1209
1880 3670
1209 1569
1736 3670
1209 4839
1179 3670
1209 1465
2002 3670
1209 4635
2854 3670
1209 1582
2069 3670
1209 4567
3670 4975
1209 3556
1202 3670
1209 2357
3028 3670
1209 3583
1031 3670
1209 2294
1783 3670
1209 4125
3519 3670
1209 4309
3670 4829
1209 1390
2130 3670
1209 2377
1701 3670
1209 4907
3157 3670
1209 2861
3670 4393
1209 3573
3670 4081
1209 2691
3670 4711
1209 1560
2030 3670
1209 2883
1759 3670
1209 1427
687 3670
1209 1987
3653 3670
1209 4551
2274 3670
1209 4759
3670 3707
1209 3935
2467 3670
1209 3070
419 3670
1209 3246
3500 3670
1209 3640
259 3670
1209 4538
3670 4293
273 1209
3670 3843
1209 2253
2462 3670
1209 2106
449 3670
440 1209
3670 4089
1209 3173
887 3670
1209 2758
3670 3881
1209 3273
2441 3670
499 1209
3604 3670
1209 4051
1467 3670
1209 2387
3670 4270
466 1209
2298 3670
1209 3590
159 3670
1209 4268
3163 3670
1209 1237
2663 3670
1063 1209
2759 3670
1209 2937
3670 4545
1209 3794
2953 3670
1209 3594
1972 3670
1209 4429
1325 3670
1209 1304
2904 3670
1209 1979
3670 4809
1209 2418
3670 4025
1209 2547
3670 4072
1209 4369
106 3670
208 1209
485 3670
1209 2702
1228 3670
1209 2652
412 3670
761 1209
3670 3973
1209 3654
3445 3670
1209 3711
1771 3670
1209 2359
1310 3670
1209 1769
1352 3670
1209 2292
406 3670
1209 3886
417 3670
1209 3699
2882 3670
1209 1942
3670 4226
706 1209
3670 4028
1209 2905
431 3670
987 1209
43 3670
1080 1209
2121 3670
1021 1209
2679 3670
1209 2623
3434 3670
1209 1337
3670 4031
1209 1584
1805 3670
1209 3728
3670 4813
1209 4869
3670 4302
1209 1830
3670 3745
1209 2976
2421 3670
1209 2794
3670 4664
1209 3701
3593 3670
511 1209
2334 3670
1209 2319
2247 3670
1209 1371
3670 4105
1209 4972
3147 3670
1209 3738
3189 3670
1209 4155
3670 3861
218 1209
1140 3670
1209 3382
654 3670
1209 3372
3670 4924
1209 3457
3670 3740
344 1209
1105 3670
1209 4922
680 3670
1209 2872
2993 3670
1209 3681
1437 3670
1209 3084
2433 3670
1007 1209
908 3670
943 1209
620 3670
1209 3046
736 3670
1209 2544
3117 3670
1209 2455
2031 3670
1209 4055
256 3670
1209 4231
3634 3670
1209 3617
2973 3670
1209 2996
3670 3721
1209 2866
3670 3691
1209 2427
2931 3670
274 1209
808 3670
595 1209
2370 3670
1209 2645
3670 4814
896 1209
2499 3670
1209 3177
609 3670
1209 4821
3209 3670
1209 2585
2249 3670
993 1209
2414 3670
1169 1209
1508 3670
81 1209
659 3670
1209 3005
3414 3670
1209 2696
1243 3670
845 1209
227 3670
430 1209
2550 3670
1209 2345
3670 3841
1209 4213
2016 3670
66 1209
2774 3670
1209 4945
707 3670
1209 2726
3670 3792
1209 3694
1118 3670
1209 4520
3387 3670
793 1209
2199 3670
1209 3941
3614 3670
1209 1592
3670 4836
1209 4478
1020 3670
1209 1629
1395 3670
1209 2327
1160 3670
1209 2079
31 3670
1209 1211
3670 3882
1209 1686
68 3670
809 1209
2419 3670
1209 4453
3162 3670
1209 2154
2333 3670
1209 1978
3670 4902
1209 2903
3670 4540
347 1209
2213 3670
1209 1797
2473 3670
118 1209
3465 3670
1209 3629
2502 3670
1209 2928
3392 3670
978 1209
3670 4687
1209 1260
3670 4021
1209 3479
1531 3670
1209 2256
387 3670
1209 1903
770 3670
1209 2582
3421 3670
1209 1420
1076 3670
1209 2997
3670 4287
1209 2999
1208 3670
1209 4595
2322 3670
1209 2747
3212 3670
1209 3097
758 3670
1209 1294
3670 4163
1209 3768
711 3670
1209 4475
2855 3670
504 1209
981 3670
1209 4909
46 3670
1209 2665
3670 4901
1209 3927
2549 3670
1209 2420
1372 3670
374 1209
3540 3670
710 1209
2248 3670
1209 2712
3064 3670
1209 4800
3670 4267
292 1209
2915 3670
1209 4516
3503 3670
1209 3130
1077 3670
1209 1790
1059 3670
1209 3041
296 3670
1209 2572
1451 3670
1209 4006
3670 4973
120 1209
919 3670
263 1209
762 3670
1209 4095
3670 4627
1209 1958
744 3670
290 1209
922 3670
1209 4947
3670 3871
1209 2945
1379 3670
1209 4007
61 3670
1209 2737
2906 3670
1071 1209
691 3670
1209 3430
236 3670
977 1209
2559 3670
1209 3186
3296 3670
1209 4886
3088 3670
1209 4433
1970 3670
787 1209
2306 3670
1209 1613
3427 3670
1209 3428
3670 3850
1209 4079
11 3670
401 1209
2578 3670
1209 3351
903 3670
1209 3319
2685 3670
1209 2542
1973 3670
1209 4338
3670 3820
828 1209
3670 4123
1209 1855
3670 4511
1209 3151
3463 3670
1209 3230
1726 3670
1209 2847
3670 4073
1209 3107
1795 3670
1209 2972
2713 3670
1209 1548
1234 3670
1209 4272
1716 3670
1209 3875
1849 3670
1209 1348
1295 3670
75 1209
1785 3670
866 1209
91 3670
1159 1209
2660 3670
472 1209
1898 3670
1209 4526
58 3670
1209 1277
3181 3670
1209 2296
3225 3670
1209 2151
2383 3670
1209 1269
3670 4316
1209 2983
2175 3670
1209 4423
2749 3670
1209 2354
224 3670
1209 4306
3226 3670
1209 1840
205 3670
1209 2651
2287 3670
1132 1209
774 3670
1209 4923
1347 3670
682 1209
3670 4424
1209 2732
3670 4164
1209 3766
1373 3670
397 1209
3144 3670
1209 2792
3670 4183
1209 4437
3670 4098
1209 4609
3670 4631
733 1209
3050 3670
1209 4575
3520 3670
1209 1854
2577 3670
1209 4203
3670 4998
1209 2511
1122 3670
1209 2890
2756 3670
1209 4084
508 3670
1209 4649
950 3670
1209 3674
995 3670
1209 3014
2353 3670
1209 3343
2711 3670
1209 2037
3670 4196
313 1209
3670 4132
1209 2720
3670 3787
1209 2943
1115 3670
1209 3837
398 3670
1209 4131
667 3670
1209 2767
2860 3670
366 1209
3670 4513
755 1209
2214 3670
1209 1350
146 3670
1209 2489
3670 4009
1209 4696
2054 3670
1209 2947
3670 4850
433 1209
2007 3670
1209 2102
704 3670
1168 1209
3670 4080
1209 2739
3670 3977
1209 3618
1129 3670
1209 1750
98 3670
1209 3801
1495 3670
1209 2091
2725 3670
1209 1338
958 3670
1209 2264
2646 3670
1209 4735
1941 3670
1209 4104
3670 4136
1114 1209
3670 4683
1209 4114
3565 3670
1209 1242
2084 3670
1209 2920
3670 4681
425 1209
2436 3670
1209 4889
2526 3670
1209 3839
3670 4325
1209 1747
3670 4784
1209 4264
1657 3670
384 1209
1721 3670
1209 4410
1163 3670
1209 4883
3161 3670
1209 4265
863 3670
1209 3705
1367 3670
498 1209
3670 3798
635 1209
1397 3670
1209 1865
302 3670
1209 3560
2429 3670
155 1209
1130 3670
408 1209
3670 4142
1209 3375
3023 3670
1209 2913
3670 4391
544 1209
3665 3670
1209 3714
220 3670
1209 4282
2887 3670
1209 2201
3254 3670
1209 3866
215 3670
1209 3517
1565 3670
1209 4019
131 3670
1209 2624
3670 3693
254 1209
596 3670
1209 2863
2989 3670
1209 4892
3010 3670
1062 1209
2810 3670
1209 4480
260 3670
1209 1804
3379 3670
100 1209
3059 3670
1209 3213
2584 3670
1209 1533
132 3670
1209 2524
3670 4644
974 1209
2980 3670
1209 4534
3670 4971
1209 3315
3670 3761
1209 2122
323 3670
1209 2288
660 3670
1209 3012
1844 3670
618 1209
2634 3670
1209 1571
1828 3670
1203 1209
926 3670
1209 1485
3670 4083
1209 3878
23 3670
535 1209
3143 3670
1209 3253
3670 4661
1209 3577
1010 3670
1209 3963
1036 3670
989 1209
3584 3670
872 1209
939 3670
1209 1707
3670 3931
969 1209
334 3670
1209 2935
3670 4750
1209 1376
3670 4533
1209 4466
2068 3670
1209 4118
3409 3670
1209 3240
3670 4885
1209 1999
2316 3670
1209 2773
2536 3670
1209 2046
3011 3670
1209 4481
1289 3670
1209 2179
3185 3670
1209 2478
3446 3670
1209 4926
1892 3670
1209 2643
465 3670
1209 1374
732 3670
1209 4157
3089 3670
1209 2279
2376 3670
640 1209
1011 3670
1209 1798
2456 3670
1209 4456
1262 3670
1157 1209
3670 4605
1209 1886
437 3670
1209 1356
833 3670
583 1209
367 3670
179 1209
840 3670
1209 2474
244 3670
1209 3824
3176 3670
1209 3025
2108 3670
1209 2480
3670 4774
1209 1315
231 3670
1209 1861
2893 3670
1209 4732
3670 4638
1209 2351
2700 3670
96 1209
2415 3670
835 1209
464 3670
1209 3644
2393 3670
1032 1209
3670 4344
1209 3962
2232 3670
1209 3039
646 3670
1209 1618
2174 3670
1209 2261
1212 3670
1209 3227
3670 4202
1209 4444
1048 3670
1209 1874
990 3670
1209 4841
393 3670
1209 1955
2841 3670
310 1209
2211 3670
1209 2048
857 3670
631 1209
2049 3670
764 1209
3125 3670
1209 3043
3670 4730
728 1209
3670 4281
1209 3410
3670 4599
1209 3112
3549 3670
1209 1528
2035 3670
811 1209
2771 3670
1209 1839
815 3670
1209 2008
3670 4178
1209 3770
392 3670
1209 1630
3670 4246
1209 1933
3670 3828
176 1209
93 3670
1209 1813
1028 3670
1209 4573
3499 3670
1209 1666
3670 4593
1209 3727
1314 3670
1209 3576
3670 4389
1209 1280
3670 4668
1209 3641
3504 3670
1209 3823
257 3670
1209 3491
3262 3670
1209 2012
3670 4826
1209 2326
1162 3670
1209 3369
2167 3670
1209 4460
1905 3670
1127 1209
1156 3670
1161 1209
886 3670
1209 4192
2508 3670
1209 4769
588 3670
1005 1209
613 3670
1209 2340
1691 3670
1209 4510
1328 3670
1209 4015
3670 4846
1209 4698
3670 4819
1209 3350
3670 3684
1089 1209
3670 4248
1209 2083
752 3670
753 1209
1652 3670
937 1209
1276 3670
1209 3596
3462 3670
1209 2417
454 3670
1209 2662
3670 3799
1209 1962
3670 4504
261 1209
317 3670
1209 3312
1764 3670
51 1209
2521 3670
1209 3776
715 3670
1209 4059
1306 3670
531 1209
3632 3670
212 1209
30 3670
946 1209
3670 4409
1209 1220
3670 4189
342 1209
3670 3689
1209 4620
3670 4988
1209 2266
3279 3670
1209 4532
1339 3670
1209 1848
2203 3670
1209 2955
18 3670
1001 1209
148 3670
1209 1911
3670 4165
1209 2528
74 3670
1209 2552
3670 4553
1209 3642
3670 3951
1209 1279
3670 4985
1209 4630
2829 3670
1209 2496
3670 4439
1209 1399
554 3670
1209 4689
1959 3670
1209 2285
3087 3670
1209 2312
69 3670
836 1209
3670 4556
1209 3396
1572 3670
1209 1704
3670 4758
1209 1394
2555 3670
1209 1541
1085 3670
1209 1996
2457 3670
1209 2242
3670 3857
278 1209
738 3670
1209 4665
3670 4745
402 1209
3651 3670
1209 3971
3670 4314
136 1209
2701 3670
1209 1341
248 3670
1209 2908
3317 3670
1209 4441
3670 4951
1209 1858
3670 4755
1209 1329
2442 3670
645 1209
3670 4115
1209 1796
3670 4976
1209 3968
3571 3670
1209 2769
2148 3670
395 1209
916 3670
1209 2139
593 3670
1209 2190
3670 3782
32 1209
2003 3670
1209 3899
2194 3670
1209 4224
3670 3876
322 1209
3670 3821
1209 4319
3670 4943
1209 2173
3105 3670
1209 3467
842 3670
1209 4418
3670 4044
973 1209
2967 3670
495 1209
3670 3957
1209 3078
1934 3670
1209 2047
1275 3670
1209 2875
852 3670
864 1209
1246 3670
1209 4493
3670 4643
1209 3771
3061 3670
1209 2162
3670 4488
1209 4941
875 3670
1209 4049
3670 4353
1209 4195
193 3670
1209 3802
2991 3670
1209 3685
79 3670
1075 1209
3670 4258
1209 4085
3670 4876
1209 2245
3670 4052
1209 2818
3081 3670
1209 1872
1284 3670
1209 3234
3670 4669
1209 2182
1894 3670
1052 1209
1801 3670
1209 2218
3019 3670
982 1209
2525 3670
1209 2349
2998 3670
1209 3845
223 3670
628 1209
3670 3900
1209 4469
1745 3670
1209 3664
95 3670
1209 2205
804 3670
1209 1217
3670 4483
1209 4119
266 3670
104 1209
2798 3670
1209 3978
3281 3670
1209 2819
2684 3670
1209 2411
3159 3670
549 1209
3670 4086
249 1209
3371 3670
1209 2551
3400 3670
1209 4706
3437 3670
1209 3807
3563 3670
1209 4154
1073 3670
1209 3942
3100 3670
40 1209
1308 3670
199 1209
3204 3670
1209 1673
1009 3670
1209 1474
172 3670
975 1209
62 3670
1209 1635
445 3670
1209 3461
3297 3670
1209 2368
3521 3670
264 1209
2331 3670
225 1209
3670 4479
1209 2228
399 3670
1209 4037
3231 3670
616 1209
1873 3670
1209 3998
3670 4220
1131 1209
2710 3670
1209 3260
1517 3670
1209 4525
3670 4018
1209 3203
3670 4505
1209 4639
1133 3670
953 1209
2543 3670
1209 2692
3670 4161
1209 1968
570 3670
1209 4705
3670 4135
1209 1713
2580 3670
1209 2633
3481 3670
386 1209
1646 3670
1209 2043
1253 3670
1209 3720
3670 4918
1209 2160
796 3670
1209 3238
390 3670
1209 2704
3218 3670
1209 4778
3498 3670
163 1209
2808 3670
1209 4451
2956 3670
1209 2852
686 3670
1209 1866
2110 3670
1209 3330
2796 3670
519 1209
3670 3709
775 1209
1445 3670
1209 1917
920 3670
1209 4457
2459 3670
1209 1871
1772 3670
1209 1476
3420 3670
1209 2641
759 3670
1209 2117
3111 3670
855 1209
2957 3670
1209 4891
1524 3670
1209 2806
952 3670
768 1209
1977 3670
1022 1209
3670 3858
1209 2332
2284 3670
1209 1912
3091 3670
1209 3276
619 3670
379 1209
3670 4611
157 1209
3670 4642
1209 4554
1676 3670
35 1209
1305 3670
1209 4956
1922 3670
1209 3783
2491 3670
1209 4632
1316 3670
1209 2444
1479 3670
1209 3060
676 3670
138 1209
858 3670
1058 1209
2448 3670
407 1209
1692 3670
1209 1695
1125 3670
673 1209
522 3670
1209 1664
3670 4796
1209 1596
3670 4582
1209 2358
14 3670
1209 4781
2779 3670
1209 4076
2802 3670
1209 3710
3670 4641
1209 3778
3670 4860
1209 3236
1051 3670
1209 1776
312 3670
1209 1383
3554 3670
1043 1209
363 3670
1209 3966
3670 4831
1209 4279
1545 3670
1209 3135
39 3670
1184 1209
3670 3739
1209 3731
3670 4717
1209 3394
807 3670
942 1209
2176 3670
888 1209
3670 4962
1209 3949
718 3670
915 1209
1509 3670
1209 4691
186 3670
1209 1307
2607 3670
475 1209
3670 4867
1209 4948
3670 4522
1209 3331
127 3670
1209 1927
3670 4088
641 1209
2061 3670
1209 3914
2250 3670
1209 4016
3670 3903
1209 3741
1641 3670
1209 1221
3670 4234
1209 4581
2965 3670
1209 4150
2270 3670
1209 1800
315 3670
878 1209
3609 3670
1209 4411
3670 4312
1209 1335
2537 3670
1209 2056
3670 3795
1209 3305
1667 3670
1209 2446
2024 3670
1209 1608
1484 3670
1209 2886
2587 3670
976 1209
1081 3670
1209 1730
3348 3670
1209 1538
54 3670
1209 3729
688 3670
1198 1209
3278 3670
1209 2006
3670 4299
552 1209
3670 3733
1209 3657
3670 4188
1209 2661
3670 4810
1209 4241
3622 3670
1209 3855
2610 3670
1209 3773
3670 4590
1209 1725
1336 3670
491 1209
1779 3670
1209 4152
3501 3670
1209 4992
3092 3670
1209 3376
3146 3670
1209 2837
3670 4217
1209 1561
653 3670
1209 4147
3670 4577
113 1209
1682 3670
1209 1534
3670 4450
800 1209
3601 3670
1209 3195
1112 3670
1209 3752
1816 3670
1209 1416
2782 3670
1209 4716
2172 3670
1209 1241
3670 4670
1209 4547
2750 3670
1209 3308
2355 3670
297 1209
1516 3670
180 1209
1490 3670
1093 1209
2077 3670
1209 1353
2313 3670
420 1209
846 3670
1209 4908
3670 4229
1209 3448
1829 3670
1209 4334
3670 3751
1209 4657
1809 3670
1209 1628
3402 3670
585 1209
3670 3779
859 1209
3454 3670
986 1209
2361 3670
1209 4367
2799 3670
1209 2845
1143 3670
1209 2063
684 3670
1209 4753
3670 4848
1209 3637
3670 4600
829 1209
2664 3670
182 1209
3207 3670
1209 4443
3670 3833
1209 4497
2612 3670
1209 3867
3643 3670
1209 3184
3047 3670
432 1209
2348 3670
1209 1868
1518 3670
1209 3595
1899 3670
1209 1742
3670 4788
1209 2189
607 3670
1209 4775
1924 3670
885 1209
167 3670
1209 3415
1681 3670
1209 3166
358 3670
1209 1385
2857 3670
1104 1209
3670 4440
500 1209
2041 3670
1209 4162
3670 4543
1209 2571
3197 3670
1209 4709
2463 3670
1209 3990
3670 4832
1209 1994
99 3670
1209 4206
838 3670
1209 1478
2617 3670
1209 2267
2751 3670
1209 4124
1079 3670
1209 4372
1952 3670
1209 4222
2567 3670
188 1209
3397 3670
1209 4336
2432 3670
1209 3631
3670 4107
1209 3579
792 3670
1209 2277
3670 4678
1209 4384
2879 3670
826 1209
795 3670
1209 1937
3670 3974
200 1209
1210 3670
1209 1964
3670 4301
1209 1621
12 3670
648 1209
2775 3670
1209 3026
2145 3670
1209 1620
2614 3670
1209 2568
2788 3670
1209 2809
1838 3670
1209 2310
1412 3670
1209 3470
125 3670
1209 2123
3670 4288
141 1209
213 3670
1209 1606
3670 4930
1209 4347
277 3670
1192 1209
1458 3670
1209 1443
1281 3670
1209 1702
3670 4677
1199 1209
1789 3670
1209 4371
1554 3670
478 1209
3015 3670
1209 4786
329 3670
1209 3624
3668 3670
1209 3327
3670 4773
1209 3633
2329 3670
300 1209
3670 3991
1209 4447
3648 3670
1209 4093
3670 4406
1209 3769
1588 3670
1209 3859
2330 3670
1209 1939
361 3670
1209 3649
133 3670
1209 2293
3670 4430
1209 2413
324 3670
287 1209
3670 4034
332 1209
3670 4663
1209 1450
2540 3670
135 1209
3214 3670
185 1209
1551 3670
803 1209
3646 3670
1209 1878
1038 3670
1209 3904
510 3670
1209 1457
1993 3670
1209 4254
3469 3670
1209 4146
3670 3704
1209 4566
2026 3670
405 1209
3670 3671
1209 2898
2673 3670
1209 4749
2687 3670
298 1209
599 3670
1209 1869
149 3670
1209 2878
3670 3902
1209 4863
3320 3670
1209 2188
2272 3670
1209 2640
2820 3670
1209 2257
3670 4622
1196 1209
450 3670
1209 4619
1831 3670
1209 2350
3670 4167
1209 3825
3140 3670
1209 2755
3670 4274
1209 2912
493 3670
1209 3597
3274 3670
1209 1482
2254 3670
1209 3384
3670 3909
1209 2360
8 3670
1209 4201
2803 3670
1209 2566
3670 3980
1209 3179
3670 3994
1209 2574
3670 4495
1209 1699
52 3670
139 1209
929 3670
1209 1520
3325 3670
1209 2718
3004 3670
1209 4672
3496 3670
1209 4699
2816 3670
1209 3606
2948 3670
1209 1227
3531 3670
267 1209
49 3670
1209 4815
152 3670
1209 2494
2630 3670
1209 1425
3670 4818
1209 1870
3670 4715
1209 4799
1014 3670
1209 3389
3670 4806
1209 4256
2657 3670
1017 1209
3342 3670
1209 1430
3670 4900
142 1209
1477 3670
1209 4321
3090 3670
1209 3847
2125 3670
1209 3295
3670 4548
1209 3233
1357 3670
825 1209
3585 3670
1209 3310
2715 3670
1209 4467
3670 3989
983 1209
3670 4190
850 1209
617 3670
1209 4742
3670 3749
316 1209
1409 3670
1209 3154
1413 3670
947 1209
3670 3829
661 1209
3670 4054
784 1209
1923 3670
1209 3051
3275 3670
739 1209
1956 3670
1209 3239
3670 3961
1209 4317
3670 3960
1209 4655
2195 3670
1209 3229
1324 3670
1209 4307
2483 3670
1209 2291
914 3670
1209 3471
798 3670
678 1209
1617 3670
841 1209
3670 4724
1209 2231
1567 3670
1209 4700
3670 4204
1209 3243
3670 3760
1209 2946
3670 4986
1209 4861
3670 4757
1209 1685
1126 3670
1209 3849
2023 3670
1209 4209
851 3670
1209 3241
3670 4585
1209 3806
1386 3670
1209 2964
3670 4057
1209 4484
455 3670
786 1209
2814 3670
1209 3127
3620 3670
1209 4498
2170 3670
1209 2722
2029 3670
1209 3816
966 3670
42 1209
2512 3670
1209 1213
1370 3670
1209 4160
3670 4791
1209 4882
2746 3670
1209 4991
3363 3670
1209 3533
3670 3831
1209 1733
3670 3993
423 1209
3670 4066
1209 2851
2546 3670
1209 3862
3095 3670
1201 1209
3114 3670
1209 3910
3670 4744
634 1209
1648 3670
1209 1251
2112 3670
1209 3939
1402 3670
1209 2986
3670 3969
1209 2366
1384 3670
870 1209
1539 3670
1209 2706
1382 3670
1209 1893
1039 3670
1209 3743
1586 3670
1209 4888
3670 3946
1209 1589
1513 3670
1209 4539
3670 3838
1209 3142
1822 3670
1209 4244
2639 3670
696 1209
1758 3670
1209 3981
3561 3670
1209 3911
2337 3670
1197 1209
3292 3670
1209 2103
3670 4343
1209 3447
1377 3670
1209 2281
3670 4859
1209 4361
1100 3670
2 1209
3193 3670
418 1209
3670 4500
340 1209
371 3670
335 1209
3094 3670
284 1209
2554 3670
1209 1311
3670 4898
1209 3008
1965 3670
1209 1653
3120 3670
1209 1823
1119 3670
1209 4949
600 3670
928 1209
824 3670
854 1209
865 3670
626 1209
388 3670
1209 2476
1393 3670
84 1209
2693 3670
1209 1722
751 3670
1209 2067
545 3670
421 1209
2220 3670
876 1209
3670 3928
1209 4776
3670 4770
1209 2844
1473 3670
1209 4535
1536 3670
1209 3800
1881 3670
963 1209
3667 3670
1209 4120
3670 3688
932 1209
2889 3670
1209 4828
1334 3670
547 1209
2335 3670
927 1209
411 3670
1209 4133
3670 4964
1209 4297
1074 3670
1209 2219
3224 3670
1070 1209
2831 3670
1209 2087
1155 3670
15 1209
1436 3670
1060 1209
2374 3670
1209 4870
2628 3670
1209 3102
2479 3670
1209 2493
3670 3712
1209 3399
2676 3670
1209 1550
2262 3670
1209 1444
577 3670
1209 1475
2575 3670
1209 2229
3670 4082
1209 1737
3670 4362
1209 3511
376 3670
64 1209
2954 3670
1102 1209
1954 3670
1209 3488
3670 4364
968 1209
994 3670
1209 1283
2196 3670
860 1209
1638 3670
1209 2445
2611 3670
1209 3548
1615 3670
1209 2394
3670 4428
1209 1267
2790 3670
1209 4895
2764 3670
255 1209
265 3670
1209 3038
1841 3670
1209 2157
3298 3670
1209 1825
3670 4356
1209 3744
2539 3670
1209 3811
3058 3670
1209 4436
2846 3670
985 1209
73 3670
1209 2859
1884 3670
1209 3621
781 3670
754 1209
3670 4890
1209 2609
2723 3670
258 1209
1985 3670
1209 4357
3670 3925
1209 3359
3255 3670
1209 1270
2762 3670
1209 1786
1254 3670
1209 4690
2598 3670
1209 3600
3670 4794
1209 3628
960 3670
239 1209
83 3670
1209 1405
837 3670
538 1209
2962 3670
328 1209
1415 3670
1209 3730
307 3670
601 1209
143 3670
1209 2375
1472 3670
765 1209
2558 3670
28 1209
3670 4695
1209 3930
3670 3873
1209 3187
669 3670
979 1209
2694 3670
507 1209
6 3670
1209 4721
3670 3759
874 1209
3352 3670
1057 1209
354 3670
1209 3922
3670 4915
1209 1468
3670 4830
1209 4266
443 3670
1209 3552
3670 4844
834 1209
3670 4090
524 1209
1013 3670
1209 1683
3670 3932
349 1209
481 3670
701 1209
3638 3670
1209 2492
1258 3670
1209 3426
2839 3670
1209 1644
572 3670
1209 3986
2044 3670
1209 2804
3670 4568
1209 3695
3098 3670
1209 1498
610 3670
1209 3407
2812 3670
170 1209
3670 3846
1209 1708
3139 3670
222 1209
3670 4345
1209 1364
3036 3670
1209 1523
1301 3670
1209 2907
438 3670
1209 1235
1622 3670
1209 4906
1061 3670
1209 3713
2183 3670
1209 3636
3670 4853
1209 2303
2501 3670
1209 1407
2833 3670
1209 3131
3670 4046
1209 3455
3670 4250
1209 1612
2282 3670
1209 1594
1777 3670
1209 2595
3670 4879
19 1209
2085 3670
1209 2120
3073 3670
1209 1464
1299 3670
1209 3538
3562 3670
1209 3647
3299 3670
1209 3988
3291 3670
1209 2208
2449 3670
1067 1209
2688 3670
1209 2573
3670 4035
546 1209
3309 3670
1209 2745
2104 3670
1209 1553
3285 3670
709 1209
2888 3670
778 1209
314 3670
1209 4038
1272 3670
1209 4569
3670 4060
1209 2655
873 3670
1209 3155
3311 3670
1012 1209
3670 3822
1209 4719
3377 3670
1209 4676
629 3670
1209 1418
3670 3940
1209 4905
3670 4421
1209 3680
1537 3670
1209 4230
3605 3670
1181 1209
3670 4305
1209 2838
3670 4199
1209 4740
1167 3670
1209 1250
1003 3670
912 1209
1655 3670
1209 4530
895 3670
1209 1938
3099 3670
1209 4761
3670 4833
1209 4652
3670 3954
13 1209
365 3670
1209 2051
3670 4746
1209 4322
2010 3670
1209 3249
327 3670
37 1209
3670 3734
1209 2842
427 3670
1209 2490
558 3670
331 1209
1505 3670
662 1209
1360 3670
1209 2216
178 3670
1209 3156
935 3670
502 1209
697 3670
1206 1209
3362 3670
1209 3555
2916 3670
1209 4323
3003 3670
1209 2669
3670 4077
1209 4377
862 3670
1209 1547
128 3670
189 1209
3670 4215
487 1209
2785 3670
562 1209
913 3670
1209 4878
3670 4464
1209 4330
2177 3670
1151 1209
1343 3670
1209 3814
898 3670
1191 1209
2856 3670
868 1209
2576 3670
1066 1209
5 3670
1209 1466
3326 3670
1209 1743
2052 3670
1209 2939
3670 4980
1209 4637
355 3670
1209 2671
461 3670
1209 2675
3670 4252
557 1209
2995 3670
1209 4067
1511 3670
1209 3592
918 3670
1209 2853
228 3670
1209 3104
3670 4857
725 1209
3670 3955
1209 3786
3670 3929
1209 4565
2401 3670
1209 4276
1632 3670
1209 1282
921 3670
147 1209
2895 3670
671 1209
509 3670
1053 1209
21 3670
1209 2237
3670 4738
50 1209
216 3670
1209 3401
3670 4679
1209 2018
799 3670
1209 3165
1986 3670
1209 1787
2867 3670
1209 4342
3168 3670
1209 2113
802 3670
1209 1932
2021 3670
1209 2721
3123 3670
1209 1408
1901 3670
1209 2088
3670 3697
1209 1792
70 3670
1209 3602
930 3670
1209 1976
3466 3670
1209 4928
2911 3670
1209 3016
2290 3670
1209 4674
3290 3670
1209 3687
1108 3670
1209 2776
3545 3670
250 1209
1669 3670
1209 3494
3670 4017
459 1209
2402 3670
1209 4621
1890 3670
1209 2894
2917 3670
1209 1610
3670 4954
1209 4041
3670 3921
1209 2276
1055 3670
339 1209
471 3670
1209 1687
3670 4528
1209 4993
1969 3670
514 1209
582 3670
1209 2180
2070 3670
1209 2556
2410 3670
1209 3570
2902 3670
1209 1480
3670 4462
1209 1819
2592 3670
1209 3277
649 3670
1209 4680
3670 4940
1209 3033
647 3670
1209 1607
3137 3670
20 1209
1065 3670
1209 2674
318 3670
1209 3417
1092 3670
1209 3346
2265 3670
1209 3030
3366 3670
1209 4712
3670 4939
1209 1684
247 3670
1209 1729
3670 3703
1209 3205
3670 3943
1209 2471
3670 3748
1209 3753
2392 3670
1209 4917
3670 4159
1209 3888
2618 3670
496 1209
560 3670
1209 1519
1138 3670
1209 2404
3670 4172
1209 2252
1808 3670
1209 2729
611 3670
1209 1600
3670 3715
1209 1491
3493 3670
1209 4950
2378 3670
350 1209
3252 3670
1209 3669
967 3670
1209 1662
3670 4388
1209 3202
810 3670
1209 1440
3670 4128
1209 1575
1928 3670
1209 4458
3670 4920
1209 2869
3670 4847
1209 3515
3096 3670
1209 3378
1332 3670
1209 2004
2127 3670
1209 1887
2424 3670
76 1209
1514 3670
108 1209
3591 3670
1209 3916
1030 3670
41 1209
3670 3891
1209 2811
1712 3670
1209 2899
279 3670
428 1209
385 3670
1209 3952
3670 4942
447 1209
2271 3670
1209 4110
586 3670
1209 1232
656 3670
1209 3586
3458 3670
1209 2825
2014 3670
1209 3917
1626 3670
282 1209
3670 4420
1209 4584
2959 3670
1209 1333
3670 4291
467 1209
1064 3670
1209 3220
3613 3670
1124 1209
637 3670
1209 4966
217 3670
1209 4184
2093 3670
1209 4843
1166 3670
196 1209
941 3670
140 1209
663 3670
1209 3580
3670 4646
1209 2951
3670 4787
1209 2864
3670 4919
542 1209
2795 3670
897 1209
3670 4092
1209 1663
415 3670
4 1209
980 3670
1209 4805
394 3670
1209 3906
2649 3670
1209 3815
1515 3670
1209 3808
2923 3670
1209 3338
122 3670
1209 1362
3670 4743
1209 4461
3072 3670
1209 1951
2481 3670
1209 2347
1734 3670
1209 2599
723 3670
1209 1398
3282 3670
1209 2372
3318 3670
539 1209
3670 4471
1209 1261
2315 3670
1046 1209
3256 3670
1209 4074
3670 4834
1209 3482
2385 3670
1209 1659
3623 3670
1209 4625
3670 4473
1209 3370
484 3670
1209 2011
3388 3670
1209 4063
1634 3670
1209 1754
2703 3670
891 1209
3670 4851
1200 1209
1992 3670
1209 2561
1775 3670
1209 1446
3244 3670
1209 2533
2082 3670
1209 1389
3284 3670
494 1209
1344 3670
1209 4383
1507 3670
699 1209
3670 4703
291 1209
1590 3670
817 1209
1239 3670
1209 1366
396 3670
1209 4445
293 3670
737 1209
1756 3670
1209 3300
831 3670
998 1209
1107 3670
1209 4570
3670 4058
1209 4158
1144 3670
1209 4760
3670 3813
1209 4387
2699 3670
1209 4682
3160 3670
207 1209
3381 3670
1209 3958
3670 4259
1209 2458
1688 3670
1209 4033
1424 3670
1209 2118
1462 3670
1209 3908
3670 4825
1044 1209
605 3670
1209 2032
1340 3670
1209 3344
1008 3670
1209 4078
806 3670
1209 3128
2868 3670
1209 4455
2343 3670
195 1209
889 3670
1209 1794
3670 3915
114 1209
3042 3670
1209 2971
3670 4616
158 1209
389 3670
702 1209
2884 3670
1209 3661
2096 3670
931 1209
3223 3670
1209 2835
1455 3670
1209 2408
1033 3670
1209 3219
1354 3670
1209 4208
3670 4563
1209 1320
716 3670
1209 4751
2563 3670
1209 2892
1556 3670
1096 1209
670 3670
1209 1321
3670 4974
1209 2241
3251 3670
1209 3452
3670 4519
1209 4542
1110 3670
603 1209
3670 4862
1209 1845
238 3670
1209 2682
337 3670
1209 2243
1285 3670
1209 1452
2768 3670
900 1209
3242 3670
321 1209
2666 3670
1209 4875
1585 3670
306 1209
1914 3670
311 1209
2541 3670
1209 4693
748 3670
1209 4138
1677 3670
1209 1368
3272 3670
1209 3450
1396 3670
1209 3365
3670 4797
1209 4023
3670 4617
1209 2390
934 3670
1209 2255
2209 3670
853 1209
2538 3670
901 1209
3670 4337
1209 1434
3670 3984
1209 3568
3431 3670
1209 2529
3670 4925
1209 2042
1441 3670
1209 3221
1527 3670
526 1209
2728 3670
1209 4382
3572 3670
1209 3719
3670 4694
1209 2297
1997 3670
1103 1209
1982 3670
1209 3356
1068 3670
1209 1326
3588 3670
1209 1717
1824 3670
1209 1525
2440 3670
240 1209
2586 3670
1209 2116
38 3670
169 1209
3670 4487
1209 3367
2963 3670
1209 1862
3126 3670
1209 2283
1727 3670
606 1209
1141 3670
1209 4379
3670 4587
429 1209
453 3670
1209 1489
571 3670
1209 4673
2870 3670
144 1209
272 3670
1209 1568
3403 3670
1209 3735
3178 3670
1209 4194
1773 3670
1209 4588
2299 3670
1209 1761
2221 3670
181 1209
1410 3670
1034 1209
3670 4286
1054 1209
3670 4564
1209 2058
3304 3670
827 1209
3670 4549
1209 3767
794 3670
1209 1378
750 3670
1209 3093
1557 3670
1209 4552
2627 3670
1209 4934
3670 4927
1209 3497
1765 3670
1209 4671
3670 4598
422 1209
3670 4561
924 1209
3670 4296
1209 1989
3408 3670
1209 2251
1173 3670
1209 1422
3670 4911
1209 3507
2730 3670
1209 3663
844 3670
1209 4508
2786 3670
89 1209
553 3670
1025 1209
2076 3670
1209 3355
1345 3670
1209 1826
3670 4050
1209 4606
2301 3670
1209 1623
3670 3692
201 1209
3670 4363
1209 1286
2988 3670
1209 2452
3670 4961
1209 3263
2709 3670
1209 4029
3670 4386
1209 3328
2075 3670
1209 3425
3670 4541
1209 2589
2062 3670
1209 2210
2594 3670
1209 3248
1050 3670
1209 2142
3670 4578
1209 4684
822 3670
1209 3124
3460 3670
1209 1732
3080 3670
957 1209
3670 4628
357 1209
3670 4008
955 1209
3670 4984
1209 1263
644 3670
1209 4912
3670 3809
1209 4045
2129 3670
1209 2602
2522 3670
1209 4407
2451 3670
1209 2379
3670 4179
1209 3852
3670 4169
1209 1847
3608 3670
1209 3717
2757 3670
1209 2734
3076 3670
1209 2137
3670 3890
468 1209
3483 3670
488 1209
1665 3670
1209 2212
3670 4207
1209 1748
3303 3670
1121 1209
3670 4768
1209 2877
624 3670
1209 3947
1827 3670
1209 2423
3670 4660
1209 3844
3001 3670
1195 1209
26 3670
1209 2094
3546 3670
187 1209
3065 3670
1209 4298
643 3670
1209 3485
569 3670
1209 1442
3670 3810
1209 1803
3670 4408
1209 4960
3670 4432
1209 2060
1679 3670
949 1209
3670 3679
356 1209
3670 3764
1209 3441
3670 3762
1209 2992
3670 4795
1209 2590
1696 3670
1209 1700
3670 4414
1209 3662
907 3670
1209 4289
1728 3670
1209 1675
1094 3670
1209 2234
2470 3670
1209 2107
57 3670
1209 2966
3670 4243
1209 2466
3670 4153
1209 3153
3670 4840
523 1209
3354 3670
1209 3718
209 3670
1209 3964
2865 3670
1209 2824
3670 3869
1209 2748
2510 3670
1209 3830
3404 3670
1209 3333
1 3670
1209 1694
2066 3670
1209 1291
3670 4149
1209 2263
3670 4053
1209 3440
3670 4412
1086 1209
3670 4932
1209 2040
3670 3805
1209 2974
819 3670
1209 3390
689 3670
1209 4963
1741 3670
1209 4990
2990 3670
1209 3002
933 3670
1209 1983
1529 3670
1209 4529
486 3670
550 1209
1303 3670
1209 3677
3670 4144
1209 4376
2017 3670
119 1209
3152 3670
1209 1947
3118 3670
1209 1920
242 3670
1037 1209
843 3670
1209 4043
410 3670
1209 1558
1814 3670
1209 1990
3670 4145
403 1209
675 3670
1194 1209
22 3670
1209 4109
3670 4261
1209 2027
3670 4983
1209 2850
2438 3670
1209 2958
3670 3765
1207 1209
3630 3670
1209 4176
2034 3670
1209 4283
1189 3670
665 1209
1024 3670
1209 1895
3670 4935
1209 4295
3670 3673
1209 3412
1072 3670
1209 4260
1499 3670
1209 1278
463 3670
1209 1595
2163 3670
1209 2807
2777 3670
1209 3860
3289 3670
1209 1856
1791 3670
1209 1746
3670 4938
1209 4303
3612 3670
1209 3758
3670 4704
1209 3983
812 3670
734 1209
424 3670
1209 4315
1433 3670
1209 2667
3670 4102
1209 3438
2606 3670
1209 2949
3052 3670
1209 4416
2631 3670
87 1209
1147 3670
1209 4426
3283 3670
299 1209
1852 3670
1209 1834
2225 3670
1209 1456
3670 3706
1209 2717
3670 4091
1209 4311
2453 3670
1209 4858
3670 4754
1209 2910
2305 3670
1209 3398
3513 3670
1209 4969
1780 3670
1209 1908
1501 3670
1209 2073
2638 3670
1209 3836
303 3670
1209 2650
2200 3670
1209 2932
174 3670
1209 4874
2192 3670
1209 2356
3670 4137
1209 1693
816 3670
1209 3000
3670 4827
721 1209
2504 3670
97 1209
2597 3670
1209 4026
345 3670
1209 1749
3451 3670
1209 3655
2259 3670
1209 2497
3103 3670
1209 3652
3383 3670
1209 2325
3115 3670
1209 4405
2381 3670
1209 2727
3670 3686
1209 2921
3670 3896
1209 2622
3670 4531
1209 2132
3670 4499
90 1209
2168 3670
1209 2126
3670 3676
1209 4790
3443 3670
1209 1266
3670 4591
1209 2791
2156 3670
1002 1209
1448 3670
1209 2936
1029 3670
1209 1678
972 3670
1209 4785
910 3670
1209 4624
911 3670
1209 4607
3357 3670
1209 3200
2135 3670
1209 4765
63 3670
202 1209
3670 4953
1209 2604
3670 3856
1209 3174
3619 3670
1209 4210
3670 4946
492 1209
381 3670
470 1209
1689 3670
235 1209
3670 4348
1209 3419
3386 3670
1209 1619
1812 3670
1209 3696
1109 3670
1209 1463
3670 4651
1209 2484
3670 3698
1209 2736
1739 3670
1209 2050
3670 4583
1209 2198
190 3670
1209 2397
2689 3670
45 1209
657 3670
1209 3615
612 3670
668 1209
1231 3670
1209 3874
2735 3670
1209 2738
2677 3670
1209 4101
567 3670
881 1209
3670 4702
1209 4507
2386 3670
1182 1209
1926 3670
1209 3235
672 3670
890 1209
3670 4197
1209 4921
271 3670
1209 3247
2848 3670
1209 4062
1078 3670
1209 4349
3670 4170
1209 4729
2766 3670
1209 2398
1149 3670
1209 4764
197 3670
1209 4893
3083 3670
1209 1591
2140 3670
1209 1249
47 3670
1209 3167
270 3670
1209 3110
1500 3670
720 1209
3449 3670
1209 2934
3670 3791
1209 4486
3670 4140
1209 3920
3670 4506
533 1209
102 3670
206 1209
1799 3670
1209 4654
652 3670
1209 4798
726 3670
1209 4544
3670 4517
1209 3332
3435 3670
1209 2342
1925 3670
1209 1577
105 3670
1209 3422
1233 3670
1209 1915
3626 3670
161 1209
3670 3834
1209 4965
639 3670
1209 2885
3208 3670
1209 4766
2821 3670
1209 3919
1016 3670
1209 3723
801 3670
1188 1209
3558 3670
1209 3055
3294 3670
664 1209
2994 3670
156 1209
2025 3670
1209 4392
1645 3670
1209 4251
1879 3670
341 1209
378 3670
1209 2222
1175 3670
1209 4864
1361 3670
1209 3672
3670 4772
1209 4417
375 3670
1209 1435
789 3670
1209 4933
501 3670
1209 1625
24 3670
1209 2412
3670 4005
1209 1807
2880 3670
679 1209
1581 3670
33 1209
1802 3670
1209 2114
565 3670
309 1209
462 3670
1209 2753
773 3670
1209 4262
532 3670
1209 2395
3670 4916
1209 3750
1222 3670
1116 1209
818 3670
1209 4001
2364 3670
1209 1223
2159 3670
1209 4239
3473 3670
305 1209
243 3670
1209 3286
204 3670
1209 4253
692 3670
489 1209
3194 3670
1209 4675
503 3670
444 1209
2389 3670
1209 4647
3670 4803
391 1209
377 3670
1209 3599
3670 4550
1209 3924
1486 3670
1209 3442
482 3670
1209 1483
3670 4139
1209 3329
3670 4434
1209 1268
2430 3670
1209 4845
269 3670
16 1209
2714 3670
1209 2105
3670 3975
1209 4427
3436 3670
1209 3887
1703 3670
1209 3037
3670 4604
1209 2236
2644 3670
1209 1774
3199 3670
1209 4039
3670 4004
92 1209
3670 4804
1209 3967
3670 4982
1209 4351
3670 4970
1209 1875
1633 3670
77 1209
2338 3670
1209 4211
1265 3670
1209 1931
3472 3670
1209 4492
2801 3670
1209 3543
3416 3670
884 1209
3670 3996
1209 1650
3670 4783
1209 3933
651 3670
1209 3021
2940 3670
1209 1319
1597 3670
1209 3148
1674 3670
1209 1471
1984 3670
856 1209
3670 4571
1209 1811
2289 3670
474 1209
2834 3670
1209 2487
3670 4186
1209 2053
1069 3670
123 1209
3670 4640
1146 1209
1753 3670
1209 2977
3670 4014
1209 3774
2434 3670
183 1209
1859 3670
1209 3803
1187 3670
1209 3656
1494 3670
497 1209
1656 3670
434 1209
2919 3670
1209 1864
3578 3670
1209 2086
2876 3670
984 1209
579 3670
1209 1564
3670 3832
1209 4240
1763 3670
1209 2269
3670 3992
283 1209
1400 3670
1209 1573
2849 3670
1041 1209
1604 3670
996 1209
3670 4688
743 1209
1091 3670
1209 3569
3670 3982
1209 1481
597 3670
1209 4013
82 3670
1209 2858
3031 3670
1209 4030
2454 3670
1209 2532
2761 3670
1209 4856
2260 3670
373 1209
747 3670
925 1209
3670 4071
1209 4292
3670 3877
1209 4737
230 3670
1209 3848
3670 4047
1209 2827
2781 3670
1209 4032
3670 4365
1209 4187
3009 3670
1209 2304
1323 3670
1209 3737
351 3670
1209 2169
1817 3670
1209 4143
839 3670
813 1209
372 3670
1209 4094
2186 3670
1209 4294
3670 4237
1209 2534
2926 3670
961 1209
3013 3670
1209 4601
1401 3670
86 1209
3670 4968
1209 3257
847 3670
1209 2626
3505 3670
1209 2278
3611 3670
1209 2038
2805 3670
1209 3380
2477 3670
1209 4040
2608 3670
1209 1351
3502 3670
1209 2960
1247 3670
1209 4592
3217 3670
1209 2740
3411 3670
1209 1601
1302 3670
690 1209
575 3670
505 1209
2138 3670
1209 4223
3670 4692
137 1209
3670 4134
1209 2637
3670 4061
1209 4482
1919 3670
1209 3067
730 3670
1209 1731
3393 3670
308 1209
1853 3670
551 1209
3659 3670
608 1209
1438 3670
44 1209
3670 4546
1139 1209
3670 4723
559 1209
3670 4422
821 1209
3670 4126
1209 4811
3228 3670
1209 4425
2164 3670
1209 3337
3670 4666
1209 4112
3670 4232
435 1209
2373 3670
1209 3424
1290 3670
1209 3625
1225 3670
1209 2100
1949 3670
1209 3017
3670 4002
1209 1891
757 3670
1209 3527
1004 3670
1209 2823
3670 4777
1209 3201
3670 4355
1209 2647
627 3670
1209 1672
3670 4931
1209 3523
2344 3670
78 1209
3670 3826
1209 3840
2152 3670
1209 2428
3670 4099
1209 1512
1056 3670
1209 4328
2557 3670
722 1209
906 3670
1209 3020
203 3670
1209 4537
905 3670
1209 1439
34 3670
1209 1782
2686 3670
1209 3700
3567 3670
677 1209
3670 4358
1209 4608
3138 3670
1209 4618
594 3670
1209 2603
1833 3670
1209 2280
7 3670
1209 2505
1698 3670
1178 1209
3670 4512
695 1209
3670 4866
1209 3444
1935 3670
1209 1331
779 3670
490 1209
3670 3987
1209 2223
3670 4310
1209 4326
3670 4470
1209 3145
2975 3670
1209 4937
3670 3913
198 1209
2057 3670
1209 1851
1185 3670
1209 4448
1598 3670
1209 3525
71 3670
1209 3439
2495 3670
1209 3121
1392 3670
1209 3056
3670 3897
1209 4257
3512 3670
788 1209
1230 3670
1209 4313
36 3670
1209 2431
3670 3895
304 1209
2695 3670
1209 1832
3171 3670
1209 1248
3082 3670
1209 4979
3670 4884
1209 3607
2982 3670
1209 3141
2149 3670
1209 2942
2166 3670
94 1209
2914 3670
823 1209
1453 3670
1209 4594
574 3670
1209 1960
3598 3670
1209 4820
1271 3670
1154 1209
1226 3670
1209 2341
3670 4489
1209 2952
848 3670
1209 4801
2465 3670
1209 3313
1603 3670
1209 4944
192 3670
1209 1358
2772 3670
1209 4580
2403 3670
1209 4899
2968 3670
1209 4558
1535 3670
1209 4221
970 3670
520 1209
581 3670
1209 2141
1180 3670
1209 2028
3670 4555
1209 4278
2422 3670
1209 3237
2426 3670
1209 2191
1605 3670
1047 1209
2059 3670
1209 1980
3670 3781
1209 4463
2039 3670
1209 1766
1049 3670
893 1209
3536 3670
729 1209
1460 3670
1209 3280
3670 4168
1209 4350
2984 3670
1209 1857
3670 4523
1209 2197
3670 4612
1209 4011
2268 3670
589 1209
3670 4559
1209 1574
2275 3670
1209 1668
2708 3670
1209 4108
2591 3670
237 1209
3149 3670
1088 1209
731 3670
1209 2346
2840 3670
1209 2339
1419 3670
1209 2535
3264 3670
1209 2944
1224 3670
1209 1543
3670 4065
1209 3196
3670 3854
1209 2744
2873 3670
1209 2369
518 3670
1209 4910
2202 3670
1209 2927
10 3670
1209 1359
3670 3775
1209 3972
917 3670
1209 2629
2530 3670
1135 1209
3670 4752
1209 3307
1950 3670
1209 3022
383 3670
1209 1781
1559 3670
529 1209
746 3670
1209 3666
191 3670
1209 3063
2987 3670
1209 4501
2425 3670
1209 3079
3132 3670
1209 1391
3566 3670
1209 2161
3574 3670
1209 1921
1709 3670
771 1209
3670 4216
536 1209
3670 4958
1209 3468
1469 3670
1209 3883
3670 3905
1209 2583
3340 3670
1209 3222
48 3670
1209 2443
289 3670
336 1209
1744 3670
1209 4003
295 3670
441 1209
101 3670
1209 2620
1309 3670
1209 2092
2065 3670
1209 3347
2514 3670
1209 3476
3670 4748
1209 1718
3670 4070
1209 3532
3271 3670
67 1209
1296 3670
1209 2716
3053 3670
1209 3724
369 3670
1209 3169
3670 4734
1209 4959
1023 3670
1209 3044
343 3670
1209 4936
3670 4662
1209 2817
3423 3670
1209 2240
3670 3835
1209 2506
3075 3670
1209 3360
3514 3670
1209 1616
3603 3670
1209 4290
1158 3670
1209 4459
2891 3670
154 1209
541 3670
1209 4233
65 3670
708 1209
2741 3670
1209 4148
1889 3670
1209 3301
3040 3670
1152 1209
1651 3670
1209 1670
2513 3670
1209 4697
3670 4097
448 1209
2503 3670
1209 3267
246 3670
1209 4300
563 3670
1209 4596
2071 3670
1145 1209
1945 3670
1209 3261
997 3670
1209 4560
319 3670
477 1209
2185 3670
1209 2683
1988 3670
1209 4235
175 3670
1209 2384
543 3670
1209 3122
3670 4952
1209 4967
1715 3670
1209 1411
2742 3670
666 1209
1488 3670
1209 1966
3670 4359
1209 2371
285 3670
1209 3453
480 3670
1209 4027
1658 3670
1209 1365
3639 3670
1209 3113
548 3670
1209 3725
85 3670
1209 3959
288 3670
88 1209
1918 3670
352 1209
1432 3670
1209 1752
3670 4036
1209 4576
740 3670
353 1209
880 3670
1209 1916
1815 3670
1209 3780
1503 3670
1209 1627
3670 3690
1082 1209
3670 3702
124 1209
1244 3670
1209 2307
3670 3682
1209 2187
3670 4214
1209 4812
3670 4667
769 1209
2217 3670
1209 2515
3526 3670
1209 1762
3670 4218
556 1209
3670 3898
360 1209
211 3670
116 1209
902 3670
1209 4994
3670 4273
1209 2207
724 3670
1209 3564
3670 4398
1209 1219
3627 3670
1209 1981
3670 4068
150 1209
2153 3670
1209 3433
2719 3670
1209 4075
3188 3670
1209 4380
3391 3670
1209 4130
1751 3670
1209 1649
2896 3670
1209 2600
3670 4121
1209 3245
3670 3950
1176 1209
2482 3670
1209 3530
3006 3670
1209 2407
1330 3670
951 1209
3670 4219
1209 4255
3062 3670
814 1209
1428 3670
1209 4127
458 3670
1209 3066
2518 3670
1209 3364
2813 3670
112 1209
3670 3870
1209 1298
3670 4227
1209 4056
473 3670
1209 4151
3670 4623
1209 4468
2022 3670
1209 2204
25 3670
1209 1876
948 3670
275 1209
3119 3670
1209 4514
760 3670
1209 2131
2302 3670
1209 2897
861 3670
555 1209
3670 3756
1209 3324
