5000
]][[[[[][][][[[][[][[]]][]]][[[][][]]]][[][][[[][[[[[[]]][[[][]][[]][[]][][]][][[]][]][[]]][][]][][][[[[]][]]]]]][[]]][[]][[[]]]][[[[[]]][][][[[[[]][[[]][[[[[[][[[[]][][[][]][][[[[[]][]]][][]]]]]][[]]]][][]][][[]][]][[][[[]][[][[]]][[]][][]]]][]]]][[]][]]]]][]][[[[[][]][]][[[][[]]]]]]][][[[][]]][][][[][[]]]]][]]]][]]][]][[[[]]][][[][][[]]]][[[][]]][[]][][]][][[]][[][[[][][[[]]][[[[[]][]]]][[][]][][[][][[][[[][[][][[[][[][]]][][][[[]][[[][][][[[[][[][]][]]]]][[[][[][[]]]]]]]]][[][[][]]][]]][[][]]][][]]][[[]][][[][[]][[[]][[[[[[[]]][]]][[]]][[[][[[][][[[[]][[][[][[]][[[[[][[][[[][[]][][]][][][[[[[][[][][][][[[]][[]]]][[]]]]]]][[[][[]]][[[[[[[]][[][[][[[]][[[][]][][[][[][][[[][[[[[]][][]]][[[[]][[][]][[]]][]][[]]]]]]][[]]][]][[[][]][][[]][[]][]][]]]]][][[[][[[][[[[][[[][[[]][][[][][[][][[[]][]]][]]]]][[[]]][][][]]]]]][[][[]][[[[[[]]][[]]]][[[]]][]][[[][][[]]]][][]][[[[[[[]]][]]][[[[]][][[]][][][][[][][][[]]]][]]]][[]][[[][]]][][[][]][[[[[[][[]]]]]]][][[][[]][]]][[][]][[[]][]]]][[[][][[]][][]][[]][[[]][[[][]][[[]]]]]]]]]]]]][[[][[]][[][][]][[]]][[]]]][[]][][]][][][][[]][][][[[[]]]][][]][[[]]]][[[][][][][[][][][][[]]]]]]][[[]][]][]]][[]][]]][[][]]]]][[]]]]][][[]][][]][[[[[]][[[[][]][[[][[[]]][]]]][]]][]][[[[[[]][]][[]][[][[]][[]]][][[[[[[[][[]]][[[][[[][]]]]][][[]]]]]]]]]]][][[[][[]]][[][]][[[[[[][[]]][]][]][][][[]][]]][]]][]][[][][[[[[]][[[]][[[[][[]][[][][[]][][]]][[[[][[[[]][[]][[]][[[[]][[]][[][]]][[][]][[]]][]]]]][]]][]]]][[[[[]][[][[[[[]][]][]]]]]][[][[][[[[[]]][[[[[[]][][[[]][[]]][][[[][[[][[[][[]]]][]][]][][][[]]][[[][[]]]]][[[[[][]][][[[[[[]][][[[]][[[][[]]]]]]]]][[[[][]][][[][[[][]][][[[[]]]]]]]]][[][[[][]]]][][[[[]][[][][[]][[]][]]][]][]][[[[[][][[][[]]]]]][][][[[[[]][[[][][[[]]]]][[[[]][]][][]][][]][][]]]]][[[[[[[]]][[][]]]][[[[]][][]]]]]]][[[][[]]][]][][]][[]]]]]][][][[][][][[[[[][]][]][]][][[]]][[[[][]]]][][][]]][][][[[][[[]]]]]][][[]]]][]][][[[[][]]][]][[]][[[][[[][[]]][[]]][][[][][][[][]]][][][]]][]][[]][]][[[][[[[][[[]]][][]][[[[]][[][][][[]]]][][[[][[[[][[[]]][[]]][][[[]][[][[][[[[][][][][]][]]]]][]][][[][[][][]][[[]]]][[[[[]][]]][]]]]][[]]][]]][[][]]]]]]][]][]][]][][[[][]][]][[][][]]]]][[[[[][[[]][[[][[[]]]]][][[[[][][]]][][][]]]][[[[[][]]][][[]][[[]]][]][[[]][[]][][]][][][]]][][[]]]]]]][[]][[]][][[[]]]][[][[][]]][]]][]][][][]][][][[[]]]]]][][[[]][][]][][[]]]]][][]]][][][[[[][[[[][[]][]][[[[[][][]][[][]][[[][[[[[[[][[[[]][][]]][][[[][]][[[][][[][]][][[[[][[]]][]]]]][[]][[[[][]]]][[]][[][[]][[][][][][][][]][[[[[[]]][[]][]][]]][]][]]]]]]][]]]][]]]][[][][][[[[[[]]][][[][[]]]][][]][[[][[[][[]][[[[][[]]]]]]]]]][[[[]]]][]]][][][[][[[[[[[][][[[[[[[]][]]]][][]][][[]]][]][[]]][[][]]][[[[[[[][][][[[]]][[][][][][]][[][[][]][][[]]][[]]]][]][]][[[][[]][[[[[]]]][]]][][][[][]]][[[[]]][[[[]]]]][[][[]]]]]]]]][[[]]]]]]][[][][[][][[[]]][]]]][[][][][]][[][]]][]][][]][]][[[][]]][[[[[]][[[[]][][]]][[][][][[[[[[[[[[[[][][[][]]]]]][]][]][]][[[[][[][[[[]][]][[]]]][[[][][][[[]]][[][][][[[]]][]][[]]][[[]][[[[[[[[[[[]][]]]][[]]][][[[][][[][[][[[]][][[][[]]][]][[]][][][[[[[][[]][][][[[[[][]]]][[][][[][[][[[][][]][[[][[]]][]]]][[]][][][]]]]]][[][[]][]][][]]]][]]][][[[]][[][]]][]]]]]]][][[]]][[[[][[[]][]]]][]][]][][[][]]][]][[]][[[][[[][[][[][[[[]]][][][[[]]]]]]]]][[[[]][]][]][[[]][][[]]][][][]][]][[][[]]]][[]][][[[][[]][][[[[][[]][][][][][[][]][]]][][[]]][[[][[[[[[[]][]]][[]][]][[[[[][[[[]]]][][][[[[[]]]][[][[[][]][[[[[[[[]][][][]]][][][][][[][[[]][][[[][[[[[[][][[[[[[][[[]][[]]]]][]][]][]]]][][][]][]]][]]][][]][[][[[[][[[[[[][][[][][[[[]]][[[][][[]]]]]]]]]][]]][[]][[[][][][][][[[][][[[[[[]]][][[][]]][][][][[[[[][[[[][[]][[][[[]]][[[[[[]]][[][[][[]][[][[[][]][[]][[[[[[[][[[]][[]][[]][[][[[[[][][][]]]][][[[[]][][]][]]]]][[]]][[]]]]]]]]]][][[[[][]][][]]]]][][[]]]][][][[[][]][[[][[][[[][[[]]][]]]]][[[]]][[][[[[]][][][[][][]][[][[[][[][[]]]][[[[[[][]][[]][[]]][[]]]]]][[[]]][[[][[[]]][[]][[[[]]][][[[]][]]]]]]][[[[[]][][[[[]][[]]]][][][[][][[[][[]]][[]][[[[[][][[[[[[][][]]][[]]]]][[][[][[[][[[[][][[][]][[[[[][][]][[[[][]]]]][[]]]]][[]]]][[[[[]]]]][[][]]][]]]][[[[[[[]][[][[][[][]]][]][[[[][]]][]]][]]]]][]]]][][[][[]]][][]]]]]]][][[[][][][[]][[][][][[]][]][][][][[][[][]]][[]][[[[][[][[[]]]]]]]][][]]]][]]]][][]][[]]]]][[[[[][[][[][][]][][[][[[[]][]]][[][]]][[[[][[[]][[]][][]]][[]]]][[]]]]][[]][[][[][[[][]]]][][]]][[]][[]][[[][[[][[]][[]]][[][][[]]][][]][][][]]][]][[]][][[]]]]][[[][]]][[]]]][[[]]][][[[]]][[[][][[[[]][]][][[][]]]]][[[]]][][[[][][[]]]]]][[[]][[[]][[[]][[[[][]]]][]]]][[[[[]]]][][[]]][][]]][]][][]][][][[[][][[[][[[[[]][[[[][[]][]][[[]]]]][][[[[]]][[]]]][[][]][]]][][][]]][[][][[][[]][][[[]]]]][[][[[[]][[]][]]][[[[[][][][[[]]]][[[][[[[][[[[]][][][[]][[[[][[][[[[[[][]][]]][][]]][]][[]][[[]][][[[[][[[][][[]]][[]]]]]][]][][[[]][][]]][[[][][[[][]]][[[[]][[]][[[]]][[[[][][][[[[[]][[[[][[][]]][]]][]]]]][][[]][[][[][][[[][][[[[]][]][]][[][]][][][[[[][]]]][]][]][]]][[][]][]]]][[]][][[][][][]]]][]][][[[]][]][[[]][[[]][][][[[]][[][[]][][]][]][][[[][[[][[]][[[]]][[]][][][[]]]][[]]]][]][[][[[]]][[[[[[[[]]][][][[][]][[]][[[[[]]]][[[]]
868 3572
868 2104
2232 3572
868 3329
2174 3572
868 3158
94 3572
868 4124
1182 3572
868 1624
2621 3572
704 868
2512 3572
868 3218
265 3572
368 868
2988 3572
868 1398
1018 3572
868 1533
3572 4294
868 3879
3572 4191
868 2123
1558 3572
2 868
3572 3868
868 3225
3572 4603
868 4413
3572 4370
868 1435
1790 3572
868 3347
406 3572
112 868
2441 3572
868 2504
1075 3572
868 2879
3572 3603
868 4672
3536 3572
868 3816
3572 4034
868 2084
645 3572
868 2575
2217 3572
868 3708
3381 3572
868 4187
1050 3572
868 2231
2333 3572
269 868
3572 4192
868 1594
3572 4227
868 3278
2644 3572
868 4995
1646 3572
868 1813
581 3572
868 2440
3572 4766
868 1996
1357 3572
868 3606
3351 3572
868 2808
3572 3900
868 2431
1117 3572
489 868
551 3572
868 1076
119 3572
868 3775
699 3572
868 1141
2121 3572
868 4501
1653 3572
868 1091
3572 4213
868 1574
3572 4605
868 2781
2601 3572
868 4215
3572 4851
868 2396
2809 3572
868 2169
2823 3572
868 3177
221 3572
868 2218
1946 3572
868 2839
2772 3572
868 2066
388 3572
868 1031
433 3572
868 2204
1647 3572
500 868
3572 3663
391 868
1424 3572
499 868
3572 3889
868 1145
2907 3572
868 4709
3572 4997
868 1878
3572 4414
868 3065
964 3572
472 868
3572 4037
312 868
3572 3811
868 4722
3257 3572
868 4086
725 3572
868 1436
3572 3921
868 1926
1230 3572
868 3079
41 3572
868 3274
3572 4815
868 4765
220 3572
829 868
3572 4807
868 4011
3572 4628
868 1258
1347 3572
868 2713
3572 4868
868 2898
1720 3572
868 1740
3572 3992
868 2773
142 3572
868 3287
3572 4022
868 1176
84 3572
868 3791
1606 3572
868 2962
2788 3572
868 3747
3572 4368
868 3909
3572 3640
216 868
2064 3572
868 2922
1949 3572
545 868
785 3572
868 3282
233 3572
868 1468
1805 3572
868 2905
2800 3572
868 4771
3572 3807
240 868
1707 3572
868 3359
981 3572
868 4922
3572 4790
868 4336
816 3572
868 1722
3072 3572
868 3319
912 3572
868 2481
180 3572
868 4577
3572 3991
868 4530
1042 3572
868 1632
3572 4283
847 868
3572 4160
868 4629
1560 3572
534 868
734 3572
868 4579
2444 3572
868 3202
1490 3572
868 5000
3042 3572
16 868
2252 3572
868 1161
1199 3572
868 2089
1401 3572
868 2700
3572 4258
868 3700
115 3572
868 3169
1585 3572
621 868
737 3572
868 4760
2717 3572
868 2522
3572 3614
868 4770
1262 3572
868 2494
3572 4566
721 868
949 3572
868 2060
3572 4218
868 2770
1723 3572
868 1139
1510 3572
868 4929
2241 3572
868 2486
1803 3572
588 868
3027 3572
868 2281
3572 4519
245 868
3138 3572
868 4068
2170 3572
868 4550
1519 3572
122 868
3572 4061
868 998
3572 4980
868 4595
2448 3572
868 873
2720 3572
868 2339
3572 4046
868 955
3572 4503
868 4433
3572 4824
868 3703
1488 3572
868 2565
614 3572
246 868
2639 3572
868 4075
1127 3572
755 868
953 3572
673 868
3442 3572
868 3008
3572 4549
868 2796
360 3572
74 868
2726 3572
285 868
3403 3572
868 1658
1757 3572
868 4689
409 3572
868 4780
3572 3803
817 868
2268 3572
868 4203
3572 3901
597 868
2149 3572
868 3875
2532 3572
868 1541
2949 3572
710 868
3572 4650
868 4243
3572 4953
868 4684
2245 3572
612 868
898 3572
868 1331
2230 3572
868 1775
3572 4912
309 868
2729 3572
868 1268
3572 4863
868 3454
3572 3721
868 1712
3572 3812
868 2479
1563 3572
845 868
3572 4886
868 2342
184 3572
868 1840
3572 3827
273 868
877 3572
868 2806
2900 3572
868 3838
1637 3572
868 2022
2912 3572
868 4844
3572 4728
706 868
3572 4921
868 3492
1124 3572
868 3249
3572 4098
868 2957
2201 3572
868 4626
1555 3572
340 868
3547 3572
868 2863
3572 4998
868 3102
435 3572
868 1172
491 3572
868 4947
2399 3572
868 2562
1930 3572
868 1876
3572 4714
868 4813
2824 3572
868 4382
1516 3572
868 2181
1503 3572
868 4359
3572 3781
868 4044
3572 3831
868 2034
3251 3572
868 2837
229 3572
868 3549
3572 4249
539 868
1512 3572
868 4377
1391 3572
868 1146
1936 3572
868 2548
2702 3572
868 3713
1337 3572
868 2335
130 3572
868 3621
3572 4399
118 868
3344 3572
868 1285
3361 3572
868 3109
504 3572
868 2238
3572 4609
227 868
3572 4618
868 4308
3572 3968
868 3866
3572 4081
777 868
3572 4977
195 868
2132 3572
649 868
2646 3572
868 1213
2624 3572
868 3441
407 3572
868 4534
1021 3572
868 3259
3572 3738
861 868
3187 3572
868 1260
3572 4537
868 3894
3572 3750
868 2006
1523 3572
868 4110
3572 4954
868 2472
3572 4457
868 2243
1618 3572
868 4829
2914 3572
868 2673
2246 3572
868 2687
3572 3576
868 2656
3477 3572
868 2250
3482 3572
868 899
524 3572
868 1274
523 3572
868 1648
2264 3572
868 3145
942 3572
868 2960
3572 3693
868 1776
1457 3572
868 902
3572 4337
480 868
1345 3572
868 2263
2521 3572
213 868
961 3572
868 993
3572 4989
868 3918
2367 3572
868 3265
3572 4285
745 868
831 3572
868 4563
3367 3572
93 868
952 3572
868 4545
858 3572
757 868
3572 4583
10 868
1442 3572
89 868
3470 3572
868 1239
3572 4274
868 1154
3572 3978
868 882
3572 3593
286 868
3305 3572
868 1486
3572 4544
868 2160
3572 3792
868 4808
1022 3572
868 4731
3572 4367
868 1944
3572 4873
868 3240
880 3572
813 868
3572 4930
868 4683
1058 3572
868 1298
80 3572
868 1537
3108 3572
868 1939
3133 3572
71 868
2943 3572
868 1052
2735 3572
636 868
3572 4856
868 1200
3572 4670
868 1244
3572 3719
868 3486
1459 3572
868 2133
3572 4415
868 3667
967 3572
868 2148
21 3572
868 2010
2351 3572
868 3851
762 3572
868 1578
3572 4944
868 1233
3572 4996
819 868
3572 4304
868 4145
1808 3572
868 4383
2855 3572
868 2996
3572 4945
868 3380
648 3572
868 4412
3572 4611
868 2056
772 3572
868 4560
2112 3572
868 4206
2451 3572
610 868
2688 3572
395 868
3572 4118
868 1540
3227 3572
868 2236
73 3572
26 868
3275 3572
868 1476
3572 3963
868 4500
3572 4216
868 2882
3572 4888
868 4301
908 3572
868 1730
188 3572
868 4901
3069 3572
868 4036
3572 4870
868 4260
3572 3604
868 2256
2469 3572
653 868
1421 3572
398 868
2362 3572
868 2749
775 3572
868 4509
547 3572
868 3132
1975 3572
868 1062
2642 3572
803 868
3572 4510
868 3077
3572 4440
823 868
795 3572
868 2618
1311 3572
868 2283
3572 4590
868 4598
702 3572
868 2068
2843 3572
868 3899
3572 4197
186 868
3572 4502
868 1583
1620 3572
868 2786
1118 3572
868 4828
2666 3572
79 868
3572 4050
868 3789
279 3572
34 868
3572 3839
580 868
3485 3572
868 1394
2897 3572
868 4431
3572 4442
719 868
2049 3572
868 1494
683 3572
868 2795
1633 3572
799 868
3572 4926
868 1737
3572 4092
868 3232
1882 3572
868 4161
2978 3572
868 2108
2703 3572
868 3973
1596 3572
868 1178
3216 3572
22 868
697 3572
868 4454
3226 3572
868 4144
363 3572
318 868
3244 3572
868 3986
761 3572
868 4887
3342 3572
868 1880
2661 3572
868 3757
2477 3572
116 868
124 3572
868 2581
3220 3572
868 1300
1858 3572
868 2710
3572 4448
603 868
3572 4277
868 1440
1353 3572
852 868
1938 3572
868 2887
1428 3572
868 3897
3572 4622
868 2979
1111 3572
196 868
3572 4102
868 3643
1257 3572
868 1572
2119 3572
723 868
3417 3572
868 2079
320 3572
868 1028
3572 3585
868 1193
2745 3572
868 3706
1848 3572
868 1025
3333 3572
868 3962
3572 4295
868 3303
3572 4574
868 4006
1920 3572
868 2082
1090 3572
809 868
66 3572
868 3285
3572 3622
868 2986
2345 3572
868 1181
3572 3717
868 3612
384 3572
868 3711
3572 4014
868 2291
1249 3572
868 2665
3572 3636
868 4202
1358 3572
868 4141
1580 3572
295 868
1782 3572
868 2987
3572 3917
868 4456
1269 3572
868 3449
2884 3572
868 2274
3572 4624
868 3858
2438 3572
868 4430
2746 3572
689 868
3572 3735
868 2935
2208 3572
868 4587
1107 3572
868 2074
3025 3572
868 3651
1387 3572
868 1931
3413 3572
868 4536
3572 4968
327 868
259 3572
784 868
1481 3572
868 2001
1673 3572
868 3613
3300 3572
868 4343
3572 4388
348 868
2506 3572
868 3580
345 3572
868 1497
2589 3572
868 2065
3572 3764
868 3320
1854 3572
868 4686
2728 3572
868 3588
3095 3572
868 2306
3572 3776
868 2633
1696 3572
868 3855
2832 3572
868 4060
3572 4137
868 3814
3375 3572
868 3428
1361 3572
868 4885
2546 3572
236 868
633 3572
868 3229
3572 4347
868 2192
3572 4007
868 1616
2853 3572
868 4193
401 3572
868 1279
3332 3572
868 3579
3260 3572
445 868
3572 4958
868 1789
1461 3572
868 4687
3572 3882
868 1801
3572 4256
868 2463
3468 3572
567 868
3572 3619
868 4023
3572 3632
868 2751
3572 4630
868 1752
1449 3572
415 868
3572 4558
868 956
3406 3572
230 868
3572 4627
868 3903
1385 3572
868 3073
2199 3572
868 4717
2537 3572
868 4541
3572 4634
868 2036
3572 3935
868 4941
3572 4659
868 2762
3572 4189
868 3487
2380 3572
868 1771
2757 3572
868 2723
2118 3572
868 4497
3572 4119
868 3291
3419 3572
868 4943
2545 3572
868 4226
1619 3572
868 2841
3572 3696
868 3481
3572 3611
868 4655
2908 3572
868 3995
2302 3572
207 868
2309 3572
121 868
1136 3572
868 3928
2087 3572
868 1103
373 3572
868 3716
1065 3572
868 3704
11 3572
868 1869
3572 3666
868 2755
1041 3572
868 4508
2782 3572
868 3589
7 3572
868 2992
3432 3572
441 868
3572 4963
868 1384
3572 4774
868 1611
2186 3572
868 954
1478 3572
139 868
3219 3572
868 4247
133 3572
475 868
3572 3872
868 1114
1010 3572
868 4127
1250 3572
868 3834
53 3572
868 2014
2790 3572
868 4639
3572 3795
868 1346
1448 3572
868 927
1216 3572
868 1639
2468 3572
868 3508
1147 3572
86 868
3572 3787
868 1866
3572 4913
868 3378
3195 3572
477 868
154 3572
421 868
600 3572
215 868
3480 3572
868 2215
2071 3572
682 868
994 3572
868 3518
2659 3572
868 1204
3182 3572
868 936
1064 3572
868 4591
2678 3572
868 4649
439 3572
868 1929
3572 4106
868 3684
3026 3572
868 1971
2889 3572
868 1894
3572 4964
868 924
1083 3572
868 2447
1097 3572
868 3099
3572 4484
868 2684
1651 3572
868 2570
1489 3572
868 4761
2146 3572
868 1078
3572 4186
868 1571
865 3572
868 3426
2073 3572
868 3828
3047 3572
868 3334
3001 3572
868 2752
3572 4013
868 3341
3184 3572
288 868
2336 3572
525 868
263 3572
868 4303
2222 3572
868 3570
3572 4858
806 868
3572 4568
868 1665
3364 3572
331 868
3572 4965
868 1849
3572 3605
868 1229
1307 3572
868 4661
362 3572
868 4872
3572 4085
868 2834
1901 3572
868 900
3111 3572
868 4465
583 3572
868 1943
2616 3572
868 3502
3572 3840
868 4380
1184 3572
868 4428
1645 3572
868 1255
1246 3572
868 3988
3 3572
868 2848
2527 3572
868 1662
3572 3799
868 2818
3411 3572
281 868
2894 3572
868 4432
3076 3572
868 3948
3572 4496
868 1099
2719 3572
868 3060
3572 3958
549 868
3572 4353
868 3860
3572 3761
868 1809
2670 3572
868 4142
3572 4129
868 2137
1718 3572
868 3670
1155 3572
640 868
3572 4578
868 2496
3572 3710
868 4262
2286 3572
868 2709
3572 3966
868 4097
3321 3572
868 3150
1265 3572
868 916
3572 3584
868 1318
1909 3572
868 3052
31 3572
628 868
601 3572
868 4797
17 3572
868 1756
2026 3572
868 4935
2864 3572
28 868
1482 3572
868 4818
1520 3572
868 1218
164 3572
833 868
2598 3572
868 2188
2883 3572
868 1761
3019 3572
868 3680
1705 3572
868 3712
3266 3572
506 868
2574 3572
868 1295
2736 3572
868 3360
2946 3572
868 4656
156 3572
868 2488
3572 3957
868 2939
828 3572
868 2229
2874 3572
868 3223
1315 3572
868 1121
1237 3572
868 2202
464 3572
868 4726
3572 4365
868 3066
533 3572
868 4777
304 3572
868 4976
3016 3572
622 868
468 3572
868 1912
1122 3572
868 4272
596 3572
868 3587
3572 4096
868 3437
451 3572
868 2419
3572 3701
466 868
1738 3572
868 1326
2836 3572
868 1291
1364 3572
868 1666
3572 4134
176 868
3140 3572
868 3033
3304 3572
868 1915
1879 3572
868 886
3572 4729
868 1081
3572 3956
868 3857
2880 3572
650 868
3572 4788
868 3800
3313 3572
868 1228
1655 3572
868 1891
1201 3572
868 4800
1893 3572
868 2485
3572 3779
868 2829
3250 3572
868 888
3572 3959
868 2311
659 3572
868 4556
1676 3572
868 2152
3572 3678
868 1119
3572 4902
868 4985
3560 3572
868 1425
3572 3607
868 3697
1192 3572
868 4242
3572 4000
868 3742
3049 3572
868 2156
3572 4805
868 1431
1667 3572
868 2573
3572 3709
868 3982
1356 3572
868 1935
602 3572
868 1106
3572 4956
868 4879
3318 3572
141 868
2394 3572
868 4482
3572 4443
868 2932
2595 3572
868 4318
1411 3572
868 2285
3572 3631
868 979
3572 4162
868 3142
3572 3739
868 3805
2480 3572
868 896
214 3572
868 1777
3572 4281
868 3322
1887 3572
868 1804
369 3572
656 868
3572 3994
868 4527
1885 3572
868 959
274 3572
868 4981
420 3572
353 868
1731 3572
608 868
457 3572
868 4617
1499 3572
868 1071
2991 3572
868 1502
3345 3572
868 2780
3572 4779
868 1160
123 3572
868 893
2299 3572
868 1359
3572 4891
868 4974
3572 4512
535 868
3572 4251
868 3396
1171 3572
868 2840
635 3572
397 868
385 3572
868 3883
3533 3572
868 2077
3385 3572
665 868
3572 4548
868 2323
1432 3572
868 4305
2259 3572
868 1811
3572 4317
868 4865
3572 3826
223 868
3572 4819
868 2789
1995 3572
868 2861
2196 3572
868 4651
2941 3572
436 868
3572 4552
868 4364
763 3572
868 3753
3572 3615
570 868
3572 4311
868 4581
565 3572
55 868
997 3572
868 4820
2057 3572
868 2791
3572 3760
868 3350
1405 3572
592 868
3172 3572
868 4832
1014 3572
868 2785
771 3572
868 3152
1953 3572
848 868
3572 3955
202 868
929 3572
868 3353
733 3572
868 3374
3572 4938
868 2744
1556 3572
868 1551
1290 3572
868 3798
776 3572
868 1861
3572 4073
868 4742
1709 3572
868 2961
1700 3572
868 1553
2037 3572
868 989
2193 3572
868 1066
1000 3572
868 1116
275 3572
868 4208
3572 4762
868 4002
3572 3939
868 4074
2328 3572
868 2489
2857 3572
492 868
746 3572
126 868
1670 3572
868 3228
1484 3572
868 913
3572 4176
868 943
2150 3572
868 2471
870 3572
868 3088
3572 4221
868 2220
1963 3572
868 2584
2326 3572
868 2401
3572 3743
868 4822
3555 3572
868 4613
598 3572
868 2560
1710 3572
12 868
1314 3572
868 2270
1746 3572
868 1932
2663 3572
314 868
144 3572
868 1741
2368 3572
868 3501
3343 3572
868 3722
3544 3572
868 4107
3465 3572
868 4136
2706 3572
868 3964
3011 3572
868 2490
550 3572
868 1907
3572 4130
868 3335
2625 3572
868 4122
413 3572
868 4156
3572 4172
868 4959
1985 3572
868 1784
234 3572
128 868
3447 3572
868 1657
3572 4657
868 4494
3402 3572
868 3147
1135 3572
868 3215
849 3572
857 868
2877 3572
868 4423
2109 3572
868 2634
3572 4694
868 1419
1079 3572
292 868
1197 3572
503 868
145 3572
868 2765
3572 4616
868 2559
1006 3572
584 868
2937 3572
868 2934
1812 3572
868 1550
1190 3572
868 4190
3572 3835
868 1992
779 3572
868 928
3043 3572
868 3679
3572 4464
868 4532
786 3572
868 2206
431 3572
707 868
3572 3806
868 2179
3568 3572
868 3951
3572 3990
868 1899
2599 3572
868 3270
3015 3572
868 3754
3572 4313
868 3890
3572 4356
868 1701
681 3572
191 868
685 3572
868 4677
65 3572
832 868
3572 4089
868 2497
449 3572
868 2107
925 3572
868 1857
3572 4111
868 3377
680 3572
868 2198
1826 3572
868 983
3572 3829
868 1372
290 3572
868 4146
3572 3610
303 868
1927 3572
868 3070
3572 4695
868 2081
1327 3572
868 4057
2334 3572
868 2674
1235 3572
106 868
3572 3865
868 1916
1277 3572
868 4553
2929 3572
868 3972
2910 3572
868 4602
1256 3572
189 868
3572 4528
868 1047
3572 3906
868 2875
3572 4599
868 4452
3302 3572
868 3453
3572 4300
868 2172
218 3572
868 1403
1617 3572
868 1806
878 3572
868 2240
3308 3572
868 2572
850 3572
868 1035
1373 3572
868 1716
2862 3572
868 1922
1109 3572
868 4961
3572 3749
868 1069
554 3572
868 3498
3572 4100
868 3608
3572 4752
868 1852
2778 3572
868 3339
198 3572
77 868
3572 4710
822 868
1491 3572
868 4979
3572 4575
868 871
2831 3572
109 868
323 3572
868 4955
3572 4504
868 3131
2284 3572
346 868
2091 3572
389 868
3572 3694
430 868
709 3572
868 1593
1054 3572
868 3030
1605 3572
868 2592
1839 3572
868 1134
2465 3572
720 868
3572 4150
868 3930
6 3572
868 4201
434 3572
868 1833
2632 3572
868 1628
1679 3572
868 2476
3572 4024
868 1226
2807 3572
825 868
3572 4646
868 3548
3086 3572
868 3372
3572 3758
868 3767
3528 3572
868 2456
1375 3572
108 868
3572 4327
868 1167
1544 3572
868 4332
3572 3777
868 4589
3414 3572
688 868
1543 3572
868 1236
839 3572
868 1825
3572 4967
868 1040
3572 4116
868 4507
330 3572
868 3211
3572 3952
868 1842
1763 3572
577 868
1531 3572
392 868
2408 3572
868 3446
498 3572
19 868
2972 3572
868 3823
3572 4455
868 2061
562 3572
95 868
3572 3720
868 2924
3209 3572
868 2563
190 3572
714 868
2555 3572
544 868
3572 4644
166 868
1573 3572
868 2714
3558 3572
868 3205
3572 3914
868 4915
250 3572
868 1970
677 3572
868 2047
716 3572
868 932
1906 3572
868 3044
2854 3572
136 868
3572 3912
868 909
3572 4479
868 3123
3572 3932
868 4153
1986 3572
868 2011
974 3572
868 2519
3301 3572
193 868
3045 3572
868 4648
370 3572
868 2536
1319 3572
868 1412
1610 3572
868 3937
1747 3572
868 2869
3440 3572
868 4045
2523 3572
868 4472
3572 4795
868 1105
3572 4222
868 1968
487 3572
868 3510
2549 3572
334 868
418 3572
868 2982
1362 3572
868 4738
528 3572
868 1844
1711 3572
868 1950
996 3572
868 894
1795 3572
868 2007
2224 3572
868 2995
844 3572
868 1017
537 3572
868 2685
1698 3572
868 1552
3572 3971
868 4580
262 3572
868 3662
609 3572
868 3602
2027 3572
868 2918
1779 3572
868 3687
2437 3572
868 2533
62 3572
760 868
3572 3783
868 4848
876 3572
868 1960
915 3572
868 1132
1220 3572
868 2317
3572 4135
868 1029
3572 3870
868 3637
3572 4324
868 3230
812 3572
868 3514
1102 3572
595 868
211 3572
868 2881
2233 3572
868 2999
1179 3572
165 868
1807 3572
868 3645
2942 3572
868 3161
3572 4373
868 3810
1817 3572
868 3844
654 3572
868 2958
2568 3572
868 4029
3572 4878
868 2525
2138 3572
868 2754
20 3572
868 3578
2667 3572
868 1767
3572 4746
868 3524
3572 3582
868 4404
3572 4254
868 1272
3572 4282
868 3532
2672 3572
868 4302
1158 3572
868 2416
1545 3572
403 868
299 3572
868 2435
440 3572
868 1131
1480 3572
868 4522
975 3572
868 965
2347 3572
868 1773
568 3572
868 3815
3572 4279
868 2376
3572 4420
868 2312
2769 3572
868 2265
2459 3572
868 1501
1974 3572
868 3996
2144 3572
24 868
1952 3572
868 2053
1039 3572
868 4390
3572 3910
868 4982
2513 3572
868 2234
3572 3766
868 941
3331 3572
405 868
3572 4737
868 3280
2630 3572
868 4948
2357 3572
868 3431
2984 3572
868 3552
3523 3572
868 3194
1703 3572
868 1342
297 3572
868 4123
2695 3572
868 1561
2852 3572
868 4120
3572 3737
417 868
1038 3572
868 2608
3572 3961
306 868
3327 3572
868 4933
2355 3572
868 4764
3572 4321
868 4253
2151 3572
868 2686
1400 3572
868 4009
3572 4039
678 868
1736 3572
868 3125
2964 3572
868 1604
1871 3572
98 868
937 3572
868 1144
1957 3572
868 4897
1438 3572
868 3160
1059 3572
187 868
3572 3871
868 2363
1634 3572
868 4937
2951 3572
868 4049
3563 3572
868 3459
3175 3572
868 2835
569 3572
868 1506
3572 4582
868 4284
2059 3572
868 2911
3572 4270
868 2260
393 3572
868 1772
3572 4840
868 4261
2461 3572
868 3772
291 3572
868 4152
3572 3731
693 868
3572 4487
147 868
3059 3572
868 4004
3221 3572
868 3239
3553 3572
868 4259
788 3572
868 978
3572 4782
868 2271
3415 3572
868 4235
3464 3572
868 3979
3572 4513
868 2094
2743 3572
868 2502
3572 4623
868 2917
2473 3572
868 4444
3423 3572
868 2868
143 3572
868 3479
2004 3572
868 1001
2413 3572
676 868
2569 3572
868 4596
3490 3572
868 3702
3572 3733
868 1786
3572 4565
868 4843
1918 3572
868 1443
892 3572
868 1751
2117 3572
781 868
352 3572
543 868
2993 3572
483 868
3572 4003
868 2136
2226 3572
868 2919
1768 3572
868 2643
3126 3572
807 868
2219 3572
91 868
2538 3572
868 4149
3572 4658
868 4763
1189 3572
511 868
947 3572
868 3146
3572 4526
868 1529
3572 4794
868 2989
3572 4718
868 2058
3572 4594
868 1847
3572 3657
868 1123
3572 4441
868 4732
3572 4369
868 2493
3196 3572
868 2039
2298 3572
868 1507
963 3572
868 960
634 3572
854 868
1581 3572
868 3881
101 3572
868 2182
3572 3656
868 3752
3572 4990
868 4169
3241 3572
868 1661
3572 4027
868 2300
311 3572
868 4157
3572 4491
520 868
647 3572
868 3190
3368 3572
868 2433
2514 3572
868 3567
2969 3572
868 3255
2994 3572
868 2530
1991 3572
868 2620
2195 3572
868 2811
2677 3572
868 4972
3572 4015
868 2203
333 3572
868 4802
75 3572
868 3064
651 3572
868 3038
2516 3572
868 2443
1860 3572
868 1055
818 3572
868 1092
1349 3572
868 1334
730 3572
606 868
3572 4357
868 4400
3572 3648
868 2558
3529 3572
868 3217
3572 3617
868 2301
658 3572
868 3041
3422 3572
868 4908
3572 3653
868 1607
2445 3572
868 1317
2329 3572
868 4506
1422 3572
868 4911
3572 3591
868 3430
1914 3572
868 1753
3572 4148
868 1247
3572 4786
868 4374
1748 3572
826 868
1009 3572
868 1688
1367 3572
868 4692
3572 3863
727 868
40 3572
868 1924
463 3572
729 868
1379 3572
868 3541
836 3572
868 1130
3238 3572
868 3999
2711 3572
629 868
3572 4217
868 1911
2327 3572
868 2607
1005 3572
868 1485
3572 3850
868 1592
366 3572
868 2406
2585 3572
868 3110
1900 3572
555 868
1856 3572
868 4970
3572 4486
868 4986
2214 3572
212 868
674 3572
868 3778
664 3572
868 3091
662 3572
868 4757
1381 3572
868 2289
1873 3572
868 4093
2927 3572
868 2227
516 3572
868 4641
2354 3572
868 3119
2464 3572
868 2576
3572 4121
868 4803
2541 3572
868 3690
3572 4793
868 4821
1837 3572
349 868
991 3572
315 868
1814 3572
868 3520
3496 3572
868 4489
3572 4424
868 1093
3178 3572
868 4932
1973 3572
868 1941
3572 4708
868 3032
851 3572
641 868
3289 3572
868 3736
1227 3572
868 917
2372 3572
868 4707
2567 3572
251 868
157 3572
731 868
1407 3572
868 4246
1874 3572
868 3506
3572 4588
868 2557
3572 3820
868 2660
3473 3572
152 868
33 3572
868 2381
2787 3572
868 1044
1961 3572
868 1276
3310 3572
868 4449
3451 3572
868 2147
948 3572
868 2697
2655 3572
868 3421
1749 3572
868 1332
3572 4846
868 2422
52 3572
868 1672
563 3572
868 4147
2715 3572
868 3113
2427 3572
868 4716
3572 4461
868 3243
3268 3572
868 3316
2287 3572
868 3911
992 3572
868 2228
2971 3572
868 4438
1508 3572
868 3053
2588 3572
868 4319
2817 3572
868 923
3024 3572
868 4392
2402 3572
868 2315
3118 3572
868 4358
2410 3572
868 3682
3405 3572
868 3078
2373 3572
754 868
1312 3572
868 4638
2774 3572
868 1289
70 3572
868 2718
2534 3572
868 4927
3572 3726
868 2093
3572 4335
868 4468
3463 3572
868 3031
226 3572
868 1061
2055 3572
868 1439
3307 3572
868 2134
3572 4631
868 3960
3572 4917
691 868
859 3572
868 4310
2812 3572
868 3609
2442 3572
868 1987
1682 3572
868 3880
3572 4866
587 868
1609 3572
868 4900
3572 3884
868 3675
3572 4231
868 4325
2891 3572
868 1169
3572 4610
868 2158
3495 3572
868 4467
1598 3572
201 868
5 3572
868 3384
3572 3768
536 868
3087 3572
868 4516
3572 3950
868 4350
1370 3572
868 1402
3572 4559
868 4923
2187 3572
868 1917
3572 4845
724 868
2417 3572
868 3290
3009 3572
379 868
1954 3572
868 4005
2369 3572
38 868
613 3572
868 4328
3083 3572
868 2235
3572 3984
868 3924
3572 3672
868 1828
3254 3572
868 2403
3572 4751
868 3120
1325 3572
868 1479
3159 3572
868 4567
3572 3848
868 1989
3572 4515
758 868
3572 4179
868 2627
3572 4925
868 3189
1294 3572
794 868
3493 3572
868 4893
1780 3572
868 3336
3572 4483
868 4696
60 3572
868 3273
3572 4490
868 4831
3572 4725
868 4690
572 3572
868 4462
131 3572
868 2738
3572 4429
868 4180
3174 3572
868 3165
3572 4297
868 3686
2550 3572
868 1299
45 3572
868 4993
3572 4669
868 2748
2003 3572
868 3458
3557 3572
868 4903
3572 4798
868 2605
2366 3572
868 2676
1140 3572
868 3954
3572 3891
868 3592
1644 3572
868 4572
3572 4306
868 3652
3074 3572
868 1209
2322 3572
868 2167
470 3572
868 3448
225 3572
868 3953
2956 3572
639 868
864 3572
374 868
1908 3572
868 3400
2154 3572
868 4298
1631 3572
868 4994
2163 3572
260 868
120 3572
868 2547
3572 4499
868 3105
3572 4854
868 3817
3483 3572
868 3022
2253 3572
868 1626
3572 4084
868 3292
3572 4957
868 4019
3572 4671
44 868
2388 3572
105 868
161 3572
764 868
1261 3572
868 3376
804 3572
868 1306
2086 3572
868 1706
2825 3572
868 2802
3572 4363
868 4104
3171 3572
700 868
1396 3572
868 1798
2200 3572
868 2247
2466 3572
868 2353
3572 4881
868 4951
2386 3572
868 1948
3572 4592
868 1125
2033 3572
868 4838
566 3572
868 2501
2495 3572
868 1535
780 3572
868 1638
3572 4289
868 2180
1088 3572
868 3878
862 3572
868 4422
301 3572
497 868
170 3572
868 2212
1728 3572
868 3436
655 3572
257 868
646 3572
868 1433
2002 3572
390 868
3572 3723
868 3509
3135 3572
868 4767
3572 3661
868 4151
3572 4758
868 1564
3324 3572
868 4219
2777 3572
171 868
2178 3572
868 4082
1108 3572
868 2784
679 3572
868 1170
618 3572
868 4833
2052 3572
868 1340
3572 4434
868 4288
2412 3572
868 4059
3398 3572
868 4518
114 3572
868 1426
3572 3896
868 2319
3572 4425
85 868
2395 3572
868 4576
3572 4427
868 3067
3572 3616
127 868
1410 3572
868 1587
2683 3572
868 1708
394 3572
868 4331
3572 4688
868 2520
3572 3942
868 4322
447 3572
868 2194
531 3572
868 4228
2637 3572
868 1399
1859 3572
868 2426
3572 4736
868 1509
382 3572
868 869
2888 3572
868 3098
3261 3572
868 2359
1863 3572
868 2730
541 3572
868 2305
1219 3572
868 1110
2694 3572
868 3664
2453 3572
868 2099
546 3572
868 2518
3572 4212
868 3556
2985 3572
868 1273
3572 3849
868 2385
3564 3572
868 3246
586 3572
560 868
3572 3904
280 868
2604 3572
90 868
1577 3572
868 4051
465 3572
868 1162
208 3572
868 1463
3572 4792
868 4642
1778 3572
868 1641
3181 3572
868 3976
3210 3572
339 868
692 3572
868 2025
1783 3572
751 868
2838 3572
868 1940
3572 3945
868 1984
513 3572
129 868
2590 3572
868 1797
3090 3572
868 2753
743 3572
461 868
3572 3658
623 868
3572 4493
868 3183
2798 3572
868 3705
2346 3572
272 868
2063 3572
443 868
2600 3572
868 1466
1253 3572
868 2293
3572 4395
868 2653
783 3572
868 1129
3572 3907
749 868
796 3572
868 2255
2021 3572
868 3082
3572 3887
868 2799
2923 3572
868 3248
791 3572
620 868
3235 3572
868 4241
1113 3572
868 1259
35 3572
868 3382
2983 3572
868 2296
3134 3572
868 3513
3037 3572
868 2383
102 3572
868 1868
666 3572
868 3092
3572 3873
868 3204
589 3572
868 3103
3572 4546
868 2162
2756 3572
868 951
3185 3572
868 2177
1755 3572
868 3801
3233 3572
868 2761
181 3572
868 1441
2344 3572
868 4069
3572 3594
868 3598
1547 3572
868 4836
59 3572
868 3540
3572 3692
868 2623
2830 3572
868 3212
675 3572
868 3276
3346 3572
868 2414
872 3572
667 868
2020 3572
868 2866
3542 3572
868 2276
3309 3572
868 4268
3572 3947
868 1383
3572 3771
296 868
2675 3572
476 868
1467 3572
661 868
2980 3572
868 3599
2698 3572
868 4607
1656 3572
868 1051
2400 3572
868 1138
2510 3572
96 868
1897 3572
868 4521
529 3572
868 1012
326 3572
868 1104
3572 4466
868 4478
1902 3572
868 4154
1557 3572
868 4312
3572 3993
866 868
2596 3572
868 2223
3572 4890
868 2313
3572 4410
868 2872
644 3572
824 868
930 3572
868 3252
484 3572
868 4055
713 3572
868 3974
1309 3572
868 3467
2580 3572
868 4685
1406 3572
868 4660
1958 3572
868 4408
2242 3572
868 4436
1719 3572
868 3574
99 3572
868 3192
3572 3830
160 868
990 3572
868 4266
3572 4539
868 2278
3572 4745
868 3740
599 3572
235 868
3572 4021
868 3822
3572 4071
868 4240
3572 3877
868 935
855 3572
868 2325
2526 3572
460 868
3572 4570
868 4339
1554 3572
868 1159
3572 3638
868 2111
3572 4693
868 2708
481 3572
868 2038
1635 3572
868 1625
3224 3572
358 868
1694 3572
248 868
3572 4001
856 868
3572 3586
868 2725
3572 4673
868 3654
3410 3572
868 3425
3572 4273
868 3122
3572 4557
868 3770
3572 4245
868 3028
3572 3756
868 3452
46 3572
868 2420
3572 3673
868 2968
2691 3572
868 1217
3279 3572
868 3206
985 3572
868 1472
3572 3846
23 868
2017 3572
868 2482
402 3572
868 4236
1745 3572
738 868
2051 3572
868 1434
1905 3572
868 3117
3391 3572
427 868
1224 3572
868 4860
496 3572
868 934
3572 4341
868 4352
3151 3572
868 3311
726 3572
868 4167
548 3572
868 971
3572 4066
868 2190
338 3572
380 868
1997 3572
868 3497
3572 4481
868 1420
2364 3572
868 3965
2387 3572
868 4033
18 3572
868 2122
1816 3572
868 4292
15 3572
868 4338
2210 3572
868 1732
3572 4882
868 1988
1164 3572
868 2492
1450 3572
868 4875
1500 3572
32 868
3572 4755
868 1735
3572 4419
868 4223
1597 3572
868 3407
43 3572
868 3920
2332 3572
868 2458
3572 3913
868 3294
3572 4899
868 3369
316 3572
868 4070
103 3572
868 1086
3572 4402
868 1243
268 3572
868 2269
1087 3572
736 868
3572 4040
868 2239
1077 3572
868 3854
3397 3572
868 1378
376 3572
868 1693
3129 3572
853 868
1048 3572
868 1153
1203 3572
868 2290
889 3572
868 4889
3572 3623
868 1408
2318 3572
868 3923
3054 3572
868 4529
1818 3572
868 3337
1810 3572
868 2764
1913 3572
868 1067
3207 3572
868 3427
2337 3572
868 1977
3572 3842
868 3790
3572 4379
868 4058
2166 3572
868 2358
3455 3572
868 3867
910 3572
868 4759
324 3572
868 3526
3366 3572
868 1690
3572 4012
868 3071
860 3572
868 1462
3572 3841
868 4210
2374 3572
868 2692
1241 3572
868 4841
1333 3572
846 868
1234 3572
868 957
3572 4988
372 868
1464 3572
868 1214
50 3572
868 984
325 3572
868 3929
1603 3572
868 2577
895 3572
868 1990
2767 3572
868 3809
54 3572
868 3137
3572 4676
868 3681
3572 3936
868 3856
3572 3802
82 868
3572 3618
868 4697
3293 3572
456 868
3572 3641
868 1883
2867 3572
354 868
3572 4362
617 868
3572 3895
868 4406
1567 3572
868 3808
2185 3572
868 1423
107 3572
868 1559
2797 3572
868 3203
1796 3572
868 3832
1674 3572
868 2903
579 3572
868 4108
3104 3572
868 3898
3572 4551
868 2690
3531 3572
204 868
3572 4920
868 3121
1352 3572
868 4159
827 3572
868 1951
3114 3572
242 868
3572 4182
868 3081
2654 3572
868 4769
594 3572
868 3394
2288 3572
282 868
3572 4131
868 1788
132 3572
868 2120
2851 3572
117 868
3572 4827
868 3718
3572 3655
868 3859
2098 3572
868 3198
1846 3572
868 4511
2705 3572
868 1669
3572 4704
868 3370
1660 3572
224 868
1765 3572
868 2048
167 3572
479 868
3055 3572
329 868
1829 3572
868 3503
2331 3572
868 1072
1376 3572
868 1063
2696 3572
57 868
3572 4426
199 868
3373 3572
868 3080
2365 3572
868 4271
1498 3572
868 2871
3534 3572
258 868
1925 3572
798 868
1296 3572
868 4077
1101 3572
868 4351
3545 3572
868 3173
1934 3572
868 1526
3572 4126
868 2966
3572 3600
868 1013
3572 4091
868 3149
3515 3572
247 868
49 3572
868 921
3572 4333
868 3096
444 3572
868 3698
3572 4214
868 2045
3572 4586
868 2041
3106 3572
868 4446
1864 3572
868 3006
2699 3572
868 3785
3572 3573
868 1338
2955 3572
868 4276
3051 3572
868 3312
1959 3572
254 868
3572 4204
868 1588
3572 4475
868 3299
3572 4720
868 4140
3572 3985
868 1774
576 3572
868 3685
3572 4950
868 3888
78 3572
868 3522
3176 3572
868 1365
1921 3572
868 4789
2614 3572
868 4905
901 3572
868 4315
104 3572
168 868
3566 3572
868 3683
1570 3572
868 1282
3572 4835
72 868
3572 4165
868 1549
3039 3572
868 1180
3193 3572
868 1225
2819 3572
868 3869
2141 3572
868 883
3460 3572
868 3818
3572 3715
868 2813
3007 3572
868 2436
1292 3572
868 4177
605 3572
630 868
3572 4397
868 3504
3572 4173
400 868
3572 4320
135 868
3572 4936
868 1429
3521 3572
868 3668
3572 4907
868 1473
3245 3572
868 1232
2307 3572
868 1678
2593 3572
868 968
150 3572
627 868
2000 3572
868 3443
2349 3572
868 1382
820 3572
868 2602
3023 3572
868 1591
1496 3572
868 1008
3572 3784
868 2739
1904 3572
868 1210
1143 3572
868 3745
1615 3572
868 4776
3572 3751
868 4754
687 3572
868 3075
1183 3572
868 1766
672 3572
868 4239
3572 4939
868 1513
3572 4975
868 2173
2998 3572
868 1525
3469 3572
868 1082
3466 3572
868 2681
3029 3572
868 2619
3572 3596
868 1976
3572 3624
868 938
3572 3925
868 1791
530 3572
712 868
1733 3572
868 1851
3572 4724
868 4280
3572 4883
868 2579
3572 4485
868 4158
3538 3572
232 868
2734 3572
868 4234
3572 4451
868 1470
1744 3572
868 1542
3572 4914
868 2356
3559 3572
631 868
3572 4600
868 3824
2657 3572
868 1865
3572 4166
868 4727
287 3572
243 868
637 3572
868 1374
3429 3572
868 4198
2792 3572
307 868
552 3572
317 868
1248 3572
868 2018
1539 3572
868 2019
2641 3572
868 1668
926 3572
868 4460
2304 3572
868 3101
3572 4924
868 1360
3572 4706
715 868
643 3572
868 4072
446 3572
488 868
2833 3572
868 2103
2921 3572
868 1855
3572 3797
868 2594
3572 3861
868 3931
3365 3572
868 1527
1576 3572
868 1320
1156 3572
868 1336
1185 3572
868 4862
1942 3572
868 3554
3572 4211
868 3004
977 3572
868 4839
3525 3572
110 868
2449 3572
868 2131
3572 4604
868 3445
3572 4916
450 868
3572 4248
868 4702
3046 3572
868 4859
2587 3572
868 2716
3572 4584
868 1430
3572 4918
868 3732
740 3572
868 1802
2249 3572
868 3997
2040 3572
868 1112
3572 4743
868 2498
1979 3572
185 868
753 3572
868 1395
1972 3572
868 3550
3572 4252
868 4344
2340 3572
868 1195
3271 3572
868 3298
3572 4632
868 4437
2031 3572
868 4476
3572 4416
868 4505
3572 3601
868 4010
1454 3572
868 3201
88 3572
868 2529
3040 3572
386 868
3412 3572
868 3649
2423 3572
868 3714
2981 3572
868 4562
3471 3572
868 3970
3491 3572
868 2876
3572 3944
868 2967
578 3572
868 4163
515 3572
868 3420
423 3572
868 2783
3328 3572
868 3263
3572 4421
868 4065
3572 4654
868 4385
3572 4244
1 868
2578 3572
868 2211
29 3572
868 3116
438 3572
868 1895
3021 3572
868 2237
3572 4473
868 3474
3572 4083
868 4435
1085 3572
868 986
2205 3572
868 2896
1322 3572
868 3946
3572 3836
868 4391
351 3572
868 4340
278 3572
868 1303
3572 4898
789 868
1080 3572
319 868
3572 4837
868 4533
3572 3734
868 1024
3572 4983
868 1453
3231 3572
868 2483
97 3572
507 868
1595 3572
868 2092
1659 3572
868 4418
3572 4741
868 962
3408 3572
868 2114
2856 3572
868 1881
2165 3572
868 4880
611 3572
137 868
3511 3572
359 868
3572 4608
868 1043
3572 4633
868 2732
454 3572
728 868
3383 3572
868 2737
2397 3572
868 911
3572 4474
505 868
931 3572
868 4909
1363 3572
868 3562
1414 3572
868 1721
1663 3572
868 1903
3527 3572
868 3626
149 3572
868 4316
582 3572
868 2626
834 3572
868 1579
1390 3572
868 2679
205 3572
868 4447
2275 3572
868 2612
2023 3572
868 2793
3242 3572
718 868
3572 3969
801 868
3572 3949
868 1742
3572 3916
868 1094
2429 3572
868 988
2062 3572
868 2775
155 3572
868 1446
2847 3572
868 1713
3572 4664
868 2740
2046 3572
868 1875
933 3572
868 4842
3572 3759
868 4791
2950 3572
868 1445
1223 3572
256 868
2164 3572
868 1800
1492 3572
868 2931
2722 3572
868 2913
1600 3572
868 1601
843 3572
868 4114
335 3572
868 1368
3572 4132
868 3357
58 3572
868 1030
3572 3793
868 2434
3572 3639
752 868
2405 3572
868 2012
509 3572
868 1965
1388 3572
868 2105
2430 3572
462 868
3371 3572
868 1980
502 3572
868 3837
3572 4904
868 2997
1608 3572
868 2083
3572 4389
868 2540
2013 3572
868 3036
3572 4299
868 2452
3390 3572
356 868
2636 3572
868 4542
2566 3572
868 4768
3392 3572
868 3665
1212 3572
868 2658
767 3572
868 1418
495 3572
868 2377
3572 4662
868 2248
2153 3572
868 1695
2096 3572
868 3018
835 3572
867 868
2517 3572
868 904
2552 3572
868 2561
81 3572
868 1590
3572 4543
868 3980
3355 3572
668 868
1697 3572
868 4615
3572 4361
868 3669
939 3572
868 1982
2424 3572
868 2478
1266 3572
424 868
3572 4817
868 4267
2742 3572
868 2613
1366 3572
868 3089
3572 4038
868 4463
1515 3572
68 868
604 3572
868 1019
3572 4194
868 1640
3519 3572
868 3050
3572 4962
868 2904
1222 3572
868 1206
1566 3572
868 4168
276 3572
868 3630
3572 4698
868 1714
1151 3572
241 868
1120 3572
868 1003
2297 3572
868 4946
14 3572
868 1142
1787 3572
868 1187
1174 3572
100 868
1330 3572
868 1627
811 3572
868 4674
1675 3572
868 3488
3572 4804
868 2321
1011 3572
868 1843
1293 3572
868 2724
3572 3796
868 4403
3572 4734
868 2090
3572 4593
868 4740
3572 4265
868 1602
3572 4349
868 1313
367 3572
868 3934
558 3572
868 2963
1242 3572
805 868
3444 3572
868 3085
1504 3572
868 3438
1252 3572
868 4199
3572 4109
868 4233
1770 3572
868 1505
2933 3572
868 3746
1475 3572
868 2125
946 3572
868 1324
3565 3572
868 3247
3572 4625
868 4291
3572 4103
868 2371
2279 3572
148 868
3572 4520
868 3199
1815 3572
174 868
3572 4784
231 868
3572 3642
787 868
332 3572
868 1444
422 3572
868 2216
3572 4691
868 2801
3572 4601
616 868
669 3572
517 868
897 3572
868 4847
2080 3572
868 4470
1002 3572
868 922
2360 3572
868 1532
747 3572
387 868
25 3572
868 3885
2008 3572
732 868
1404 3572
868 2531
51 3572
868 4919
3572 4892
27 868
3418 3572
868 4699
3572 4966
868 3671
3572 4018
868 4723
383 3572
868 4940
3572 4334
868 2032
3572 4852
868 1546
3148 3572
868 2731
3572 4675
868 2415
3516 3572
868 3456
810 3572
868 2113
1994 3572
868 4398
684 3572
868 4928
3572 4571
868 3989
3572 3786
868 3695
3269 3572
868 2460
3572 4200
868 3188
2617 3572
868 1036
3167 3572
868 2450
3572 4973
868 2341
1427 3572
868 3922
2487 3572
868 2779
3107 3572
868 1760
3572 4719
868 999
2155 3572
868 1354
2804 3572
321 868
2183 3572
113 868
3572 4750
322 868
3572 4753
868 1799
966 3572
868 1471
1836 3572
868 3393
3572 4614
868 2100
13 3572
868 4960
3572 4801
342 868
2539 3572
868 4080
3034 3572
868 4220
3572 4712
868 4597
522 3572
868 2043
3572 4181
868 1759
3572 4934
868 1937
1704 3572
571 868
2457 3572
868 1074
381 3572
868 1163
3572 4910
868 4620
3572 4896
868 4867
3572 3919
868 1517
3572 3575
868 2475
3572 3876
538 868
396 3572
868 2391
3572 4115
868 4647
1569 3572
782 868
1070 3572
868 2425
3572 3864
283 868
3572 3926
868 2556
3139 3572
868 1524
1534 3572
868 2760
3213 3572
526 868
510 3572
868 1168
3163 3572
868 4386
790 3572
868 2759
3267 3572
868 1305
3100 3572
868 4323
3572 3908
868 4682
1483 3572
868 1149
2973 3572
868 2899
3572 3627
868 2544
1267 3572
868 3424
1750 3572
868 3348
2393 3572
868 2870
2484 3572
868 2221
210 3572
868 2628
2582 3572
868 1664
2554 3572
868 3975
3572 4525
868 3476
3306 3572
868 1205
1202 3572
868 3625
217 3572
670 868
3572 4814
868 2970
1238 3572
868 3389
3354 3572
67 868
1221 3572
868 3981
2130 3572
868 1280
140 3572
350 868
3179 3572
868 2308
2816 3572
192 868
3572 3727
868 1004
2915 3572
521 868
3572 3886
868 3660
3156 3572
868 1933
3572 4393
868 2873
3572 4721
868 2721
399 3572
868 3629
3272 3572
868 1355
1474 3572
868 972
556 3572
868 2005
3572 4401
868 4372
3572 4665
561 868
87 3572
868 4164
3572 3938
868 1284
2375 3572
868 1215
1458 3572
868 4517
527 3572
868 1621
377 3572
868 887
1231 3572
868 4188
1896 3572
868 3659
774 3572
868 1057
159 3572
868 2207
178 3572
868 1680
3283 3572
868 4035
1831 3572
868 1416
2142 3572
868 4076
2771 3572
868 2352
337 3572
868 4041
3572 3780
868 3314
2076 3572
868 1287
1923 3572
868 4871
903 3572
868 3763
1386 3572
868 4971
3093 3572
868 1096
3572 4309
868 1734
830 3572
868 2707
2189 3572
868 4621
696 3572
868 2075
355 3572
868 1898
3572 3577
412 868
1978 3572
868 1686
3572 3620
868 2135
3379 3572
868 2389
920 3572
868 2810
47 3572
868 3386
619 3572
868 1208
2859 3572
868 4453
1642 3572
868 4394
3461 3572
868 2116
3395 3572
722 868
2029 3572
868 4405
2505 3572
868 3499
3572 4667
814 868
404 3572
756 868
1447 3572
868 3450
3572 4207
868 3288
1415 3572
868 2470
3572 4087
868 1830
3572 4877
868 1196
3572 4495
868 3762
1126 3572
868 1853
1016 3572
868 2350
3572 4175
868 1966
3035 3572
868 976
3281 3572
514 868
2295 3572
313 868
1251 3572
63 868
3572 4816
868 3155
1962 3572
270 868
1568 3572
868 4853
2213 3572
868 4949
3572 4269
868 1283
1575 3572
868 987
2095 3572
868 4864
1137 3572
868 4048
1397 3572
868 4564
3572 4439
868 4345
2952 3572
868 3141
3572 4409
868 3097
1165 3572
294 868
800 3572
868 4811
3572 3862
868 4287
3572 3644
868 3744
3572 4255
238 868
2261 3572
868 2509
1582 3572
868 1834
3572 4585
469 868
3572 4775
868 1781
3112 3572
868 1034
875 3572
711 868
3572 4772
815 868
3572 4640
328 868
371 3572
868 3539
1186 3572
868 3741
3191 3572
868 4643
2128 3572
868 1622
703 3572
868 1452
3572 4042
868 1715
1538 3572
868 1910
3572 4125
868 1286
2611 3572
868 2157
2850 3572
868 1328
1263 3572
868 2926
3572 4834
182 868
429 3572
868 3688
1198 3572
868 1870
3572 3646
590 868
1015 3572
868 1562
1681 3572
868 2803
671 3572
868 2320
2310 3572
868 1743
2409 3572
868 3500
3572 3730
868 1727
2139 3572
868 2050
1886 3572
868 3061
3143 3572
501 868
1862 3572
808 868
3572 4178
868 2338
239 3572
868 1614
1684 3572
868 3115
3401 3572
868 2454
1969 3572
868 1683
2638 3572
868 3048
3154 3572
868 1128
3572 4095
868 2439
3572 4680
868 3234
3572 4067
868 4143
575 3572
868 1032
2384 3572
868 2945
742 3572
868 4275
652 3572
868 2067
2070 3572
868 2314
1275 3572
868 2828
3572 3769
868 1623
591 3572
868 3094
3356 3572
792 868
1037 3572
868 1671
2936 3572
37 868
2815 3572
868 1133
3286 3572
841 868
3572 4028
868 4850
1945 3572
868 2078
425 3572
868 4264
3572 3967
632 868
607 3572
868 3724
3005 3572
868 1245
2591 3572
868 4874
1692 3572
868 3874
1967 3572
868 2294
2733 3572
42 868
3572 4569
744 868
3572 3933
868 2348
69 3572
868 1495
624 3572
868 4296
542 3572
868 4713
3572 4025
868 2244
2543 3572
868 4117
3572 4056
478 868
2127 3572
868 4360
1764 3572
868 4554
3572 3689
868 4783
2009 3572
868 3200
2886 3572
868 3546
3572 4469
868 1819
3068 3572
868 1335
2885 3572
868 2535
2432 3572
868 3843
2524 3572
868 3214
3572 4606
868 1872
179 3572
694 868
2826 3572
868 4884
945 3572
474 868
3186 3572
868 2462
3572 3825
868 3505
1630 3572
868 2102
2515 3572
868 2379
3572 4017
868 4371
3170 3572
868 1211
3572 4063
868 3987
1304 3572
868 3057
2428 3572
868 2930
3572 3590
868 1240
1417 3572
868 4668
1548 3572
868 2143
750 3572
61 868
3572 4735
868 2747
532 3572
200 868
1928 3572
36 868
3572 4653
868 3998
3295 3572
868 4031
574 3572
868 1919
3572 4637
868 3941
2542 3572
868 1166
559 3572
868 4229
1308 3572
868 1947
3572 4381
868 1157
2474 3572
868 2273
3572 4450
183 868
1100 3572
494 868
3572 4978
868 4538
1850 3572
868 2944
3572 4195
868 1323
3572 3583
868 944
1278 3572
868 2610
3136 3572
739 868
442 3572
868 2030
1685 3572
868 2701
375 3572
490 868
1477 3572
493 868
3330 3572
868 2662
3572 4232
868 4809
770 3572
868 4032
2583 3572
868 1281
3572 4984
868 4078
3572 4411
868 1348
3010 3572
626 868
657 3572
868 2088
1393 3572
868 3433
625 3572
868 1465
1993 3572
868 4047
482 3572
868 4133
138 3572
842 868
1023 3572
868 4524
3572 4700
868 3852
1528 3572
868 4573
3572 4355
868 3571
2586 3572
868 3222
264 3572
868 2938
1612 3572
868 1152
2343 3572
868 3788
1650 3572
868 4992
3572 4787
868 4293
2827 3572
868 1321
3572 4705
868 2499
1310 3572
408 868
3388 3572
868 3062
3572 4895
39 868
1451 3572
868 1964
1820 3572
748 868
3572 3728
868 3439
881 3572
868 4703
1998 3572
83 868
2361 3572
868 1589
573 3572
868 3847
2145 3572
868 919
162 3572
868 4054
1493 3572
868 1824
3572 4830
868 2175
2124 3572
868 1724
3435 3572
868 1955
414 3572
868 3845
3572 3821
868 3416
1297 3572
868 1033
1717 3572
310 868
305 3572
252 868
3572 4113
868 3782
3572 3691
868 1456
3572 4471
868 4366
271 3572
868 958
759 3572
868 4749
175 3572
868 4823
3572 4477
868 884
980 3572
868 2635
2849 3572
868 2631
2209 3572
868 2814
642 3572
768 868
3517 3572
868 906
1350 3572
868 3927
1341 3572
868 2664
2258 3572
868 4645
1329 3572
868 2197
3572 4991
868 2647
3572 4263
428 868
3572 3893
868 1469
3572 3707
868 1413
982 3572
868 3349
1889 3572
458 868
1191 3572
868 4855
3572 3853
868 4094
1455 3572
868 1049
1148 3572
868 3236
890 3572
868 2651
1254 3572
868 1794
1073 3572
868 3462
3572 4238
56 868
950 3572
868 4785
203 3572
840 868
891 3572
868 1629
3258 3572
868 4636
2407 3572
868 2044
1841 3572
426 868
3572 4064
868 2267
410 3572
868 1845
3404 3572
868 3494
793 3572
741 868
2390 3572
48 868
3572 4342
432 868
638 3572
868 1521
837 3572
863 868
3512 3572
868 1007
1838 3572
868 1264
3572 4531
868 2303
3338 3572
868 2902
1823 3572
868 4090
1884 3572
868 4942
2140 3572
868 2976
2842 3572
868 4062
347 3572
868 3833
2906 3572
868 4101
2682 3572
868 4257
3572 3794
868 4952
1392 3572
868 874
1371 3572
868 1739
3572 4205
868 1377
914 3572
868 4733
1832 3572
868 3633
3572 4781
336 868
2028 3572
111 868
3572 4969
868 1793
151 3572
660 868
3572 3581
868 4825
3472 3572
868 4773
663 3572
868 1389
1053 3572
76 868
1565 3572
868 2741
485 3572
868 4715
3572 3699
868 4498
2948 3572
868 2330
125 3572
868 1702
3572 3892
868 1380
3572 4739
868 1636
3166 3572
868 4407
3478 3572
868 4459
416 3572
868 1026
2925 3572
206 868
885 3572
868 1339
293 3572
868 4329
2845 3572
868 2564
2920 3572
153 868
2184 3572
868 4458
1302 3572
868 4445
3572 3915
868 1060
970 3572
868 4384
2975 3572
821 868
2865 3572
868 4894
1194 3572
868 4354
735 3572
868 2042
411 3572
868 1175
2892 3572
868 4307
452 3572
868 3253
1344 3572
868 4679
222 3572
868 1316
3084 3572
868 3127
3317 3572
868 3000
169 3572
868 2693
3572 3597
868 2668
2893 3572
868 2805
448 3572
868 2615
2858 3572
868 1652
3363 3572
868 4523
237 3572
868 3650
2508 3572
868 3674
3572 4987
868 4346
249 3572
868 4170
1301 3572
802 868
2054 3572
868 3902
2959 3572
512 868
708 3572
868 2822
1115 3572
868 1288
471 3572
868 4183
2024 3572
300 868
163 3572
284 868
3208 3572
868 2254
3256 3572
868 3180
3572 4812
868 3748
2640 3572
868 1892
2704 3572
255 868
3484 3572
868 1649
1089 3572
868 4906
3572 3819
868 4678
2916 3572
868 2603
3572 4196
868 1369
2272 3572
868 2606
2947 3572
868 4209
3002 3572
868 3813
2324 3572
64 868
2727 3572
868 3237
3572 4492
868 4417
2015 3572
868 4224
3572 4184
868 4052
343 3572
868 1271
3572 4747
868 3020
1536 3572
868 1785
3572 4756
868 2257
1754 3572
868 4230
2106 3572
868 4826
1095 3572
868 2820
3572 4635
868 2382
419 3572
868 2418
2262 3572
868 4171
2977 3572
868 2895
3128 3572
219 868
3561 3572
868 3262
1677 3572
868 4043
1514 3572
868 4612
3063 3572
868 3676
1762 3572
868 2225
357 3572
298 868
765 3572
868 1654
177 3572
540 868
3284 3572
341 868
1584 3572
868 1409
1792 3572
868 4128
3572 4931
868 2398
2072 3572
868 4652
2928 3572
868 3774
2954 3572
473 868
2115 3572
868 3153
2455 3572
868 3323
2758 3572
868 1890
3058 3572
868 4561
778 3572
868 4799
2776 3572
868 1643
2500 3572
868 1613
3572 3635
8 868
518 3572
868 1729
1726 3572
868 3434
3012 3572
194 868
3296 3572
868 3164
3572 4138
868 995
3572 4480
361 868
519 3572
868 4999
3535 3572
453 868
3572 4387
868 1098
2370 3572
868 2844
4 3572
868 2159
3572 4237
868 1530
3572 4016
868 1188
766 3572
868 2768
1518 3572
486 868
1045 3572
437 868
3399 3572
868 4663
3551 3572
868 1027
3264 3572
868 2266
2316 3572
868 1084
3572 4225
868 1343
2168 3572
868 3634
1983 3572
868 3124
1068 3572
868 2392
3572 4555
173 868
3325 3572
868 3647
3572 3977
868 2712
3572 4869
868 4330
3572 4396
868 4375
705 3572
365 868
289 3572
868 2821
3572 4348
868 4861
690 3572
868 1270
467 3572
868 918
557 3572
868 2511
3572 4711
868 2680
3572 3943
868 2404
3572 4666
868 4088
1351 3572
868 4540
907 3572
553 868
92 3572
277 868
3572 3773
868 4796
3537 3572
868 1020
1046 3572
868 2553
1173 3572
868 1877
2901 3572
868 2191
3572 3905
868 3297
3489 3572
868 3144
2176 3572
868 2507
2669 3572
868 1586
3572 4849
868 3595
2648 3572
868 1821
3362 3572
868 1056
2965 3572
455 868
3572 4744
459 868
1177 3572
695 868
253 3572
593 868
3457 3572
868 4185
3572 4535
868 2446
3056 3572
868 3003
1699 3572
868 4105
2069 3572
868 2909
2860 3572
868 2974
717 3572
868 969
615 3572
868 2292
2629 3572
868 2750
3572 4290
868 4020
3572 4155
868 1150
344 3572
868 2110
3572 4378
868 3315
3197 3572
868 1822
3572 3677
868 3168
3572 4514
868 4488
1460 3572
868 3017
2282 3572
209 868
3340 3572
868 2421
2609 3572
868 2101
2953 3572
868 1599
2161 3572
868 4053
2649 3572
868 1687
197 3572
868 1437
3572 3755
868 3543
2277 3572
868 4099
30 3572
868 2878
3572 4730
868 1769
3572 4376
868 2571
508 3572
868 2671
2794 3572
868 1758
2035 3572
267 868
1511 3572
868 4112
9 3572
868 4806
2551 3572
868 2846
2597 3572
868 2085
228 3572
868 3725
3569 3572
868 1827
3326 3572
868 2622
2990 3572
773 868
3572 4810
868 973
266 3572
868 2126
3157 3572
364 868
3572 3628
868 3804
2251 3572
868 3130
940 3572
564 868
585 3572
868 3014
3572 3940
868 3162
1999 3572
868 4314
3572 4326
868 2528
3572 4681
868 4857
2766 3572
868 2689
879 3572
868 2940
686 3572
868 1888
3572 4174
868 2129
3572 4619
868 2652
3358 3572
868 4026
3507 3572
868 4079
172 3572
868 2645
1981 3572
868 4008
3387 3572
308 868
838 3572
261 868
769 3572
868 2097
3572 4030
868 3530
3572 4139
868 2411
698 3572
868 3409
3475 3572
378 868
905 3572
868 4701
3352 3572
868 2280
134 3572
868 2503
3572 4286
868 4547
3572 4876
868 1725
2650 3572
868 3765
1956 3572
868 1487
3572 4278
868 2890
158 3572
868 1689
797 3572
868 1835
3013 3572
868 4250
2016 3572
868 4748
1522 3572
868 2491
2378 3572
868 3983
2467 3572
868 3729
146 3572
701 868
1207 3572
868 1691
3572 4778
868 1867
302 3572
868 2171
3277 3572
868 2763
244 3572
