5000
}}}}}}{}}{{{}{{}{{{}{}{{}{{{}{}{}{}}{{{}{{}}}{}}}{{}{{{}}{{}{}}}}{{}{}{{}{{}{}}}{}}}}}{{}}{}{}{}}}}{{}}{}}{}}}{}}}}{{{{{{}{{{}}{{}}}}{{}}}}{{}}{{}}}{{}{{{{{}{}}}}{}}}}}{{}}}}}{{}}}}{}{}}{{{{{}}{}}{}}{{{{}{{{}{}{}{}}{}}}}{}}}{}{}{}{{}}{{}}}{}}{{{{}}}}{{}}{}}}{}{}}}{{{}}{{{{{}{}}}}{}}{}{{}}}}{{{{{{}{}}{{{{{}}}}{{}{}}}{}}{{{{}}}{}{{{}}{}{}}}{{{{{{{}}}{{}{{{{}{{{}}{{{}{}{}{}{{}}}}}}{{{}}{}}}}{{}{{}{{}{{{{}{{}{{{{{{{{}{}{}{{{{{}{}}{}}{}{}{{}}}{}}{}}{{}}{}}}}{{}}{}{{{{}}}}}{{{{{}{{{}{}}{{{{{{{{}{{}}}{}}{{{}{{}}{}{}{{{{}{}{}}}}{}}}}{}{{{{{{}}}{}}{{{{{}}}{}{}{}{{{}}{{}}}{{}{{}}{{{}{{}}}}}}}}{}}{}{}}}{{}}{}{}}{{}{}{}}{}}}}{}}{}}}{{{}}{}}{{{}{}}}}}}{{}{}}}}{}{}{{{{}}{}}}}}{}{}{{}}}{{{{}}}{{}}{}{{}{}}}{}}{{{}{}{{{}{{{{}}}{}{}{}}{}}{{{{{{{}{}}{}}}{{{{}{}}{{}}}{}{}{}{{{{}{}}{{{{{{}}{{}}{{{{}{{}}}{{}{}}{{{}}}{{{{{{}}{}{}}}{{{{}{{{}}{{}}}{{}}}{{}{{{}{}{}}}{}}{}{{{{{{{}{{{{}}{}}}{}{}{{}{}}}}}{}}}{}{}}}{}}}}{}{{{{}}{}{}}{{{}{{}{{}}{}{}}}{}{{{}}}}}{}{{}}{{{}{}{{{{}{{{}}{{{}}{{{{}}}}}{{}{{{{{{}{}}}}{}{}}{}}{}{{{{{{}{{{}}{{{}{{}}}}{}}}}}}}}}}{}}{{{}{{}}}}}{{{{}}{}{{{}{{}}{{{}}}{}{}{{{}{}{}}{}{}{{}{}}{}{}}{}}{}}}}}{{}{{{}}{}{{}}{}}{}{}}}{{{}}}{}{{{{{{{{}{{}{}}}}{}{{{{{{{{}}}{}{{}{{}{}{{}}{{}{}}{{{}}}{{{}{}{{}{{{}{}{}}{}}{}}{{}{{{}}{{{{{}}{}{}{}}}{{{{}}{{{{{}}}}{{{}}{}{}{{{}}}}}{}{}{{}{}{}}}}}{{}{{{{}}}{}{{}{}}}}{{}}}{}}{{}{{{{}}{{{{{{}{{}{{{{{{{{{{}{}{{}{}}{}}}}{{}{{}{}{}}}{{{{{}{{}{}}}{{{{{{}}{}}{{}}}}}{{{}}}{}}}{{}}{{{}{{}}}{}}{{{}}}}}{}{{{}}}}}{{{{{}{{{{}{{{}}}{}}}}}}{{{{}{}}}}}}}{}{{}}}}}}}}}{}{}}{}{}{}}{}}}{}}{{}}}{}{{}}}{}{}{{}}{}}}{}{}{{}{}{{}}}}{{}{{}}}}}}{{}}{}{{}}}}}{}{}}{{{}}{}}}{}}{}}{{}{{{{{{{{}{{}{}{{}{{}}{}}}}}{}{}}}}}{{{}{}{}{}{}{{}{{{{{}}}{}{}}{}{}{}}{}{}{}}{}{{}}}}}{{}}}{}{}{}{{}}{}}{{{{}{{}}{}{{{}{{}}}{}{}}{{}{{{{{}{{{}}}{}}}{}{}{}}}{}}}}{{}}{}{}{{}{}{}{}}{}}}}{}{}{{}}}}{}}{{}{}}}{}{{}}{}{}}{{{}{}}{{}}{{{}}}}}}{}{}}{{}}{}{{}{{{{{{{}}}}}}{{{{{}}}{{{}}}}{{{{{{}}}{{}}{}}{{}}{}}{}{}}}}}{{{}{{}}}}}{{}{}{{}}}{}{}}{}}}{}{{{}{{{}}}{{{{}}}}}{{}}{}{}{{}{}{}{}{}}{{{{{}{{}}{}{}}{}}}{}{{}}{}}{}}{}}{{}{{}}}{}{}}{}{}}}{}{{}{{{{{{{{}{}}{}{}{}}}}{{{{}}}{}{}}{{}}{}}}{}}{}{{{{{{{}{{{}}{}{}}{}{}}{}{}}}{{}}}}}{}{{{{}{}{{}}}}}{{}}}}}}}}}}}{{}{}}}{{}{{}{}{{}}}}{{}{{}}}{{{}}}}}{}{}{}}{{{}{}{{{{{{{{{}}}}{}{{}{{{{}{}{{{{}{}{{}}}{}{}}{{{}{}}}{{}{}}}{}}}}{}{{}{{}{}{{}}{}}}{}{}{{}{{{}{{}}{}}}{{}}{{{{{}{}{{{{}}}}}}}{}{}}}}}{{{}{{}{{}}}}{{}}}}}{}{}{}{}}{}}}}}}}{{{}}}}{{}{}}{{{{{}}}{}}}{}{{{{}}{}}}{{}{}}}}{}}}}}{{{{}{}}}{{}}{}}{{{{}{}}{{}{}{{}{}}}{}}}{}{}{{}{}{}}}}{}{}{}{{{}{}{{}}{{{{{{}{}{{}{{{{}}{}{}{{}{{}{{{}{{{{{{}}}{{}{}}{}}}}}{}{}{}}{}}{{}}}}}{{{{{{}{{{{}{{{}}{{{}{{}{{{{}{}{{}{{{{{}}}}}}}}}}}}}}}{{{{}{}{{}{{{}{{{}{}}}}{}}{}{}}}{{}{{{}}{}{{}}}}}{{}}{{}}{{{{}}{{{}}}}{{}}{{{{{{{}}}{{{{{}}}{{}{}{}{{}}{}}}}{}{}{}}{}{{{{{{}{}}{{}{}}{{{{{}}{}}}{{{{}}{{{}{{{}{}}}}}}}{{{{{}}}}{}{}{{{}}}}}}{}}{{}{{}}{}{{}}}{}{{}}}{{{}{{}{{}}}{{{{{}{}{}{{{{{{{}}}}{{{{}{}{}{}}}{{}{{{}{}}{{}}{}}{}{}{}{{{}}{}}{{{}{{}{{{{{}{{}}{{}{}{}{{}{{{}{{}}}{}{{}{{{{{}{{}{{}}}}}{}}{{{{}{{}}{{{}{}}{}{{}}}}{}}}}}{{{}}{{}{}{}{{}{{}}}{}{{}{{}}{}}}}}}{{}}}{}}}{}{{}{{}{}{{{{{}}}}{}{}{}{{{{{{}}}}}}{}}}{{{}{}{}}{}}}}}}}}}{{}}}}}}{{{}}{{{}{}{}}}}}}{{}}{}}{}{}{}}}{{}{}}{{}{{}}{{}{}}{{}}{}{}}{{{{}}}}{{}{{{}}{}}{}}}}}}}}{{}{{{}}}}}{}{}{}{}{}{{}{{{}{{{}{{}}{}}{{{{}{}}{}{{{{}{{{{}{{{{{{{}{{}}}{{{}}{}{{}{{{}{{}{{{{{{}}{{}}}}{{}}{}{{{{{{}{{}{}{}}}{{}{}}}}}{{{}}{{{}}}}}{}{}{{}}}{}{}{{}{{{}}{{}}{{{{{}}}{{}{}}{}}{{{}}{{{{{}}}{{}}{}{{}{}{{}}}{{}{}}}{{{}}{{}{{{{{}{}{}}{}{{{{{{{{}{}{}{{}}{}}{{{{{{}}}{{}}{{}{{{}}}{}{{}}}}}}{{}{{}}}}}}{{{{}}}}}{}}{{}}}}{{}{{}{{{{}}}}{}}{{{{{}{{}{{{{{}{{}}}}{{{}}}}}{}}}{}{}{{{}{{}{{{}{}}}}{{}{{}{}}}{}{}}{}}{}{}}}{}{}{{}}}{{{}{}{{}{{{{{}{}{{}{{}}}}{{}{{}}{{}{}}{{}{}}{}{{}{}}}{}}}}{{}}}}}}}}}}{{}{}{}{{}{{{{{{}}{{}}}}}}}{}}}}{}{}{{}}}}}{}{{{{}{{{{{{{{}{}}}{}{{{}{}}{}}{}}}}{}{}}{}{{}}{}{}{{}}{{}{}}{{{{}}{{{}{{}}}{}}{}}}}{{}}}{{{{}{}}}}{{}}{}}}}{{{{}}}}}}}}}{}}{{{{{{{}{}}{}{{{{}{}{{{{}}}}}}{}}}{}}{}{}{}{}{{{}}{{}}{{}}{{}{{}{}{}{{{}{}}{{}}}{}{{{}{{}}}{}}}{}{}{{}}{{}{{{{}{{{}}}}}{{{}}}{{}}{}}}}{{}{{{{}}{{}{}{}}}}{{{}}}{}}}{{{{}}}{}}}}{}{}{{}}}}{}}}}{}{}{{}}}{}{{{{{{{{{{{{}{{}}}}}{{{}}}{}{}}}{{}{{{}{}}}{{{}{{}}}{}}{{}}}}{}{}}}{}{{{{}}}}{{}}}{{{}}{{}}}{}{{{{{{}}}{}{{{{{{{}{}}{}}}}{}{}{}}}}}}}}}}{}{}}}{{}}{}{}}}}}{}}{{}{}{}{{}{{}{{{}}}{}}{}}{}}}}{}{{}{{{}}}{{{}}{}{}}{{}}{{{{}{}}{}{}}}}{{}{{{}{}}}}}}}{{}}{{}}{{}{{{{}{}{}{}}}{}}}{}{}}}}}{{}{{}}{{{}}{{{{{{}{{}{{}{}{}{{}{}{{{}}{}}{}}}{}}}}{}}}{}}}}{}}{}{}{{{}}{}{}{{}{{{}{{{}{}{}{}{}{}{{{}{{}{}{{{{{}{}{}{{{{{{}}}{{}{{}}{}}}}{{{}{{}{}{{}}}{}{{{}}{}{}{}{}}}{}{{{}{{{{{{}{}{{{}}{{{}{}}}}{}{{}{}{}{}{{{{}{{}{}{{}}{}}}{{}{{}}}}{{}{{{}}{{}}{}{{{{}{{}}{{}}}{}}{}{}}}}}}{}{{}}{{{}{{}{{{}{{}}{}{{}}{{}{{{}{}{{{}{{}}}{}}{{{}}}{{{{{}{{}}}{}{{}}{}{{}{{}{}}{{}{}{}}}}{}{{{}{}{}{{}}{{}}{{}}{}}}}}}{}}}}}{{{}{{{{}}{{{}{{}}{}}}{{{}{}{{{}{{{}}}}{{}{}}{{{}}{{{}}{{}{}{{}}}}}{{{}}{{{}}{{{{{{}}}}}{}}{{}{}}}{{}}}{{{}}{}{{{{{}{}{}}{{{{}}{{{{{}{}{{}}{}}{{{}{{}}}{{}}}{}}{}{{{{{}}}{}{{}{}{}}{}{{{}}}{{{{{}{}}}}{{{{}}{{}{}}{{{{}}{{{}}{}}{}}}{}}}{{}{{}}{}{{}}{}{{}}}{}
259 1827
1827 3483
32 259
914 1827
259 4963
1827 3643
259 2552
1827 2028
259 4765
1827 4253
259 986
1827 3505
259 2583
895 1827
259 2232
164 1827
259 1806
934 1827
259 4496
1827 4932
259 796
1827 2519
259 2004
1257 1827
259 4643
1827 3162
259 518
1827 4817
259 1501
1827 4598
259 1654
1827 4662
259 3144
1416 1827
259 3852
1395 1827
259 4424
898 1827
259 418
1827 4497
77 259
1827 1839
259 601
1827 1845
259 1441
1051 1827
259 755
992 1827
259 1342
1827 4772
259 574
1827 4344
259 4323
1827 4316
259 1703
1827 4441
207 259
1827 4856
259 1007
1827 3275
259 3987
1827 3474
259 1887
1827 4832
259 836
1371 1827
259 2821
478 1827
259 2200
1827 4719
259 2432
1827 3092
259 4159
1827 2011
259 1642
1827 2590
259 2965
1827 4185
259 823
1755 1827
259 286
1827 3807
259 4685
760 1827
259 1704
452 1827
259 406
1601 1827
259 4727
260 1827
259 1459
1827 3926
259 1071
1670 1827
259 884
1689 1827
259 2449
740 1827
259 2628
1827 3143
259 3863
1827 2421
259 4908
319 1827
259 4436
1827 4404
259 2032
1827 3772
259 810
871 1827
259 4549
133 1827
259 2526
1827 2802
259 3965
1827 2455
259 1077
1827 2748
259 3589
632 1827
259 361
1358 1827
259 4408
1827 4033
259 1175
1827 1911
259 3251
1827 4653
259 957
1827 3679
259 1453
780 1827
88 259
1099 1827
21 259
1827 3224
259 1669
1827 4228
259 1701
941 1827
259 3446
1289 1827
259 923
1827 2245
259 2502
1827 3329
259 3928
1827 3566
259 2642
794 1827
259 1649
1827 3792
259 2219
690 1827
154 259
1827 2931
259 2486
1292 1827
259 1325
1827 3516
46 259
1757 1827
259 3323
1827 2727
259 1080
1827 3801
259 3307
799 1827
259 4183
109 1827
259 3083
1514 1827
259 2750
1827 3691
259 1914
1827 2018
259 2816
1827 2324
259 4505
257 1827
259 3000
545 1827
259 4748
394 1827
259 4144
1519 1827
259 2296
1827 3189
259 3322
1827 3078
259 473
1827 2445
259 4213
1827 4649
259 4627
1045 1827
259 1235
1320 1827
259 3628
1827 2345
205 259
1827 3715
259 4588
1827 3136
259 2521
1827 4783
259 1370
1182 1827
259 4773
1827 3490
259 3800
1827 4743
259 1948
627 1827
259 3826
1225 1827
259 2112
1827 1840
259 1343
1827 2697
259 3467
1428 1827
259 905
642 1827
259 4781
1827 4512
259 4995
1827 2259
259 1992
1639 1827
259 3438
1827 4568
259 890
1584 1827
259 2272
1827 4402
259 550
1827 4383
259 4400
1827 3967
259 716
1827 3320
259 1088
1827 2088
259 3443
1108 1827
259 1178
1017 1827
259 2934
1827 3891
259 996
1827 3375
259 1141
1827 3608
259 2199
1419 1827
259 2165
1827 3959
259 1331
1827 4242
259 672
1827 4204
259 3564
1827 4200
259 1085
1827 4258
259 299
1827 3883
259 4076
1827 3908
259 1822
1564 1827
259 4644
1827 3139
259 4780
1827 2538
259 1081
1827 3093
259 1303
1827 4445
259 3905
126 1827
259 845
1827 2951
259 1165
1827 2917
259 1995
1827 4458
259 3449
1827 4250
259 1740
1827 2790
259 2680
1827 4494
259 3403
1827 2819
259 3730
1827 3396
259 767
1827 4617
259 4572
1622 1827
259 1006
1827 3097
259 4229
541 1827
259 2307
147 1827
259 1892
1827 4756
259 3008
1827 1921
259 1671
1827 2436
259 1825
965 1827
259 3415
1801 1827
259 543
1827 3049
259 922
1827 2972
259 3841
1827 2605
259 4003
1827 4939
259 4964
1827 2699
259 2311
1196 1827
259 2451
310 1827
259 1426
391 1827
259 4280
421 1827
259 2506
1827 4373
259 1712
1628 1827
259 375
1827 2689
259 2932
1827 3724
259 4983
1827 4055
259 4457
1827 2166
259 3463
1827 1907
259 1053
1827 3102
259 3301
1185 1827
209 259
1827 4147
259 4893
555 1827
259 354
1827 3944
259 782
1827 2430
259 2875
1827 4566
259 2853
1827 4854
259 1169
757 1827
259 4787
1827 3079
259 3877
1826 1827
259 2771
1827 3766
259 1334
350 1827
259 1870
1827 3497
259 3178
1827 2009
259 322
542 1827
259 1633
1827 4124
259 330
1827 4867
259 4243
1827 3848
259 2632
1087 1827
259 1899
1827 2312
259 2471
1827 4390
259 2975
1827 2871
259 2435
1827 3356
259 2469
1827 2156
259 4065
1827 3089
259 1537
1827 3321
259 3430
1827 4196
259 3070
1558 1827
259 1327
1827 3173
259 684
1535 1827
259 1647
1827 2803
197 259
1827 3194
259 4381
1827 4764
259 2499
1638 1827
259 1194
1827 4214
259 1693
1734 1827
259 3687
1827 3568
259 1145
1602 1827
259 4816
1827 4286
259 3423
1827 4108
259 3793
1827 4842
75 259
162 1827
259 396
1827 3047
259 2291
528 1827
259 4281
1827 3982
259 2104
1229 1827
259 3416
442 1827
259 2695
338 1827
259 963
1827 2122
259 276
1186 1827
259 2701
1827 4326
259 4516
843 1827
259 561
1827 1990
259 1611
1827 2376
259 1857
1827 3094
259 947
127 1827
259 2570
1827 2149
259 4952
1827 4427
259 1534
1827 2428
259 2295
1827 4211
259 3460
1827 4640
14 259
180 1827
259 3457
1492 1827
259 4674
1827 2096
259 3005
1827 4040
23 259
1827 3420
259 3677
349 1827
144 259
1827 2410
259 2630
1827 4338
259 4006
1827 3341
259 824
417 1827
259 4650
1827 2189
259 3845
1827 1955
259 3021
1827 2939
259 4509
1827 4569
259 3286
1827 3184
259 4608
1291 1827
259 3797
531 1827
259 2709
1132 1827
259 4623
1827 3847
259 331
1827 4872
259 4797
1827 1864
259 4545
1827 3367
259 3445
1512 1827
259 3325
220 1827
259 423
1827 3873
259 2861
1827 3019
259 2029
1827 1929
259 2277
1827 4725
259 3172
1827 1942
259 4359
834 1827
259 2617
381 1827
259 1435
1827 2239
259 1338
110 1827
259 1843
1467 1827
259 3226
1827 3419
259 3874
640 1827
259 2067
1827 3012
259 2315
1827 2718
259 3399
1827 3707
259 443
1827 2834
259 4890
1827 3002
259 2524
1827 2578
259 3672
1827 2126
259 1746
1827 4843
259 4422
1827 2764
259 4759
1827 1862
259 3757
1273 1827
259 4521
880 1827
259 3400
1827 3733
259 781
362 1827
259 372
1827 3196
259 352
1827 4226
259 3645
615 1827
259 3394
1827 3619
259 798
1827 3824
259 384
1827 4247
259 2065
1827 1854
15 259
1827 3855
259 516
369 1827
259 4628
1827 4034
259 3219
1827 3203
259 826
1827 2329
119 259
1827 3414
259 846
1765 1827
200 259
212 1827
259 2310
1827 4746
259 622
1586 1827
259 2347
1827 2773
259 2915
1101 1827
259 2841
1086 1827
259 958
1827 4616
259 4604
1827 2357
259 3743
1827 3573
259 1393
1827 3682
259 3783
1827 3630
259 1209
1446 1827
259 1985
1827 3095
259 3888
1450 1827
259 1167
1827 2369
259 4940
1827 4920
259 1155
856 1827
259 3247
1827 4469
259 3639
1827 2498
225 259
44 1827
259 3574
1827 4350
259 2424
1827 2460
259 3477
1827 3111
259 3147
1052 1827
259 347
1827 3838
259 2618
1827 2297
259 3130
1827 3440
259 2483
1827 2661
259 3746
1805 1827
259 4522
1827 2319
259 2210
1675 1827
259 3798
1032 1827
259 4753
1749 1827
259 2564
1827 2420
259 2371
89 1827
259 3316
1827 3091
259 1613
461 1827
259 4749
1119 1827
259 1773
1827 2663
259 1858
1729 1827
259 2066
1300 1827
259 4507
1827 2818
259 4571
1827 4673
259 3576
497 1827
259 1201
1827 3696
259 4321
1827 2145
259 477
1827 3617
259 2274
151 1827
259 1930
1648 1827
259 4761
1472 1827
177 259
1827 2777
259 3831
1827 3107
259 2797
1827 3426
259 1800
1110 1827
259 2923
1485 1827
259 2175
136 1827
259 4826
1827 2961
259 4965
1827 4186
259 4440
1827 2787
259 2183
1827 4216
259 3717
686 1827
259 3202
1827 2429
259 1940
1827 3988
259 4163
1827 2688
259 4948
1827 4987
259 4529
29 1827
259 2545
1827 2138
259 3127
1827 3298
259 4975
171 1827
259 1918
1067 1827
259 2525
1827 4118
259 2907
719 1827
259 4249
1827 4273
259 3654
1827 4774
259 1590
1192 1827
259 3365
1827 4131
259 3024
551 1827
259 1771
1827 2321
259 491
1827 3352
259 3472
1133 1827
259 694
1827 3389
259 1725
1679 1827
259 1425
78 1827
259 4705
673 1827
259 3010
1827 4488
259 732
1827 4395
259 360
1827 4840
259 1860
148 1827
259 3833
1073 1827
259 4654
1827 4866
259 3927
703 1827
259 1299
569 1827
259 1353
1827 2081
259 1162
901 1827
259 2234
1827 3892
259 1742
1128 1827
259 2447
1097 1827
259 3903
1057 1827
259 2686
1105 1827
259 4882
1827 3960
259 3803
1827 3359
259 3366
1827 4324
259 4878
1360 1827
259 3380
1827 2382
259 4155
1827 2123
259 4333
1827 3742
259 4656
1827 4398
259 2950
1827 2826
259 2492
1827 4740
259 293
1827 4085
259 850
1827 4304
259 4723
1361 1827
259 1322
1827 4587
259 788
1827 3670
259 4597
1827 2883
259 2227
408 1827
259 4405
1827 4956
259 2010
1827 2491
259 483
1827 2082
259 4851
112 1827
259 3476
1827 2214
259 4077
1424 1827
259 2354
1827 2190
259 1234
1159 1827
259 3036
1827 2535
259 1937
1827 2242
259 3388
1827 4305
259 4503
1827 2509
259 4190
1827 2085
259 4798
4 1827
259 4691
1827 4220
259 536
1438 1827
259 4874
1827 3914
259 742
1827 3146
259 2651
222 1827
259 4134
1307 1827
259 1782
892 1827
259 2659
1827 4415
28 259
1694 1827
259 1956
1036 1827
259 3468
1793 1827
259 3749
214 1827
259 1676
1827 3129
259 4239
233 1827
259 1477
633 1827
259 1792
1827 1848
259 2505
1827 2115
259 3734
1827 3339
259 4256
1827 3996
259 3432
1827 3668
259 4370
1827 2159
259 4730
1827 4409
259 3311
1465 1827
259 4265
1827 4646
259 1987
1827 3409
259 817
605 1827
259 505
1827 1975
259 1401
1827 4573
259 1285
1827 2117
259 3048
1827 3534
259 4923
1827 4745
259 1409
1827 3731
259 3979
875 1827
259 969
1827 2568
259 4891
1827 2560
259 425
1355 1827
259 2656
1827 3740
259 2170
1827 4847
259 4031
1733 1827
259 4119
1827 2729
259 1560
1827 4813
259 1576
1827 3165
259 1246
1114 1827
259 3100
1827 2036
259 2966
1827 4079
259 2824
1827 4223
259 3761
1827 4168
259 4951
1827 3076
259 578
1161 1827
259 4466
1827 4823
259 2786
1827 2270
259 841
175 1827
259 4137
1827 3520
259 1203
1827 4541
259 4699
1827 4655
259 1079
1827 2677
259 4982
1827 4721
259 3716
1827 4252
259 4792
160 1827
259 1818
172 1827
259 3709
750 1827
259 4259
1827 2613
259 3887
1565 1827
259 2599
1827 3964
259 1908
1362 1827
259 2224
1309 1827
259 4459
1566 1827
259 1935
1827 4386
259 2840
1827 2827
259 3609
1824 1827
259 2576
1827 3685
259 4020
1827 3491
259 3428
1827 2039
259 3583
1827 2775
259 4232
1470 1827
259 2555
1696 1827
259 2734
1827 1968
259 3916
1827 4565
259 711
1487 1827
259 2207
1827 2901
259 2288
1827 2543
259 4071
178 1827
259 3744
1827 4371
259 1059
1827 4619
259 493
1026 1827
259 527
1388 1827
259 915
1827 3572
259 1785
1827 2815
259 651
1827 3658
259 2529
1827 4366
259 4825
512 1827
71 259
1827 3023
259 4346
105 1827
259 2404
1827 2778
259 3648
1102 1827
259 2696
195 1827
259 2360
1827 4531
259 1055
813 1827
259 1377
1614 1827
259 3180
1827 4356
259 2744
1827 1895
259 1011
1827 2294
259 4524
1827 1938
259 4387
320 1827
259 2533
678 1827
259 3237
1827 4018
259 777
1827 3895
259 4877
1827 3893
259 3198
1781 1827
259 4726
1827 2215
259 1721
1827 2474
259 3241
1827 4557
259 3410
1827 3062
259 4638
1827 2330
259 3780
1118 1827
259 1686
980 1827
41 259
1827 4230
259 3518
618 1827
259 3614
598 1827
232 259
1827 4011
259 815
1827 4953
259 3660
993 1827
259 4128
525 1827
259 2856
1827 4966
259 4554
1827 2958
259 1618
1809 1827
259 3261
1827 2253
259 2528
1827 3555
69 259
1827 4026
259 2691
463 1827
259 3911
838 1827
259 1926
1827 4291
259 2581
855 1827
259 3770
1827 4202
259 869
1827 2197
10 259
1156 1827
259 1834
1827 2332
259 1551
1827 3319
259 4613
1709 1827
259 3634
835 1827
259 2912
1827 3242
259 3223
1827 4972
259 3295
1827 3123
259 918
102 1827
259 3337
1827 3897
259 1214
1827 2503
259 2022
654 1827
259 1966
1264 1827
259 3681
1827 4490
259 4946
1827 4709
259 446
1827 4955
259 3353
994 1827
259 2020
1827 3486
259 4396
1827 4578
259 1549
1827 2024
259 1736
1827 2667
259 1790
1827 4732
259 4231
1827 3404
259 1378
699 1827
259 2711
1827 4778
117 259
1279 1827
259 1117
1827 3072
259 4414
1827 2977
259 1741
1550 1827
259 3157
60 1827
259 3236
1827 3168
259 2895
1827 2722
259 4438
1439 1827
259 3239
949 1827
259 3975
1568 1827
259 2783
65 1827
259 3552
1827 2258
259 4934
1827 2014
259 3333
1827 2063
259 3909
1827 2660
259 2658
1827 3351
259 4857
1827 3539
259 475
1827 2180
259 1433
1827 4525
259 2118
1827 2042
259 2084
849 1827
259 4080
1827 4288
259 704
533 1827
259 2753
1630 1827
259 649
1827 2133
259 577
1827 3234
259 948
1772 1827
259 2693
1737 1827
259 596
1827 3652
259 3809
1827 3330
259 2335
1827 4510
259 3834
1640 1827
259 1368
445 1827
259 1878
1827 1932
259 3538
1827 4645
259 2318
1827 2561
259 4010
603 1827
259 1959
1827 3535
259 1615
1002 1827
259 864
1827 4401
259 2854
1420 1827
259 1997
1827 2516
259 937
1827 2671
259 3481
1827 2056
259 2830
819 1827
259 4526
580 1827
246 259
1827 2537
259 2623
1827 2002
259 4375
702 1827
155 259
1827 2654
259 3450
668 1827
259 399
1111 1827
236 259
501 1827
259 4894
82 1827
259 2589
1827 4181
259 4807
1827 2361
259 4670
1827 2595
259 625
1827 4091
259 2019
1827 3312
259 4758
1827 4141
259 1832
1827 4785
259 4114
779 1827
203 259
1827 3121
259 4553
1827 2470
259 3269
1827 1933
259 1916
1827 3149
259 1885
902 1827
66 259
1827 4767
259 3741
1827 3028
259 2016
1582 1827
259 4001
771 1827
259 2591
1827 3581
259 2342
1827 2558
259 908
628 1827
259 2549
1827 2732
213 259
1705 1827
259 1510
1429 1827
259 1255
1677 1827
259 2694
1827 3559
259 2829
1706 1827
259 4417
818 1827
259 1367
1827 3649
259 4067
1827 4189
259 3886
667 1827
259 2949
1827 4340
259 1188
1827 3727
259 4453
1005 1827
259 2184
1827 2636
259 803
1827 4456
259 1775
1827 2355
259 821
1827 2033
259 4301
1827 4195
259 929
523 1827
259 4651
1827 4351
259 2246
1827 4047
259 1884
1827 3919
259 398
1827 3461
259 3880
1827 2707
259 1144
1769 1827
259 2280
1827 3820
259 1376
1058 1827
259 4111
1827 3997
259 3932
230 1827
259 2598
917 1827
259 3853
1702 1827
259 2740
1541 1827
259 2902
1374 1827
259 2785
1827 4094
259 3595
1174 1827
259 1351
1827 3384
259 2728
933 1827
259 609
1700 1827
259 4567
1827 3922
259 3338
979 1827
259 3480
1827 2030
259 3986
1827 2370
259 4151
1827 2172
259 1653
1827 3680
259 662
1827 2131
259 4635
1827 3714
259 1978
1827 2226
259 3434
1012 1827
259 1306
1827 3890
259 3550
1581 1827
259 3210
1827 2300
259 765
1827 3475
259 2842
371 1827
259 3378
79 1827
259 4968
1827 3315
259 748
1461 1827
259 3541
1543 1827
163 259
1827 4406
259 4170
1827 3084
259 1816
971 1827
259 1488
1827 4035
259 3279
584 1827
259 4004
1580 1827
259 3868
1827 4086
259 462
1827 3231
259 2674
96 1827
259 403
1827 4984
259 1001
1315 1827
259 2906
1827 4347
259 3912
1655 1827
259 3674
1827 4905
259 2885
334 1827
259 2462
888 1827
259 4069
1827 4315
259 2484
1827 3192
259 302
1827 3849
259 1095
1827 4271
259 894
1827 2865
259 4058
1827 4096
259 3832
1827 3777
259 3387
1827 2021
259 1205
1561 1827
259 3507
1221 1827
259 873
307 1827
259 660
199 1827
259 474
1827 4355
259 1098
1827 4332
259 4770
1304 1827
259 1390
1827 2904
259 3233
1827 4016
259 2782
930 1827
259 3456
1827 2349
259 2328
241 1827
259 1593
1827 4182
259 674
1827 4888
259 3785
130 1827
259 4447
1033 1827
259 3212
1827 3470
259 1795
1827 4416
259 458
1827 3781
259 2064
1827 4784
259 4492
1827 3577
259 3238
269 1827
259 1635
1827 2662
259 2388
1827 3521
184 259
1827 4269
259 1400
1827 2273
124 259
1827 1954
259 3042
1827 3565
259 2411
1827 2720
259 4061
1827 2896
259 1023
1533 1827
259 2048
1827 3739
259 4352
1258 1827
259 3182
1827 2889
259 2119
218 1827
259 1758
1486 1827
259 4648
1646 1827
259 2751
1827 2456
259 3963
1827 2144
259 907
1471 1827
259 3532
789 1827
259 1004
1502 1827
87 259
647 1827
259 981
1827 4812
259 374
1827 4241
259 2983
1827 4546
259 422
1827 2553
259 2205
1827 4312
259 4805
1827 1912
259 2877
1827 4811
259 4365
99 1827
259 2733
825 1827
259 1585
1827 4706
259 324
217 1827
259 2059
652 1827
259 2057
1827 2252
259 1651
804 1827
259 1168
166 1827
259 3313
1827 1923
259 3842
1827 4393
259 920
43 1827
259 4622
84 1827
259 3708
1827 3074
259 1503
1495 1827
259 3046
1827 4126
259 1841
1637 1827
259 2220
1251 1827
259 1666
1827 4684
259 570
1827 2622
259 382
250 1827
259 2791
1827 2614
259 865
1827 2151
259 3938
1827 4607
259 708
1827 2820
259 1340
157 1827
259 1660
1827 2331
259 1480
1827 3025
259 4270
1827 3347
259 4676
1827 3038
259 1430
83 1827
259 2760
1827 2260
259 3667
1827 3624
259 2828
1154 1827
38 259
348 1827
259 4808
62 1827
259 4959
1350 1827
42 259
1827 4448
259 4313
22 1827
259 2038
1827 2530
259 3935
1827 4160
259 4535
1827 2672
259 4115
1827 2306
259 4221
1827 3207
259 407
1082 1827
259 733
1827 4944
259 2161
1386 1827
259 4145
1295 1827
259 1039
1827 2765
259 459
279 1827
134 259
1827 4236
259 4349
1827 2282
259 987
1369 1827
259 492
1827 3029
259 991
239 1827
259 617
1216 1827
259 3879
1827 2548
259 513
1827 4382
259 4070
608 1827
259 3422
1827 4967
259 2092
1469 1827
259 566
1827 4308
259 2341
31 1827
259 1876
1827 3232
259 4528
1827 2413
259 3974
607 1827
259 328
16 1827
259 3934
223 1827
11 259
1827 3035
259 3936
1827 4943
259 4722
210 1827
259 1120
1827 2798
259 4838
1827 3815
259 4989
283 1827
259 3745
1827 4733
259 2441
1827 3163
259 3657
1827 4582
259 3551
1827 4024
259 3085
1035 1827
30 259
494 1827
259 3050
1547 1827
259 1778
1827 2203
51 259
1021 1827
259 335
1827 4264
259 2422
1827 1977
259 2713
1319 1827
259 4138
1827 4479
259 1423
1827 3381
259 1925
1827 4760
259 1906
174 1827
259 3508
49 1827
259 1344
1827 2612
39 259
1827 3255
259 1976
1827 3673
259 1147
1827 2990
259 1624
1763 1827
259 1115
1827 3401
259 1861
1724 1827
259 4869
921 1827
259 4556
1827 1981
259 4021
1827 1936
252 259
1091 1827
259 4600
1827 3819
259 1116
1827 3822
259 2299
1827 3442
259 4855
1827 2717
259 1164
1236 1827
259 1544
1130 1827
259 1176
1827 1972
259 3258
1827 4636
259 4087
1827 2837
259 1297
1827 4263
259 1678
1827 3458
259 1869
619 1827
259 2716
1827 2468
259 3907
1827 2233
259 393
1827 2196
259 3920
1827 4724
259 3318
1827 4504
259 4310
1827 2240
259 1730
1827 3688
259 634
1827 4614
259 2933
1827 2684
259 3441
889 1827
259 546
745 1827
259 428
1827 3593
259 1283
1827 3694
259 2807
1827 4255
259 2089
1827 3526
259 3045
752 1827
259 3884
1827 2116
259 3336
1827 4639
259 1719
1827 3469
259 579
448 1827
259 3280
1827 2153
259 951
1672 1827
259 2569
1827 2419
259 773
1827 2290
259 2874
1827 2637
259 1710
1827 3784
259 3284
1827 4618
259 4547
1827 3718
259 3411
1827 2120
259 3114
1827 2249
259 1321
1827 4540
259 4846
1827 4686
259 959
1827 4218
259 1335
840 1827
259 3525
1827 2926
259 3287
1668 1827
259 955
1827 3607
259 1179
1827 4695
259 4410
1827 2235
259 2909
559 1827
259 747
1827 2218
259 2006
1827 2887
259 3713
1827 3915
221 259
1827 4896
259 4477
1827 2459
259 1457
1827 4729
259 4041
1748 1827
259 4178
1827 3758
259 3653
1024 1827
259 3995
1827 3940
259 962
1827 4296
259 3794
1827 2177
259 2572
1752 1827
259 1517
1817 1827
259 464
1827 1994
259 2997
1827 3931
259 2478
670 1827
259 1106
1827 3037
259 2512
1827 4848
259 952
1827 1939
259 3465
1827 3689
259 604
1827 2415
259 2250
1827 2858
259 3433
1751 1827
259 3466
1275 1827
259 3181
1827 3175
259 2627
1827 1910
259 4484
1827 3588
259 3230
1827 4285
259 3804
1827 3859
259 2962
1172 1827
259 4426
248 1827
259 2154
1827 2710
259 318
1827 3726
259 4100
1827 2079
259 3254
997 1827
259 4430
1827 3106
259 3386
1827 2683
259 1294
1827 2920
259 2584
333 1827
259 4482
1827 2121
259 2209
1827 3159
259 721
315 1827
259 3977
1827 2490
259 1184
1827 4063
259 1888
1827 1891
259 4491
1827 3071
259 3249
282 1827
259 3930
1827 4083
259 2941
1827 3795
259 4906
1827 2759
259 4462
709 1827
259 2162
1827 4590
259 4515
1827 2146
259 2134
1827 4879
259 2666
1827 3471
152 259
1827 3235
259 3135
1827 3120
259 337
1827 4810
259 312
1448 1827
259 4775
1827 4002
244 259
720 1827
259 431
1827 1831
259 2704
510 1827
259 1813
1827 4927
259 1468
1827 1836
259 1228
1827 2513
259 3294
1827 2646
259 1562
1509 1827
259 4166
1662 1827
259 2520
1827 3156
259 3506
587 1827
37 259
1827 4062
259 4620
1827 3860
259 274
1827 2182
259 2743
1827 2629
259 1958
1827 3501
259 785
1827 4701
259 1372
1138 1827
259 1210
1827 3266
259 3992
1218 1827
259 1013
1311 1827
259 945
976 1827
259 2178
595 1827
194 259
1827 4900
259 2141
1827 2849
259 1093
769 1827
259 1896
1404 1827
259 4428
1827 4610
259 414
1827 3167
259 1341
1827 3493
259 3640
1827 1865
259 731
1827 3976
259 4314
1827 4385
259 1810
179 1827
259 4720
1827 1838
259 4580
1827 2472
259 3496
1760 1827
259 2114
1827 3693
259 870
1827 4167
259 4081
1827 4682
259 2919
1827 4049
259 1070
1827 4143
259 3755
1329 1827
259 4434
1827 4392
259 4861
1827 3504
259 2539
1827 1835
259 3068
1827 3343
259 2308
784 1827
259 3405
1827 4480
259 4544
1170 1827
259 2574
52 1827
259 366
1827 3099
259 495
1827 2395
259 656
1827 3616
259 4429
1644 1827
259 4661
1267 1827
259 2416
1524 1827
259 4910
1827 4394
259 1382
1827 2061
259 2408
433 1827
259 1957
1827 4007
19 259
1827 4158
259 4088
1515 1827
259 3133
437 1827
259 4498
1827 3875
259 1136
363 1827
259 2169
1827 2433
259 2893
1827 2062
259 1570
718 1827
259 1732
1827 3327
259 2356
1827 3695
259 4353
262 1827
259 4260
883 1827
259 4658
1827 2463
259 1047
1827 3947
259 844
1827 4116
259 4513
1827 3268
259 4455
1764 1827
259 4234
1243 1827
259 3043
1827 4562
259 1852
944 1827
259 4751
1827 2346
259 1546
1827 4977
259 1821
657 1827
259 1463
1260 1827
259 2738
1827 2068
153 259
379 1827
259 2527
1619 1827
259 1553
1827 3958
259 682
1827 3902
259 2055
1827 2070
259 3260
1827 4217
259 4555
1827 2725
259 1272
1827 3898
259 676
1827 4152
259 2556
1827 4027
259 3669
1827 4334
259 3725
687 1827
259 2793
1274 1827
259 2899
1539 1827
259 964
138 1827
259 2978
1398 1827
259 4537
1827 4066
259 4652
1827 2643
259 465
285 1827
259 3108
1827 4423
259 807
308 1827
259 1563
1827 2086
259 4937
906 1827
259 1527
254 1827
259 2254
1827 3611
259 3498
1827 3759
259 2034
1827 3738
259 3531
1827 2192
259 2891
1827 1945
259 3051
943 1827
259 4102
1731 1827
259 1043
1827 4125
259 4960
1827 4127
259 2690
1827 4467
259 4542
724 1827
259 1952
586 1827
259 2649
1827 3517
259 4702
1827 2745
259 4215
1827 4311
259 2439
1827 2872
259 1856
1827 2712
259 4688
814 1827
259 591
1827 3425
259 2616
772 1827
259 4754
1827 2557
259 3201
1411 1827
259 1126
1827 3650
259 4298
1277 1827
259 3349
1827 4300
259 2925
469 1827
259 975
1827 3211
259 2309
650 1827
259 4930
204 1827
259 1986
1827 4342
259 1988
1827 3865
259 2852
1545 1827
259 3246
1827 2201
259 4372
263 1827
259 2843
1827 4624
259 4641
454 1827
259 1833
567 1827
259 4585
1827 2857
259 1965
1827 4142
259 4603
2 1827
111 259
1827 3603
259 2248
1827 4191
259 4947
1827 2805
259 3473
1827 2812
259 4815
1402 1827
259 1928
1688 1827
259 3082
57 1827
259 3395
1412 1827
259 387
1180 1827
259 3949
1827 3999
259 3881
1427 1827
259 3101
1827 2800
259 4325
1197 1827
259 2266
1827 2434
259 3970
35 1827
259 297
25 1827
259 4850
1827 3004
259 2547
1827 2611
259 3867
727 1827
259 860
1827 2359
259 736
885 1827
259 2681
1827 1889
259 2596
1827 4251
259 1944
1552 1827
259 1656
1827 4683
259 3119
1827 2755
259 480
1827 3026
259 1853
1089 1827
259 4318
576 1827
259 2971
1827 3228
259 434
1827 2140
259 2440
1827 3676
259 1066
1827 3494
259 1883
1076 1827
259 1389
1827 1882
259 4802
405 1827
259 4716
1827 3787
259 4106
912 1827
259 4564
1827 2060
259 2515
353 1827
259 1263
1827 3901
259 2132
1827 4511
259 1318
1827 2886
259 3244
514 1827
259 3361
1827 4022
259 2715
1827 4593
259 402
583 1827
259 3661
1827 2444
259 4225
1827 2582
259 4358
1479 1827
259 3164
1827 4924
259 2930
1555 1827
259 1009
1827 3760
259 2687
1827 4199
259 4786
1827 3124
259 281
1827 1849
259 812
139 1827
259 3126
485 1827
259 1855
1518 1827
259 3985
1827 2788
259 3528
1827 4319
259 4030
1827 3651
259 2976
1827 4671
259 479
741 1827
259 3519
1827 4222
26 259
1827 3662
259 2675
592 1827
259 3304
1827 2256
259 4361
1827 2320
259 4660
472 1827
259 3698
1827 4625
259 4299
1827 3951
259 3629
1681 1827
259 2884
1827 2544
259 3900
385 1827
259 4693
1827 3179
259 2496
137 1827
259 4911
1142 1827
259 1385
946 1827
259 1418
1827 2541
259 4852
1827 3297
259 4777
1827 4363
259 2862
1827 3933
259 3872
435 1827
259 2823
1827 2973
259 3061
1827 2406
259 2749
1827 3561
259 1508
386 1827
259 2243
1827 3923
259 4180
1827 3502
259 2358
502 1827
259 861
1827 1851
145 259
1827 3549
259 1413
698 1827
259 487
1827 3174
259 1762
76 1827
259 2466
1827 2414
259 1828
432 1827
259 2303
1625 1827
259 3001
1827 2928
259 2770
1827 2638
259 3344
367 1827
259 1296
1827 3413
259 2974
1827 3601
259 1768
758 1827
135 259
1827 3602
259 1305
1827 4148
259 2726
572 1827
259 868
1827 3782
259 3141
1827 3112
259 677
1827 2105
259 2631
1827 3250
55 259
1827 4197
259 2619
1827 4925
259 4898
1827 2789
259 2167
1827 4969
259 496
1827 2991
17 259
928 1827
34 259
1827 1924
259 1812
1827 2806
259 345
1827 3590
259 3871
1827 3334
259 4368
1827 3610
259 1028
568 1827
259 3052
1827 3484
259 2000
291 1827
259 3699
1827 2604
259 453
1827 4179
259 1063
1121 1827
259 1444
1827 3138
259 2507
1827 2831
259 4474
1827 4518
259 1643
1827 2890
259 4863
1827 4907
259 2719
645 1827
259 1607
691 1827
259 3882
1827 4942
259 953
70 1827
259 715
242 1827
259 4164
1038 1827
259 4139
1827 3994
81 259
1127 1827
259 3372
1269 1827
259 4734
1827 3205
259 2501
122 1827
141 259
215 1827
259 3957
1827 4472
259 2049
1827 4577
259 1850
1827 3625
216 259
1802 1827
259 3961
1827 4849
259 351
468 1827
259 357
1827 4933
259 3148
1684 1827
259 2257
1827 2026
259 4675
1373 1827
259 1187
1827 2390
259 4000
1827 4782
259 1711
1496 1827
259 3789
1827 2641
54 259
1827 4552
259 2922
1827 4418
259 4192
1827 3592
259 1008
159 1827
259 2409
1827 3537
259 1015
1827 1902
259 717
1827 2051
259 4367
5 1827
259 2593
1276 1827
259 2644
1827 4897
259 968
1827 2610
259 556
621 1827
259 2914
1827 3382
259 2670
1827 3776
259 776
1827 4331
259 4589
1626 1827
259 3870
1827 1999
259 3913
1827 1909
259 4442
1827 3862
259 507
1807 1827
259 4110
1827 2279
259 3248
1827 4885
259 4935
1827 2194
259 832
1827 2391
259 3896
1605 1827
259 3369
851 1827
259 3623
599 1827
259 1054
1827 3615
259 3969
280 1827
259 4046
1473 1827
259 639
237 1827
259 1659
700 1827
259 808
1827 2343
259 438
1827 3206
259 3208
275 1827
259 763
1827 3195
259 2817
839 1827
259 2231
1827 3664
259 974
1827 4862
259 1137
722 1827
259 2735
1827 2265
259 3637
1827 4605
259 4095
132 1827
259 857
1363 1827
259 2198
1827 2113
259 515
13 1827
259 3166
1827 2389
259 689
1025 1827
259 2102
1827 2678
259 2947
1691 1827
259 1417
97 1827
259 1061
1827 4450
259 2575
1827 2959
259 4360
646 1827
259 1238
1827 3342
259 2204
1827 4744
259 998
1827 4028
259 1620
853 1827
259 582
1827 4993
259 4889
1661 1827
259 768
1766 1827
59 259
1827 2108
259 900
1827 2417
259 511
1827 3812
259 1129
1827 1894
259 2580
1827 3665
259 450
427 1827
259 925
1827 2137
259 4595
1827 3439
259 2097
1827 2508
259 4819
1827 4844
259 3533
1094 1827
259 2665
298 1827
259 791
1827 4801
259 1270
1827 4949
259 1612
1827 3641
259 3436
1827 2645
259 3392
1827 3983
259 3222
990 1827
259 466
90 1827
259 4172
1827 2301
259 3606
1687 1827
259 3636
1827 2813
259 1445
1827 4692
259 2128
1827 3345
259 4465
1827 4121
259 383
1124 1827
259 1330
1827 2714
259 714
590 1827
259 2784
1827 4244
259 1313
389 1827
259 1200
1237 1827
259 735
1674 1827
259 3579
268 1827
259 1919
1827 4278
259 304
1827 4570
259 3712
1808 1827
259 4680
1827 3659
259 1604
1516 1827
259 749
1827 1866
259 3806
1827 2900
259 4712
1557 1827
259 4357
1827 3303
259 271
1827 2964
259 2795
1599 1827
259 4794
1827 2945
259 4814
1827 2892
259 365
1827 2957
259 2202
1827 2664
259 295
1777 1827
259 3786
1328 1827
259 630
956 1827
259 1520
1827 3721
259 4464
1567 1827
259 859
329 1827
259 2304
1827 4478
259 2127
1827 3176
259 2737
3 1827
259 614
1827 1874
259 4130
1827 3482
259 409
326 1827
259 4012
1827 4800
259 1600
1827 4853
259 2046
1827 4536
259 1716
1827 4713
259 2125
1447 1827
259 3408
1783 1827
259 4581
1827 3523
259 272
593 1827
259 4454
1827 3569
259 3171
1827 4193
259 4551
783 1827
259 811
1827 3417
259 2848
1827 4245
259 4980
1827 4044
259 3647
643 1827
259 1623
36 1827
259 1146
1827 2008
259 3633
1827 1962
259 3053
1031 1827
259 4451
1827 1898
259 3656
1827 4901
259 3200
1827 2426
259 2563
1827 4219
259 1893
1827 2053
259 1199
1827 1993
259 4073
1827 2723
259 1391
1827 4268
259 2844
1827 2163
259 972
1827 3937
259 3031
1827 3064
259 2109
165 1827
259 4463
1405 1827
259 3431
1049 1827
259 1150
1827 3626
259 4714
1827 3876
259 4175
1827 4293
259 4669
1827 3263
259 4921
1827 3412
259 420
1827 4341
259 3271
1827 2136
259 3495
1827 2352
259 1298
1827 3779
259 3544
1827 4763
259 1525
1747 1827
259 2836
1827 4194
259 3991
1798 1827
259 1252
1728 1827
259 410
1827 4931
259 3705
1827 4015
259 3818
1827 2769
259 4045
290 1827
259 1803
1827 2935
259 3547
1819 1827
259 3276
1827 1905
259 3018
419 1827
259 4793
1827 3128
259 786
1827 3844
259 4136
1827 3014
259 973
1507 1827
259 3348
1827 2477
259 4238
1827 3702
259 960
1431 1827
259 1621
1827 1875
259 4122
1827 4579
259 4839
1827 2873
259 1697
1596 1827
259 1723
1827 1949
259 4060
1827 4663
259 3115
1827 3558
259 356
1827 1901
259 1065
1827 2741
259 2766
1827 2325
259 1745
1827 4330
259 1951
1432 1827
259 4078
1827 1863
259 4379
1827 3816
259 562
1215 1827
259 4412
1827 2380
259 1135
1827 3954
259 3941
1375 1827
259 1020
1827 3060
259 3711
1827 2650
259 2913
1827 4915
259 4471
1827 4884
259 4986
1827 3402
259 4112
1827 4601
259 4870
1827 3340
259 2135
358 1827
259 938
1827 2072
259 3950
1037 1827
259 3753
1827 3722
259 4237
1140 1827
259 3113
1827 3512
259 1726
1827 2110
259 2970
1290 1827
259 4916
1827 2111
259 1345
970 1827
259 3314
1827 3728
259 3011
1827 4435
259 3161
1827 4397
259 4261
1827 4187
259 629
1594 1827
259 2724
103 1827
259 522
1827 2603
259 4936
1663 1827
259 2708
1827 4307
259 2952
6 1827
50 259
1827 4667
259 2497
1244 1827
259 4687
1827 4795
259 631
1381 1827
259 723
1827 2985
259 2968
167 1827
259 3308
1827 4981
259 270
644 1827
259 809
1578 1827
259 2052
1827 2364
259 2090
1717 1827
259 3703
1827 4804
259 881
1827 4700
259 2756
829 1827
259 1971
208 1827
259 3556
1827 3193
259 4762
1827 4335
259 1974
707 1827
259 3889
1827 2608
259 2648
1406 1827
259 3185
1827 3492
259 3160
1827 4283
259 1707
1827 4788
259 1407
173 1827
259 311
1827 1880
259 1609
1827 2174
259 2157
891 1827
259 4019
1827 1927
245 259
1827 4796
259 3644
1827 3243
259 3509
1827 1920
259 558
1667 1827
259 314
1538 1827
259 2071
300 1827
259 3952
1827 2337
259 4886
1827 2485
123 259
1827 2606
259 3007
563 1827
259 2768
181 1827
259 2996
1827 4207
259 4731
484 1827
259 4209
8 1827
259 508
1827 2285
259 2995
1827 3878
188 259
224 1827
259 2863
1288 1827
259 4043
1827 1963
259 2023
1440 1827
259 2868
1591 1827
259 1022
1827 2393
259 661
1827 1917
259 2808
1827 3335
259 1356
1827 2721
259 2946
1827 2954
259 867
185 1827
259 3257
106 1827
259 1610
499 1827
259 1018
1827 2333
259 1224
1827 3747
259 3851
764 1827
259 2446
1827 3006
259 1256
1827 2412
259 284
1827 4153
259 4449
1827 3152
259 2098
1827 1844
259 296
1827 2003
259 3306
1489 1827
259 658
893 1827
259 520
1827 3771
259 344
1827 4485
259 1804
1827 2287
259 1254
1827 3756
259 3805
1827 3899
259 4919
1827 2188
259 411
1827 4038
259 2392
1072 1827
259 2425
1827 1964
259 4523
1410 1827
259 3332
1827 4830
125 259
1827 3968
259 1738
1827 4806
211 259
1827 3885
259 4703
1827 2963
259 2247
1827 3514
259 594
1827 4742
259 3925
927 1827
259 3763
1827 4399
259 4633
1827 4306
259 4530
1827 3033
259 3604
1718 1827
259 321
1827 4538
93 259
1531 1827
259 1460
1827 3240
259 3054
1827 3073
259 2289
524 1827
259 3227
1827 1953
240 259
1827 2894
259 3069
1827 3080
259 1452
1827 3835
259 3427
585 1827
235 259
1556 1827
259 4912
1827 3829
259 4563
1827 3971
259 2007
1827 1913
259 4432
1827 3962
259 2565
1827 4042
259 3562
1827 2152
259 3765
1827 3088
259 535
1827 3846
259 4634
1827 2368
259 3612
1827 2298
259 265
457 1827
259 801
1827 4101
259 1443
1827 1897
259 2846
744 1827
259 1153
1068 1827
259 4487
1096 1827
259 1227
1827 4388
259 2653
1827 3350
259 3452
1786 1827
259 2336
336 1827
259 573
1000 1827
259 3675
1827 2407
259 3274
1827 4836
259 2164
1827 2078
259 739
833 1827
259 2386
1827 2682
259 548
1827 2479
259 4918
1827 3328
95 259
1827 3522
259 4880
1827 4698
259 4461
942 1827
259 2467
1827 2987
259 4161
1827 2213
259 3966
161 1827
259 3040
1827 3998
259 3978
1827 2171
259 4329
932 1827
259 3444
1827 4873
259 4005
1484 1827
259 4275
1827 4023
259 4150
1125 1827
259 3821
1827 4156
259 4599
756 1827
259 1131
1827 4212
259 1253
1827 1970
259 2594
278 1827
58 259
1827 3158
259 4384
1827 3635
259 1113
1827 3044
259 2495
1827 3134
259 2423
1827 3354
259 415
1827 2181
259 554
1827 2031
259 3553
48 1827
182 259
440 1827
259 3177
1827 4292
259 4051
506 1827
259 2910
186 1827
259 2326
1827 4917
259 2363
1827 2633
259 3391
897 1827
259 1739
1827 4117
259 3360
1827 4506
259 1683
1827 2035
189 259
1827 3215
259 1262
613 1827
259 4957
1827 3489
259 1434
1827 2758
259 2814
1779 1827
259 342
380 1827
259 2292
1827 3462
259 2811
1592 1827
140 259
1827 4439
259 2091
1827 3096
259 2396
1827 3153
259 2255
665 1827
259 3109
1827 3840
259 1645
64 1827
259 4072
1827 3684
259 1217
1753 1827
259 2438
526 1827
259 1326
1827 4343
259 4289
1827 4962
259 4287
1827 4468
259 2206
1827 3317
259 710
1827 3843
259 3252
916 1827
259 2752
1827 3621
259 439
636 1827
259 2905
309 1827
259 261
1827 2228
259 3142
1827 2551
259 706
1827 3571
259 4377
1827 1837
259 837
1811 1827
259 1991
1499 1827
158 259
792 1827
259 988
1827 2143
259 1380
1827 2457
259 3810
1827 2054
259 3059
1827 2668
259 4093
557 1827
259 3077
911 1827
259 4958
1827 3267
259 4860
1827 3455
259 913
753 1827
259 581
1302 1827
259 4267
1827 2794
259 571
1827 3118
259 3214
1827 2500
259 4707
1827 3292
259 370
1827 3104
259 725
1827 2792
259 2313
1827 3910
53 259
1827 3245
259 4876
1827 2187
259 1223
1827 2221
259 3170
1827 2453
259 1673
1708 1827
259 359
1827 4609
259 1232
277 1827
259 549
1827 1996
259 4297
1761 1827
259 2621
1827 2402
259 1183
9 1827
259 4828
1827 3774
259 416
1636 1827
259 2989
743 1827
259 266
1827 1943
259 4835
1827 4495
259 3424
805 1827
259 4500
1827 4998
259 3310
1827 3540
259 2476
1171 1827
259 1950
33 1827
259 1123
1040 1827
259 341
1827 4991
259 3706
1827 4818
259 489
588 1827
259 775
1827 4240
259 355
40 1827
259 2195
1650 1827
259 2399
1827 2620
259 4413
1827 2001
259 4988
1504 1827
259 3942
1827 4129
259 4074
1827 4970
259 3752
1827 4629
259 4014
228 1827
259 2427
1827 3285
259 4210
1827 2982
259 4025
1230 1827
259 2095
340 1827
259 879
793 1827
100 259
1827 2351
259 4337
1827 4809
156 259
1827 4107
259 2936
1827 3769
259 1332
1827 2542
259 3594
1109 1827
12 259
903 1827
259 2967
1827 3729
259 2597
1827 3788
259 641
1387 1827
120 259
441 1827
259 3383
1827 2012
259 3137
1284 1827
259 1394
460 1827
259 2504
1820 1827
259 4452
1827 2994
259 842
1827 3086
259 1226
192 1827
259 3973
1827 3022
259 1680
1575 1827
259 2047
1827 4437
259 2222
1827 1941
259 2387
1827 4831
259 1903
1827 4689
259 2400
1827 1873
259 4162
1827 3768
259 4824
1827 2015
259 2943
1827 3605
259 3953
1827 3858
259 2981
1827 4961
259 1261
1827 3278
259 2669
1827 3407
259 2398
1827 3379
259 1735
1827 2554
259 3622
68 1827
259 4681
713 1827
259 2027
1827 3918
259 436
1498 1827
259 3542
1827 2377
259 2223
1827 2655
259 2567
1827 4822
259 3563
1827 4233
259 539
1827 4411
259 4295
1827 4050
259 3066
1827 2845
259 4227
669 1827
259 2703
1827 4543
259 1010
1827 2585
259 1392
1827 1842
259 882
1579 1827
259 2385
1827 3529
259 848
219 1827
259 1383
1827 3671
259 4718
238 1827
259 2916
1827 3199
259 2700
1399 1827
259 2489
1827 4976
259 3081
529 1827
104 259
1213 1827
259 4099
1827 3943
259 486
1827 1867
259 2810
1827 4974
259 4871
1827 3546
259 4345
1084 1827
259 695
1500 1827
259 2211
1827 3397
259 3869
1827 3945
259 4574
1827 4615
259 4380
1827 4922
259 3917
1827 4092
259 3582
1827 2005
259 683
1827 2942
259 4626
693 1827
74 259
1827 3217
259 4348
1827 4169
259 3017
1827 2437
259 547
429 1827
259 1100
253 1827
259 3866
1827 2461
259 3921
1542 1827
259 2937
1770 1827
259 4715
1827 2757
259 4575
247 1827
259 4364
1827 3567
259 705
1827 2839
107 259
1827 4985
259 1980
1827 3030
259 4309
1827 2523
259 4056
1259 1827
259 4637
451 1827
259 1641
521 1827
259 1422
1827 4057
259 476
1827 2350
259 1947
1827 3697
259 3087
540 1827
259 4279
800 1827
259 4489
904 1827
259 1744
602 1827
259 4533
1827 2988
259 2268
1827 2362
259 4188
1827 2465
259 1337
1827 2025
259 3063
1827 2244
259 4317
866 1827
259 2879
1522 1827
170 259
1827 3939
259 4320
373 1827
259 4561
1595 1827
259 2864
1827 4135
259 761
378 1827
259 2230
1827 4864
259 4089
1827 3655
259 3748
85 1827
259 2579
498 1827
259 4630
1827 2859
259 1266
1827 4262
259 3527
1474 1827
259 1692
1827 4017
18 259
1827 3906
259 701
1352 1827
259 2796
73 1827
259 1699
1827 2442
259 712
1827 4532
259 1754
1665 1827
259 1767
1827 2730
259 3265
675 1827
259 368
1827 3453
259 2918
878 1827
259 1871
1241 1827
259 688
1151 1827
259 4173
470 1827
259 4534
1827 2305
259 854
447 1827
259 4583
1827 2546
61 259
1827 4090
259 2673
1827 4602
259 1282
1827 4591
259 503
1827 3273
259 1454
1827 4895
259 4757
1827 3503
259 343
317 1827
259 919
1827 3140
259 3300
80 1827
259 1195
1827 3016
259 4596
1827 4052
259 3090
1414 1827
259 4154
289 1827
259 2517
1189 1827
259 2093
1827 3762
259 3530
1827 1998
149 259
1436 1827
259 2073
1286 1827
259 1397
1827 4171
259 795
1827 4904
259 2804
1827 3823
259 4592
142 1827
259 1455
1827 3421
259 4954
1827 3980
259 1044
1211 1827
259 3377
1569 1827
259 364
1827 4950
259 2600
1827 2647
259 3418
872 1827
259 4865
146 1827
259 935
1827 2979
259 4938
1827 3385
243 259
1078 1827
259 267
1827 4053
259 1616
1827 3041
259 896
1827 2980
259 4327
659 1827
259 3791
1107 1827
259 3221
1074 1827
259 3586
1827 1934
259 4254
1827 4109
259 1314
1827 2322
259 1588
1827 4508
259 2534
1827 4708
259 3778
1827 3075
259 759
1827 3956
259 2929
1827 2781
259 488
1827 3098
259 3154
1827 4407
259 3811
1827 2739
259 2217
1827 2940
259 3406
1827 2969
259 3256
1827 3376
259 3358
1827 2999
259 2464
1505 1827
259 4799
1827 2450
191 259
1316 1827
259 1780
1827 3723
206 259
626 1827
259 2373
1827 2754
259 1559
1827 2869
259 1846
1827 2882
259 1046
1827 2640
259 751
995 1827
259 4282
1827 3390
259 2898
1827 3058
259 2482
1827 2867
259 2191
1827 2124
259 1794
1827 4768
259 1163
936 1827
259 1571
1827 3955
259 1103
1827 2344
259 1173
1827 2278
259 413
1827 4539
150 259
806 1827
259 2626
1827 4576
259 2833
924 1827
259 610
1529 1827
259 4272
115 1827
259 332
899 1827
259 2639
1827 4704
259 3309
45 1827
259 3587
544 1827
259 2107
1827 1890
259 3642
1357 1827
259 2881
390 1827
259 3283
685 1827
259 1989
564 1827
259 3488
1827 3027
259 4769
1827 3690
259 3666
1827 2903
259 1532
1827 4672
259 4845
1827 4560
259 3548
1827 2960
259 1421
616 1827
259 2586
1617 1827
259 2384
301 1827
259 500
1493 1827
259 2587
1158 1827
259 2536
1827 2283
259 4657
1494 1827
259 787
1827 3796
202 259
1827 4475
231 259
1060 1827
259 1506
1497 1827
259 4103
1827 4105
259 1756
1827 2083
259 2339
56 1827
259 2045
1827 2825
259 3813
1827 3057
259 2878
1827 4208
259 3585
1598 1827
259 2514
1827 2017
259 1900
1827 2559
259 4205
1827 2397
259 4519
1827 3799
190 259
1827 2706
259 2767
1827 4198
259 2774
1827 4728
259 1877
1827 4711
259 1206
1827 4550
259 4176
1827 3830
259 1521
977 1827
259 3454
1827 3398
259 3065
1827 4082
259 3751
940 1827
259 1931
258 1827
67 259
1827 3009
259 1220
1827 3839
259 4294
762 1827
259 3150
1774 1827
259 3972
1449 1827
259 1451
1827 4084
259 3448
1827 4834
229 259
1827 4881
259 3570
1827 2106
259 4821
680 1827
259 4803
1827 3429
259 4362
1827 3220
259 1122
1827 2403
259 3515
1827 1961
259 4829
1827 4059
259 2494
1827 2992
259 4203
1827 1983
259 3346
1827 1979
259 4999
1827 3584
259 3155
1827 3864
259 4284
1050 1827
259 1348
1827 2799
259 984
1827 3103
259 3524
1827 3374
259 2077
1827 3817
259 3638
1301 1827
259 4945
1827 4113
259 4486
696 1827
259 4391
1482 1827
259 862
1437 1827
259 4009
430 1827
259 4443
325 1827
259 401
961 1827
259 2208
1827 2365
259 1190
168 1827
259 3732
1791 1827
259 3836
1827 2780
259 1685
1789 1827
259 737
1827 3131
259 2236
1827 4735
259 989
655 1827
259 637
1827 4008
259 4520
1827 4064
259 3003
1714 1827
259 2566
1827 2625
259 1212
1827 3105
259 1075
388 1827
259 3262
1827 4736
128 259
98 1827
259 2193
1827 2302
259 1233
1134 1827
259 3578
1157 1827
259 3767
1827 2998
259 1042
1827 2327
259 3151
1827 2592
259 3289
1827 2531
259 3487
1827 4621
169 259
1720 1827
259 2888
1827 2698
259 2241
1827 3132
251 259
1827 2635
259 2984
397 1827
259 2866
1827 2418
259 1608
1827 2216
259 504
113 1827
259 766
1827 4013
259 3735
482 1827
259 3479
1827 4612
259 1143
1827 2779
259 4470
954 1827
259 1478
108 1827
259 1464
1827 2876
259 404
797 1827
259 2050
1827 3209
259 4779
1827 2601
259 2276
664 1827
259 4559
1827 2383
259 3597
1827 4140
259 2870
1827 2275
259 2927
1827 2573
259 3277
1827 3204
259 3169
1827 2262
259 1354
1827 4098
259 1308
1652 1827
259 2348
1827 2264
259 1287
1827 4146
259 2897
1827 3187
259 426
1827 3825
259 2731
377 1827
259 1715
1466 1827
259 2763
1827 3282
259 4517
1827 3511
259 2948
1827 3591
259 3264
1827 3191
259 4631
1827 4997
259 3067
94 1827
259 2229
1827 4132
259 4647
1827 2238
259 692
1827 3326
259 877
1827 2037
259 2316
589 1827
259 1247
729 1827
259 3580
552 1827
259 2493
1827 2938
259 3710
1827 3894
259 3393
1827 3861
259 910
635 1827
27 259
1827 2075
259 1603
1827 4501
259 2676
1827 3055
259 4929
1827 2366
259 909
1827 4493
259 1092
1827 2607
259 1193
1827 2367
259 1278
1827 3034
259 2261
1827 4097
259 1271
1573 1827
259 412
339 1827
259 3229
1827 3299
259 1859
1827 2374
259 2013
455 1827
259 1872
1682 1827
259 3627
1827 2880
259 1886
1526 1827
259 4235
1827 3437
259 681
1827 4586
259 3259
830 1827
259 3253
1827 4914
259 2094
1827 1960
259 3764
553 1827
259 2562
1827 2139
259 4875
1827 2685
259 2692
1827 4978
259 3464
1827 4403
259 1946
1827 4766
187 259
1317 1827
259 1554
1827 3808
259 1829
1827 4606
259 3270
1629 1827
259 1847
1827 3720
259 4971
950 1827
259 4421
1250 1827
259 638
1827 2657
259 3598
1827 2100
259 2652
1827 3632
259 1249
1827 4710
259 1019
966 1827
259 4594
1827 4739
259 3827
1339 1827
259 1491
1827 3984
259 939
1827 3596
259 2851
1827 4120
259 1583
887 1827
259 4789
1366 1827
259 4483
1827 3683
259 2076
1827 2251
259 4771
1827 4133
259 1528
597 1827
259 2379
1827 3719
259 1293
1827 4303
259 1346
1827 3513
259 2381
1827 4659
259 2431
519 1827
259 3117
623 1827
259 3620
1827 2801
259 3557
1827 2550
259 1359
1827 4157
259 1160
1827 2742
259 2762
1191 1827
259 3371
400 1827
259 2454
1827 3736
259 1915
1827 2908
259 4558
1827 3368
259 2944
1827 2281
259 1365
1827 3435
259 1658
1511 1827
259 1589
1207 1827
259 2269
1827 2158
259 4123
1064 1827
227 259
1827 3056
259 2458
1104 1827
259 4994
1827 3296
259 4696
249 1827
259 4741
20 1827
259 778
1827 4290
259 3331
1827 3324
259 2401
86 1827
259 2372
1827 2481
259 1149
1827 2822
259 3373
1827 2058
259 1823
620 1827
259 467
327 1827
259 1540
1198 1827
259 1181
1827 4369
259 3485
1827 3904
259 2155
131 1827
259 2099
1827 4054
259 2746
1827 3363
259 4677
738 1827
259 292
858 1827
259 4257
1827 4548
259 4374
1827 4990
259 2087
1827 1984
259 3110
1222 1827
255 259
1827 3183
259 2772
1827 4481
259 3447
264 1827
259 565
983 1827
259 606
1698 1827
259 4747
1827 3599
259 3946
1827 3990
259 931
1827 2993
259 2237
1799 1827
259 2179
1827 2540
259 4979
1 1827
259 1475
1827 3737
259 3355
1827 3929
259 3362
1827 2986
259 3948
1827 2375
259 4909
1827 2101
259 3290
1827 2267
259 4104
1827 4738
259 517
1827 4750
259 1268
1030 1827
259 1657
1827 3116
259 4820
1034 1827
259 2488
1827 3451
259 4165
1827 3478
259 985
1827 2323
259 2212
1827 3122
259 4149
1827 3536
259 1548
1827 4431
259 1148
234 1827
259 734
1827 2353
259 1458
143 1827
259 4339
1827 1881
259 560
730 1827
259 2225
1827 2069
259 2571
1323 1827
259 2044
1827 3692
24 259
1827 3302
259 424
1787 1827
259 3814
1827 4642
259 1014
874 1827
259 666
1827 3613
259 663
886 1827
259 1112
978 1827
259 4584
1827 4887
259 3218
1245 1827
259 4032
1827 3775
259 1597
1827 2532
259 790
1384 1827
259 1333
196 1827
259 1664
1827 2475
259 1379
1827 4973
259 538
1827 4941
259 1606
1827 2394
259 3357
1827 4527
259 1280
1796 1827
176 259
288 1827
259 4859
530 1827
259 306
471 1827
259 2443
1827 3854
259 2080
1827 4376
259 4224
1827 2615
259 4903
1827 2448
116 259
1481 1827
259 1776
847 1827
259 2284
444 1827
259 2761
1827 4791
72 259
1827 4476
259 4858
1827 4277
259 3545
509 1827
259 2338
1797 1827
259 746
1827 2847
259 4419
1827 4206
259 4029
1827 3993
259 648
1827 4837
259 4068
1827 3186
259 4246
1041 1827
259 1248
316 1827
259 1240
999 1827
259 982
226 1827
259 1364
1827 1830
259 2510
1587 1827
259 1574
1827 3828
259 4075
47 1827
259 828
1827 2147
129 259
1827 4632
259 4266
1442 1827
259 346
1827 4790
259 4611
63 1827
259 3291
1827 3190
259 294
1827 1967
259 2634
313 1827
259 4354
1827 2776
259 2286
1265 1827
259 697
1827 4336
259 4827
1483 1827
259 2955
1827 3013
259 2317
1029 1827
259 2452
1827 4737
259 4926
1827 4389
259 3216
193 1827
259 863
1827 4248
259 1490
1827 2860
259 2522
1415 1827
7 259
1827 2921
259 449
1403 1827
118 259
1312 1827
259 4992
1827 2747
259 273
1827 2473
259 3499
1827 3857
259 822
679 1827
259 3020
1827 2511
259 3631
1827 3145
259 4694
1827 4274
259 4276
1827 3293
259 4425
1727 1827
259 1462
1827 2911
259 1152
1827 1904
259 831
575 1827
259 2043
1827 2405
259 1242
1827 4514
259 1750
1827 2160
259 4776
1827 3125
259 1868
1827 4460
259 532
726 1827
259 1513
1827 2838
259 774
1827 5000
259 1982
1827 3646
259 3281
1827 4039
259 2271
1310 1827
259 1713
1827 4184
259 2956
876 1827
259 2040
1827 4048
259 2518
1695 1827
259 3225
1827 4664
259 392
1396 1827
259 3850
1788 1827
259 1083
1632 1827
259 3015
1827 4420
259 728
1827 3837
259 827
1523 1827
259 1973
1336 1827
259 323
1634 1827
259 305
1281 1827
259 1627
1003 1827
259 3600
1827 3510
259 2679
1827 3700
259 2185
1827 2924
259 2624
1743 1827
259 967
1827 4996
259 3618
1827 4201
259 1476
1827 3560
259 4036
1827 3856
259 600
114 1827
259 1349
816 1827
259 2850
1827 1922
259 1062
1827 4302
259 3686
1827 3213
259 1090
1827 3802
259 490
1827 2809
259 1324
671 1827
259 2835
256 1827
259 2378
1048 1827
259 2142
1827 2314
259 2588
1239 1827
259 2855
1827 3989
259 2130
1827 4679
259 3288
1827 3790
259 802
1827 3575
101 259
1827 3305
259 3701
1027 1827
259 2953
1827 4833
259 1408
1827 4433
259 3773
820 1827
259 2129
1827 4690
259 1166
1827 3500
259 3924
1219 1827
259 1347
1016 1827
259 926
1827 2263
259 754
1827 4902
201 259
1827 4328
259 4899
1456 1827
259 1208
1827 2340
259 2176
1827 3364
259 4473
611 1827
259 4841
1827 2150
259 4668
1827 2577
259 3554
92 1827
259 2480
1759 1827
259 4446
1202 1827
259 4665
1815 1827
259 4678
1572 1827
259 3370
624 1827
259 2293
1827 4755
259 1069
1827 2705
259 287
376 1827
121 259
1631 1827
259 1536
1827 2609
259 537
1827 3981
91 259
1827 4913
259 395
1827 2602
259 2702
1827 2148
259 1056
1827 3459
259 2832
1827 4037
259 4174
456 1827
259 4868
1814 1827
259 1722
183 1827
259 3032
1827 3678
259 481
1827 2074
259 1969
1827 4378
259 4322
1827 4666
259 303
1827 3039
259 3197
1690 1827
259 3750
1827 3704
259 2334
1827 2103
259 612
1177 1827
259 2041
653 1827
259 4883
1827 2487
259 3188
1530 1827
259 1577
1827 2168
259 4928
1827 3272
259 4177
1139 1827
259 4499
1204 1827
259 3663
1827 2186
259 534
852 1827
259 4697
1784 1827
259 3543
198 1827
259 1231
1827 4892
259 4444
1827 1879
259 3754
1827 4717
259 2736
1827 4502
259 770
1827 2173
259 4752
