5000
)))()((()())()()()))((((())(())())(()))(())(((((((())(())(()))())()(((((()(()(()()))((()()))())))((())))(()(()))))(()())())))))((()))()()()((()(((())()()(((((())))()))))))(()(())(()))((((()()(((()())))(())((()((((()(((())())))))((())()))()()()))(()((()))()()(())((()((()))(())(((((((())()()(((((((())))))(()))()((()((()())())))()())()())(((()(()))())((()))()())((((((())(()()()(()()(()(()((())()()()()))(()()())())()((()()()()))))))(()))))))())(()))(()()()()(((((()))))))))(()(())(()))()((((()()(())(())))((()))))(())(((())((()((()(())((()((()()))))))()))(()()(()(()(())))())))((()(()()()))()))(((()(()(()()())()((((()((()))())(())((())))((()))))))((()()))(((((((((()))())(()()((()))))()(((()()))(()))))()))()))(())))((()()))(((()())))()())()))())()()(()()))))())()(()))))((((()))(()((((()())()))(())((())((()())))()())(()())(()(()(((())()))()((()(())))())()()(((()())()))(()(((((()()())))()))((()(()())()((()()()(())())()(((())()()(())()()()))))(((((()()(((())))()))()()())))))())))()))())(((()()()(((()((()()((((((((((()(((((()()))()()))))()(()()))))((())(((((((()())))))(((())())))()()()())(((()))()()()(()()()))()))))())(()((())(())())))()((()()(())())((()((()((()(()()()(()()))))()()))((((()())((((())))(())((((((())()()(()((()()(((())))()))()())())())))()(()((()()()())())()()(())(()()))))()(())(()((()())())((((((()()))))((()()())))())(((())()))(())(((()()()()())()()(((())()))((()))()(()())(()(((()))((((()())))())))(())()((()())))()()((()(((()((((())()())()((()(()(()))(((()()))(()()(())()))))()(((()(()))(()((()))()))))))()()(()(())))(()))((()()()())))(()(()(()(())())))())(()(()()))))))))(())()()))())())))))(()())(())()())()))()())(((((()()))())(()()()(()((()))))())()())())(()((())()())))()()())()()()()((()()(((()()((()))((()))))()))()((()(((()(())())(()()())))))()()()(()))()(())()()(()((()()(()(()())(()())))())))(())())(()(())))()))(()(()))()))((()((())()))()())(()))(((((()()))((())()))(()()()(())()(((())()))))())())(()(()))((()(())))())())))())()((()))))(((((())(()))(())))()())(((()())(((()(()(((())((()(()())))))()((())))((((((()())())))()(((()()((()())())((((((())))))))(()()(()()(())())((()(()((()))())(()((()())))()((()))()(()()()))))))))))((())((())((())))))()(())((((()))))((((()((()(((()()(()()()())(())()))()))()((()))()()()(()(()()))())()(()))(()()(())()()()()(()(()(())())()())))(())(((((()))(()()((()))((()())(()))))(())))()))(()(((()))()(()(((((()((()))()))))()(((()(()))()()()((()(()))(((((((((()(()(())(())))())())))(((()((((((()(())()))((()(()))()((()))())))()))(()))()(((())())())))()((())((((()(((()((()(())(()((()((())(()(((()()))()(((((()))(())())()(()()(()()(()))())(((())(()))()))((((()((())()))))(())()))()(((((((()))()))((())(()()((((())))(()))))))(()()(((()))((()))((((()()())(())(((((())))((()())(()(()())))))())))((())())((((()(()(())))(()((())))()()()((())((()(()())()()(())(())(((())()())((()(()())()()))()))()(((((())())(()(())())())()((()))())())))))))((()))(()(()()())(((()())()()()((()())))())))()((()()())(((())(()()())()((((()(())((((()((())(((((((()(((((((())((((()())((()()()()()()()())(()(()()))(((()((())((()))()())))(())(()(()))()))(()))))()))(())((())))(())))(())(())((()))()))())((())((())(((()))))))(())))((((()(()(()((()(()))))(((()))()(()))()((())()()((()))()(())(()(()(()))((()))(()(())((())))(()()))(())(()()(())()(())(())(()())())(())()(((((())()(((()(((((())()()()(((())))((())()(((())))()(())()())(((())()))((()()(()(()()(()(()()()()()(((()(())(())()())((())(((())()()))()))()((()))(()()(())())()))())((()))((()()()()()(()(((((()()(()())))))())()())((((((()()((())))())(()())))(()((())())(())(()))()((()))()()()((()()(()()(()(()(())((()))(((()(()()()(()))()()()()(())(()()())((()()()(())))()((()))((()()()(()))()))()())((()())(())()()))()(()()))((()()()())(())))))()((((((((())()(())(((())))))()())))())(())(()()())(((())())()())))())(())((((())())(()((((((((((()))()((())))()((())()(()(()))(())()))())))())((((((()())())))))))))))))))())))(()(()))())()(()))(()(()())(())))()))()(((()))))(((())(()()()()()()(()(((((((((()))()((()()))())))((()))))())((((()(()()))((()())((())))()(())))))(()(()()()()(((()))(())(())())))()()((((()))()()()()))))())()))(()()(()(())))((())((()))))()())())((())))(((()))()(()()(((((((())((()((()(())))))())()())))(()((()(())((()))()))(((()()())(()(()))(())())()()()())()))((())))))(())((()((())(()()(())))(()(()()(())()())(()((())((()())(())))())(((()())()))))()))())(()))()()))))()())())(())))))((((()((((()())(((()())))((()))())))()((((())()))())))))))))))()(())()()(()()()((()(()(())))(()(()())())()(()())(()()(((((()()(()(())()()(())))))((())(((()((()(())(()((()()()))(())((())()((()())((()(()(()(())(((((()))())()((())()()(())()))()(()((()())(())))(((()(())))((((()(())())(()())((()))))))((()(()(())()()((((())())(()())))(((()()((()())()()())())(()()((())))()()))()()()((()()(()))))())((()()(())((((()()())))())()))())((())))()((())())(())()(()))()()()))()))())((()())(()())((()(())))))()(()(())())(())((()((()())()(())()((()))(()))))))))(()))(()()))()))(()((()(())()(((()()()(()))()())())((()))))
1263 2181
1263 2229
1140 2181
1263 2854
2181 2471
833 1263
2181 4946
1263 3065
2181 3877
1263 4488
2181 4662
1263 3172
2181 2995
154 1263
2181 2341
1263 2654
2181 2669
1263 4980
2181 4851
1263 1426
1836 2181
1263 2204
82 2181
1263 1936
2181 2489
1263 3241
2181 3814
1263 4252
2181 4054
1263 2076
2181 4111
1263 3989
2181 4511
1263 2336
1943 2181
910 1263
2181 3749
1263 2843
2181 4484
1263 3500
2011 2181
1263 3819
2181 3068
1263 3924
2181 2299
538 1263
2181 3923
1263 4021
2181 4968
1263 2823
2181 3535
81 1263
2181 2764
954 1263
2181 3536
1133 1263
2181 3423
1263 4057
1239 2181
1263 1858
2181 4838
1103 1263
1297 2181
1263 2881
1555 2181
1263 3473
675 2181
1238 1263
103 2181
1263 1806
435 2181
434 1263
2181 3555
1263 4703
122 2181
1263 1896
137 2181
727 1263
2181 4535
1263 3974
2181 2917
1263 4730
2181 2399
1263 4561
2181 4048
1263 3875
235 2181
1263 1968
2181 3723
1263 4426
2181 2733
1263 4070
2181 4197
1263 1851
1549 2181
1263 4590
2181 2249
1263 4872
656 2181
1263 2931
2181 2215
1263 4879
2181 3383
1263 2350
303 2181
1263 3691
2181 4661
1263 1451
1742 2181
1263 1862
694 2181
728 1263
2181 2220
1233 1263
535 2181
1263 4517
576 2181
1263 1704
1120 2181
1263 4482
2181 2259
1263 1411
2181 2739
1263 4605
2181 4613
1263 3806
2036 2181
1263 4637
1580 2181
1263 2202
2181 2890
1263 1435
1498 2181
931 1263
1057 2181
1263 1378
2006 2181
4 1263
2181 4570
679 1263
2123 2181
1263 3347
1872 2181
1263 2064
1542 2181
1263 1489
2087 2181
1145 1263
1280 2181
515 1263
2181 3901
1263 3218
1477 2181
274 1263
2181 3145
1263 2317
1735 2181
1263 4065
2181 4913
1263 1780
94 2181
1263 4162
2181 2604
1263 4410
502 2181
1263 4033
2181 2797
1263 3009
325 2181
1263 2994
2181 3289
1263 1792
682 2181
1263 3551
1783 2181
1148 1263
2181 3278
1263 2730
162 2181
1263 1358
2181 2752
1263 4337
2181 4648
1263 1946
336 2181
1263 4954
443 2181
1263 2257
2181 4945
1263 2131
1251 2181
1263 3293
636 2181
673 1263
2181 2493
1263 2214
2181 2384
1263 3465
760 2181
1263 1718
1395 2181
1263 3351
1264 2181
130 1263
2181 3381
1263 3368
1571 2181
1263 3396
1904 2181
1263 2095
201 2181
1263 1755
2181 4695
1263 2696
2181 2958
1263 1945
395 2181
164 1263
2181 3345
1263 2085
1683 2181
1263 3217
2181 4674
1235 1263
2181 3067
1263 3121
2181 2367
1263 3523
2181 4782
1263 1738
2181 2256
802 1263
2181 4740
1263 2810
178 2181
1263 3750
177 2181
1263 1368
2181 2692
562 1263
476 2181
1263 3308
2181 3793
1263 4017
699 2181
453 1263
2181 3554
1263 3520
1577 2181
1263 1800
2181 3245
1263 3741
2181 4764
1263 2185
2181 2494
1263 4618
2181 2503
1263 3402
612 2181
1263 2700
985 2181
1263 4069
1950 2181
1263 4519
563 2181
1263 4846
1559 2181
1263 4084
2033 2181
1263 3743
2181 3518
1263 3371
2181 4222
1263 1697
2181 2521
1047 1263
92 2181
1263 3056
1790 2181
1263 3756
2181 4199
1263 2094
2181 2246
1263 3981
1693 2181
1263 2576
406 2181
1263 1906
2181 4497
1263 2979
437 2181
1263 4845
646 2181
1263 4499
2181 3211
1263 4229
966 2181
817 1263
581 2181
1263 3572
2181 2308
394 1263
909 2181
1263 1303
2181 2226
1263 4081
2181 3137
1263 4310
2181 2683
1263 4413
2165 2181
108 1263
1242 2181
1263 3690
2181 3256
1263 1305
2181 3410
1263 2706
424 2181
1263 4767
2181 4797
1263 4183
347 2181
1263 3802
2181 2767
1263 4789
2181 2612
1263 3792
2181 2674
1263 4532
2181 3765
316 1263
438 2181
1263 1281
2181 4390
423 1263
2181 2361
1263 2329
2181 3864
176 1263
2181 3678
1263 3757
243 2181
1263 2593
358 2181
1263 4468
2103 2181
1263 1584
2181 4918
1263 3755
2 2181
1263 1604
1672 2181
1177 1263
2093 2181
1263 4741
2181 4564
1263 3322
865 2181
1263 2728
2181 4295
1263 4550
420 2181
1263 4129
2181 2849
949 1263
683 2181
7 1263
1434 2181
1263 3232
2181 2691
1263 4622
732 2181
1263 2679
588 2181
283 1263
2181 4452
520 1263
1282 2181
1263 2858
84 2181
1263 1623
2181 4601
1263 3374
2181 3346
1263 3317
2181 2664
1263 4717
2181 4453
1263 3016
2181 4013
1263 4037
2181 2344
1263 2049
2181 3636
1263 1989
2181 2517
1263 1744
2181 3455
1263 4042
2181 2697
1263 3643
1208 2181
1263 4262
2181 3958
1263 4852
1884 2181
1263 4187
2181 3629
294 1263
276 2181
28 1263
2181 2613
1128 1263
2181 4109
1263 4029
2181 4996
1263 4123
2181 4874
1263 4457
946 2181
1263 1283
2181 3905
1263 4004
2181 2959
1263 3968
2181 3138
1263 1269
2181 2687
1263 2833
12 2181
1263 3950
2181 4416
1263 3766
2181 2709
1263 2886
2181 4721
904 1263
2181 4526
1263 3672
1694 2181
1263 4281
572 2181
1263 2046
62 2181
1263 4401
2181 2710
1263 1666
2181 4900
1263 4873
2181 2599
1263 1736
2057 2181
640 1263
2181 4916
1263 3930
1464 2181
1263 2868
2181 3096
1263 1507
1596 2181
1027 1263
1109 2181
36 1263
1350 2181
1263 3291
2181 3024
1263 4331
1768 2181
1263 1627
2181 3624
1263 2787
1530 2181
1263 3226
624 2181
1263 3306
2181 3837
1263 1405
2181 4808
992 1263
969 2181
147 1263
2181 2782
1263 3953
2181 3704
1263 3192
982 2181
1263 2670
2145 2181
378 1263
2181 4439
1263 2929
2181 4675
1263 4708
2066 2181
1263 3249
2181 4274
185 1263
1437 2181
1263 3698
83 2181
1263 4322
2181 2930
1012 1263
1123 2181
1263 3035
1557 2181
1263 1897
2181 4748
1263 4899
1786 2181
1263 3007
2181 4784
1263 3857
2181 2496
1263 1913
2181 2879
1263 4371
252 2181
150 1263
1654 2181
1263 2275
768 2181
1151 1263
101 2181
1263 3948
2181 3790
8 1263
700 2181
1263 3287
1633 2181
1263 4475
2181 4462
1263 4707
2181 2587
1263 1519
2181 2682
1263 3978
2181 4518
269 1263
1591 2181
1025 1263
27 2181
407 1263
655 2181
417 1263
2161 2181
1263 2120
1592 2181
1263 1684
2181 4458
1263 3553
1211 2181
1263 1635
2181 2870
1263 4474
1136 2181
1263 3365
1501 2181
1263 4720
258 2181
1263 3982
791 2181
1263 1321
2181 4621
526 1263
1421 2181
559 1263
2181 3265
1263 2447
2181 3464
1130 1263
1616 2181
1263 2105
373 2181
1263 1433
989 2181
1263 2998
120 2181
386 1263
672 2181
259 1263
2181 3851
1218 1263
2181 4937
1263 2421
1463 2181
1263 3677
2181 4835
1263 2626
2181 2389
1263 3829
2181 2940
279 1263
3 2181
1263 4304
160 2181
1263 3004
427 2181
49 1263
2181 3150
1263 4396
1874 2181
1263 2531
2181 3224
66 1263
2181 4282
1263 3564
780 2181
1263 2671
480 2181
1263 2423
410 2181
838 1263
2181 4688
156 1263
151 2181
1263 4932
1894 2181
1263 1462
1733 2181
1263 1728
2158 2181
1263 3697
2181 2516
1263 4399
2181 4327
528 1263
1071 2181
1263 3330
1774 2181
608 1263
2181 2402
1263 4481
2181 2417
1263 2127
2181 3353
1019 1263
1244 2181
1263 4236
589 2181
1263 2554
2181 3090
1263 1472
2181 2774
1263 3998
2181 4201
907 1263
2181 2272
1263 4444
2181 3992
1263 1887
107 2181
1263 1808
2181 2390
1263 4911
2181 3165
1263 2082
734 2181
1263 1442
539 2181
1263 3609
1951 2181
1263 2213
2181 4991
1263 3010
2181 4579
1263 2459
1734 2181
1263 3169
2181 4151
1263 3611
196 2181
1263 3199
2181 3776
1263 1454
2181 2791
1263 3839
2181 4602
518 1263
644 2181
1263 1875
2181 4553
295 1263
2181 3327
1263 4135
2181 3119
48 1263
509 2181
1263 3576
2181 2755
478 1263
1190 2181
1263 3652
1794 2181
218 1263
2181 3457
1263 3282
2181 3124
1263 1403
2181 3661
1263 2167
2181 2233
1263 2067
1160 2181
1263 3805
2181 4364
1263 2550
917 2181
1263 2629
2181 3946
1263 3219
414 2181
1263 2173
2181 3451
1263 3588
2181 2618
1263 4596
2024 2181
1263 2379
1634 2181
1209 1263
2181 2326
1263 2558
143 2181
1263 4023
2181 2436
1263 2944
2181 2198
984 1263
2181 4270
1263 3235
2181 2883
1263 3531
714 2181
1263 3710
1712 2181
1263 2656
111 2181
335 1263
256 2181
1263 4612
607 2181
1263 3560
2181 3140
863 1263
839 2181
1263 4010
1495 2181
445 1263
2181 3688
1263 4149
1775 2181
1263 2835
2181 2227
1263 2372
2181 3113
797 1263
893 2181
1263 1360
1824 2181
1263 2291
2181 4291
1263 4647
2181 4214
1263 4867
2181 3760
1263 2641
2181 4715
1263 2083
2181 4881
25 1263
2181 2449
1263 1726
2181 2950
1263 4790
511 2181
1075 1263
2181 4429
1263 1440
2181 4889
202 1263
2181 3799
890 1263
2181 4372
1263 3408
2181 3030
1263 3037
2181 2753
1263 1551
2181 3943
1263 3193
975 2181
1014 1263
204 2181
1263 4171
1822 2181
134 1263
2181 2867
1263 4750
117 2181
1263 4831
2181 2925
1263 4883
2181 4203
745 1263
2181 4354
1263 3321
2181 4587
1263 4869
2181 4538
1263 4177
2181 4628
457 1263
2181 3762
1263 2789
1816 2181
1263 3031
2181 2632
138 1263
2181 4394
383 1263
2181 4623
1263 3089
2181 2334
1263 2289
2181 3087
1263 2325
1458 2181
1263 4755
2181 3095
400 1263
2181 2751
1263 1497
1526 2181
1263 1641
1132 2181
785 1263
2181 3273
1263 3352
1 2181
929 1263
2181 4495
155 1263
2181 3118
1263 3337
1092 2181
1263 3139
1911 2181
1263 2563
2181 3301
1263 1287
2181 2941
1263 4403
1640 2181
1263 3045
2181 2483
1263 4381
2181 3561
1263 2591
2181 2197
1263 1809
2181 3963
1263 4091
1829 2181
1263 2542
2181 3284
1263 3663
2181 4045
542 1263
2181 2519
1089 1263
2181 4146
1263 2452
2181 3157
1263 4779
2181 3608
1263 3537
2181 4853
1263 3863
2181 3036
1067 1263
215 2181
1263 3594
1981 2181
1042 1263
1527 2181
1263 1944
2181 4210
1263 4563
1701 2181
1263 4615
2181 3112
1263 4305
301 2181
1263 1996
723 2181
1263 4502
2090 2181
1263 4011
2181 2309
1263 4140
1114 2181
1263 3318
872 2181
1263 3283
1164 2181
1263 4571
1270 2181
1263 3363
2181 4933
1263 3559
2181 3693
1263 3328
2181 4445
658 1263
2181 3279
1263 4152
80 2181
921 1263
2181 3023
614 1263
2181 4185
1263 1558
114 2181
1263 2987
2164 2181
1263 3540
2181 4898
357 1263
743 2181
1263 1520
1895 2181
1263 1771
1574 2181
1263 4607
2181 4997
1263 2462
971 2181
1162 1263
2121 2181
1263 2362
209 2181
1263 2955
905 2181
767 1263
2181 3355
1263 4097
2181 4713
1263 2507
1275 2181
1263 4805
2181 4638
1263 4709
1619 2181
1263 3307
1369 2181
1263 2923
1052 2181
1263 4316
2181 2266
1263 1290
2181 4079
1263 4514
2181 2278
1018 1263
1992 2181
1263 1725
2181 2790
1263 2255
2181 3969
63 1263
2181 4370
1263 2112
2181 3700
525 1263
2181 3705
1263 3884
1656 2181
396 1263
2181 3102
1263 3320
2181 2984
1260 1263
436 2181
1263 3236
2181 2414
442 1263
1678 2181
1263 4141
2181 4209
678 1263
2181 3373
1263 2304
2181 2724
1263 2400
2181 4206
1263 3654
458 2181
362 1263
2181 3422
492 1263
1253 2181
1263 2865
2181 2814
1263 2910
2181 4053
339 1263
1966 2181
1263 2130
2181 2580
1263 4791
1548 2181
195 1263
2181 4738
1263 2957
2181 3207
1263 2100
2181 3651
1263 4163
2181 2450
1263 3250
2181 3476
1263 3059
1084 2181
1263 4155
430 2181
1263 2015
53 2181
1263 1632
2181 3463
1263 3181
465 2181
1263 3066
2181 3871
1263 2619
2181 4283
1263 3334
2181 2781
219 1263
2181 4196
1263 1940
2181 4358
1263 3783
1682 2181
1263 1630
2181 2898
1263 3486
631 2181
810 1263
2181 3539
1263 4736
986 2181
1263 2294
990 2181
1263 3517
888 2181
1263 2007
1870 2181
1263 2048
2181 3892
1263 4908
1560 2181
829 1263
139 2181
877 1263
2181 3501
1263 3261
2181 2645
641 1263
253 2181
649 1263
2181 2190
1263 3716
2181 2765
1263 4947
707 2181
1263 3597
2181 4356
1263 2312
2181 3075
1263 3883
2181 4810
1263 1980
2181 3366
1263 2726
2181 2206
1263 3267
2181 4300
1263 2598
1040 2181
1263 3512
2181 4820
1263 2070
1408 2181
1263 2784
2181 4430
1263 2108
987 2181
1263 2295
2181 4349
722 1263
2181 3471
1263 3415
2181 4365
1158 1263
2181 2296
1263 3001
2181 4930
1137 1263
2181 3746
1263 4639
2181 3257
1263 4786
2181 3487
1263 3315
2181 2945
257 1263
2181 3069
1263 4771
2181 3616
1263 2677
1443 2181
1263 3599
1073 2181
1263 2355
2181 3266
1263 1711
2181 3079
1263 4652
1952 2181
1263 1910
2181 4078
371 1263
2181 4876
1263 4522
2181 2703
1263 1590
2181 2271
1263 3589
2181 3032
1263 3789
1022 2181
1263 3170
2181 2777
1263 4060
721 2181
1263 3411
2181 2265
1263 1503
2181 2680
1263 3906
2181 3340
1263 3019
2181 3510
1263 4172
2181 2956
1176 1263
393 2181
1263 2766
270 2181
1263 2884
1416 2181
372 1263
2181 2856
1262 1263
2181 3977
1263 4333
2181 2658
1263 1330
2181 4951
1263 2270
733 2181
1263 1569
2091 2181
1263 4207
220 2181
1016 1263
2181 4578
1263 4692
2181 3873
1263 4567
2157 2181
71 1263
1259 2181
1116 1263
2181 3329
1263 2369
605 2181
991 1263
2179 2181
1157 1263
2181 2616
188 1263
2181 3895
1263 1546
39 2181
1263 2794
2181 3375
1263 4293
1878 2181
1263 3983
2181 3258
1263 4725
1181 2181
1263 1306
1152 2181
463 1263
2096 2181
1263 2608
547 2181
1263 2805
2181 4847
1263 3453
1740 2181
1167 1263
2181 4503
1263 3003
2181 4232
1192 1263
2181 3038
1263 4974
2181 4897
582 1263
858 2181
1215 1263
2181 2901
1263 3122
1186 2181
1263 1413
2181 4706
1263 2143
997 2181
1263 4734
2181 3550
1263 1999
2181 4855
1263 3845
1246 2181
1263 1585
794 2181
1263 2364
2181 3005
1263 1581
2181 2808
240 1263
1338 2181
1263 3050
1031 2181
1105 1263
2181 3860
1263 4823
1351 2181
1263 1924
1372 2181
1263 3447
2181 4339
1263 3430
2181 4778
1263 4359
2181 2502
1263 2154
2181 2351
1263 2850
2181 2338
1263 3432
2181 3671
1263 2021
2181 3527
1263 4440
586 2181
1263 1312
2181 3602
601 1263
1039 2181
1263 4348
2181 4044
1263 2678
2181 3896
1263 3912
2181 2869
1263 2280
2181 4905
1263 2666
2003 2181
1263 3456
2181 4168
820 1263
2181 3414
1263 3404
2181 3312
1263 4878
1328 2181
1263 3370
2181 2541
1263 3810
2181 4537
738 1263
843 2181
1023 1263
272 2181
1213 1263
2181 4527
1263 1756
795 2181
1263 4436
2181 2518
1263 2895
1285 2181
1263 3822
754 2181
862 1263
2181 4173
1263 3125
1660 2181
1263 1841
1514 2181
1263 4540
1225 2181
1263 2922
977 2181
688 1263
1397 2181
620 1263
2181 4449
1263 3105
2181 4659
1263 4673
965 2181
1263 2806
1452 2181
1263 3986
2181 4442
1263 4264
1504 2181
320 1263
354 2181
1263 4501
999 2181
580 1263
2181 4158
1263 2574
2181 4227
1263 4294
2181 4934
1263 3771
2029 2181
1263 3521
2181 4334
1201 1263
2040 2181
1263 2962
1521 2181
1263 3202
64 2181
1263 4174
2181 4894
1263 4433
2181 3341
1263 1446
1859 2181
1263 4562
2181 3680
98 1263
2181 3780
1263 2279
2181 3338
1263 2398
932 2181
1263 1976
112 2181
698 1263
2181 4751
1263 3580
1466 2181
1263 4971
2181 3413
1263 3349
166 2181
1263 2427
2181 4735
1263 2444
1917 2181
1263 1661
2181 3168
1263 3419
1311 2181
1263 1898
1347 2181
1263 1886
2181 3679
1263 3254
812 2181
1263 3025
326 2181
1263 2178
1502 2181
1263 1429
953 2181
1263 2549
2181 3356
866 1263
2181 4772
1263 2756
1938 2181
1263 1552
2181 2247
1263 4330
1392 2181
1045 1263
837 2181
1263 2004
2181 4520
1263 3020
1677 2181
994 1263
2181 4792
1263 3449
2181 3080
1087 1263
2181 4127
1263 1493
2181 4014
1203 1263
2181 4953
1263 1545
2181 2942
1263 2711
1777 2181
1094 1263
2181 2302
1263 4528
2098 2181
775 1263
2181 3216
1263 4431
2181 2183
1263 1834
2181 4250
1263 3543
749 2181
1263 4555
2181 3136
1263 4272
1180 2181
1263 3429
1832 2181
1263 2515
2181 2686
1263 1610
2181 3909
1263 1354
2181 4956
1263 2535
2181 3097
1263 4325
553 2181
1263 1868
2181 2836
1263 4969
1117 2181
1263 1375
1304 2181
1263 1912
2181 3874
1263 3472
2181 2552
1263 1432
2181 4154
1263 4654
517 2181
1263 1867
1607 2181
1263 1588
1184 2181
1263 4190
2181 3682
1263 3482
131 2181
497 1263
2148 2181
1263 3685
2175 2181
803 1263
911 2181
532 1263
546 2181
1263 3272
2181 2859
1263 3110
2181 2501
1252 1263
2181 4592
1263 2187
1553 2181
798 1263
2181 4477
1263 1296
319 2181
874 1263
715 2181
1263 2079
2181 4148
1263 3571
2181 2578
1263 4342
2181 2954
1263 4267
2181 4332
854 1263
1037 2181
544 1263
1308 2181
1263 2211
329 2181
145 1263
1189 2181
1263 3718
2181 4964
1263 3233
1953 2181
1263 2717
2181 2476
1263 1371
1926 2181
1263 3503
2181 3161
390 1263
2181 2556
1263 2605
819 2181
381 1263
2181 4787
1263 2575
227 2181
1263 4684
2181 3657
1263 2729
2181 3331
1263 2052
2005 2181
924 1263
891 2181
1263 3175
2181 3991
1263 3384
813 2181
1263 2025
1605 2181
1263 1646
2181 4257
1263 2863
2181 3673
1263 3502
2181 4357
289 1263
221 2181
1263 2743
1629 2181
1263 1373
271 2181
1263 3811
2181 4776
1159 1263
1781 2181
1263 2719
1127 2181
1263 1669
1807 2181
533 1263
2181 2793
1263 4235
1544 2181
1263 2936
2181 3980
736 1263
2181 3101
230 1263
2181 3835
13 1263
2181 4650
1263 3344
447 2181
1054 1263
2181 3015
1263 2675
2163 2181
1263 3424
2181 2472
1263 1480
1083 2181
1263 4799
1486 2181
1263 3400
1657 2181
474 1263
2181 4112
876 1263
2181 4830
323 1263
346 2181
1263 4677
2181 3040
578 1263
2181 3264
1263 4993
388 2181
750 1263
349 2181
1263 4191
1175 2181
1263 2778
2181 2491
341 1263
2032 2181
1263 3824
2181 4757
1263 2207
1543 2181
1263 2860
850 2181
1263 2911
2181 2510
40 1263
2181 3244
1263 3276
2181 4287
1263 3586
1622 2181
1263 3012
2181 2498
1263 2820
2181 4145
1263 2039
355 2181
1263 2731
2181 2567
1263 2559
543 2181
1263 3445
2181 3546
1217 1263
2181 4328
1263 4421
1593 2181
1263 2490
2181 4005
1060 1263
2181 2392
1263 3848
2181 4292
1263 4437
2181 4928
1263 2081
428 2181
1263 3662
2181 3197
184 1263
304 2181
1263 3578
2181 3468
1263 2788
2181 3645
1263 3388
2181 3613
998 1263
1844 2181
1263 3185
2181 2646
255 1263
2181 3945
1263 2555
2181 3725
1263 3522
2181 3941
1263 2218
345 2181
1263 2250
860 2181
1263 2722
2181 3314
1263 4769
2181 2385
1263 3342
2181 4841
827 1263
2181 2813
690 1263
2181 3073
1263 4630
1438 2181
883 1263
2181 2621
1263 3033
2181 3967
1263 3183
927 2181
864 1263
1363 2181
100 1263
2181 3372
1263 1474
2089 2181
1263 2530
2181 4189
210 1263
2181 2368
1263 2008
2181 3921
1263 4156
2181 3074
1263 1916
1617 2181
1263 1692
2181 2882
604 1263
2181 3534
1263 1288
1241 2181
1263 2001
2181 3427
1263 2953
944 2181
619 1263
2181 2571
1263 2974
377 2181
1263 3816
1439 2181
1263 3055
1667 2181
1263 4927
2140 2181
1263 1881
2181 2467
1263 1600
2181 2532
1263 2435
1379 2181
1263 4470
1974 2181
1263 3996
2122 2181
1263 4379
2181 3993
1263 2458
2072 2181
634 1263
1982 2181
1085 1263
2181 2487
937 1263
1171 2181
389 1263
2181 2932
1263 4525
2181 4568
351 1263
1793 2181
1263 1737
2181 2456
1263 3182
1068 2181
1247 1263
456 2181
1263 4246
2181 4138
1263 2017
2181 4275
1263 4460
2181 2662
1263 4490
356 2181
157 1263
1899 2181
1263 4116
2181 4611
628 1263
2181 4633
1263 1888
2181 3262
330 1263
916 2181
1263 4308
241 2181
1263 3669
2181 4114
1263 3795
1367 2181
1263 1797
2181 4193
1263 2065
1865 2181
691 1263
2181 4248
1263 1975
1049 2181
1263 2963
2051 2181
1263 3490
2181 2313
1263 4541
772 2181
1263 4134
1470 2181
501 1263
811 2181
1263 1957
2181 4811
1263 2376
1833 2181
1263 1759
2181 4450
1263 4009
2181 2638
1263 3002
847 2181
1007 1263
2181 4036
1263 2653
1935 2181
947 1263
1741 2181
1263 2069
2181 2370
1263 4213
2181 4425
1263 2611
2144 2181
1263 2457
610 2181
1263 2478
422 2181
1263 2475
1925 2181
1108 1263
516 2181
1263 4513
2181 4385
1263 1572
2181 3243
1263 2992
1499 2181
1263 3596
2181 3658
1263 2539
2181 3730
1263 2651
299 2181
1263 3448
2181 2353
1263 1449
2181 4132
1263 2577
696 2181
1263 1846
2106 2181
1263 2084
1729 2181
1263 2905
2181 3302
1150 1263
2181 2880
1263 4058
2181 2348
1263 4459
1384 2181
951 1263
2181 3191
1263 3078
91 2181
524 1263
2181 4418
1263 4157
2181 4184
1263 4181
2181 3418
1263 2667
2181 3853
1263 4095
18 2181
1263 4606
654 2181
1263 4296
199 2181
1263 2139
2181 2347
617 1263
1671 2181
1263 4667
2174 2181
1263 2665
2181 4967
1263 2243
1642 2181
1263 2570
484 2181
1263 4875
2181 4941
1263 3635
2181 3689
1263 1309
2181 4382
1263 2815
1796 2181
203 1263
1325 2181
1263 2771
2181 2783
1222 1263
2181 4944
1263 1621
2181 2894
1263 3077
2181 2217
1263 1537
592 2181
1263 1455
2181 3891
404 1263
2181 3957
1263 3070
2181 3043
72 1263
2181 3450
1263 3764
2181 2560
1263 2966
1100 2181
1263 1468
2181 2852
1263 2473
836 2181
1263 2118
2181 3686
1263 1298
2181 4557
1110 1263
2181 3752
1263 1333
493 2181
899 1263
1261 2181
1263 3882
1485 2181
1263 4225
1598 2181
1263 3360
2181 4166
1263 3774
1029 2181
348 1263
2107 2181
832 1263
1069 2181
764 1263
2181 4360
806 1263
577 2181
398 1263
171 2181
1263 1984
2181 2891
1263 2916
1612 2181
1263 3548
2181 2855
712 1263
2181 3222
1263 2839
1705 2181
1263 2657
392 2181
1263 3664
2181 3907
1263 4670
2181 3086
1263 1885
822 2181
1263 4516
2181 2373
1263 4942
2181 2253
1263 1892
2181 2488
993 1263
2181 4870
1263 1732
638 2181
561 1263
1931 2181
857 1263
2181 3513
1263 3412
2181 2688
1263 1751
2181 2340
1095 1263
2181 3665
1263 3178
302 2181
1263 4624
2181 4064
1263 1399
1743 2181
1263 3064
2181 3773
697 1263
19 2181
263 1263
560 2181
1263 4128
2181 3711
1263 3164
626 2181
1263 3528
2181 3348
1263 3655
1199 2181
885 1263
38 2181
384 1263
2181 2725
1263 3687
978 2181
1263 1346
2181 3934
1263 2260
2181 4375
1263 1396
1310 2181
1263 4165
2181 4143
1263 3628
1650 2181
41 1263
1178 2181
1263 4714
2181 4660
194 1263
16 2181
1263 3194
2181 4086
660 1263
871 2181
35 1263
2181 2716
1263 2248
705 2181
1020 1263
1927 2181
317 1263
763 2181
1263 4367
1848 2181
1263 3568
342 2181
1263 1948
513 2181
1263 4420
2181 4074
1263 2776
2181 4335
1263 1391
1382 2181
1263 1273
677 2181
1263 4655
744 2181
1263 4839
2181 2310
1263 3478
1747 2181
1263 2800
466 2181
1263 3610
499 2181
680 1263
2181 3800
222 1263
1143 2181
1263 3549
1010 2181
1263 2551
2181 4131
461 1263
2181 3592
1263 2694
765 2181
1263 2634
2181 3058
1263 3268
2181 3433
70 1263
2181 3577
446 1263
1517 2181
1263 4105
2181 3794
1263 2967
309 2181
1263 4576
2181 4144
1263 2244
2181 2592
1063 1263
2181 4052
1263 2431
2101 2181
894 1263
2181 2186
1263 4866
1447 2181
1263 2434
2181 2893
1263 3933
2133 2181
251 1263
2181 2433
1263 2365
20 2181
359 1263
1356 2181
1263 1450
2181 3132
260 1263
2181 2557
1263 4353
2181 4642
1011 1263
2181 2972
1263 4552
2181 2388
1263 3650
2181 4051
1263 3393
2181 2704
1263 4728
1374 2181
1263 2486
467 2181
1263 2009
148 2181
1263 4103
1673 2181
1263 4907
2181 4970
234 1263
331 2181
782 1263
2181 4656
1263 2684
2181 2702
1263 4373
1538 2181
287 1263
1291 2181
1263 2412
2181 3601
306 1263
2181 3397
1263 4646
2181 3542
32 1263
2181 3920
451 1263
2181 4320
1263 4093
2181 2237
1263 1920
599 2181
514 1263
432 2181
1263 2416
487 2181
1263 4040
2181 4124
1263 1366
2181 3519
1263 4219
2181 4574
1263 2625
887 2181
1263 3277
692 2181
1263 1818
1032 2181
1263 4696
758 2181
216 1263
2181 3558
1263 4943
2181 2230
1263 2306
261 2181
1263 1921
2181 4492
46 1263
2181 4922
1263 4801
2181 3585
1263 2585
2181 4768
1263 3047
2181 3200
1263 2216
2181 3796
1263 1659
2181 3098
1263 3621
2181 3141
1263 3379
205 2181
1263 2371
2181 3099
1263 1769
2181 3466
1263 2546
1535 2181
861 1263
2181 3420
1263 3147
2181 4998
1263 4072
2181 4982
21 1263
2181 3769
1263 1709
2181 2818
55 1263
1958 2181
1263 3838
1973 2181
1263 1648
2181 4680
1263 2469
1597 2181
1263 2349
2181 3481
1263 4802
668 2181
1263 4476
942 2181
1263 3911
74 2181
374 1263
2181 4414
1263 3459
2181 4386
1263 4487
57 2181
1263 1820
2020 2181
338 1263
2181 4378
1263 2277
382 2181
1263 4521
2181 3649
1263 2377
2181 4278
1263 4324
2181 3298
1263 4978
2181 4500
1263 4862
717 2181
1263 2533
2180 2181
1263 3255
2181 4424
179 1263
2181 2321
1263 3728
1997 2181
1006 1263
2181 4406
1263 3498
2181 2620
1263 3866
1955 2181
1263 3526
2181 3731
1263 3922
2181 2649
1263 3505
1745 2181
1263 1266
2181 3719
1126 1263
2181 3405
353 1263
2181 4742
1263 1908
2181 4999
1263 4697
642 2181
1263 2124
2181 2946
1263 4286
1198 2181
1263 3935
2181 4523
1263 4121
818 2181
1263 2428
2181 3544
1263 1353
2041 2181
1263 1706
711 2181
1263 1757
2181 4485
1165 1263
1149 2181
1263 2971
730 2181
1263 3925
2181 2332
1263 4850
2181 3475
1263 1302
360 2181
1263 2627
2181 2579
1065 1263
2181 2981
136 1263
60 2181
1263 1871
2181 3228
1263 4347
1531 2181
564 1263
1313 2181
1263 4920
2181 4389
1263 2775
1099 2181
1263 2147
113 2181
486 1263
2181 4983
1263 1516
851 2181
591 1263
2181 2821
1263 1534
1696 2181
1179 1263
2181 3174
1263 1702
1746 2181
1263 4407
1578 2181
1263 4761
2181 4306
180 1263
800 2181
1263 4398
2181 2224
752 1263
5 2181
1263 2381
2181 2261
1263 3008
2181 4170
1263 3972
2034 2181
1263 2763
2181 4940
367 1263
65 2181
1263 3462
2181 3438
1263 2524
1758 2181
1263 4597
2181 3504
1263 2420
127 2181
1263 3135
2181 3439
1263 2749
2181 4861
1236 1263
2181 4303
1263 1679
2181 4834
1263 2562
77 2181
1263 2845
1153 2181
1263 2387
1038 2181
1263 3274
2181 3684
1263 4665
695 2181
1263 4290
2181 3927
1263 4047
1998 2181
1263 4793
2181 4374
718 1263
2159 2181
1263 2044
2181 2354
1263 4840
2181 3772
1263 1536
681 2181
1263 2872
2181 4446
1263 4312
2181 3876
663 1263
2181 4230
190 1263
2181 3763
1263 4547
2181 4702
1263 4800
549 2181
1263 2798
2181 2964
1263 4653
2181 3695
1091 1263
2181 3399
54 1263
2181 3204
918 1263
635 2181
1263 2142
1823 2181
1263 4223
2181 4888
1263 4216
2181 3573
1263 1564
2181 4817
494 1263
1104 2181
826 1263
740 2181
1263 2393
2181 3834
1263 2292
2181 2996
1034 1263
2181 2857
1263 3862
1332 2181
343 1263
2181 2825
116 1263
452 2181
1263 1717
1876 2181
1263 2596
2181 3964
1122 1263
2181 3128
1074 1263
370 2181
1263 2128
2181 4409
1263 3406
1986 2181
662 1263
2181 3111
1263 3525
2181 4369
600 1263
2181 4952
1263 2624
2181 2403
1263 1766
2181 3714
365 1263
648 2181
1263 1688
2181 4821
1263 2892
1361 2181
105 1263
627 2181
1263 2796
1078 2181
1263 3336
685 2181
1263 2878
2181 2647
1263 2864
2126 2181
1263 4387
2181 4827
363 1263
2181 3367
1263 4627
2181 4825
776 1263
2181 4737
1263 4299
799 2181
1263 2194
2181 4544
247 1263
2058 2181
1263 3061
602 2181
1263 2324
2030 2181
1263 2409
1483 2181
1231 1263
1675 2181
625 1263
2181 2834
923 1263
2181 2927
1227 1263
2181 2262
1263 4388
2181 3063
1263 2111
1614 2181
1263 2454
2181 4309
1263 2529
2181 2602
1263 4493
2181 4438
1263 4271
2181 2437
129 1263
2181 3133
1185 1263
182 2181
1263 3583
2181 3928
1263 3310
2181 4039
1263 3703
2181 3492
1263 3638
2151 2181
1263 4836
2181 4560
1263 2264
2181 2391
1263 4617
637 2181
1263 4973
126 2181
1237 1263
2181 2380
1263 4435
1478 2181
1263 4405
1914 2181
1263 1814
2181 4153
633 1263
110 2181
1263 2737
548 2181
1263 3290
1869 2181
310 1263
2181 2639
1263 3626
1941 2181
141 1263
2181 4208
1263 4593
2181 3339
881 1263
2181 4075
1263 3959
867 2181
1263 1665
1327 2181
1263 1271
2181 2305
1263 3754
2181 3995
231 1263
643 2181
1263 2715
1090 2181
1263 1402
1070 2181
1263 1409
2181 2419
1263 4125
2181 4031
1001 1263
2181 3897
1263 4101
2181 3761
748 1263
1528 2181
1263 2172
1240 2181
1263 3831
2181 3401
1263 2727
892 2181
1263 4415
2181 2750
1263 2698
1589 2181
1263 4126
1473 2181
952 1263
2181 3083
1263 3242
2181 4678
1263 2644
1430 2181
755 1263
2181 2273
1263 3532
2181 2786
661 1263
2181 3798
1263 2221
350 2181
142 1263
522 2181
1096 1263
2181 4798
970 1263
913 2181
1263 2707
2181 4099
1263 2320
1686 2181
793 1263
2181 4133
1263 3013
1111 2181
1263 3057
1093 2181
1263 3006
2181 2991
1263 2045
919 2181
1263 3720
2181 2975
1263 3748
2181 2514
1263 2050
1337 2181
878 1263
1929 2181
87 1263
2181 3159
1026 1263
1855 2181
552 1263
479 2181
1263 2425
2181 4957
1263 4903
2181 4160
835 1263
2181 3653
1263 3614
2129 2181
1061 1263
2181 3021
1263 4063
2181 2758
1263 1687
1525 2181
1263 3692
1827 2181
1263 3647
2181 3581
1263 4180
2181 4885
1263 2914
2181 2928
842 1263
2181 2757
1263 2063
531 2181
1263 1317
2181 3440
1263 1475
2181 3499
598 1263
1541 2181
1263 3855
2181 4765
1263 1676
903 2181
1263 3325
2181 2307
1263 2527
1909 2181
344 1263
671 2181
1263 3493
2181 2239
1263 2012
2181 2718
1263 2543
2074 2181
1193 1263
1131 2181
896 1263
1638 2181
1263 4976
2181 2346
1263 4465
2181 4785
1263 2405
2181 2394
1263 4164
889 2181
719 1263
2181 4245
1263 3129
855 2181
1263 3186
2181 3212
1263 1695
401 2181
1263 1748
2181 2189
1263 3707
2181 3049
1263 3094
2181 2873
1263 2848
2181 3893
1263 4583
169 2181
1263 4463
739 2181
1013 1263
2181 2741
1263 1344
2181 4753
1263 4819
2181 4279
45 1263
2181 4781
1263 4147
828 2181
1076 1263
852 2181
1263 1445
2181 2909
1263 4591
955 2181
1263 1767
2181 2876
292 1263
1845 2181
462 1263
2109 2181
1263 4580
2019 2181
1263 1318
2181 3205
1263 2000
746 2181
1263 4582
875 2181
1263 2287
2181 4531
1263 2506
1348 2181
1263 1791
2181 3436
1263 4833
2181 2695
1263 1840
630 2181
1263 3332
814 2181
1263 4683
170 2181
1263 4050
31 2181
1263 2933
1582 2181
1263 2812
2181 4758
1263 2499
2181 4809
1263 4780
2181 3051
1263 1812
1256 2181
1263 1444
2181 4062
1263 3390
2181 2568
830 1263
1716 2181
1263 1359
191 2181
1263 3932
2181 4221
1263 1315
2181 2548
1263 3018
1689 2181
1263 3880
2181 4263
99 1263
2181 4716
1263 3541
2181 3214
1263 4243
2181 2200
1263 1645
322 2181
1263 2113
2181 3184
1263 4411
2181 3699
1263 3960
2181 3239
1263 4608
2181 3575
1263 3787
1522 2181
1263 4700
2181 2690
1263 2566
2181 4204
1263 3615
594 2181
1263 3335
2181 2184
1263 2331
2181 2734
1263 2673
1722 2181
1129 1263
2014 2181
1263 1949
2181 3158
1263 4594
558 2181
1263 4663
945 2181
686 1263
574 2181
849 1263
1861 2181
1263 4363
1212 2181
415 1263
2181 3187
1053 1263
2181 3631
1263 4346
168 2181
1263 3316
2181 3270
1263 1719
2181 4030
1263 4298
2086 2181
1263 1576
2181 3574
1263 3496
2181 2973
1263 2461
2181 3196
1263 2809
2181 2333
1263 3944
2181 2735
670 1263
943 2181
1263 2318
2181 3999
464 1263
2181 4651
1263 2714
2181 2263
848 1263
2181 4904
1263 4812
645 2181
1210 1263
2181 3134
1243 1263
2181 4505
1263 2188
2181 2314
17 1263
1603 2181
1263 2983
1595 2181
1263 4034
2181 4744
477 1263
2181 4461
519 1263
2181 4028
1263 2150
2181 3364
1263 2018
1300 2181
1263 2838
2181 4473
1263 3309
2181 2803
1263 2512
198 2181
1263 4194
2181 3227
1263 2240
1098 2181
1263 2615
1860 2181
1263 3240
311 2181
366 1263
2181 3859
1263 3979
1293 2181
1263 4829
2181 3916
75 1263
1664 2181
1263 4963
2181 4419
500 1263
2181 2356
1263 4507
2181 4671
1263 1644
1512 2181
1263 2495
226 2181
1263 1670
2181 4729
1263 3093
1842 2181
1263 1431
2181 4635
1263 1681
2181 4408
1263 2232
2181 4265
1263 3300
2181 3489
786 1263
2181 4498
1058 1263
2181 3598
1263 4434
2181 2721
1263 3491
1893 2181
1263 2335
2181 4167
741 1263
2068 2181
1263 1890
2181 4025
1263 2610
254 2181
1263 3027
224 2181
1263 3990
2181 2594
1263 4858
1370 2181
1263 2016
1334 2181
1263 3017
2181 4489
1263 3385
983 2181
1263 4832
2181 3867
1263 2887
1324 2181
530 1263
1088 2181
1263 2980
2181 3566
1263 3382
1961 2181
1263 1453
2181 4992
1263 3494
2181 3569
1263 3000
2181 3467
1263 4923
237 2181
1263 2219
300 2181
1263 2339
2181 3815
1191 1263
2181 3887
1263 2071
2181 3808
1263 2819
2092 2181
1263 3812
2181 4722
1263 1412
2181 4118
1263 2203
2181 4988
1263 1587
42 2181
1263 4107
2181 4573
689 1263
2114 2181
1263 1802
2054 2181
1263 1795
2181 4392
1263 3054
569 2181
606 1263
1441 2181
1263 4895
2181 2607
187 1263
2181 4338
1263 2924
2181 3076
450 1263
804 2181
1263 2177
2181 3565
1263 4906
468 2181
1263 3938
1388 2181
1263 2315
1119 2181
1263 1977
796 2181
1263 4255
2181 4008
115 1263
2181 3926
1000 1263
385 2181
1055 1263
1286 2181
1263 3879
2181 4269
280 1263
1414 2181
1263 1400
2181 4130
1263 4739
724 2181
950 1263
2181 2386
1263 4402
2181 3071
1263 2115
2181 4102
1263 2397
1079 2181
1134 1263
2181 2792
774 1263
618 2181
958 1263
2181 4254
1263 1994
1879 2181
761 1263
2181 3248
540 1263
1221 2181
1263 4251
2181 2441
1263 3809
2181 3428
1263 3425
133 2181
1263 2861
1248 2181
1263 4880
135 2181
1144 1263
1072 2181
1263 2807
2181 4509
1263 4640
2181 2943
1263 4626
1476 2181
1263 2661
2181 2748
1263 3915
2181 2451
1263 1939
2181 3391
1263 1524
1708 2181
1263 3870
2181 4884
1263 2573
2181 3623
1263 1799
2181 4106
1263 4603
995 2181
1263 3987
2181 2968
788 1263
2181 3180
1263 1386
831 2181
1263 3722
2181 2497
79 1263
2181 2663
1263 3530
2181 3091
1263 3022
523 2181
1263 1601
2181 3117
1263 3670
1277 2181
1263 3827
2181 2948
250 1263
2181 4614
1263 1983
200 2181
58 1263
710 2181
1263 1825
1971 2181
1263 3591
2042 2181
1263 1930
2181 4868
1263 2564
1579 2181
1263 4422
2181 3547
508 1263
1727 2181
507 1263
2181 2268
391 1263
232 2181
1263 4718
709 2181
1263 2588
1583 2181
1263 2534
647 2181
1263 3556
980 2181
214 1263
2181 4110
1263 3738
2181 3936
1263 1655
2181 3782
1263 3305
2181 4301
1263 4950
2181 4355
1263 2723
1008 2181
1263 4313
1928 2181
1263 4815
512 2181
1263 2840
1245 2181
246 1263
2181 3777
1263 4694
125 2181
1263 3201
1182 2181
1154 1263
1611 2181
1263 2228
2181 2276
1263 2522
1295 2181
1263 1789
2181 4249
1263 4288
2181 4939
1263 4496
2181 2885
1263 3392
2181 4108
1263 2477
2181 3028
1263 4733
2181 2544
766 1263
2181 4921
1263 4280
1035 2181
1263 2192
2181 4595
1263 1784
34 2181
1263 2374
2181 4377
1263 4893
816 2181
1263 1880
510 2181
1263 2828
1843 2181
313 1263
1500 2181
1263 1457
503 2181
595 1263
119 2181
1036 1263
669 2181
1263 3229
2181 3470
1263 1831
2181 2293
249 1263
2181 4536
1263 3701
167 2181
666 1263
2181 4534
267 1263
2181 4317
1263 2225
2181 3304
1263 2738
2181 4863
1263 3584
1772 2181
76 1263
2181 2284
1263 1316
2181 3052
93 1263
244 2181
1146 1263
2181 4856
1263 3280
1292 2181
1263 1969
2181 4261
1263 4994
439 2181
481 1263
2181 2672
433 1263
1970 2181
1263 1863
2181 3281
1263 1467
2181 4691
664 1263
2181 4887
1263 3617
1234 2181
1263 2438
2181 3900
213 1263
2181 4759
1263 2829
2181 2970
1263 4962
1987 2181
1112 1263
2181 3190
674 1263
2181 3533
1263 3109
2181 2847
1263 3563
2181 4632
1263 3739
1380 2181
1263 4307
2181 3940
1263 4035
2181 3758
1263 3072
2181 2589
1263 3742
2181 3885
1263 2528
2181 2586
821 1263
737 2181
1263 1750
2088 2181
1263 3213
2181 4237
1263 2630
236 2181
1263 2119
1406 2181
1263 3788
2181 3442
925 1263
245 2181
211 1263
181 2181
1263 3369
1765 2181
996 1263
2181 4588
1263 1550
1043 2181
152 1263
2181 2636
1263 3029
2181 3715
1263 1804
2181 3394
489 1263
2181 3903
1263 3735
2181 3642
1263 4995
1436 2181
1263 3209
2181 3053
1263 2359
2181 4098
1263 3820
104 2181
1263 4682
2181 4909
1263 2212
935 2181
1263 2747
2181 3975
1097 1263
2181 2642
956 1263
2181 3713
1263 1803
2181 4002
1263 4027
308 2181
1263 2395
2181 4935
1263 1978
448 2181
1263 3195
2181 4100
1263 2600
495 2181
1263 1838
2181 4015
1263 2104
1615 2181
1263 1937
2181 3696
1263 2904
2181 4672
1263 2631
778 2181
1263 4542
2181 3607
1263 3832
96 2181
1263 1404
2181 3220
1263 4024
1662 2181
144 1263
2181 4469
1263 3286
2181 2660
22 1263
2181 4268
1263 4807
2181 4986
1263 3116
2181 3160
521 1263
2181 4569
1263 4773
411 2181
1230 1263
2181 4760
1263 4285
2181 3389
1263 1626
2181 2866
1263 4577
2181 4483
340 1263
960 2181
1263 4244
2181 2742
1263 1484
1788 2181
1263 4350
2181 3865
879 1263
759 2181
1224 1263
2181 3127
1263 2382
485 2181
1028 1263
2181 4376
1263 1889
2181 4826
1263 2258
2181 3708
1263 1570
2181 3942
1263 2401
2181 4871
964 1263
61 2181
1263 3914
2181 4788
1263 3206
2181 3362
333 1263
2181 4159
1263 1962
2181 3910
1263 4136
1496 2181
1263 2736
545 2181
629 1263
2181 2545
1263 3359
174 2181
1263 1715
2181 4228
651 1263
2181 4297
1009 1263
2181 2418
1263 4892
1798 2181
1263 4643
2181 3759
1263 1954
2181 4423
1263 1668
1826 2181
1263 2073
2181 4701
1263 2935
1205 2181
1263 1979
2181 3377
1263 4491
751 2181
1263 2474
1813 2181
541 1263
1575 2181
1263 2699
397 2181
948 1263
1086 2181
1263 1518
2181 2408
1263 4139
2181 3198
1263 2961
2181 4566
1263 4669
2181 2920
1263 4559
2181 3403
1263 4089
429 2181
29 1263
1637 2181
1263 1919
2181 4323
1263 2191
2181 2286
1263 2770
2181 4083
1059 1263
769 2181
1263 3676
2056 2181
1263 2193
2077 2181
1263 2028
868 2181
1263 2396
2181 2366
1263 4026
2181 2896
1263 3152
789 2181
1263 3854
2181 4380
1263 2102
2181 2526
1194 1263
1513 2181
959 1263
1168 2181
1263 3612
1207 2181
1263 2152
1547 2181
1263 2623
1882 2181
665 1263
2181 4901
1263 4238
961 2181
1263 4693
897 2181
1263 2429
321 2181
1263 4345
2181 3444
657 1263
2181 4454
1263 3674
2181 3443
1263 3173
2181 4681
1263 3840
2181 3446
1263 1606
470 2181
1263 4224
1118 2181
1263 2297
2181 4938
1263 1817
2181 3804
1263 2772
1856 2181
1263 4774
2181 3898
296 1263
2110 2181
1263 2485
2181 3269
844 1263
2181 2668
1064 1263
2181 3843
1263 2888
286 2181
957 1263
1770 2181
1263 2038
1041 2181
460 1263
2181 4239
869 1263
2181 2760
1263 1488
2181 3675
1263 3253
1749 2181
1263 2195
2181 4543
898 1263
2181 4844
78 1263
1390 2181
268 1263
735 2181
583 1263
2181 2681
1263 2465
2181 2732
1263 2363
2181 4391
1263 3048
183 2181
1263 4987
2181 3733
1263 1901
1960 2181
1263 4917
1922 2181
1263 4284
1698 2181
1263 3208
2181 4055
1263 4919
554 2181
1263 4077
1228 2181
1263 1307
2181 4456
1263 3378
1674 2181
1263 3737
2181 3166
1263 4273
2181 3683
1263 4727
1121 2181
587 1263
1907 2181
1263 2538
2181 4620
1263 1279
1903 2181
1263 3474
444 2181
1263 2990
1852 2181
1263 4329
2181 3770
1263 1566
2181 3354
1263 3552
623 2181
650 1263
2181 2410
1263 2640
2181 4198
1263 2582
2181 3088
1229 1263
498 2181
242 1263
2181 2322
1263 2360
2181 4747
1263 1905
2181 3252
1263 3225
2181 4464
1263 3437
52 2181
109 1263
33 2181
208 1263
88 2181
1263 3668
2181 2182
491 1263
725 2181
873 1263
1631 2181
1263 3247
2155 2181
1263 4548
2181 3485
1263 2383
2181 4315
1263 4763
2181 2300
1263 1340
2181 2597
50 1263
882 2181
23 1263
1995 2181
159 1263
449 2181
1263 4754
2181 3913
1263 2918
1815 2181
1263 3039
2181 3288
1263 4931
1625 2181
186 1263
2181 2617
1263 2999
575 2181
1263 3630
2181 3042
1263 4752
687 2181
1263 4743
1173 2181
1263 1532
1183 2181
1263 1866
1301 2181
1263 1394
2181 4361
1030 1263
2181 2816
1263 2590
2181 4032
1263 4258
1135 2181
1263 2463
2181 4828
1263 1420
2059 2181
1263 1556
1533 2181
567 1263
1004 2181
1263 3985
1487 2181
536 1263
2181 4698
1263 4192
334 2181
1263 3781
2125 2181
1263 3084
2181 3506
1263 2201
930 2181
1263 1456
2181 2448
1263 3271
2181 4341
834 1263
2181 4241
1263 3593
2181 4794
1204 1263
2181 2584
1263 3488
1636 2181
1263 2874
2181 4400
419 1263
2181 2804
1263 2509
2181 4428
915 1263
2181 3567
1263 2921
1196 2181
1263 4234
505 2181
1263 2274
163 2181
1263 4756
2181 3971
1263 3744
2053 2181
1263 3524
570 2181
1263 3296
2181 4581
1263 2453
2181 4448
1263 4321
1680 2181
1263 4472
1710 2181
613 1263
2181 2231
1263 4710
2181 2799
537 1263
2181 3801
85 1263
2181 3817
731 1263
2061 2181
1263 2166
2181 4631
1263 2209
2181 3557
1263 2779
551 2181
941 1263
2181 2290
175 1263
684 2181
291 1263
2181 4253
1263 2842
2137 2181
1263 1539
2181 2235
192 1263
2181 4724
6 1263
1685 2181
801 1263
2027 2181
1263 2330
2181 2479
1263 1320
1417 2181
1263 2132
2181 3956
1263 3939
2181 4644
1263 3961
2181 4073
1263 4914
1147 2181
1263 2713
2181 3231
1263 4530
1523 2181
1263 4658
2181 2831
1263 2693
2181 2440
1263 3681
2181 3894
1263 2319
1628 2181
1263 4958
2181 3014
653 1263
762 2181
846 1263
2181 4989
1263 2062
1113 2181
1263 2939
2181 3954
1263 3745
2181 4115
1187 1263
2181 3221
1200 1263
742 2181
1263 3082
2181 3516
1263 2830
2181 3311
784 1263
1188 2181
1263 2342
2181 3633
1263 1377
2181 4731
1263 4176
1653 2181
1263 4049
233 2181
488 1263
1821 2181
906 1263
2138 2181
1263 1649
2181 4859
1263 4395
2181 4046
1263 4071
2181 4848
1255 1263
1398 2181
158 1263
902 2181
1263 3011
2181 3238
506 1263
2181 4690
44 1263
2181 2345
1263 4575
26 2181
1263 1425
1342 2181
1263 1362
2181 4344
1263 3479
2181 2525
1263 4397
2181 3666
1263 1620
702 2181
1263 1479
2181 4645
1263 2740
2181 4649
1195 1263
1492 2181
1263 3632
1915 2181
1263 4965
2181 3251
1263 2013
2181 2222
297 1263
1900 2181
1263 3646
2181 2689
1263 3779
1707 2181
1263 2761
123 2181
47 1263
757 2181
596 1263
2181 4343
128 1263
2181 3791
1263 4289
2181 2583
1263 4205
1618 2181
1263 1663
2181 2903
1263 1723
2181 4200
1263 3108
2181 4122
1263 4912
2181 2919
1263 2504
2181 2633
1263 1343
2181 3477
1263 4404
2181 3706
1263 4366
2136 2181
1263 3131
2181 3973
1263 3130
703 2181
1263 4657
2181 4766
1263 2022
1565 2181
781 1263
2181 4427
1263 2989
1902 2181
1263 4843
841 2181
1024 1263
2181 3294
1263 2652
1407 2181
1263 3176
2181 4277
1263 4966
361 2181
1263 4182
2181 3156
1263 2375
2181 3507
787 1263
2181 3644
1263 3263
2181 2443
1263 3343
95 2181
1263 4586
1599 2181
1263 2500
938 2181
1166 1263
2181 4471
1263 2285
936 2181
1263 4169
2181 4814
1263 3988
792 2181
1263 1387
441 2181
24 1263
1115 2181
1263 4217
593 2181
1263 4546
2181 3120
815 1263
2181 2480
1263 4076
973 2181
106 1263
2181 4226
1263 4619
1932 2181
1263 4699
2181 3167
59 1263
1847 2181
1163 1263
2181 2430
1263 2168
2181 3151
1263 1854
2181 2841
1263 3171
1423 2181
1263 2648
2181 3177
1263 2824
2181 3902
1263 3299
2181 4955
895 1263
431 2181
676 1263
416 2181
284 1263
2181 3842
1263 3878
667 2181
1263 2413
2181 3955
1263 2595
981 2181
1263 4981
1608 2181
1263 3825
161 2181
1263 4412
1776 2181
1263 2141
2181 2846
1263 3480
2181 3529
1263 2785
132 2181
212 1263
2181 2837
1263 3387
1033 2181
1263 2976
884 2181
1263 3104
288 2181
1263 1651
189 2181
1142 1263
1956 2181
579 1263
2181 3234
1263 3965
2181 3123
1263 2561
285 2181
1263 3416
2181 3103
1263 3994
856 2181
1263 2171
1232 2181
1263 2817
2181 3767
1077 1263
2181 3106
1263 3962
1106 2181
1263 4478
248 2181
1263 2701
471 2181
1263 3582
1336 2181
1263 2993
2181 2245
298 1263
1810 2181
1263 3600
1923 2181
1263 1335
2181 4218
1263 2037
472 2181
1263 1491
2181 4082
1263 4795
2117 2181
89 1263
1828 2181
1263 2951
2181 4685
615 1263
2181 4368
1263 3142
2181 4960
1263 1482
2181 3259
475 1263
2181 4860
1263 1658
1141 2181
1263 4533
504 2181
1263 1511
2181 3721
1263 1785
2181 2844
1263 4749
2181 4929
1263 1830
770 2181
1263 2801
2181 3579
1263 4113
2181 4949
1263 2223
2181 2537
1263 3085
1268 2181
328 1263
2181 4936
1263 4202
266 2181
1226 1263
2181 2357
1263 2460
2181 4864
314 1263
2181 3807
1263 2116
2181 3917
409 1263
1258 2181
264 1263
2181 2511
1263 2060
974 2181
639 1263
2181 2822
726 1263
2181 2912
1263 4080
1509 2181
1263 1782
1602 2181
1263 1965
1849 2181
1263 3786
2181 4480
1263 2746
1835 2181
1263 3603
566 2181
1263 3619
369 2181
1263 2547
408 2181
611 1263
2181 2659
1263 3641
2181 3203
1263 3775
1102 2181
1263 2875
1048 2181
1263 4318
153 2181
207 1263
2181 3146
1263 2411
2181 3869
1263 1567
2181 4019
1263 3179
2181 4393
265 1263
1257 2181
1263 3639
2181 4689
1263 1319
2181 2210
1263 2035
2181 4719
1263 3604
2181 2241
425 1263
2181 2442
1263 3081
555 2181
277 1263
2181 2513
1263 4504
2181 2720
1263 4510
1220 2181
1263 1381
1779 2181
1263 4186
1762 2181
1263 4067
2181 3386
1263 1864
1138 2181
979 1263
2181 3872
1263 4467
1801 2181
1263 4545
11 2181
1021 1263
2181 2643
1263 3441
2181 2851
1263 2316
1624 2181
1263 1515
2181 4006
1263 1410
1891 2181
597 1263
1490 2181
729 1263
962 2181
1263 2536
2181 3092
1263 4551
426 2181
1263 3830
2181 4256
1263 1967
225 2181
1263 1329
779 2181
1263 4948
1274 2181
418 1263
824 2181
1017 1263
2181 3937
1263 3778
584 2181
69 1263
2181 4352
1263 3143
1652 2181
1263 4664
2181 4816
1263 2455
2181 2877
1263 4604
2181 4003
379 1263
2181 2900
1263 1691
706 2181
1263 4041
2181 3702
720 1263
1990 2181
1263 1540
1873 2181
1263 4188
2181 3818
1263 4854
1155 2181
1263 2988
2181 4088
1263 2484
2181 3918
376 1263
262 2181
1263 3026
2181 3640
173 1263
2181 4117
459 1263
2181 4085
421 1263
853 2181
1263 3380
2181 4610
193 1263
2181 4231
1263 1647
2181 2947
901 1263
2181 2505
1161 1263
2181 4549
1263 2601
2181 2628
1263 3210
2181 4018
1263 2676
609 2181
1263 3154
1972 2181
1263 2407
2181 3452
1263 2581
2181 4977
1263 1918
1720 2181
1263 3323
2181 2288
1263 2744
2181 3618
217 1263
2181 3726
1263 2466
399 2181
1263 3153
2181 4804
1263 1494
2181 2768
1263 2298
2181 2481
1263 3886
2181 4059
1263 1613
571 2181
972 1263
324 2181
1263 3858
1339 2181
1263 4711
2181 2934
1263 4796
1254 2181
1263 3303
922 2181
1263 2269
2181 3292
1263 3724
1428 2181
1263 4512
2181 4137
1263 1505
2181 4506
1263 3126
701 2181
412 1263
332 2181
1263 4589
2181 4211
1263 2426
1991 2181
1263 2134
2181 2965
1263 3148
2181 3275
1263 4240
1352 2181
1263 2378
2181 4494
1263 1448
2181 2404
1263 3435
1401 2181
1263 2540
2181 3538
1263 4910
1424 2181
1263 1754
622 2181
312 1263
2181 4891
229 1263
2181 4319
1263 2937
2181 3107
934 1263
1322 2181
1263 4096
652 2181
1263 3100
2181 4585
1169 1263
550 2181
482 1263
2181 3868
364 1263
2181 3514
1263 2705
527 2181
1062 1263
2181 3333
1002 1263
2181 2282
1263 4926
2181 4924
1263 2010
1419 2181
1263 1506
900 2181
1263 3997
2181 3803
1263 3260
2181 2464
1263 4179
2181 2853
1263 4212
2181 4038
172 1263
2181 4432
880 1263
2181 4979
1263 2242
1959 2181
753 1263
2181 2938
713 1263
1529 2181
1263 3712
2181 3627
1263 3727
963 2181
1263 4679
2181 3888
1263 1853
2031 2181
1263 2327
2181 3285
1263 1323
2181 4629
1263 1752
2181 2281
281 1263
2181 4712
1263 3694
2181 3856
1263 1778
2181 2826
1263 4775
2181 2708
1263 1465
2181 4351
1263 4882
1459 2181
1263 2827
2181 3461
1263 2952
1964 2181
86 1263
2181 3587
912 1263
2181 4161
1263 1850
67 2181
1263 1415
2181 3545
1263 1385
1056 2181
1263 1713
1422 2181
1263 3751
2181 2606
1263 3313
1355 2181
1263 3223
825 2181
823 1263
2181 4016
1263 3155
1082 2181
988 1263
2181 3046
659 1263
1993 2181
1263 2997
2181 2902
1263 3215
2181 4842
1263 4554
2181 3947
1263 4061
2181 3736
1263 2871
2181 3606
1263 4515
2181 3590
1263 4508
2181 3625
238 1263
805 2181
573 1263
2181 3637
1263 2906
2181 3509
616 1263
2181 4625
1263 2762
2181 4001
1263 3484
2146 2181
1263 3246
920 2181
1263 3409
2181 2985
1216 1263
534 2181
1263 1639
2181 4104
1263 2149
2181 3949
1263 1554
2181 3361
1263 4195
2181 4311
1263 2422
2181 2603
1263 4260
2181 4704
1044 1263
2170 2181
1263 3495
2181 3931
926 1263
1714 2181
773 1263
2181 3508
1107 1263
809 2181
1263 2080
2181 4007
15 1263
2181 3297
708 1263
2181 2754
1263 3060
2181 4441
1263 4865
1586 2181
1263 1573
43 2181
1263 4990
1156 2181
368 1263
2181 2832
632 1263
2181 2569
1263 2712
1223 2181
1263 3648
2181 3434
1263 2960
2156 2181
1172 1263
2181 4087
1263 4746
2181 3295
1263 4726
2181 4745
1263 2978
1857 2181
1263 4896
2181 3659
1263 2415
56 2181
1263 3144
2181 3460
1125 1263
1839 2181
1263 3149
747 2181
1263 4120
380 2181
1263 2023
1383 2181
1263 2949
2181 4276
1263 3889
2181 4668
1263 4020
1594 2181
1263 4902
2181 2251
777 1263
2181 4813
1263 2343
2181 4539
1263 2252
1819 2181
352 1263
483 2181
1263 2236
165 2181
1263 3813
2181 3358
908 1263
2181 2238
1263 1760
2043 2181
1263 3797
375 2181
1263 3497
30 2181
1263 3395
1787 2181
1263 2424
2181 4762
1263 3163
2181 4806
1263 2208
976 2181
496 1263
2181 3904
68 1263
2181 3890
1263 1877
2181 2908
1263 2986
1883 2181
1263 4565
1773 2181
1015 1263
413 2181
968 1263
2181 2470
557 1263
771 2181
1263 3826
2181 2352
1263 3324
1389 2181
1263 3115
886 2181
1263 2773
967 2181
1263 1299
2181 3899
1263 3849
1272 2181
1263 4220
1963 2181
1263 1763
1753 2181
1263 4822
2181 4529
1263 1508
2181 3785
455 1263
2153 2181
1263 2655
1561 2181
565 1263
2181 4609
1263 2254
315 2181
1263 2977
2181 3319
1263 3605
1562 2181
1263 2508
2181 3034
1263 4732
327 2181
1263 2283
2181 4818
933 1263
440 2181
387 1263
2181 4090
1263 4666
2181 2492
1101 1263
2181 3237
1003 1263
2181 3114
1174 1263
2135 2181
807 1263
1805 2181
1263 4558
1051 2181
1263 2301
1643 2181
1263 2055
2181 2406
1263 1731
2181 4362
1263 4676
1947 2181
1197 1263
2181 3729
1263 3398
2181 3417
1263 1563
2181 4687
490 1263
2181 2899
1263 4600
2181 4486
1263 3836
2181 4340
140 1263
1326 2181
1263 1267
1985 2181
1263 4178
2181 4616
1263 4959
2181 4068
1263 2982
1699 2181
1263 3929
783 2181
1263 3852
2181 4119
278 1263
2181 3656
1263 3828
2181 3376
1263 4641
2181 4686
1263 1510
1314 2181
1263 2769
2181 2196
1263 2685
2181 4056
1170 1263
1294 2181
1263 4777
870 2181
1263 4233
2169 2181
1263 4803
1739 2181
939 1263
2078 2181
845 1263
2181 3850
1263 2926
2181 2328
1263 1265
1700 2181
1263 1460
2181 3861
1263 3919
2181 4770
1263 3709
2181 4877
1263 2097
469 2181
1263 3823
2181 3833
1263 4636
2181 2234
1263 2047
756 2181
146 1263
2181 4466
1263 1331
2181 3844
1263 3044
2181 4849
1263 4972
275 2181
1263 2311
2181 3732
273 1263
9 2181
1263 4000
2181 3768
1263 2337
2181 4417
1263 2614
2181 2759
1263 2969
2181 3747
1263 3469
2181 3189
1263 2520
2181 2358
1263 2432
1139 2181
859 1263
2181 2780
1263 4705
2181 4451
1263 4094
1050 2181
1263 4247
403 2181
1263 3515
2181 2915
1263 1349
2181 2635
1249 1263
102 2181
1263 4634
2181 2468
1263 2099
2181 4443
1263 4890
2181 3620
1263 3458
2075 2181
1263 3454
2181 2303
1263 1988
2181 3162
1263 3660
716 2181
1263 1357
2181 2565
10 1263
590 2181
1263 1837
473 2181
1263 4384
1461 2181
1263 1724
1124 2181
1263 2862
1418 2181
1263 4326
2181 3821
1263 3041
2181 4556
1263 2002
2181 3734
1263 3230
1568 2181
1263 1481
2181 4175
305 1263
2181 4043
1263 4824
1761 2181
1263 1276
2181 4598
1263 2439
149 2181
1263 3976
2181 4302
405 1263
2181 4975
1263 3881
2181 2745
1263 3634
2181 2889
293 1263
2181 2795
1263 2609
2181 2897
808 1263
307 2181
1263 1471
840 2181
1263 1811
2181 4150
1263 3717
2181 2907
704 1263
2181 4242
1263 3570
2181 2811
693 1263
1081 2181
1263 3966
14 2181
1263 4336
2181 4266
1263 3970
2181 4783
603 1263
940 2181
1263 3431
2181 3188
1263 2553
2181 3326
1263 4572
2181 4447
1263 3847
1427 2181
1263 1730
2181 4314
1263 3740
2181 3908
1263 1345
1609 2181
1263 2267
1066 2181
529 1263
2181 3483
585 1263
239 2181
1202 1263
2181 4886
1263 3984
2181 4066
1263 1393
290 2181
1263 2572
1934 2181
1263 4524
2181 5000
1263 3951
1206 2181
1219 1263
2181 4984
1263 4961
2181 4455
1263 2482
2181 2445
318 1263
1278 2181
1080 1263
2181 3511
790 1263
2181 4092
1263 4985
1341 2181
621 1263
2181 4259
1263 1469
1250 2181
1263 2913
37 2181
1263 3952
2162 2181
914 1263
2181 3595
118 1263
454 2181
282 1263
1289 2181
1263 4584
2160 2181
1263 4215
97 2181
1263 1690
2181 4142
1263 2650
2181 2622
1263 3426
2181 4857
568 1263
2181 4837
1263 2026
228 2181
1263 2205
2181 4915
1263 4479
1764 2181
1263 3407
2181 3753
206 1263
2181 3667
1263 4925
2181 4012
1263 3622
2181 2446
1214 1263
2181 4383
197 1263
124 2181
1263 3357
2181 2637
51 1263
2181 3562
1263 2802
1942 2181
1263 2176
2181 3784
556 1263
2181 3062
73 1263
2181 3841
1005 1263
1703 2181
1263 1721
90 2181
1263 3421
2181 4723
1263 4599
2181 3846
1263 1376
928 2181
1263 1284
337 2181
1263 1364
402 2181
1263 1933
223 2181
1263 3350
2181 2199
1263 4022
2181 2323
121 1263
1365 2181
1263 2523
1046 2181
