5000
[[[[][]]][][]][]]]][][]][[]]]][]]]]]][[]][]][[[]]][[[[][[[]][][]][[][[[]]]][[[][[][[[][[[][][]]]][[[[[]]]]]]][][[[[]][]]]][[[][][[][[]]]][][[][][[]]]][[[][]]][[[][][]]][]]][]][[[[[[[[][][]][[]][]][[[[]][][]][][]][[[[][[][][][]]][]][[][][[][][[[]][][][[]][[][[[[]]]]]][[[[]][[]][[[]][[][][[[][[[]][]][][[[[][[][][]][]][[[]][[]][[]]]]]]][[[[][][[[[[[]][]][]]]][[[]][]][][][][[]]]]]][[][]]][][[][]]]][][[[[]]]]][[[[][]]]][[][]]][]]][][][][][[]]][[]][]]][[[][[[[]]]]][[]][][][][][][[]]]][[][[]]]][[[][[]]]]]][[[]][[][]]][[[]][][][[][[][][][[][[[[][]][][]][][[[[]]]][]]][]][][]][[][[][[][]]][]]]][[][[][[]][][][]]]]]]]]][]]][]][][]][[][[][[[[[[]][][[]]]]]]][][[[][[[]][]][][][[[]][]]]][]]][[][]]]][[][]]]]][[][]]][][[[[[[][]]]][[[]]]][[][][[[][[]]][[[[][][[[[[][[[]][[]][[[[[[]]][]]]][[[[][[]][]][][]]]][]][][[][]][]]]]]][]][]][][[][]]][[][[[[]][]]][]][[[][[[][[[[][]][[][[]]][[[[]]][[[][][[][[][[][[[]]]]]]][[][[[][][[[[[[][[][[]][]]][[[]]][][][[][]]][]][[[[[[]][[[[[][[]]]]][[[[][]]]]]]]][][]][[[][[[[][[]][][[][[]]][]]]][]]]]][]]][[[[[[[[][]]]][[[[[[[[][[[[]]][[]][[]]][[]][[]][][]][[[]]]][]][][[][[[[][[][[]][[[]][[]]][[]]]]][][[]][]]][][]][[]][[]]]]]]]]]][[][]]]]]]][[]]][[]][[][]]][[]]]][][[[[[]][]]]]]][]]][][][]][[[[[[]][[[][[[[[]]][]]]][]]]]]]][][]][]]]]][[[]][][[]][][][[]][]]][][][][]][]][][][[][][[[[]][[]][]][[]]][[[][[[[[][][[][[][]][[[[[[]]][][[][][[]][[[[][[]]]][][[[[[]][[]]]]][][]]]][[[]][[[[[[[]][][]]]][][]][[]]]][][][[]][][[[[[[[[][][]]]]]]][]]]][][][]][[][[[[[][[[]]]]]][[][[][[][[][[[]]][[]][[[[[]]]][][][[[[]]]][][]][][]][]]]][]][[[][[][[]][[][[]]][[][[[][][[[][]][[]][[[][][][[[[[][[][[][[[[[][[][[[[[]]]]][]][[][]]][]]]]][[[[[[[][[]]][]][]][][]]]]]]]]]][]][][]][[[]][][][]]]][[][[][[[[[][][][]]][]]]]]]][][]]][][[[[][[][]][]][][[[[][[[]][[[][]]]]][[[[][[[[][[]][]][[][]]]][[[][][][[[][[][[]]][[][]]]][[[[][]]]][]][][[[[[][[[]][]]][]]]]][]]]]][][[[[]][[]][[][][[[][[]]][[[][][[[]][[[[]]][]][][[[]]]]][[[][]]]][]]][][[[[][[[[[[[[[]]]]][[[]][]][[]]]]]]][][][[[][]][[][][[]]][][[]]][[]][]][]][[[[][[]][[[]][[][[[[[[]][[[][[][[][[[[]]]][[[[]][[]]][[]]]][]][]]]]]][][]][[][]][[]][[[[[[]]]]]][][]][][[]][[]][]]][[][][]]]]][][[[]]][[[]][][]]]]][[]]][[]]]]]][[[[[]]][][]][[[]][[[[]]]][]]][[[[[[]]]][][][]]]]]]]][[[][[[[][[[[][]]]][][][[[][[[[][][[[][[][[[][]]][[[][[[][[]][[]]]]][][[]][]]][[[][]][]][][[]][[]][[[]][]][[][[[][[]][[][]][[[[[[[[][]][[[][]][[][[]][]]]][][[[][][][][[[[[[]][[[][[[][][][][][[[][]][[[[]][[]][]][[]][]][[]][]]][[[[[][[[]][[]][[[]]]][[[][]]][][[[][[][][[]]]]][]][]][[]]]][]][][]]]]]]]][]][[][][]]]][[[[][]]][][[][]][]][]][[[[]][][][[]][[]][]][][[[[[]]][]][][[][][]]][]]]][][]][[]][[][[]]]]][[]]]]][[[]]][][][[]][][[][[[[[[[][[[[]][]]][][][[[]][[][]]][][[[]][[]][[]][[[[]]]]][]]][]][[[]]][][][[[[][[[[]]]]]]][]]][]]]]][][]]]][[][[]]][[][[]][[][]][[[][][[][]][[[][[][[[]]]][[[]]]][][][[[][[[[][[][][]][]][][][][[[][]][]]][]]][[][[[]]][][]]]]][[][]]][[[]]][]]][][[[[[[[[][[[][]]][[]]]][[]][]]][]]][]]][[[[[[[[[][]][[][[][]]]]]][[][]]]]]][]]][[[[]][]]][[]]]][][[[[]]]][][[[[]]][[[][]][]][[[][][][]]][[[]][[][[[]]]]][][]]][[][]][[]]]][]][][][[[][[]][][]]]][[[[]][]][]]][][]]][[[][[[][]]]]]]][[[[][][[[][][[][]]][]]][][[][]]]]]][]]][[[]][[]][][[][[[]][]][[]][[][[][]]]][][[[[]][[][[[][][][]]][]]]][[]][]][]][]][[[][]]]][[]]][[[[][][][[[[[][]][]][][[[[[]]]][[[]]]][[[[[][]][[][[[[][[[[][]]]][][[][[]]]]]][[]][][][[[]][[[][[][[][[[[][[]][][][][[]][][[][[[]]][]][][]][[[[[]]][[][[][]][[[[][][][[]][][][]][][][][]]]]]]][]][[][]][][[[]][]][[[[[][[[[]][[]][[][][[]][][[[[[]][[[][]][[][][[][][[[[[[][[][[[]]]]]]]]][]]]][[]]]][[][[[[][]]]]][[[][[[[[][]][[][[][][][][]]]]][[[[][][][][[[[]][[[[[][[]][][][[]][[[[][]]]]][]]]][[[][][]]]]][[]][[]][[[][[]]]]]]]]][[][]][[[[[[[][[][[[]][][]]][]]]][]][[[]][[[]]]]]][][]][][[]]]][[[[]]][]][[[][[[][][]]]][]]][[][][]][][[][[][][][[[[]][[]][[[[[[][[][][[][[]][]]][]][[][][[[[[[][[[[][[]][[[][][[][[]]]][[[[]][][][]][]]]]]][][]][][[][]]]][][[]]][][][[[[]]][]]]]]][][]]]]][[]]][[][[[[]][]][[]]][]][][[[][[[[]]][][[]][]]][][][][][]][][]][[][][]]][[[[[]]][[]]]][[][[[[[][[]][]][[[[[[[[][][[[[[[[[[[[[[]][[][][][]][[][][[[]]][][]][][]][[[]][][[[][]]][]][][[[[][[][][[[[][][[][[][[][[[[[][][[[[]][[[[][][][[]][]][]][][[[[[]][]][[]]]][[][[[][]][]]][[[]][[[][[[[][][[][[]][[[]][[][[]][[[][[[[[[][][]]][][][]][][[]][]]][]]]]][[][[][[[][[][]]][[][][[[]]][][[][[][]][]]][][[]]]][[][][[][[[[]][][[]][[[[[]]]][]]][][][]]]][[[][[]]]]][][]][[]][[][][[[[]][[][[[[][]][]]][][[][][[]]]]]]][]]][[][][]][[][][[[]][][[]]][[][][[]][[[][]]]]][[]][[][]]]][[[[[[][[][[][][[]]]]]][[[[][][][][[]][[[]]]][[]]][[[[][[]][[]]][[]][]][[][]][]][][]][]]]]]]][[[[[[]]]]]][]][]]][[][[]]][[[[[[][]][][][]]][][]][][][[][[][[]][][][]][][[[[[]][][][[[][][[[[][[][[]]]]][[]][]][[[][[]]][][[]]][[]]]][[][][]]][][[]]][][[][[[[][[][[][][[[[[[[[]][[[[]]][]]][[[][][[][[][[][[][]]]]][[[[]][[][]][[[]]][[][[]][[[][[]]][[[[]][[]]][][][]]]]][][]][]]][[[[]][][[][][][[][[[][][[[]][][[[[[][][]]][][[][][[[[]]][][[][][]]]]]]]][]][]]][[[][]][]]][[][[][]]]][[[][[[]]]][[]]][][]][[[[]][][]][][
79 1886
1886 2118
79 1535
1068 1886
79 2889
1886 3700
79 4774
804 1886
79 801
1886 4049
79 3278
1886 4447
79 3898
1886 4404
79 2666
1228 1886
79 1234
1886 3497
79 3820
1886 4821
79 3831
1886 2995
79 1111
26 1886
79 417
1886 2682
79 2477
1886 2497
79 2782
1886 3310
79 2631
31 1886
79 3858
1886 2562
79 979
1886 3799
79 3250
451 1886
79 257
875 1886
79 2148
1886 2763
79 603
1397 1886
79 1865
1553 1886
79 2440
540 1886
79 3200
850 1886
79 1928
1832 1886
79 1616
1886 4651
79 1028
1886 3239
79 1962
438 1886
79 2300
1886 2350
79 4695
1886 3380
79 808
1886 2885
79 4107
1886 4645
79 162
1886 3451
79 3052
709 1886
79 707
913 1886
79 3060
1886 3090
79 4314
593 1886
79 1353
1886 3220
79 2165
1886 2304
79 2332
1886 3029
79 3591
1886 2139
79 82
1886 4879
79 466
1881 1886
79 195
1886 2337
79 2959
1019 1886
79 1687
1886 2792
79 2581
1886 4520
79 4362
1886 3892
79 322
1886 2185
79 1175
1886 4047
79 1696
1364 1886
79 3767
718 1886
79 1851
1886 2483
79 2493
1886 2073
79 2474
1886 3236
79 3557
1886 4921
79 1253
1886 4841
79 3044
1886 3854
79 2868
1279 1886
79 4284
1886 4302
79 2911
1886 3467
79 1233
176 1886
79 1635
99 1886
79 1214
1886 3074
79 563
1886 4505
79 2063
53 1886
79 777
1886 2940
79 3182
12 1886
79 245
1193 1886
79 4736
1886 3072
79 1836
1886 4214
79 1182
1886 4825
79 4570
1886 4896
79 4856
1886 2016
79 440
1886 4990
79 1812
1446 1886
79 1975
1886 4184
79 2014
1886 3377
79 3303
785 1886
79 4431
1886 3795
79 4627
343 1886
79 4060
70 1886
79 668
942 1886
79 469
714 1886
79 1484
888 1886
79 1426
688 1886
79 1058
1886 3832
79 1940
1886 3507
79 4656
1886 4318
79 299
1886 2901
79 3936
1886 2464
79 2849
1886 4971
79 4595
909 1886
79 2419
42 1886
79 610
1776 1886
79 272
1886 1911
79 2648
1841 1886
79 929
1886 3885
79 4034
1337 1886
79 491
1886 3447
79 4832
517 1886
79 1834
1886 4740
79 1583
1886 3866
79 3817
1886 4830
79 4491
1886 3667
79 95
1652 1886
79 107
1886 2949
79 103
1886 3624
79 1720
1886 4118
79 4572
4 1886
79 863
1886 4111
79 3592
1886 3400
79 3385
1680 1886
79 2079
730 1886
79 2520
1886 2353
79 4311
1886 2224
79 1155
1886 4065
79 2909
737 1886
79 331
1886 4679
79 3395
411 1886
79 2316
1886 2238
79 2741
1886 3902
8 79
1579 1886
79 4084
1886 3925
79 2008
1886 2514
79 2049
1886 4229
79 3536
1886 4398
79 2317
1886 2471
79 601
740 1886
79 4364
1431 1886
79 2209
1886 2771
79 1574
1886 3148
79 3546
1886 4566
79 3999
1886 2943
79 683
1886 2109
79 2498
173 1886
79 1196
1886 3658
79 4586
1886 4301
79 1259
1886 2249
79 2433
1886 2347
79 969
1886 3474
79 4295
1445 1886
79 3446
953 1886
79 719
1886 3690
79 1668
1886 3076
79 4894
1886 2928
79 2534
1886 2941
79 2974
739 1886
79 4852
1886 3998
79 2786
1886 2730
79 3576
373 1886
79 1586
1098 1886
79 2801
1886 2500
79 2009
1886 2423
79 4031
468 1886
79 1103
1886 3364
79 4071
1886 2231
79 1655
1886 2421
79 3354
552 1886
79 3661
1287 1886
79 2290
1476 1886
79 4979
346 1886
79 3823
1886 2438
79 204
1845 1886
79 4164
233 1886
79 3254
1886 2719
79 4445
752 1886
79 167
77 1886
79 2516
1886 3733
79 4413
1886 1923
79 2044
1886 2972
79 678
1886 4223
79 2647
1886 3781
79 1039
1886 4742
79 2875
1645 1886
79 2182
1083 1886
79 3101
1886 1957
79 3559
1886 2145
79 1136
886 1886
79 614
1886 3164
79 3874
1886 3688
79 2893
1886 2013
79 220
1886 4266
79 2167
364 1886
79 1389
599 1886
48 79
1886 3374
79 2991
1741 1886
79 938
1886 4532
79 4902
1886 3496
79 3548
1886 3067
79 4729
580 1886
79 4168
1886 2491
79 2858
1886 4526
79 3636
1886 2314
79 1461
1886 1938
79 135
1886 4474
79 4465
1886 4961
79 2540
1886 1921
79 4697
1886 3379
79 4611
1886 3178
79 3629
1886 3055
79 4892
347 1886
79 4694
789 1886
41 79
762 1886
79 481
1886 3437
79 1926
861 1886
79 2379
1886 4587
79 4964
1886 2978
79 332
1886 2449
79 4824
1886 3383
79 2571
1886 3281
79 2196
1886 3075
79 4300
1886 2569
79 2592
1886 2891
79 454
1376 1886
79 2708
278 1886
79 4781
1886 2570
79 471
1014 1886
79 4900
1886 2628
79 4064
1886 4780
79 4358
1772 1886
79 296
941 1886
79 166
215 1886
79 3752
1630 1886
79 4983
896 1886
79 3235
1886 3513
79 4640
1492 1886
79 3333
161 1886
79 1677
163 1886
79 184
1886 4730
79 910
1886 1964
79 3923
1254 1886
79 1920
414 1886
79 431
1886 2757
79 1625
294 1886
79 2409
1886 4959
79 3330
1886 3973
79 1204
1872 1886
79 3047
792 1886
79 4457
1886 4662
79 4264
1886 4077
79 3725
1886 2189
79 1012
1886 2590
79 1640
1886 2456
79 1422
1443 1886
79 4828
1886 3867
79 2237
937 1886
79 489
1886 3336
79 1438
598 1886
79 1545
1886 2011
79 680
1886 3934
79 1385
1733 1886
79 4623
1886 2004
79 2603
1886 3151
79 1296
1886 4414
79 3100
1886 4256
79 2925
485 1886
79 2966
179 1886
79 3765
1886 2614
79 3584
1886 2091
79 3016
318 1886
79 3409
1817 1886
79 3381
1402 1886
79 1905
1886 4283
79 483
1886 2254
79 3024
1621 1886
79 3802
1109 1886
79 4433
1886 2596
79 912
1886 3343
79 3036
1886 3298
79 2748
1886 3759
79 4575
1886 3796
79 4863
1886 2403
79 1582
1886 4916
79 2389
1886 4768
79 4173
1886 2556
79 2563
1886 4421
79 4436
1709 1886
79 700
1886 3084
79 1906
1886 2618
79 1246
518 1886
79 4690
1886 3604
79 2494
1886 4615
79 976
755 1886
79 1969
1886 1896
79 2407
1261 1886
79 413
1886 2042
79 1532
1611 1886
79 3217
1886 4124
79 3184
1886 3416
79 4622
1886 4240
79 1548
1886 2488
79 4099
1886 4499
79 1416
1886 4958
79 282
1886 4639
79 2999
1886 2031
79 2680
632 1886
79 559
1886 4829
79 340
1886 3607
79 2525
1886 3565
79 2793
1876 1886
79 2320
1886 3049
79 3425
1692 1886
79 1089
1725 1886
79 520
1000 1886
79 2640
1806 1886
79 1386
1886 3553
79 4151
1886 2619
79 1188
1886 2774
79 3077
1886 3315
79 2934
1886 3717
79 501
127 1886
79 3461
1886 3339
79 222
1886 4333
79 2931
1886 2886
79 4843
1886 3463
79 2927
1886 2366
79 2120
1886 2811
79 765
1886 3469
79 2476
1184 1886
79 4349
1886 3873
79 1830
1886 3512
79 806
384 1886
79 1057
1886 2410
79 4416
61 1886
79 4004
724 1886
79 3368
1877 1886
79 3845
1886 3587
79 1632
1886 2834
79 4208
1886 3985
79 3318
302 1886
79 1672
1886 4819
79 1133
1886 4565
79 2709
1886 4544
79 116
852 1886
79 793
1886 3493
79 1797
1886 4880
79 2339
1886 3277
79 2808
1538 1886
79 811
1886 3312
79 2329
1886 3356
79 4731
998 1886
79 3968
1886 3132
79 4839
1886 2312
79 131
125 1886
79 3628
1275 1886
79 3424
1886 2920
79 2051
534 1886
79 1428
1886 2036
79 3948
1886 3964
79 3207
274 1886
79 2713
1886 2119
79 4461
1886 4292
79 4992
1886 2662
79 1452
1825 1886
79 365
939 1886
79 1485
1886 3517
79 3241
1886 2898
79 4712
931 1886
79 2022
87 1886
79 387
1448 1886
79 192
1886 3871
79 3788
991 1886
79 3956
1072 1886
79 117
1886 3635
79 788
1556 1886
79 4320
1759 1886
79 2588
1886 3170
79 4412
1886 4227
79 1187
1802 1886
79 1095
1059 1886
79 1449
300 1886
79 4714
1886 4760
79 376
1886 3092
79 3701
1886 3258
79 814
1392 1886
79 2958
1886 2545
79 4525
1886 4948
79 1206
1886 1988
79 2533
1010 1886
79 211
1886 2285
79 3402
1886 4972
79 3403
620 1886
79 2200
1125 1886
79 4620
1886 3695
79 4779
381 1886
79 3523
341 1886
79 4931
1886 1972
79 3560
1886 3039
79 2951
1407 1886
79 3721
1886 4987
79 2845
1886 3102
79 3535
1886 2512
79 3599
1886 4239
79 2069
1886 2553
79 2101
1886 2727
79 605
1220 1886
79 738
1886 4347
79 2617
1886 2997
79 3286
1886 3308
79 3888
1886 4215
79 4345
1054 1886
79 4503
657 1886
79 1695
38 1886
79 1256
1886 2982
79 3481
1886 3082
79 1266
1886 2903
79 2425
1886 2338
79 480
1886 4449
79 4044
1886 2910
79 2006
391 1886
79 3014
667 1886
79 2758
470 1886
79 4871
995 1886
79 3157
443 1886
79 2241
1886 2915
79 1308
1886 2400
79 4277
1886 3242
79 1112
1521 1886
79 1056
1886 4677
79 281
1886 3212
79 449
1684 1886
79 4138
1886 2258
79 4490
510 1886
79 2468
1886 3744
79 1250
1886 2201
79 1210
1886 3035
79 4808
1557 1886
79 3707
1886 3307
79 4189
214 1886
79 2760
1886 2559
64 79
1886 4125
79 4120
1886 2399
79 4674
1886 2899
79 561
1886 3794
79 1895
1886 4715
79 2176
1886 4029
79 1520
1886 3153
79 2368
140 1886
79 1165
1886 2186
79 3048
1886 3689
79 4929
1886 3510
79 990
1886 2363
79 689
1886 3589
79 3028
2 1886
79 1134
1886 4245
79 2998
746 1886
79 1154
1886 4045
79 525
1886 4400
79 1764
336 1886
79 3664
1886 3495
79 4536
1886 2773
79 429
1886 4696
79 1147
1662 1886
79 1773
1886 4015
79 372
1886 4699
79 1994
1886 4753
79 2151
1886 2059
79 2768
1886 4777
79 3954
1886 2037
79 732
1886 2390
79 4943
1886 3485
79 2557
1886 2021
79 1693
1886 3384
79 2385
602 1886
79 2208
1886 2269
79 3715
757 1886
79 670
1886 4762
79 2812
1886 4233
79 3716
1886 4376
79 121
1886 4579
79 4368
1646 1886
79 1788
1886 2965
79 3192
1886 2147
79 4105
1167 1886
79 1126
1886 2053
79 4013
1271 1886
79 2136
261 1886
79 3677
1886 2260
79 1325
1886 2192
9 79
63 1886
79 1888
1886 4351
79 4276
339 1886
79 1663
1886 2391
50 79
1886 2131
79 1372
1886 4030
79 4061
269 1886
79 2480
1886 4088
79 239
1886 4693
79 1952
1886 4007
79 4999
1886 3571
79 4980
805 1886
79 1024
1886 4194
79 2078
1886 3698
79 2484
1886 4176
79 3672
1135 1886
79 2815
1886 2537
79 2926
1236 1886
79 1170
1886 3396
79 984
536 1886
79 633
1886 4038
79 1935
1886 3349
79 1880
182 1886
79 2130
1886 3435
79 3237
1886 2942
79 1129
1886 2348
79 3389
1886 3404
79 4278
1886 2179
79 1313
1157 1886
79 3477
1886 3577
79 2852
1458 1886
79 1910
1886 1934
79 1002
1633 1886
79 1718
56 1886
79 2313
1007 1886
79 4251
583 1886
79 4905
1465 1886
79 3156
1549 1886
79 97
1886 4423
79 2108
1886 4155
79 1339
271 1886
79 1863
873 1886
79 1116
1886 2392
79 4919
1883 1886
79 3326
1886 2267
79 1107
1886 4248
79 1459
146 1886
79 2954
1886 5000
79 477
208 1886
79 1270
1886 2565
79 3167
1886 3398
79 4515
1886 2621
79 1255
1886 4875
79 4440
1886 3851
79 2756
1886 2987
79 741
1886 4744
79 3223
1886 3224
79 1674
1886 4228
79 353
1886 4658
79 2217
1858 1886
79 1280
1886 4374
79 3457
1886 4637
79 1148
315 1886
79 2448
1886 2936
79 1580
478 1886
79 3026
660 1886
79 4511
1886 2676
79 1466
1267 1886
79 2301
693 1886
79 1982
1886 3819
79 4462
1886 2275
79 1634
493 1886
79 551
102 1886
79 4541
1886 3257
79 4654
1886 1956
79 2310
1886 2824
79 368
917 1886
79 1499
1886 2777
79 2156
1886 4425
79 1742
1183 1886
79 3306
1886 2829
79 3540
320 1886
79 4080
1047 1886
79 1247
914 1886
79 4633
1886 4546
79 1682
1886 3433
79 2772
1588 1886
79 1153
1886 2766
79 301
1217 1886
79 2437
1886 4672
79 2833
1886 1977
79 1808
810 1886
79 1257
1285 1886
79 4652
557 1886
79 1539
345 1886
79 2589
1886 4711
79 3221
472 1886
79 2788
359 1886
79 772
1886 3078
79 4378
1852 1886
79 3088
1327 1886
79 4868
1886 2629
79 2627
1886 2908
79 2739
1886 2331
79 2299
1886 4877
79 2417
1585 1886
79 3654
1886 3692
79 2532
1886 2900
79 2289
1886 3488
79 1737
1510 1886
79 1766
835 1886
79 2510
1886 4782
79 1933
1886 4626
79 2896
1886 4325
79 3537
1886 3104
79 4573
1886 4434
79 1203
1229 1886
79 586
1886 2286
79 3920
81 1886
79 4375
1886 4383
79 3735
1886 3572
79 3001
1886 2029
79 136
1886 4452
79 1356
1886 3784
79 1691
1644 1886
79 3066
1344 1886
79 4665
889 1886
79 423
1886 4252
79 1319
235 1886
79 3916
1886 3626
79 1451
1886 3196
79 4965
1886 2992
79 1792
1749 1886
79 1601
1637 1886
79 4878
1110 1886
79 3905
549 1886
79 4159
1886 3246
79 1018
1323 1886
79 3442
243 1886
79 2413
1886 3309
79 640
1886 3428
79 533
1886 3613
79 3833
1886 4616
79 2819
249 1886
79 1117
1569 1886
79 3436
1886 4864
79 2869
1886 3297
79 1490
1886 4757
79 2781
1886 3322
79 3917
1886 2598
79 4706
867 1886
79 3498
1886 2404
74 79
1886 3369
79 2443
1603 1886
79 1642
1886 3109
79 1252
1631 1886
79 2591
1886 2341
79 2993
1507 1886
79 2144
1886 4967
79 3975
1886 3515
79 1080
1374 1886
79 188
141 1886
79 597
1886 2441
79 4605
292 1886
79 796
1886 2163
79 3949
723 1886
79 2499
1886 3939
79 358
1886 4352
79 4171
1886 2870
79 2507
1886 4083
79 1534
1886 2265
79 935
1886 3992
79 4086
1886 4671
79 2798
1886 4998
79 4370
1886 4836
79 3017
286 1886
79 4298
526 1886
79 3045
1760 1886
79 3376
308 1886
79 1415
782 1886
79 4293
1886 3460
79 2740
1886 4686
79 3365
1886 3519
79 776
1886 4285
79 2180
1886 3131
79 1453
1306 1886
79 1288
1082 1886
79 4603
1035 1886
79 3032
1304 1886
79 1065
1697 1886
79 1856
1886 2259
79 4500
1873 1886
79 2747
892 1886
79 743
1886 4701
79 1505
1886 2825
79 1951
1886 2277
79 1641
1886 2333
79 2876
1886 2482
79 1973
1886 4533
79 1813
1886 3754
79 1003
1886 4813
79 1517
1886 4216
79 3302
1886 4867
79 3534
1886 4733
79 3245
1886 2010
79 3147
1886 4119
79 1508
1886 4273
79 877
1886 4142
79 3706
327 1886
79 2283
487 1886
79 1178
1886 3606
79 4390
1886 3079
79 3828
237 1886
79 516
1093 1886
79 3452
1886 4944
79 4074
1886 2674
79 3906
1886 2323
79 4387
1886 4041
79 508
1886 2322
79 3492
544 1886
79 2746
1886 3723
79 4512
1886 3983
79 1336
1886 4377
79 329
1886 3233
79 4401
1886 2088
79 4676
444 1886
79 2599
1424 1886
79 4261
595 1886
79 2671
1886 2107
79 2568
290 1886
79 2459
1886 4951
79 1667
1886 2137
79 467
1886 4353
79 3154
1886 3839
79 2227
1886 3805
79 428
1886 2152
79 3957
1886 2096
79 515
1886 2027
79 1686
768 1886
79 4109
1886 3662
79 4225
1886 2206
79 4514
1886 2064
79 4770
1886 3843
79 4129
1886 4970
79 4360
194 1886
79 2528
1886 2979
79 109
1886 3834
79 2607
1886 2977
79 314
1886 3113
79 4018
1886 2465
79 4853
1707 1886
79 4689
1886 4751
79 1724
921 1886
79 4881
1886 4420
79 4952
1886 2584
79 1391
1886 3913
79 295
1886 1945
79 4557
1886 4069
79 3573
1886 4540
79 2923
251 1886
79 3779
1886 3971
79 3476
769 1886
79 4369
1886 3938
79 2089
1886 3585
79 316
1886 4519
79 394
1886 3524
79 1464
1886 4453
79 795
1886 4014
79 3929
1088 1886
79 1666
1886 3150
79 4480
681 1886
14 79
115 1886
79 3222
78 1886
79 397
1479 1886
79 4939
178 1886
79 342
1886 3595
79 4551
1108 1886
79 1061
1420 1886
79 704
653 1886
79 4749
541 1886
79 4304
203 1886
79 1435
817 1886
79 4475
659 1886
79 3749
1519 1886
79 4771
1771 1886
79 2823
1886 3299
79 3331
1886 2024
79 4334
703 1886
79 4144
1886 3646
79 2041
1886 4190
79 3040
118 1886
79 4746
1886 2000
79 1503
1886 3627
79 812
1886 4403
79 2495
1470 1886
79 2094
1886 3263
79 186
1433 1886
79 2947
1297 1886
79 3019
1886 2787
79 3431
1886 3987
79 442
1886 2055
79 3417
1886 3671
79 1454
1886 4632
79 3775
1886 1960
79 2160
1886 4765
79 898
923 1886
79 1820
1886 2159
79 1185
1886 4197
79 4110
1886 2660
79 352
1886 3418
79 1207
1886 2251
79 1016
1886 4669
79 2576
1886 2327
79 4005
1886 2573
79 994
1886 4336
79 3623
1824 1886
79 3757
775 1886
79 416
1886 3422
79 967
879 1886
79 1730
1886 3650
79 2018
1886 3699
79 1793
1886 2527
79 4011
1886 4476
79 1591
1506 1886
79 3247
1886 2475
79 473
1886 3714
79 778
1477 1886
79 285
1886 4497
79 3864
571 1886
79 3563
1209 1886
79 119
100 1886
79 3694
1886 2306
79 3010
854 1886
79 3993
1886 1976
79 748
1886 2643
79 1017
1886 3944
79 2103
1886 3622
79 263
1886 4260
79 3471
1886 2318
79 2075
1886 4653
79 1286
312 1886
79 523
1030 1886
79 2002
1330 1886
79 2188
93 1886
79 1208
1886 4350
79 1999
124 1886
79 2791
1602 1886
79 4600
794 1886
79 2362
716 1886
79 4725
1886 2672
79 1421
1886 4050
79 2199
1685 1886
79 4831
1343 1886
79 1722
1868 1886
79 1161
1886 1947
79 2587
1886 2762
79 2072
1886 3810
79 3737
1886 1942
79 1120
1577 1886
79 978
1886 1980
79 1765
76 1886
79 264
1886 2548
79 2170
1886 2479
79 615
1036 1886
79 1496
1886 4588
79 4918
1886 3473
79 3792
1398 1886
79 4604
1348 1886
79 2081
1886 2472
79 1970
494 1886
79 1150
1886 3453
79 2546
1886 2950
79 4471
1886 2122
79 1746
1886 4399
79 646
1886 2450
79 2365
1886 3129
79 3980
1886 3609
79 4319
1886 3813
79 1401
735 1886
79 4659
1886 2840
79 4535
280 1886
79 486
1886 3479
79 4608
1886 3317
79 1427
1886 2830
79 3054
242 1886
79 3532
712 1886
79 379
1886 2086
79 3146
1886 2866
79 1239
1886 4181
79 618
1886 4482
79 1712
1886 3114
79 4797
1886 4289
79 1244
1886 2529
79 4317
1268 1886
79 1158
1886 3907
79 1174
1886 2025
79 901
1886 4618
79 2469
1886 3313
79 149
1218 1886
79 2764
1340 1886
79 3686
84 1886
79 196
1664 1886
79 3986
1886 3439
60 79
1886 4667
79 2817
1886 4280
79 2873
1886 2895
79 4563
1345 1886
79 4479
1886 3095
79 4427
1886 4549
79 1729
1886 1897
79 585
1886 4235
79 3093
1025 1886
79 1782
130 1886
79 1900
637 1886
11 79
1886 2567
79 2501
1886 2665
79 809
1886 4517
79 3862
1886 3166
79 241
972 1886
79 2026
1283 1886
79 2162
1886 4528
79 2776
1886 3018
79 3620
1886 3914
79 1472
1886 4893
79 1595
1885 1886
79 899
686 1886
79 643
1886 4755
79 1818
1511 1886
79 4003
1886 4982
79 2168
1205 1886
35 79
1886 4346
79 4343
1656 1886
79 2714
1380 1886
79 3338
1332 1886
79 441
434 1886
79 3372
1886 3344
79 1316
1815 1886
79 2843
1886 4051
79 608
1886 3290
79 1284
581 1886
79 3462
1886 3666
79 86
1514 1886
79 2487
1886 4139
79 3896
587 1886
79 701
1886 4809
79 1821
1886 4463
79 3375
1886 4443
79 209
1009 1886
79 1040
1779 1886
79 2535
1886 4193
79 2005
1886 1944
79 2296
1886 3327
79 3080
868 1886
79 4709
1886 3997
79 147
1886 4338
79 3086
1886 2485
79 1723
566 1886
79 4450
1800 1886
79 4538
1886 3836
79 4432
1752 1886
79 4028
1886 2457
79 860
1886 4487
79 1281
1886 4909
62 79
1886 3160
79 2554
132 1886
40 79
1886 2986
79 1212
1886 3912
79 2105
625 1886
79 4394
1886 4745
79 2894
1359 1886
79 2084
1886 3388
79 4556
927 1886
79 4430
1886 2302
79 2969
1886 3966
79 4022
1886 4048
79 1456
1886 4545
79 862
664 1886
79 1870
1886 3746
79 2642
1886 3363
79 2555
1769 1886
79 1132
511 1886
79 617
1886 4789
79 2502
1403 1886
79 3710
1886 4716
79 3272
1886 2098
79 3103
1886 3903
79 3406
1886 2832
79 1358
1886 3722
79 3202
1886 2415
79 2110
51 1886
79 4103
1886 4247
79 2066
694 1886
79 3976
1886 4890
79 1362
1886 3013
79 4817
1194 1886
79 3894
229 1886
79 3319
1886 2645
79 4122
1886 2953
79 2675
401 1886
79 579
1105 1886
79 3605
636 1886
79 2718
1886 3570
79 1679
1886 2652
79 1037
1886 3709
79 2430
1886 3648
79 1768
1835 1886
79 4861
1886 2434
79 4188
1886 4002
79 2988
1886 2402
79 3995
1886 4483
79 3394
1736 1886
79 2454
1886 4279
79 2549
1886 3359
79 3651
361 1886
79 521
1886 3042
79 4947
556 1886
79 120
1526 1886
79 4666
1886 2914
79 1375
1211 1886
79 2340
1886 2292
79 3541
1886 2816
79 3287
1886 3951
79 2945
1886 2414
79 104
644 1886
79 1301
1886 4865
79 565
328 1886
79 870
916 1886
79 630
1701 1886
79 2383
1886 3974
79 2519
911 1886
79 1587
858 1886
79 2639
1512 1886
18 79
1886 4827
79 4718
1886 4156
79 4787
1572 1886
79 922
1322 1886
79 906
1886 4100
79 3511
1886 2203
79 380
883 1886
79 3611
1886 2664
79 4643
1886 4299
79 4386
1886 3911
79 1181
623 1886
79 926
1886 4174
79 4272
1886 2695
79 3935
1886 2127
79 3924
1046 1886
36 79
1886 4269
79 2625
1886 3175
79 2328
848 1886
79 545
1886 4748
79 4904
1541 1886
79 4146
1006 1886
79 2478
881 1886
79 4996
213 1886
79 2518
1886 4134
79 1726
1886 1943
79 3575
1329 1886
79 3861
1886 2020
79 774
1886 1996
79 276
85 1886
79 2930
1648 1886
79 4384
1886 4303
79 3161
529 1886
79 2257
1886 3865
79 787
439 1886
79 611
1886 2655
79 2948
1886 2937
79 2492
1886 2235
79 1349
1546 1886
79 4636
1441 1886
79 3111
1886 2367
79 2667
1302 1886
79 2694
1886 2229
79 3720
1886 4518
79 2990
1775 1886
79 1992
1886 3684
79 3872
1886 2395
79 4405
1379 1886
79 3526
1886 3179
79 866
1886 3021
79 4997
1886 2035
79 4577
1744 1886
79 311
1554 1886
79 2246
1886 3244
79 3031
1886 3335
79 987
1099 1886
79 1954
1383 1886
79 1067
1886 3521
79 4419
1843 1886
79 2964
1241 1886
79 2121
1886 2864
79 2673
1886 3551
79 3768
1886 1963
79 619
1886 2490
79 2061
1886 4750
79 2240
1091 1886
79 4470
1886 3844
79 3697
1886 2850
79 2426
1886 4522
79 2961
1886 2656
79 4938
258 1886
79 1676
1886 2370
79 1395
1886 3887
79 1425
1886 4721
79 3649
1886 2248
79 3294
1886 2827
79 287
655 1886
79 172
1886 2015
79 1537
1886 4732
79 3009
1886 4373
79 2255
904 1886
79 590
1886 3955
79 3172
1533 1886
79 2387
1886 4250
79 4854
1159 1886
79 4337
1886 2115
79 3128
1226 1886
79 1341
1886 4372
79 887
1886 4498
79 3490
1886 4591
79 882
1886 4095
79 1149
1886 3693
79 2161
289 1886
79 665
1886 3405
79 144
1886 3958
79 846
1886 2095
79 4179
47 1886
79 1874
1045 1886
79 4723
747 1886
79 3915
1886 4940
79 3121
1886 4185
79 3562
71 1886
79 3547
1886 2865
79 3655
1886 3659
79 1079
447 1886
79 3134
1276 1886
79 2358
1886 2704
79 1130
963 1886
79 1681
1690 1886
79 2683
1886 3696
79 1559
642 1886
79 4584
1886 2797
79 3657
1886 4602
79 1998
894 1886
79 1799
1886 3140
79 3530
1377 1886
79 3634
1886 3423
79 1781
1886 4924
79 4259
1571 1886
79 4908
1886 3816
79 844
1886 2907
79 3143
1886 4897
79 2685
1886 4592
79 399
1886 4037
79 1743
1886 3180
79 2178
1886 2205
79 1801
20 1886
79 459
1886 2636
79 3227
1594 1886
79 1542
1886 4923
79 2508
1886 2904
79 2980
1467 1886
79 2183
305 1886
79 4342
1886 2019
79 2841
1886 2100
79 3879
1886 4886
79 2835
1886 3612
79 2447
1886 4772
79 4578
1886 4801
79 277
1886 1995
79 818
1803 1886
79 3199
1886 4158
79 1186
1886 4609
79 4477
1886 3271
79 3588
1886 2810
79 2284
1886 4113
79 4702
725 1886
79 4953
1886 3279
79 1023
705 1886
79 2104
1886 2150
79 1005
1886 2547
79 4435
1886 3608
79 4707
639 1886
79 3978
1886 2946
79 4455
1311 1886
79 790
1886 2677
79 1240
180 1886
79 1529
1886 3641
79 4291
1886 1930
79 1382
1886 2126
79 982
908 1886
79 2754
1886 2230
79 1694
1886 3468
79 2968
1498 1886
79 3601
369 1886
79 1966
1886 4835
79 3122
1500 1886
79 1629
1717 1886
79 2882
1886 3989
79 1981
1886 3893
79 4752
1886 3494
79 4597
1886 4539
79 647
1886 3745
79 1509
419 1886
79 3910
1886 4766
79 3171
1886 3550
79 2601
1886 2778
79 1849
1755 1886
79 4728
1886 2678
79 2244
1886 4393
79 2113
1886 3144
79 4199
966 1886
79 600
1704 1886
79 2371
1886 2047
79 2187
1810 1886
79 3455
1886 4166
79 1826
1747 1886
79 1367
993 1886
79 4593
1886 4025
79 706
1886 4059
79 450
1886 4847
79 2287
965 1886
79 4650
1886 2583
79 3785
1886 2278
79 1790
1289 1886
79 2270
1213 1886
79 4202
1886 2887
79 170
1043 1886
79 1235
1886 3856
79 1853
498 1886
79 3506
1886 4365
79 3142
1886 3350
79 1381
1886 3133
79 3145
1886 3058
79 3876
410 1886
79 3963
807 1886
79 900
382 1886
79 1020
1886 2848
79 2752
1886 2225
79 2564
1886 2236
79 1291
1886 4558
79 499
403 1886
79 3421
1886 4806
79 2957
1886 1955
79 2723
3 1886
79 3812
1886 2228
79 2867
1612 1886
79 3117
1886 4466
79 1917
1886 3328
79 2364
1886 2309
79 3465
1886 3950
79 4670
1886 4121
79 448
1581 1886
79 4382
1886 2262
79 4848
1198 1886
79 2717
187 1886
79 1298
1038 1886
79 674
1886 3201
79 2401
713 1886
79 2272
1879 1886
79 1854
1044 1886
79 2271
1886 3564
79 3378
780 1886
79 791
1886 4554
79 2397
1886 3600
79 588
907 1886
79 1238
1886 2315
79 4942
1886 2373
79 3617
1886 4826
79 4975
555 1886
79 3782
1352 1886
79 4646
1659 1886
79 3750
1886 4324
79 612
1886 4307
79 2605
1886 4946
79 2632
1840 1886
79 3899
1886 4218
79 334
539 1886
79 3050
1886 4010
79 2759
1886 3527
79 3429
1886 3663
79 1846
1295 1886
79 3704
1886 2585
79 2154
1886 4160
79 3412
1886 4056
79 1699
977 1886
79 4527
1886 2099
79 4560
1156 1886
79 2377
1886 4945
79 2068
1260 1886
79 2686
420 1886
79 930
1886 3261
79 3932
1317 1886
79 4681
1886 3268
79 3883
1886 4104
79 154
1886 2141
79 1875
1886 3933
79 3827
1886 2668
79 4361
422 1886
79 2106
1886 3407
79 1371
1886 2243
79 2194
1886 4614
79 3057
645 1886
79 897
577 1886
79 3790
1886 3878
79 1387
1789 1886
79 1857
1886 4067
79 3928
696 1886
79 1200
1886 3214
79 363
1575 1886
79 4485
1886 2729
79 4981
1886 3758
79 742
1886 3482
37 79
1886 4290
79 4087
1886 2048
79 2157
1886 3619
79 2372
1796 1886
79 4316
1886 3138
79 3848
1300 1886
79 3921
1568 1886
79 3729
88 1886
79 3514
1886 4989
79 1899
1886 3265
79 2003
218 1886
79 3880
771 1886
79 2034
1886 2690
79 427
1886 4788
79 1528
1886 4296
79 2214
673 1886
79 3119
1886 2732
79 4688
1886 2609
79 4222
1216 1886
79 1197
1886 3724
79 357
1886 2245
79 3454
1886 4993
79 4934
1886 3815
79 607
1886 4456
79 217
1794 1886
79 3979
1886 4888
79 1278
1609 1886
79 2918
1886 4726
79 1871
865 1886
79 3814
497 1886
79 2138
1886 3004
79 3824
1886 3632
79 1893
1605 1886
79 3777
1886 3977
79 4249
1886 2352
79 677
293 1886
79 4933
799 1886
79 928
1615 1886
79 4323
151 1886
79 2355
1886 3787
79 1245
1886 2418
79 3366
1886 3574
79 3419
1886 2646
79 1201
1886 4172
79 4484
1886 4075
79 2612
1886 3205
79 4764
1886 3965
79 1370
1763 1886
79 3342
1886 2381
79 435
1886 4884
79 1566
1804 1886
27 79
1886 3011
79 3533
1886 3288
79 2610
1886 2394
79 1409
1731 1886
79 3809
456 1886
79 4127
1886 4855
79 4442
1886 4126
79 2670
1886 1949
79 3284
1886 3518
79 4424
1886 4860
79 2702
1886 4141
79 265
1886 2082
79 4237
1886 2600
79 1878
1647 1886
79 1487
1249 1886
79 692
1886 2550
79 1162
575 1886
79 957
452 1886
79 2311
1886 4000
79 3679
1886 3126
79 4684
1355 1886
79 4838
1886 4576
79 3853
996 1886
79 4885
1886 1892
79 3219
1783 1886
79 1931
1886 4027
79 4167
569 1886
79 2293
1886 4495
79 4631
1886 3397
79 1918
961 1886
79 1819
1886 2681
79 174
1886 3502
79 4957
1886 2736
79 1753
1795 1886
79 798
1756 1886
79 1985
1886 3501
79 2038
1886 4767
79 3240
1886 3191
79 1543
631 1886
79 2880
1886 4926
79 2624
1886 4673
79 784
1886 3361
79 4187
1886 4063
79 3542
1886 3426
79 4196
885 1886
79 4001
1886 1983
79 876
1886 4761
79 509
1886 4737
79 2057
1886 2705
79 262
1052 1886
79 2155
1886 3981
79 691
1735 1886
79 4371
354 1886
79 816
1886 4123
79 980
1886 4085
79 4288
1886 3783
79 2698
1886 4786
79 298
959 1886
79 1493
1886 2939
79 2711
256 1886
79 3742
1128 1886
79 2396
1886 2560
79 3516
1886 4407
79 1248
1365 1886
79 3741
155 1886
79 4429
1886 4020
79 2242
1886 4244
79 3158
1886 4108
79 335
1886 2281
79 1258
1823 1886
79 1950
112 1886
79 4478
1886 4818
79 3855
1573 1886
79 1862
1886 4418
79 4906
1886 2574
79 1042
1886 4685
79 2839
1886 3791
79 202
1886 3430
79 1163
1886 2821
79 164
1060 1886
79 2922
1050 1886
79 548
1033 1886
79 2970
181 1886
79 589
1886 2561
79 682
1886 1913
79 1013
1886 3352
44 79
1886 3051
79 1237
1886 2582
79 2420
1886 3459
79 4874
1886 4803
79 3136
1886 2190
79 3625
1886 3806
79 4076
1886 3256
79 1022
1886 2803
79 3766
1886 3165
79 212
338 1886
79 3177
1886 2637
79 2513
1886 4644
79 1152
1886 2431
79 609
1886 2359
79 3908
1886 2158
79 1673
1886 2809
79 1816
344 1886
79 1393
1886 4568
79 4262
628 1886
79 4630
1886 3478
79 1669
1886 4128
79 4555
1886 1978
79 4820
1886 3187
17 79
1886 2857
79 2616
1001 1886
79 2193
1369 1886
79 3174
1886 4504
79 2345
1703 1886
79 2543
960 1886
79 2805
1886 4759
79 253
259 1886
79 2297
191 1886
79 4417
1886 3705
79 3730
1354 1886
79 4035
1618 1886
79 2854
1886 4621
79 2743
1886 2451
79 2530
744 1886
79 2268
1219 1886
79 1979
522 1886
79 2542
1886 4210
79 1670
323 1886
79 3232
1886 2822
79 652
1886 2837
79 2551
1063 1886
79 4089
1384 1886
79 3387
1886 3841
79 1716
1886 2577
79 2261
1886 3062
79 2052
1886 2274
79 415
1886 4055
79 1971
1886 2204
79 2687
1886 2012
79 4082
1094 1886
79 1515
1886 2897
79 3392
711 1886
29 79
1886 4115
79 1274
275 1886
79 4506
1886 3895
79 613
1886 2461
79 2794
1886 2509
79 2087
1104 1886
79 2638
1886 2344
79 1861
1494 1886
79 3761
1886 4703
79 4859
954 1886
79 1074
303 1886
79 3904
702 1886
79 4460
1886 2789
79 2620
1429 1886
79 4850
1886 3005
79 3285
1886 4220
79 727
1886 4889
79 4226
1886 3747
79 2913
1144 1886
79 2767
1886 2060
79 1277
1069 1886
79 1831
1886 4642
5 79
1886 3267
79 3081
479 1886
79 3071
1886 4464
73 79
1886 4263
79 650
1886 2486
79 3638
1886 4648
79 3444
488 1886
79 851
1886 4102
79 2750
672 1886
79 3152
324 1886
79 981
1886 3731
79 3253
1886 3558
79 4230
1886 4057
79 330
802 1886
79 2288
1886 2716
79 3567
1886 2045
79 4842
1886 2233
79 1417
1698 1886
79 2558
1886 2007
79 2505
1886 1902
79 4638
1886 3210
79 490
1886 2844
79 2062
634 1886
79 4542
1360 1886
79 1958
1886 4606
79 4242
199 1886
79 1671
1886 4140
79 1530
1886 3470
79 925
1886 4359
79 4941
1614 1886
79 1847
1886 3296
79 1115
1886 4313
79 4612
1390 1886
79 4804
616 1886
79 3225
1886 4617
79 1916
1265 1886
79 2761
66 1886
79 797
1886 4743
79 462
247 1886
79 4198
1886 1901
79 2149
1886 3243
79 3432
1886 4486
79 1518
1886 4315
79 940
1886 2720
79 2166
1886 2962
79 3642
1886 3353
79 1842
133 1886
79 3320
129 1886
79 1027
45 1886
79 2250
1131 1886
79 106
1886 3789
79 1320
1886 3002
79 2462
1886 1891
79 349
1886 4243
79 2511
1886 4322
79 2343
1886 1989
79 230
1886 2725
79 1021
1886 2593
79 4763
1886 4571
79 3930
426 1886
79 2984
1886 2040
79 1558
1501 1886
79 594
1886 2427
79 2726
1886 4246
72 79
1886 2412
79 2198
177 1886
79 1658
159 1886
79 1227
1886 4388
79 3000
1886 3508
79 3443
1886 2197
79 2470
1886 3838
79 3292
1809 1886
79 3346
1886 2755
79 4066
1886 3942
79 4668
1886 3487
79 236
1563 1886
79 710
284 1886
79 550
874 1886
79 878
1886 4389
79 3937
988 1886
79 902
1531 1886
79 4281
1706 1886
79 2650
1886 3203
79 4135
1886 2181
79 1199
1551 1886
79 2522
1886 1898
79 1361
400 1886
79 4017
1886 4143
79 4552
547 1886
79 4523
1886 4866
79 1051
1886 4258
79 4567
268 1886
79 4081
1610 1886
79 999
1886 3528
79 4366
1886 3190
79 1180
1886 3774
79 321
1886 3012
79 4936
367 1886
79 4516
1334 1886
79 3970
1886 3410
79 2125
1599 1886
79 1850
138 1886
79 3919
1886 3413
79 1784
1886 2393
79 1745
1886 3345
79 626
225 1886
79 3728
1399 1886
79 779
1886 4840
79 1084
1886 4710
79 834
1480 1886
79 4713
1886 3414
79 2058
1886 2234
79 2971
1232 1886
79 2111
975 1886
79 1190
1886 4468
79 306
1886 1915
79 3593
1751 1886
79 943
1031 1886
79 2326
1886 3961
79 2679
715 1886
79 824
1886 2065
79 3411
1489 1886
79 2566
1404 1886
79 2661
1886 2226
79 425
1886 4073
79 4625
1838 1886
79 950
1886 2334
79 4231
832 1886
79 2436
1886 2700
79 2724
1886 3900
79 1462
841 1886
79 1085
1678 1886
79 3155
1886 3289
79 1294
1886 2422
79 3484
1886 3618
79 4267
1886 4236
79 404
1886 2252
79 3181
1592 1886
79 4950
67 1886
79 2128
1474 1886
79 3347
1886 4722
79 2134
1886 3341
79 4448
1886 4335
79 3594
1886 4406
79 584
1886 3681
79 492
1886 4438
79 726
1886 4966
79 4521
1886 4814
79 2653
1299 1886
79 4183
1886 4209
79 2023
58 1886
79 3897
1886 4008
79 4585
1886 4101
79 2133
1251 1886
79 4629
1886 2737
79 3579
1886 2173
79 3480
1886 4849
79 4705
1886 2641
79 1400
1173 1886
79 4960
1886 4550
79 4112
1886 2861
79 4583
1886 2847
79 2715
197 1886
49 79
1886 4459
79 3097
1886 4802
79 2506
1886 2538
79 773
1886 2046
79 461
838 1886
79 4969
205 1886
79 1740
1886 3500
79 2321
1886 1937
79 2153
1886 3522
79 437
1886 2140
79 1071
1886 3373
79 2633
101 1886
79 1889
1886 3875
79 839
1886 3186
79 1202
1886 2452
79 1146
1886 3857
79 871
1886 4344
79 1351
1262 1886
79 1419
221 1886
79 4601
1886 3596
79 624
1497 1886
79 3727
766 1886
79 4207
671 1886
79 407
1886 4599
79 1070
83 1886
79 377
1886 4610
79 1139
1886 4870
79 4467
1886 1974
79 3390
1886 3137
79 3603
1886 2649
79 3881
1886 3125
79 2071
1886 2932
79 1011
1886 4812
79 2572
1886 4501
79 1762
527 1886
79 189
895 1886
79 2216
1886 4039
79 4790
1754 1886
79 3449
1886 2164
79 3870
1886 4509
79 1604
1774 1886
79 4985
1886 4026
79 4891
948 1886
79 1410
1076 1886
79 4328
1886 4310
79 3931
1481 1886
79 1552
484 1886
79 1092
1055 1886
79 1748
412 1886
79 2644
1886 4341
79 2851
1029 1886
68 79
1471 1886
79 3637
1886 4446
79 418
1434 1886
79 3073
1807 1886
79 3509
1886 3967
79 827
638 1886
79 3582
853 1886
79 3300
1886 4678
79 3099
1886 3408
79 3141
1886 3804
79 4911
15 1886
79 2775
1886 3578
79 333
1886 3943
79 4773
165 1886
79 4876
1786 1886
79 2357
54 1886
79 175
1886 4660
79 819
1886 4094
79 622
1867 1886
79 1689
992 1886
79 3639
1886 4090
79 1859
1711 1886
79 3030
319 1886
79 156
1886 4682
79 1540
1886 2481
79 90
1886 2663
79 4932
1886 2536
79 2769
1886 4907
79 3163
1688 1886
79 1166
1886 1946
79 1805
283 1886
79 1650
1886 2699
79 3665
1886 3616
79 2838
1798 1886
79 4270
1886 4822
79 3673
505 1886
79 460
758 1886
79 4594
1444 1886
79 3249
1886 3755
79 4564
849 1886
79 831
731 1886
79 2579
465 1886
79 1544
1590 1886
79 1657
1886 3458
79 2074
123 1886
79 3189
920 1886
79 3644
1886 2902
79 756
1886 2846
79 4348
783 1886
79 4019
1326 1886
79 2496
1886 2335
79 2212
1886 4628
79 4321
1886 3529
79 3053
1886 2996
79 1478
1886 3420
79 560
200 1886
79 395
997 1886
19 79
1230 1886
79 3543
1064 1886
79 1855
1886 4968
79 4569
1886 4297
79 3162
297 1886
79 1639
1886 2382
79 3531
1886 2001
79 968
1314 1886
79 1312
1886 4451
79 4810
537 1886
79 2143
661 1886
79 4796
1886 2080
79 2375
974 1886
79 482
759 1886
79 3065
390 1886
79 698
1882 1886
79 2117
596 1886
79 4930
1761 1886
79 666
1886 4675
79 884
1886 3778
79 4734
1886 4154
79 231
1886 4221
79 2877
1886 3822
79 356
676 1886
79 142
1886 2692
79 4165
1886 1922
79 1555
1886 4663
79 728
210 1886
79 1026
1886 4052
79 3321
1886 4915
79 2697
1886 4211
79 4920
1886 3860
79 4410
1886 4114
79 4698
1886 4494
79 2405
1886 2384
55 79
519 1886
79 651
1886 4062
79 3946
1886 3800
79 355
1886 4758
79 3434
1608 1886
79 708
1335 1886
79 1613
951 1886
79 134
91 1886
79 1607
1886 3367
79 936
455 1886
79 1653
474 1886
79 573
22 1886
79 3159
1886 4776
79 4561
223 1886
79 2859
1886 2253
79 815
1886 2696
79 3959
1886 3835
79 720
432 1886
79 699
1886 3555
79 4157
1886 3826
79 408
1886 3015
79 2831
1078 1886
7 79
1127 1886
79 2517
754 1886
79 2116
1886 3909
79 4332
1886 2539
79 822
1886 4054
79 1090
1886 2955
79 389
1886 3837
79 4963
1140 1886
79 4454
1886 4559
79 4012
1886 2380
79 3351
52 1886
79 4691
1589 1886
79 4754
753 1886
79 1547
1598 1886
79 2884
1523 1886
79 3083
820 1886
79 1350
1886 4917
79 3653
1886 2424
79 3678
1886 1986
79 1516
1886 3382
79 843
1886 2361
79 2411
1886 1936
79 1758
1886 3043
79 1710
1442 1886
79 2376
1292 1886
79 687
1886 4647
79 3940
1886 2586
79 2090
1886 2097
79 1414
1886 3135
79 1394
1886 4078
79 3680
1886 2460
79 4949
1886 4282
79 3505
1886 3282
79 1075
1619 1886
79 945
1886 2654
79 1953
1886 2580
79 4488
1713 1886
79 2956
1886 3456
79 4816
1886 2247
79 3329
1886 2800
79 3552
1780 1886
79 94
1886 3230
79 4798
669 1886
79 840
288 1886
79 3149
1886 3304
79 970
1886 3520
79 2305
1886 4724
79 1272
1886 4785
79 3008
1561 1886
79 654
592 1886
79 2855
198 1886
79 1412
1886 4354
79 2467
39 1886
79 842
1886 2056
79 4862
1886 3719
79 362
1886 2030
79 1106
152 1886
79 3702
685 1886
79 3276
1168 1886
79 4117
1886 2881
79 722
1886 3305
79 2446
1886 2795
79 4580
1473 1886
79 3734
1191 1886
79 3248
1886 3415
79 4257
1886 2466
79 2960
1738 1886
79 4070
1886 3556
79 2232
1886 4547
79 3610
1145 1886
79 1086
1081 1886
79 3726
1886 3846
79 2050
1886 2294
79 3228
1886 2360
79 4657
1886 3229
79 392
1886 2172
79 2738
1886 2604
79 421
1886 3112
79 4513
1886 4053
79 4805
1886 3580
79 4481
10 1886
79 4437
1886 4496
79 1959
1886 3025
79 2575
833 1886
79 2439
6 1886
79 800
1886 4473
79 2597
836 1886
79 538
1450 1886
79 3337
1886 4072
79 3891
1886 3762
79 2742
1886 4901
79 2132
1886 1925
79 695
1886 2330
79 3211
1886 4021
79 2912
530 1886
79 226
1886 4363
79 4274
1886 3808
79 3198
1886 2944
79 4192
1886 3760
79 4357
458 1886
79 4294
1886 3034
79 366
1550 1886
79 2219
1346 1886
79 2806
1886 2092
79 1483
1886 2770
79 649
1886 3116
79 1665
1606 1886
79 3849
1886 4058
79 2578
1221 1886
79 1138
1886 2651
79 2623
1118 1886
79 3926
1886 2398
79 3264
1886 2749
79 3195
1886 2878
79 502
1408 1886
79 3549
1886 2408
79 3094
1886 3023
79 2814
1886 3193
79 148
255 1886
79 4922
1886 4747
79 3674
1524 1886
79 1309
1777 1886
79 2701
1827 1886
79 2890
973 1886
79 3863
1886 2282
79 3438
1886 3631
79 2874
1366 1886
79 1990
1886 2783
79 1041
1886 2921
79 2856
1886 3173
79 3020
1886 3568
79 273
216 1886
79 4032
1886 3056
79 3197
1886 3773
79 4415
1886 4895
79 96
1886 4956
79 1468
1560 1886
79 2935
1886 2862
79 3984
1886 3544
79 2077
1189 1886
79 2606
1886 4807
79 1961
1643 1886
79 504
1727 1886
79 3753
457 1886
79 3656
1034 1886
33 79
1886 2263
79 2975
1886 3962
79 1593
1886 3539
79 386
1886 3764
79 3889
1886 2175
79 4326
1886 4145
79 1430
1886 1890
79 4170
1886 3314
79 1708
1886 1984
79 254
1886 2611
79 234
1137 1886
79 750
1886 4534
79 2985
1886 2386
79 3215
1886 3652
79 4391
1491 1886
79 4793
310 1886
79 4381
1886 4232
79 591
143 1886
79 2669
1886 2659
79 4811
905 1886
79 3669
1378 1886
79 1290
1886 3252
79 855
1886 2112
79 1396
1886 4385
79 248
1886 2938
79 1100
1418 1886
79 964
1053 1886
79 3130
1886 3830
79 1142
1886 4683
79 2207
1368 1886
79 111
955 1886
79 3683
1886 3041
79 4268
1886 2731
79 3982
1886 3070
79 446
1886 3868
79 1778
1886 4043
79 3270
1886 2054
79 4096
1886 3769
79 3972
1886 2416
79 2458
1886 2842
79 3291
1886 3209
79 4428
1886 2504
79 2613
1357 1886
79 3105
1886 2924
79 4719
1886 3687
79 128
1886 2622
79 4329
1837 1886
79 4530
1886 3216
79 813
1886 2435
79 2602
604 1886
79 869
110 1886
79 4954
304 1886
79 3401
1886 3251
79 445
98 1886
79 4582
1886 3602
79 4219
1886 2785
79 3772
1584 1886
79 2210
1048 1886
79 2892
1102 1886
79 4152
1886 3633
79 3120
1886 4995
79 4271
1886 2202
79 3440
1886 4984
79 2432
1564 1886
79 729
1886 2211
79 433
1886 2324
79 2218
656 1886
79 934
1225 1886
79 2291
864 1886
79 3945
1141 1886
79 1833
1886 3668
79 1626
1886 3738
79 4217
1886 3006
79 1628
1886 3204
79 475
1886 4340
79 1087
190 1886
79 3340
1886 1908
79 2524
1886 3358
79 1991
1886 4287
79 3046
1886 3811
79 2067
1886 3108
79 3969
1886 2445
79 1282
1032 1886
79 3123
1886 3566
79 4068
279 1886
79 2807
1886 2872
79 2863
1886 4458
79 2544
1886 4756
79 4795
1886 4023
79 2169
1886 2721
79 108
825 1886
79 3386
1886 4169
79 1388
1886 4206
79 3334
1886 4524
79 2280
1886 4872
79 3840
1886 2595
79 4182
1886 4857
79 2489
749 1886
79 291
1886 2879
79 1757
1886 2428
79 1721
1886 4042
79 1997
781 1886
79 3503
1886 3027
79 4508
1177 1886
79 641
1886 4195
79 2634
1886 2070
79 266
524 1886
79 2973
1886 2541
79 2515
1886 3295
79 385
1886 3280
79 3226
1886 4163
65 79
933 1886
79 983
1886 2356
79 3922
1886 4147
13 79
1886 4655
79 4238
1886 2388
79 3069
1886 4265
79 2123
1886 3786
79 1654
1886 4392
79 4543
1192 1886
79 690
232 1886
79 4492
1886 3597
79 1215
1886 3947
79 406
1886 3847
79 2989
1307 1886
79 1624
1886 4783
79 1062
1347 1886
79 3821
1886 2295
79 1567
1423 1886
79 2744
1700 1886
79 2917
1886 4367
79 1636
1886 2826
79 2916
260 1886
79 3685
1886 4469
79 2102
1886 4426
79 1565
1886 2734
79 4234
1886 3525
79 1321
1886 4033
79 3357
1886 1914
79 3231
1886 4988
79 2981
1886 4150
79 4649
1886 3803
79 1455
1886 4700
79 1264
1502 1886
79 2883
751 1886
79 383
1886 2790
79 2463
1627 1886
79 3486
1886 2799
79 4402
1886 4131
79 1967
1886 2952
79 989
1886 4006
79 1008
880 1886
79 1263
1886 2784
79 4815
1886 2146
79 1887
1886 3554
79 1907
1886 3213
79 250
1886 4411
79 2346
1886 1939
79 1622
1886 2453
79 3332
1886 4036
79 1171
1886 3614
79 2693
371 1886
79 2374
1886 4489
79 3797
1886 2780
79 1342
1886 3583
79 2221
1734 1886
79 105
1651 1886
79 3712
1886 4562
79 1884
240 1886
75 79
1886 2406
79 3441
932 1886
79 2967
1886 4409
79 3185
1513 1886
79 1469
1886 2273
79 2630
952 1886
79 3952
1886 4213
79 405
1475 1886
79 4858
574 1886
79 1562
629 1886
79 1015
1839 1886
79 3590
915 1886
79 350
1886 4792
79 3798
436 1886
79 1333
1886 4137
79 903
1886 4439
79 3991
1328 1886
79 92
944 1886
79 4308
1096 1886
79 1143
918 1886
79 317
845 1886
79 1929
1886 3504
79 528
1886 2703
79 4254
1886 2906
79 3780
1886 4224
79 2753
1886 3266
79 1623
1886 2191
79 3877
1886 4899
79 514
1886 4330
79 4925
145 1886
79 3771
986 1886
79 3362
348 1886
79 3621
786 1886
79 4275
1886 4331
79 558
1886 4664
79 3801
1886 4680
79 546
374 1886
79 463
1886 2342
79 2608
1886 3890
79 958
1886 4079
79 3645
113 1886
79 1968
1864 1886
43 79
1886 4914
79 3208
1886 2319
79 1504
1886 4502
79 325
1886 4928
79 3311
1886 3927
79 3087
1886 2256
79 760
89 1886
79 4212
1886 4977
21 79
1886 3739
79 3884
495 1886
79 139
1886 3598
79 1767
1886 2129
79 1719
1886 3466
79 2728
1886 3829
79 4306
1886 3793
79 3770
1886 2523
79 4741
532 1886
79 576
1886 4149
79 3901
1886 4955
79 568
1886 4148
79 4396
1886 3206
79 1912
1049 1886
79 1447
1886 3859
79 503
1886 3325
79 206
1886 3269
79 684
1886 2657
79 1482
1886 4507
32 79
1113 1886
79 4962
1886 2688
79 2135
1886 2503
79 2929
1886 3941
79 4493
1886 3348
79 3115
1886 3399
79 4596
1886 4574
79 2276
1338 1886
79 1223
1705 1886
79 2722
1886 4204
79 3675
1886 2712
79 309
1886 3098
79 3139
1886 4529
79 4355
351 1886
79 1486
1886 4093
79 2033
1886 2171
79 4379
1886 2796
79 564
1886 4589
79 207
1848 1886
79 2124
1886 3355
79 1570
57 1886
79 3886
736 1886
79 4422
1886 3301
79 2429
1886 2658
79 2779
1886 4024
79 1436
1886 4873
79 4203
1886 2215
79 4255
1119 1886
79 4833
1886 3615
79 1077
1310 1886
79 4851
183 1886
79 949
307 1886
79 4092
1886 2378
79 2521
1305 1886
79 396
1886 2853
79 4380
1886 3324
79 1791
1886 3450
79 3882
1886 2085
79 919
1596 1886
79 3188
1101 1886
79 847
1886 2976
79 4935
1886 3259
79 4823
1866 1886
79 1576
1886 4607
79 3234
1886 4241
79 2239
1886 2349
79 2220
1886 4619
79 370
1675 1886
79 1315
1886 3038
79 985
238 1886
79 2860
635 1886
79 662
1886 4903
79 535
1224 1886
79 1303
1886 3183
79 830
1886 3176
79 3988
1886 4661
79 171
1406 1886
79 512
1886 3682
79 1432
388 1886
79 1222
1886 4739
79 4046
244 1886
79 570
1886 4191
79 1732
1770 1886
79 4844
1536 1886
34 79
25 1886
79 1242
1886 2043
79 2626
46 1886
79 663
1886 3218
79 4974
857 1886
79 3037
962 1886
79 567
1886 3736
79 1527
393 1886
79 3708
1886 4553
79 158
1886 2615
79 3427
1649 1886
16 79
1886 2994
79 3262
891 1886
79 1714
114 1886
79 1124
1886 4441
79 3106
856 1886
79 3643
1886 4205
79 193
1886 3033
79 3059
507 1886
79 1785
1231 1886
79 2933
1886 4590
79 1121
1886 4692
79 3096
1886 4978
79 553
1683 1886
79 3586
1886 3483
79 2871
1886 4791
24 79
1886 4339
79 3464
1739 1886
79 4986
1886 2804
79 543
1411 1886
79 3825
1363 1886
79 1123
219 1886
79 2076
1886 4704
79 3953
1886 3818
79 1728
1886 4778
79 4106
1886 2802
79 2325
1822 1886
79 2813
1886 3852
79 2552
1886 1948
79 4548
1439 1886
79 4735
1172 1886
79 2264
1886 1903
79 3711
169 1886
79 3499
1886 2818
79 4720
1886 2735
79 228
1886 4309
79 157
1886 3127
79 648
1886 3670
79 3068
1886 3491
79 1293
1869 1886
79 2594
1273 1886
79 1638
1886 3371
79 1661
1886 4641
79 1160
859 1886
79 4327
160 1886
79 4635
1886 1941
79 721
1578 1886
79 4717
1597 1886
79 150
1437 1886
79 734
1525 1886
79 4769
1750 1886
79 1243
1886 1904
79 4973
1886 4883
79 1164
1886 2184
79 1169
1886 4397
79 2707
1886 2765
79 3740
1886 4153
79 1811
1886 3691
79 326
1886 4162
79 1860
1886 4178
79 3064
1886 2526
79 3538
1787 1886
79 3732
476 1886
79 4581
1886 2266
79 829
872 1886
79 4180
1886 2028
79 890
464 1886
79 201
1886 2531
79 764
1886 3807
79 4687
1886 4395
79 658
1488 1886
79 3445
1886 3007
79 3448
1886 3718
79 4253
1176 1886
79 313
1886 3022
79 582
506 1886
79 126
1886 2174
79 4444
1179 1886
79 2836
1886 3391
79 621
1886 4912
79 227
1886 4116
79 3275
1886 2298
30 79
1886 4312
79 375
828 1886
79 2444
1617 1886
79 3713
1886 4286
79 2177
1886 1894
79 1987
1463 1886
79 761
1886 4177
79 2710
1886 3776
79 2083
542 1886
79 1715
430 1886
79 4869
1886 4845
79 1373
1886 3756
79 4186
767 1886
79 3107
1195 1886
79 3743
1004 1886
79 4991
1886 4882
79 500
1886 4624
79 1828
1886 3850
79 3255
337 1886
79 675
1886 4130
79 4598
1886 2820
79 697
1886 3630
79 947
1886 4937
79 893
1886 2455
79 2142
1886 4136
79 2919
1073 1886
79 3293
1886 4634
79 4097
1886 3994
79 1909
562 1886
79 4132
554 1886
79 1927
1886 3110
79 3316
1886 3274
79 3260
1886 2691
79 2222
185 1886
79 168
1886 2114
79 2336
1886 3569
79 946
1886 2351
79 4846
1886 3091
79 424
1 1886
79 3640
1114 1886
79 2888
1886 3751
79 1331
1886 2963
79 1522
453 1886
79 2093
1886 4472
79 1660
1600 1886
79 4537
1886 3960
79 267
513 1886
79 1932
1886 3124
79 4091
1814 1886
79 2828
1886 3545
79 4976
1886 2369
79 1919
1886 2354
79 1965
1886 3283
79 3370
1886 3581
79 3003
1886 4898
79 3763
80 1886
79 1457
270 1886
79 122
837 1886
79 3489
1886 4009
79 4201
1886 4408
79 821
409 1886
79 3168
1886 3918
59 79
1886 2279
79 679
1886 1993
79 4161
1495 1886
79 4913
1440 1886
79 4356
1886 3194
79 2195
1318 1886
28 79
402 1886
79 378
360 1886
79 137
1886 4510
79 1924
956 1886
79 3118
1886 4800
79 1702
1886 3393
79 3676
826 1886
79 4305
1886 3703
79 3990
1886 4837
79 2223
1886 3169
79 971
1886 2745
79 2983
1886 3475
79 4775
1886 4910
79 3273
1886 4834
79 2905
1886 3089
79 717
1097 1886
79 3748
153 1886
79 4994
398 1886
79 2308
1886 4133
79 2307
1886 4708
79 1066
1886 2442
79 803
606 1886
79 1269
1886 2039
79 531
1886 3647
79 627
1886 4175
79 2733
1886 2213
79 3238
1620 1886
79 1151
763 1886
79 4887
1886 3842
79 1122
1886 4200
79 4613
1886 4040
79 496
924 1886
79 3869
733 1886
79 4531
1886 2303
79 3996
1413 1886
79 3561
1886 3360
79 3085
252 1886
79 1460
1886 3061
79 4738
823 1886
79 4727
1405 1886
79 1829
1886 4098
79 3323
745 1886
79 2017
1844 1886
79 3660
1886 2635
79 246
770 1886
79 4927
1886 2473
79 3063
1886 2706
79 2751
1324 1886
79 4799
1886 3472
23 79
1886 2032
79 572
69 1886
79 224
1886 4794
79 4784
578 1886
79 4016
1886 2684
79 2689
