5000
{{{{{}}}{{}}}}{{}{{{{{}}}}}{{{}}{{}{{}{}{{{}{}}}{{}}{}{}}{}{}}{{}{{{{}{{{{{{{{{}{}}}{{}}{{}{{{}{{}{{{}{}{}}}}}{}}}{{}{}}{}{{}}{{{}}{}}}}}{}}{}{{}{{}{{}}}}}}}}}{{{}}{}{}}{}}}}{{{{}}{{}{}{}{{{{{}{}{{{}}}}}{}{}}}}}}}}{{}}}{}}{{{{}{}{{}{{{}{{}{}{{{{{{}}}{}{}}{{}}{}}{}}{{}}{{{}{{}}}{}{}{{}{{{{{{{}{}{}}}}}}{}{{}{{{{{}{{{}{{{{}{}{{{{{}{{}}{{}}{}{}}{}{}{{}{}{}{}{}{{}{}{{}}{}{}}{}}}{{}{{}{}{{{{{}}{}}{{}}{{}}}}{}{}}}{{}{{{{}{}{}}{{{}{}}{}}}{{{}{}{{{{}}{}}}{{{}{{{{}{{}}{}}{}}}}{}}{{}}}}}{}}{}}}{{}}{}{{}{{}}{{}{{}{}}{}{{}}}}{}}}}}}{}{{}}}}}{}{}{}{}}}{}{}}{}{{{}}{{}{{}{{{{{{{}}{{{}}}{{{}{{}{{}}{}{{}}}}{}{}{{}{}}}}{{}}{{}}{{{}}{{}}}}{{{}{}}{{}}}{}}{}}{{}{}}{{{{}}}}{{}}{}{{{}}}}}{{{{{}}{{{{}}{{}{{{{}{}{{{}{{{}}{}{{{{{}{{}{{}{}}}}{}}}{}{{{}{{{}}}}{{}{{{}{}{}}{}}{{{{}{{{{}}}{}{{{{{{}}}{{{{}{{}{}{{{{}{}{}{{{}}}}{}{}{{}{}{}{{}}{{}{{{{}}{}}}{}}}{{{}}{{{}}{}}}}{}}}}}}{{}}}}}}{}}{{}{}{}}{}}{}}{}}{}{{{}{{}{}}{}{}{}{}}}}{}}}{}}{{{}}{}{{}{}}{}}}{{{}{}{}}}}}{}{}}}}{{}}}}}{}}{{{}{}{}{{{}}}{{{{{}}}{}{{{{}}{{{{}}{{}{{{}}}{}{{{}{}}}{{}{{{{}{{}{{{}}}{}}}{}}}{}}}}{{{{{{}{}{}{}}}}{}}}{}{}{{}{{}{{{{}}}}}{{{{{{{}}}{}}{{{{}}{{{{}{}}{{{{}}{}}{}{}{}{}}}{{{{{{}{}}}{{{}{{}}}}}}{}{{}}}}}}{}{{{}}{{}{}{{}{{}}{}}}}}{{{{{}{{{{{}}}{{{{{{{}}{{}}{{{}}}{{}{{}{{{}{}}}{}}{}{{{{}{}}{{}{}}{}{}{{{{{}}{}{}{}}{}}}{{{{}{}}}{}}{}{}{}{}{{{}{{}{{{}}}}{{}{{{}{}{{}{}}}{}{{{}}}}{{{}}{{}{}{{}}}{}}{}}{{{{}}}{{}}{{{}}}{}}{{{{{}}}}}{}{{{}}{}}}{}{{}{{}}{}}{}}{}}}}{}{}}{{}{}{}}}}}}{}}}{}{}{{}{{}}}}}}{{}}{}}}{{}}{}{{}}}}{{{}}{}}{{{}{}}}}{{}}{}}}}{{}{{{{{{}}{}}{{{}{}{{{}{}{{{{}{{{}{}{}{}{{{{{}}{}{}}{}}{{{}{{}{}{{}{{{}}{}{{}}}}{{{{{}{}}{{{}{{{{{}}}{{{{}{}}{}}}{{}}}}{}}{{}}}{}}}{}}}}}}}}{{}{}}{{{}}{{}{{{{{{}{{}}{{{{}{}}}{{}{}{{}{{}{}{{{}}{}}{{}{{{}{{{}}}}{{}}}{{{{{{}{{}}}}{{}{{{}}}{}{{}}{}{{}{}}{{{{}}{{}}}}{}{}{{}}}}{}{}{}}}}}}{}}}{}{}}{}}{}{{{{}{}{}}{}}{}{{}{{}{{}{}}{{{}{}{}{{}}{}}{{}}}}{}}{{{}}{{{}}{}}{{}{}{}}{}}{}}{}}}{}}{{{{}}{{{}{{}}{}{{}{}{}}}}}{}}}{}{{}}{{}}{}{{{}}{}}}}}{}}{{}}}}}{}}}}{}}{}}{}{{}}{}}}{}}}{{{}}}{}{{{}{{{{}}}}}{{}}{}{{{}}}}}}{}}}}{}{}{{}{}}{{{{{{{}}}}}}}}}{{{}{}{{}{{}}{{}}}{{}{{{}}{}{}{{}}}{{{}{}{{}}}{{{{{{}}{{{}}{{}{}}}}}{}{{}{{{}}}}{{{}}}{}{{}}}}}}{}{{{{}}}{}{{}}{}}{}{{{{}{{}}{}{{}{}{}}{}}}{}{}{}}}}}{{{{{{{{{{{}}{}{{}}}{{{}{{{}}}}}}}{}{}{}{{}}{}{{}}}}{}}}{}}}}}}}}}}}{}}{{{{}}{}{}{}{}}{}{}}}}}{}{{}{{{}}{}}{}{}}}{}{{}}}}}}}}}}}{{{}}}}}{}{{}{{{{}}{{{}}{}}{{}{{{}{{{{{}}{}{{{}}}{{}}}}{{}{{{}{}{{}{}{}{{}}{{}}{{{{{{}{{}{{{}}{{}}{}}{}}}}}{{{}{}}{}{{}}}{{{}{}}}{{}{}}{{{{{}{{}{{{}{{}{{}{{}}{{}}{{}{{}{}{}{{}}}}}}}{}}{{{}}}{{}}{}{{}{}{{}{}{}}}{}}}}{{{{}}}{}}}}}{}{{{}{{}{{{{{{{}{}}}}{{{{}{{{{}}}}{}}{}{{}{}}{{}}{}{}}{}{}{{{{}}{}{}{}{{{}{{{}}}{{}{}}}{{}{{{}}{}{{{{}}{{{}{{{}{}{}{}}{}{}{{}}}{}}{{}}}{{{}{}}}{{{{}{{}}{}{}}{{{}}{{{}}{{{}{}}{{}}{{{{}}}}}}}}}}{}}{}}}{{}}}}{}{}}{}{{}}{{{{}}{}}}}{{}{}{{{}}{}}{}{{}}}{{}{{{{}{}{{{}}}{}}{}}}{}{}}{{{}}{}{}{}{}}}{{}{{}}{}}}}}}}{}{{}{}}}{}}}}{}}{{{{{{{}{}}}{{{}}{{}{}{{{}{}}{{{}}}}{{{}}{}}{}{}}}{{{}{{}}}}{{}{}}}}{{}{{{}{}{}{}}{}{{}}}}{}}}{}}{}}}{{}{{{}{}}}{{{}{}{}{{{{{{}}{{{}{}{{{{}}}{{{{}{}{{}}}}}}{}{}{}{{}}}}{}}}}{{{}{}}}{}{{}{{}}{}}}}}}}{{{{{{{{{}{}{{}}}{{}{{}{}{{}}{}{}{}{{{{{{}{}}}{{{{{}{}{}{{{}{{{}{{}{{{}}{{}}{{}}}{}{{{{}}}{{}{{{{}{}}}}}}}{}{{{{{{}}}}{}}{{}}{{}{}}{{}}{{}{{{{}{}{}{{{{}{}{{}{{}{{{{{{}}{{}{}{}}}}{{}{}}}{{}}{{{}{}}}{{}}{{{}{{}{{}}}}}{}}{}{{{{}}{}{}{{{{}}{}{{}{}}}{}}}}{}{}{}}{{}}{}}{}}}}}}{}{{{}{{}{}}{{{{{{}{{{}{}}}{}{}}{}{}}{{}{}}}}{{}{}}}}}{{{}}{}{{{}}}{{}}}{}}}}{}{{{{{}}}{{}{}}}{{{}{}{{}}}}}{}}}}{}}{}{}{}}}}}}}{{{{{}{{{{}}{{}}{}}}{{{{{}{{}}}}}{{{}{}}{}{}{{{}}{{{}{{}{{}{}{{{{}{}{{{{{}}{}{}}{}{}{}}}{}}}{{}}}}}{{}}}}{{{{}}{}{}{{{}{}}{{}}{}{}}{{{{}}{}{{}}}{{}{}{}{}{}{}{{{}{{{}{}{{}{}}{{{}}}{{}}{}{{{}}{}{{{{{}{}}{}}}}{{}}}{{{{{{}{}}}}}}}{}{{}}}}{}{{}{}{}{}{}}{{}{}}}{{}{{{{{{}{{}{}}{}{{{}}}{}}{}{{{}}{{}{}{}}{{}}{}}{{}}{}}}{{{{}}{}{{{{{{}{}}{{}{}{}{}{{{{}{{}{{}{{{{{{}{{}{}{{{{}}{{{{}}}}}{}}}}{}{{}{{}}}}{}{{}{}}{{{}}}{{}{{{}{{}{}}}{}{}{}{}{}{{}}{{{{{}{}{{{}}{{{}}}}}}}}{}}{}}{}{}{}{}{}{{}{{{}}{{}}{{}}}}}}}}}{}{}}{}{}}}{{{{}{}{}}}}{}{}}}{}{{{}}{}}}{{{}{{}}{{{}}{}{{}}{{}}}}}{}{{{{{}}}{{{}}{}}}{}{}}}}}}}}{}{}}{}{{}{}}{}}}{{{}}{{{}{}{}{}{}}{}}}{{}}}{{}}}{{}{{{}}}{}{}}}}}}{{{}}{{{}{{{{}}{{}}{}}{}{}}{{{}}{{{{{}{{}{}{{{{}{{}}{}}{}{{}{}}}}{{}}{{{}{}}{{}}}}{{{{{{}{}{}{}}{}{}{{{{}}{}{{}}{{{}{{}{{{{}{{{}{}}}{{}}{}{{{}{}{}{{}}}{}}{{}{}}{}}}}}}{}}{}{}}{}}}}}}{{}{}{{{}}{}{}{{{}{}}{}}{{}}}}}{}}{}}}}{}}{}}}}{{{}{}{}{}{{}{}}}{{{{{{{{}}{}}{}}{{}{{{}{{{}{{{}}}}{}{{}{}{}}{{}}{{{{}}}}}{}{}{}{}{}{{{}{}{{{{}}{}}{{}}}}{{}}}}{{}}}}{}}{{{{{}}}{}{{{}}{{{}{}{}{{{}}}{{}{{}{{}}{}{}}}{}{{{{}}{}{}{}{{}{{}{}{}{{}}{{{}{}{{}}}}{{{{}}{{{{}{}{}}{}}}}{}{{{}{}}}}}}}}}{{}{{}}{}}}}}{}}{{{{}{}}{}{}}}{}{}{}}}{{}}}{{{{{}}}{{{}{}}}}}{{{{{}}{{}{{{}{}}}{{}{}{}{}}{{{}}{}}{}{}}{}{}}{{}}}{{}}{{}{}}}{{{}{}{{}}}}}}{}}}}}}}{{}}}{}}}{}}{}}{}{}}{{{}{}}{}{{}}{}{{}}}}}}{}{{{}{{{{}{{{{{}{{{}{}{}}{{}{{{{}{}}}}{{{}{{}}}{{{{{{{{{}{{}{{{}}{}{}}{}}}{{}{{{}}}{{}}}{}}{{{{}{{}{{}{{{}}}{}{{{{}}}}{{{}{{{{}{{{}}}}}{}}{{{{}}{{}}}{{{{}}{}}{{}}}{{{{}{}}}{{{}{}{}}{{}{{{}{}{}{}}}{}{{}{}}}}}{{{}}}{
1 3502
1 2470
3413 3502
1 2647
3502 4823
1 890
2508 3502
1 167
1021 3502
1 4032
1789 3502
1 2163
3365 3502
1 3515
3502 3775
1 329
3502 4304
1 939
337 3502
1 3261
1329 3502
1 1004
3502 4007
1 197
1616 3502
1 170
3399 3502
1 2623
119 3502
1 4128
156 3502
1 4392
3502 4683
1 1804
3324 3502
1 1212
3502 3518
1 2994
486 3502
1 3651
2713 3502
1 415
168 3502
1 396
2885 3502
1 1477
3502 4117
1 3416
3502 3514
1 2767
1095 3502
1 1507
1515 3502
1 2457
1937 3502
1 2509
2040 3502
1 597
1784 3502
1 574
1496 3502
1 2988
3191 3502
1 2340
1912 3502
1 3748
590 3502
1 2911
3308 3502
1 718
3502 4633
1 1868
2689 3502
1 1080
1570 3502
1 4572
1744 3502
1 2939
929 3502
1 1586
1911 3502
1 1423
1906 3502
1 3418
3502 4808
1 67
2009 3502
1 632
3502 3723
1 1104
2568 3502
1 1182
1620 3502
1 1823
2248 3502
1 2435
1474 3502
1 3511
3502 3753
1 3594
334 3502
1 1020
2787 3502
1 4358
2111 3502
1 2562
1537 3502
1 1816
3502 4347
1 4996
102 3502
1 513
3502 4565
1 925
1747 3502
1 1022
3502 4610
1 1146
1697 3502
1 68
1484 3502
1 743
1440 3502
1 1883
2261 3502
1 4033
3235 3502
1 328
3502 4453
1 3942
3205 3502
1 2333
789 3502
1 1510
546 3502
1 4236
1705 3502
1 1757
3502 4242
1 771
852 3502
1 1371
1398 3502
1 1776
2175 3502
1 2975
375 3502
1 1743
3502 4010
1 3987
2315 3502
1 4663
1039 3502
1 3867
3502 3963
1 3636
3502 3547
1 1561
532 3502
1 2646
3502 3604
1 4661
3502 3712
1 4952
3142 3502
1 3679
3369 3502
1 3163
3502 4270
1 868
3502 4930
1 3953
3502 4094
1 74
3502 4295
1 3583
802 3502
1 995
3502 4169
1 2216
2676 3502
1 3786
1437 3502
1 2460
812 3502
1 5000
3502 3812
1 3897
3502 4342
1 3359
823 3502
1 4068
3502 3940
1 2023
3244 3502
1 3054
2860 3502
1 853
481 3502
1 4146
1777 3502
1 2002
1267 3502
1 4563
3502 4372
1 253
3502 4368
1 2051
3502 3988
1 2414
3502 4126
1 162
1813 3502
1 4938
1379 3502
1 2602
2445 3502
1 1215
3502 4579
1 1684
2538 3502
1 482
3502 4053
1 3026
3280 3502
1 3726
3502 4292
1 4182
2546 3502
1 3853
282 3502
1 589
3285 3502
1 3508
3502 4382
1 1573
2714 3502
1 443
2934 3502
1 1518
863 3502
1 4373
369 3502
1 3935
112 3502
1 1186
2074 3502
1 2101
3502 3693
1 1736
2371 3502
1 751
59 3502
1 3819
232 3502
1 547
2180 3502
1 1012
3502 4514
1 4398
525 3502
1 2363
3502 4967
1 476
1805 3502
1 2587
908 3502
1 1590
254 3502
1 3681
3502 4318
1 4844
3502 4206
1 3805
3502 3872
1 806
3165 3502
1 243
3502 4944
1 118
1008 3502
1 3597
3502 4489
1 464
3502 4924
1 4523
2677 3502
1 3512
833 3502
1 4159
3502 4896
1 4866
2393 3502
1 714
2533 3502
1 2599
258 3502
1 498
2506 3502
1 2800
2681 3502
1 1124
2733 3502
1 4225
140 3502
1 2781
2389 3502
1 1748
1454 3502
1 1130
158 3502
1 2102
798 3502
1 797
2218 3502
1 3836
3502 4288
1 1121
960 3502
1 20
724 3502
1 3355
641 3502
1 4905
1685 3502
1 775
3034 3502
1 845
3024 3502
1 2504
3502 3968
1 4525
17 3502
1 4369
1745 3502
1 4062
3502 4443
1 2357
3502 3509
1 3581
3502 4076
1 1837
2323 3502
1 879
707 3502
1 3911
3502 4933
1 749
131 3502
1 2211
3502 3657
1 3811
2851 3502
1 4009
2644 3502
1 2410
12 3502
1 4862
1452 3502
1 2160
2923 3502
1 4535
265 3502
1 3038
2062 3502
1 691
2641 3502
1 872
999 3502
1 4973
2118 3502
1 1834
2833 3502
1 3898
3327 3502
1 2765
484 3502
1 1606
1758 3502
1 1147
214 3502
1 3213
3502 3691
1 4110
338 3502
1 733
367 3502
1 3218
2965 3502
1 1013
3502 4746
1 4586
3502 4415
1 4041
3502 4354
1 3770
2962 3502
1 4034
3390 3502
1 3108
2672 3502
1 419
2358 3502
1 4883
3502 3562
1 370
3169 3502
1 3631
427 3502
1 242
1163 3502
1 4936
3502 3531
1 628
1002 3502
1 2780
3098 3502
1 3941
487 3502
1 4660
3502 4656
1 2856
3146 3502
1 4200
3502 3612
1 4299
51 3502
1 3400
1376 3502
1 78
3224 3502
1 710
1462 3502
1 2461
2397 3502
1 3153
884 3502
1 923
1634 3502
1 3421
2490 3502
1 1347
3502 4056
1 1258
1374 3502
1 2652
293 3502
1 3516
3502 4806
1 1836
3502 4981
1 1862
3502 4147
1 2321
3461 3502
1 4109
1295 3502
1 3229
1131 3502
1 4218
1227 3502
1 4060
3502 3533
1 2031
3502 3539
1 4241
517 3502
1 4550
3502 4504
1 3633
3502 4548
1 4324
3502 3675
1 4515
1151 3502
1 3194
2808 3502
1 1032
3425 3502
1 3861
662 3502
1 3158
3502 4451
1 3130
3502 4307
1 1803
1583 3502
1 3756
3502 3922
1 2113
3502 3772
1 3296
2325 3502
1 1469
637 3502
1 4213
1549 3502
1 3075
413 3502
1 4602
3494 3502
1 1196
2997 3502
1 4390
3502 4780
1 1065
849 3502
1 4461
3502 4141
1 4266
2927 3502
1 1466
2565 3502
1 4650
841 3502
1 287
1991 3502
1 815
1016 3502
1 149
2087 3502
1 3406
137 3502
1 39
2741 3502
1 3980
1898 3502
1 2723
3502 4699
1 2138
1034 3502
1 4487
3502 4785
1 2398
3502 4097
1 2590
3502 4990
1 3577
1346 3502
1 327
3502 4439
1 681
3502 3927
1 3823
3502 4618
1 1077
3502 3542
1 4400
2843 3502
1 30
1921 3502
1 1201
356 3502
1 2232
2898 3502
1 3402
1945 3502
1 773
277 3502
1 3506
3502 4296
1 2612
322 3502
1 3289
820 3502
1 2666
2203 3502
1 2901
2626 3502
1 2614
1018 3502
1 2288
3502 4991
1 4476
2584 3502
1 643
3502 4191
1 731
3502 4781
1 613
371 3502
1 1814
3502 4761
1 1811
3502 4754
1 4763
3502 4433
1 2204
626 3502
1 3640
3502 4674
1 583
663 3502
1 1011
2528 3502
1 1393
1855 3502
1 3196
333 3502
1 4393
3292 3502
1 2394
3502 3983
1 2426
3184 3502
1 4671
3036 3502
1 2401
2007 3502
1 2174
2269 3502
1 2468
3502 4762
1 4500
3502 4178
1 4005
2019 3502
1 765
3260 3502
1 2947
1621 3502
1 290
3502 4993
1 821
1234 3502
1 1623
1730 3502
1 3002
3502 4345
1 1157
3502 4613
1 3211
3502 4774
1 2978
3502 4892
1 1661
2302 3502
1 1707
3502 3568
1 1427
48 3502
1 2478
1815 3502
1 4582
3119 3502
1 2354
54 3502
1 2628
2373 3502
1 2938
1738 3502
1 1024
1418 3502
1 1407
940 3502
1 365
2337 3502
1 654
3214 3502
1 4619
361 3502
1 1229
3502 3563
1 3658
3502 3747
1 3727
1973 3502
1 4185
1501 3502
1 528
768 3502
1 3103
3502 4291
1 4897
2822 3502
1 3398
155 3502
1 763
659 3502
1 3099
3502 3926
1 3925
3502 3614
1 368
3502 3943
1 876
88 3502
1 3000
3502 4676
1 4248
3464 3502
1 165
2600 3502
1 127
3502 3647
1 4538
3109 3502
1 622
639 3502
1 1530
2869 3502
1 1870
2592 3502
1 296
200 3502
1 1149
543 3502
1 3807
835 3502
1 3207
2784 3502
1 3969
3502 3918
1 4798
656 3502
1 85
689 3502
1 1228
2959 3502
1 1179
3502 4625
1 2104
3502 4026
1 4274
3502 4542
1 1317
3502 4719
1 1103
831 3502
1 4755
3502 3526
1 623
3442 3502
1 1429
1779 3502
1 810
1313 3502
1 759
1369 3502
1 386
1884 3502
1 2147
3502 3919
1 675
976 3502
1 1051
3441 3502
1 3732
577 3502
1 1924
3502 3504
1 2882
2701 3502
1 2606
255 3502
1 2098
2182 3502
1 902
3502 4544
1 4789
1328 3502
1 3270
2100 3502
1 3946
650 3502
1 2192
2275 3502
1 3520
3502 3846
1 2003
2494 3502
1 3954
3502 3757
1 4574
3502 3920
1 3376
3495 3502
1 936
1291 3502
1 1431
1364 3502
1 4133
1070 3502
1 682
300 3502
1 2442
3303 3502
1 3435
2877 3502
1 460
1513 3502
1 2925
2989 3502
1 4294
1365 3502
1 824
2970 3502
1 838
3378 3502
1 4473
2977 3502
1 1521
3502 4941
1 2823
1567 3502
1 2402
3414 3502
1 2291
3502 4802
1 42
809 3502
1 2711
2880 3502
1 2390
3502 4157
1 926
3197 3502
1 4118
3412 3502
1 1354
382 3502
1 2213
3448 3502
1 3222
3502 3701
1 699
3502 4061
1 2427
3502 4028
1 4511
2720 3502
1 228
1716 3502
1 2575
2226 3502
1 2696
2418 3502
1 4553
3502 4290
1 2838
402 3502
1 2046
3502 3794
1 1944
523 3502
1 160
1435 3502
1 3721
2749 3502
1 2855
598 3502
1 954
942 3502
1 60
3386 3502
1 2653
1649 3502
1 4764
948 3502
1 1390
3502 4737
1 2298
2342 3502
1 1799
3502 3866
1 1031
2250 3502
1 2428
3502 4039
1 272
1286 3502
1 3806
1448 3502
1 3076
2721 3502
1 1975
3497 3502
1 1655
3502 3832
1 3454
3502 4908
1 1662
268 3502
1 3177
3502 4956
1 2505
3502 3688
1 2839
3502 3769
1 2065
135 3502
1 4134
1063 3502
1 359
3502 4696
1 3659
1389 3502
1 3854
2926 3502
1 2131
556 3502
1 1421
1728 3502
1 2785
3502 3955
1 617
3502 4668
1 1137
1055 3502
1 4212
2331 3502
1 1714
2621 3502
1 2661
2152 3502
1 1195
3502 4426
1 4963
3502 4124
1 1597
2294 3502
1 3997
1956 3502
1 3878
2480 3502
1 76
1790 3502
1 3352
2475 3502
1 1866
1841 3502
1 3796
3502 4202
1 4193
3471 3502
1 1482
1144 3502
1 194
761 3502
1 3162
2242 3502
1 667
2376 3502
1 4446
1880 3502
1 1304
1287 3502
1 3835
2462 3502
1 2636
873 3502
1 3700
2642 3502
1 2048
3243 3502
1 911
3502 3587
1 2748
1386 3502
1 545
672 3502
1 1635
2366 3502
1 3115
921 3502
1 2115
3502 4123
1 3901
3502 3894
1 4994
2637 3502
1 339
3502 4552
1 1692
3502 4305
1 431
3502 4329
1 4529
1698 3502
1 4890
2450 3502
1 1950
2552 3502
1 760
317 3502
1 2164
1256 3502
1 1373
1885 3502
1 1547
1877 3502
1 715
658 3502
1 3385
1874 3502
1 2056
2385 3502
1 377
1717 3502
1 2814
2034 3502
1 1216
2134 3502
1 2914
148 3502
1 3215
3502 4475
1 4700
3245 3502
1 2638
3278 3502
1 1726
1173 3502
1 184
1668 3502
1 3141
3502 3984
1 2304
1006 3502
1 4916
2698 3502
1 994
530 3502
1 4662
3502 4580
1 3489
422 3502
1 458
3502 3669
1 105
501 3502
1 4082
3502 3710
1 822
3502 4970
1 2722
2682 3502
1 1136
1299 3502
1 3534
1336 3502
1 4127
1827 3502
1 3893
3040 3502
1 1339
1764 3502
1 2758
1639 3502
1 4899
2699 3502
1 4083
3502 4425
1 4871
3059 3502
1 4235
1712 3502
1 3351
113 3502
1 2235
862 3502
1 4684
210 3502
1 3739
2125 3502
1 683
3502 3956
1 2243
1214 3502
1 411
393 3502
1 970
3502 4152
1 336
1184 3502
1 1817
901 3502
1 4401
1087 3502
1 4861
2165 3502
1 2952
3502 4814
1 3834
2918 3502
1 325
2443 3502
1 1363
880 3502
1 897
1694 3502
1 3019
3502 4559
1 1600
2540 3502
1 2796
3410 3502
1 3081
3502 3912
1 1857
3502 3766
1 2974
2422 3502
1 2170
3502 3696
1 472
3335 3502
1 1444
3264 3502
1 3132
3502 4756
1 785
11 3502
1 1873
1602 3502
1 3117
2310 3502
1 4622
2233 3502
1 244
3502 3601
1 4173
2220 3502
1 988
3317 3502
1 499
3502 4833
1 360
394 3502
1 4012
896 3502
1 1180
1430 3502
1 503
985 3502
1 3615
172 3502
1 780
3502 4999
1 2770
2773 3502
1 124
3502 4125
1 71
3502 3602
1 955
3147 3502
1 34
1342 3502
1 4539
3131 3502
1 2921
3502 4731
1 5
3502 3991
1 2264
1290 3502
1 931
57 3502
1 1722
3502 4640
1 318
2630 3502
1 2619
1248 3502
1 1718
3502 4863
1 1760
1142 3502
1 874
2859 3502
1 1319
2530 3502
1 181
3160 3502
1 1665
1497 3502
1 754
2742 3502
1 1300
108 3502
1 2983
3502 4554
1 2871
3502 3576
1 1670
616 3502
1 1644
625 3502
1 1943
1153 3502
1 1571
3502 3917
1 321
3502 3586
1 2906
3314 3502
1 2976
2498 3502
1 3051
1148 3502
1 1508
3502 4098
1 573
212 3502
1 4886
2162 3502
1 4711
3502 3505
1 175
3323 3502
1 3104
1797 3502
1 2400
2802 3502
1 1323
3502 3856
1 1079
2996 3502
1 4035
3502 3947
1 4615
1400 3502
1 974
2425 3502
1 3053
1539 3502
1 4161
3138 3502
1 757
1460 3502
1 920
3502 4893
1 4042
3083 3502
1 3393
648 3502
1 1683
1901 3502
1 678
2519 3502
1 3585
3077 3502
1 2274
299 3502
1 4570
3502 3782
1 666
1288 3502
1 2747
3502 3655
1 4187
2669 3502
1 529
3502 4771
1 895
3250 3502
1 1091
126 3502
1 834
3502 4707
1 3975
1850 3502
1 4725
1197 3502
1 1977
2171 3502
1 1478
932 3502
1 1109
1994 3502
1 256
3502 4876
1 2675
1767 3502
1 196
3287 3502
1 3427
828 3502
1 141
1010 3502
1 4710
468 3502
1 1461
3502 3825
1 1141
154 3502
1 1768
3502 3871
1 3217
3502 4332
1 961
967 3502
1 2413
3502 4856
1 3228
3338 3502
1 4163
474 3502
1 15
3502 4338
1 4995
1164 3502
1 1569
3480 3502
1 1666
2617 3502
1 4926
2120 3502
1 4267
3502 4603
1 4049
3432 3502
1 4799
1086 3502
1 2550
3248 3502
1 3667
3502 4298
1 4228
3502 3730
1 4900
1562 3502
1 1504
2810 3502
1 4669
3502 4693
1 3517
3502 3650
1 1211
2278 3502
1 3895
1473 3502
1 799
2187 3502
1 1247
2280 3502
1 3407
3502 3804
1 1060
3502 3798
1 4229
3502 4027
1 2687
2774 3502
1 4643
3502 4824
1 4045
878 3502
1 3820
1178 3502
1 1235
3502 4691
1 2197
3502 3839
1 421
264 3502
1 4829
1628 3502
1 1989
3502 3690
1 2091
3502 4130
1 4030
2660 3502
1 3472
2730 3502
1 3625
3502 4222
1 348
1114 3502
1 2327
418 3502
1 2270
705 3502
1 964
1688 3502
1 4013
859 3502
1 1988
410 3502
1 4402
6 3502
1 1446
3022 3502
1 4492
3502 3654
1 3116
3139 3502
1 660
3183 3502
1 1380
2308 3502
1 4447
1818 3502
1 526
1422 3502
1 4651
3240 3502
1 1206
3041 3502
1 1540
1111 3502
1 4977
752 3502
1 3179
2392 3502
1 452
2738 3502
1 3258
433 3502
1 4192
3502 4882
1 3949
120 3502
1 389
869 3502
1 279
3502 3860
1 2388
2601 3502
1 2576
1353 3502
1 4922
211 3502
1 2081
3502 4011
1 968
1007 3502
1 226
2864 3502
1 4605
3502 4350
1 2259
1084 3502
1 3353
3502 4413
1 3089
1284 3502
1 4556
3037 3502
1 1517
1992 3502
1 3729
3502 4918
1 3028
3210 3502
1 1040
3447 3502
1 4767
1172 3502
1 1519
478 3502
1 568
1059 3502
1 4770
3502 3736
1 2064
3502 3785
1 3779
3502 4690
1 3971
3502 3892
1 97
3502 4153
1 4478
1833 3502
1 2122
638 3502
1 4422
3476 3502
1 1232
2737 3502
1 843
2813 3502
1 980
2759 3502
1 1771
2017 3502
1 4162
2611 3502
1 3752
3502 3999
1 1117
3502 4167
1 2657
3502 4874
1 3629
2301 3502
1 1546
1475 3502
1 3247
1331 3502
1 1686
3502 3607
1 725
2580 3502
1 323
3502 3863
1 2670
1630 3502
1 762
1773 3502
1 4889
1237 3502
1 4521
856 3502
1 4105
2886 3502
1 1930
3502 3704
1 1239
3502 3990
1 2395
3067 3502
1 2791
1409 3502
1 1305
454 3502
1 2841
3502 3560
1 1233
2145 3502
1 2477
2709 3502
1 496
3502 4869
1 2516
3039 3502
1 4441
2613 3502
1 695
3502 3967
1 591
2246 3502
1 4375
3502 4648
1 703
3502 3838
1 1345
1322 3502
1 4864
1554 3502
1 1276
2080 3502
1 1231
1960 3502
1 2684
2819 3502
1 1761
3502 3620
1 4348
3502 4470
1 64
222 3502
1 1273
3502 4709
1 3401
3100 3502
1 1720
1633 3502
1 2079
3502 4256
1 3384
2472 3502
1 1053
2348 3502
1 2090
3347 3502
1 3928
3502 3800
1 3490
3148 3502
1 4156
943 3502
1 4273
3048 3502
1 941
3502 4217
1 4168
3502 4547
1 1447
3502 3890
1 3206
584 3502
1 2061
2050 3502
1 1509
962 3502
1 274
3364 3502
1 2440
13 3502
1 2887
3502 4843
1 3684
1552 3502
1 2872
2245 3502
1 2021
352 3502
1 3603
1156 3502
1 3797
1926 3502
1 1913
2532 3502
1 871
1026 3502
1 1368
673 3502
1 3503
3502 4518
1 537
2109 3502
1 3266
679 3502
1 3588
958 3502
1 1608
3284 3502
1 4854
205 3502
1 1115
164 3502
1 3707
1424 3502
1 4533
2797 3502
1 2110
944 3502
1 2574
3459 3502
1 1413
3195 3502
1 3589
3502 4652
1 1397
2605 3502
1 3904
1238 3502
1 2707
2973 3502
1 3891
1933 3502
1 1719
1251 3502
1 3286
3502 4180
1 3078
3502 4205
1 4467
3502 4103
1 3101
107 3502
1 96
779 3502
1 275
3438 3502
1 129
748 3502
1 2381
1986 3502
1 177
2732 3502
1 2697
3502 4741
1 4477
1425 3502
1 2161
2022 3502
1 3579
957 3502
1 813
3502 3852
1 3989
633 3502
1 4377
2025 3502
1 3600
2956 3502
1 3007
1204 3502
1 1564
330 3502
1 2364
963 3502
1 649
1499 3502
1 3299
3502 4730
1 4312
794 3502
1 4000
728 3502
1 4136
229 3502
1 3159
420 3502
1 3907
3502 4974
1 4689
3050 3502
1 2093
3502 3882
1 4104
1520 3502
1 1844
2673 3502
1 3080
3502 3698
1 2247
3502 4445
1 123
1982 3502
1 16
2416 3502
1 178
3502 4285
1 1285
651 3502
1 43
3502 3974
1 4953
1433 3502
1 3702
2932 3502
1 3677
2057 3502
1 2998
1577 3502
1 915
2239 3502
1 1820
3502 3552
1 407
3502 4131
1 1307
82 3502
1 3565
2502 3502
1 1139
3502 4597
1 2403
3396 3502
1 3199
2905 3502
1 2482
2372 3502
1 2383
1275 3502
1 3126
3502 4713
1 3760
3502 4591
1 4830
959 3502
1 2399
3192 3502
1 3652
1419 3502
1 388
3502 4868
1 2561
1241 3502
1 447
3502 4639
1 1361
1099 3502
1 2510
866 3502
1 3469
3502 4958
1 1865
1464 3502
1 3874
1470 3502
1 1663
805 3502
1 4099
1396 3502
1 2640
38 3502
1 3451
3502 4590
1 4495
1143 3502
1 4351
2252 3502
1 4249
1968 3502
1 1523
814 3502
1 2883
3502 3733
1 3755
1904 3502
1 2558
686 3502
1 2319
593 3502
1 3850
469 3502
1 101
3112 3502
1 4334
70 3502
1 3789
3123 3502
1 2801
1952 3502
1 4524
846 3502
1 2489
2919 3502
1 3473
837 3502
1 4842
2948 3502
1 711
3502 4116
1 4838
2236 3502
1 4497
551 3502
1 493
3502 4150
1 2032
1557 3502
1 1416
2186 3502
1 4884
1701 3502
1 3649
3502 3979
1 3939
3502 3665
1 2020
3502 3521
1 2378
2188 3502
1 1568
1794 3502
1 630
950 3502
1 3763
2341 3502
1 2518
3502 4232
1 882
2633 3502
1 1193
2674 3502
1 3791
3502 4621
1 2430
3502 3595
1 3070
1632 3502
1 2564
403 3502
1 3144
2953 3502
1 3468
945 3502
1 4383
3502 4747
1 3395
448 3502
1 2295
730 3502
1 1159
3502 3842
1 2030
3502 3749
1 792
136 3502
1 3525
3502 4858
1 4367
3502 3616
1 3722
2840 3502
1 2515
3212 3502
1 937
1223 3502
1 2845
1611 3502
1 4945
1878 3502
1 3964
492 3502
1 2753
2829 3502
1 1981
3502 4416
1 1489
1043 3502
1 609
1375 3502
1 75
595 3502
1 1471
719 3502
1 1093
2234 3502
1 4551
1995 3502
1 560
2680 3502
1 2766
2299 3502
1 3426
3502 4408
1 1532
2382 3502
1 457
2837 3502
1 2433
91 3502
1 4456
3502 4769
1 664
1609 3502
1 3290
1727 3502
1 3379
3502 4254
1 1576
3350 3502
1 266
2266 3502
1 467
374 3502
1 283
3502 3908
1 2778
3502 4106
1 4196
2053 3502
1 2306
1750 3502
1 4695
2267 3502
1 1687
2904 3502
1 2042
2573 3502
1 844
1555 3502
1 1588
3502 4261
1 4887
3502 4361
1 2292
1550 3502
1 978
1781 3502
1 3784
1657 3502
1 1599
3502 4665
1 3129
2047 3502
1 4316
836 3502
1 1893
2251 3502
1 1503
3150 3502
1 3174
7 3502
1 4184
3502 4740
1 237
1243 3502
1 965
1899 3502
1 4666
1625 3502
1 1071
2033 3502
1 554
3065 3502
1 2196
2119 3502
1 1349
3096 3502
1 4915
2650 3502
1 3030
1846 3502
1 490
207 3502
1 986
3502 4037
1 3366
1763 3502
1 3606
3502 4583
1 3656
2966 3502
1 2004
3502 4600
1 2529
1695 3502
1 1531
1856 3502
1 4636
1325 3502
1 3764
3502 4989
1 1495
645 3502
1 1731
3502 4363
1 1332
3502 4712
1 320
3408 3502
1 4562
3502 4111
1 1652
3502 4980
1 2231
3375 3502
1 2655
3502 3580
1 3230
1293 3502
1 4891
3502 4289
1 335
404 3502
1 3869
3227 3502
1 688
611 3502
1 1584
3251 3502
1 2867
913 3502
1 535
975 3502
1 4479
1395 3502
1 2492
3502 4921
1 4975
2419 3502
1 4632
3502 4276
1 2156
3502 4873
1 9
2411 3502
1 3818
1133 3502
1 3829
3310 3502
1 4624
3502 4698
1 2169
713 3502
1 2096
2610 3502
1 1900
185 3502
1 4509
3502 4540
1 2285
1941 3502
1 4360
3502 3795
1 4269
3502 4199
1 4628
3502 4976
1 4284
3111 3502
1 1209
3502 4181
1 4488
2897 3502
1 1808
3502 3630
1 1049
347 3502
1 2391
3173 3502
1 3122
3502 3884
1 1934
3502 4571
1 1074
548 3502
1 1919
1949 3502
1 1372
3502 4224
1 2290
2283 3502
1 4678
1303 3502
1 4779
3502 4044
1 1174
3502 3875
1 2464
2438 3502
1 3149
1213 3502
1 3915
2223 3502
1 4735
3502 3924
1 2408
3502 3929
1 2942
3452 3502
1 989
3502 4066
1 4598
3502 4796
1 2484
104 3502
1 1005
3502 4186
1 4907
171 3502
1 230
1638 3502
1 294
3001 3502
1 2894
1046 3502
1 4449
1348 3502
1 4692
644 3502
1 4588
3502 4238
1 2455
1337 3502
1 2083
615 3502
1 3996
1709 3502
1 4914
2944 3502
1 4852
1502 3502
1 4067
1908 3502
1 2343
139 3502
1 3519
3502 4474
1 3301
3029 3502
1 1829
3025 3502
1 1382
2367 3502
1 1572
2352 3502
1 2755
1969 3502
1 461
2037 3502
1 4376
3392 3502
1 355
512 3502
1 2551
3502 4920
1 4555
3502 4510
1 3074
3502 4745
1 4717
1592 3502
1 1791
3372 3502
1 2123
2190 3502
1 2874
3502 3671
1 4120
3502 3549
1 2339
350 3502
1 4812
3502 4080
1 2671
3502 4427
1 4243
2539 3502
1 3140
3423 3502
1 981
1443 3502
1 3660
2469 3502
1 1052
125 3502
1 2971
3415 3502
1 2795
2779 3502
1 4728
3502 4998
1 3605
1188 3502
1 3114
1391 3502
1 1000
3502 3936
1 2467
3502 4262
1 4911
1957 3502
1 3982
227 3502
1 3226
3502 3556
1 1341
527 3502
1 4223
2432 3502
1 4946
3502 4522
1 192
3282 3502
1 2026
1935 3502
1 885
2137 3502
1 1266
3502 4454
1 3546
770 3502
1 2199
1385 3502
1 1221
1785 3502
1 3950
3502 4420
1 646
2688 3502
1 3695
273 3502
1 717
3502 4371
1 29
259 3502
1 1659
1711 3502
1 1263
3502 4135
1 2409
2929 3502
1 2052
3502 4048
1 306
166 3502
1 2955
2690 3502
1 1696
3502 4450
1 4210
3502 3849
1 4827
2566 3502
1 4078
1480 3502
1 3703
1047 3502
1 310
3502 4638
1 561
2249 3502
1 3653
3502 4739
1 3628
2511 3502
1 4895
1250 3502
1 1410
1682 3502
1 1403
1236 3502
1 732
3502 4108
1 4165
3502 4465
1 4084
3502 4701
1 2760
1140 3502
1 860
2059 3502
1 2456
3444 3502
1 331
2459 3502
1 684
3052 3502
1 4817
3502 4604
1 1128
3502 4341
1 2195
624 3502
1 4667
1810 3502
1 351
3502 4860
1 1426
596 3502
1 4794
1826 3502
1 3145
1105 3502
1 564
3502 3632
1 2262
2909 3502
1 1806
571 3502
1 3500
2746 3502
1 53
3502 4208
1 1102
3502 3815
1 1929
3066 3502
1 2577
3121 3502
1 4820
3027 3502
1 4955
2136 3502
1 3011
2281 3502
1 3799
1072 3502
1 4788
3502 4530
1 3864
3502 4658
1 3639
2045 3502
1 3535
3502 3900
1 2995
881 3502
1 316
3017 3502
1 4614
2257 3502
1 4092
3502 3540
1 1708
520 3502
1 3288
1097 3502
1 161
3502 4257
1 647
952 3502
1 2949
3502 4405
1 4653
3502 3959
1 2876
302 3502
1 2554
3502 4657
1 4937
2085 3502
1 2593
3460 3502
1 1292
2507 3502
1 3559
2826 3502
1 4389
3502 4913
1 2643
2412 3502
1 292
3502 3643
1 1498
1891 3502
1 1656
2686 3502
1 735
3502 4507
1 2451
2254 3502
1 919
3502 4675
1 66
1420 3502
1 2277
2289 3502
1 1825
3502 4749
1 1618
3502 4245
1 2130
3502 4059
1 2229
1741 3502
1 2149
669 3502
1 3467
1839 3502
1 2353
3172 3502
1 4772
1848 3502
1 1058
3397 3502
1 2463
3502 4057
1 3339
1909 3502
1 3788
515 3502
1 3371
1061 3502
1 4014
2071 3502
1 2888
3502 4085
1 1282
2936 3502
1 4721
1316 3502
1 3527
3502 3841
1 3203
2452 3502
1 4166
3502 4359
1 3717
3502 4064
1 2870
1168 3502
1 1593
174 3502
1 416
1676 3502
1 1595
2980 3502
1 618
2429 3502
1 4501
3502 4003
1 661
1821 3502
1 3554
3502 3564
1 1535
1037 3502
1 1902
2446 3502
1 808
3502 3742
1 4253
2772 3502
1 4564
3502 3845
1 3249
2038 3502
1 1098
1436 3502
1 2217
883 3502
1 2582
3502 4528
1 1301
1414 3502
1 1556
3302 3502
1 2537
2662 3502
1 1294
3502 4096
1 4773
3502 4119
1 3771
1582 3502
1 1054
1948 3502
1 257
1274 3502
1 565
3020 3502
1 3945
1574 3502
1 1271
3502 4336
1 3071
1432 3502
1 4818
1185 3502
1 45
2777 3502
1 3734
2969 3502
1 309
3477 3502
1 4151
297 3502
1 4969
32 3502
1 2693
3502 3718
1 4442
3502 4025
1 81
3502 3676
1 3816
1614 3502
1 1651
2809 3502
1 451
3502 4384
1 1169
1272 3502
1 4939
2868 3502
1 1019
2526 3502
1 4417
3035 3502
1 1613
236 3502
1 191
3502 4557
1 4880
2815 3502
1 2967
1224 3502
1 1859
446 3502
1 1225
1980 3502
1 220
755 3502
1 288
606 3502
1 1458
3502 4091
1 539
3502 3590
1 782
3502 4406
1 3530
3502 4753
1 2159
35 3502
1 4462
2361 3502
1 3291
1277 3502
1 2761
1387 3502
1 2092
430 3502
1 4448
3275 3502
1 1907
1543 3502
1 1645
946 3502
1 1754
3502 3965
1 2659
3267 3502
1 3692
384 3502
1 4585
3502 4029
1 3828
3502 4164
1 1987
2848 3502
1 997
3502 4031
1 2743
3502 4328
1 1681
549 3502
1 383
183 3502
1 572
2303 3502
1 3434
2598 3502
1 4424
3417 3502
1 1723
2222 3502
1 3486
992 3502
1 2362
2854 3502
1 312
3263 3502
1 485
984 3502
1 4436
3502 3570
1 566
832 3502
1 3322
2453 3502
1 4171
2563 3502
1 21
372 3502
1 303
3502 4519
1 3711
3502 4626
1 1269
84 3502
1 308
2816 3502
1 1465
221 3502
1 1755
3046 3502
1 1990
1533 3502
1 585
3502 4811
1 1955
3502 3584
1 28
1358 3502
1 1381
3502 4982
1 4568
3502 4344
1 3470
3502 3802
1 3304
3198 3502
1 3937
1809 3502
1 4100
2579 3502
1 1226
445 3502
1 1578
213 3502
1 3309
2133 3502
1 2167
1191 3502
1 4875
1066 3502
1 425
3424 3502
1 233
2591 3502
1 1001
2981 3502
1 3348
1928 3502
1 4006
2318 3502
1 3528
2744 3502
1 4378
3502 4757
1 4743
3449 3502
1 2063
1580 3502
1 4386
1558 3502
1 4077
3502 3773
1 1702
130 3502
1 2992
538 3502
1 3320
1434 3502
1 2334
3502 4903
1 1524
3061 3502
1 1545
726 3502
1 4484
1974 3502
1 1585
2879 3502
1 223
1085 3502
1 4444
3502 4581
1 1594
3316 3502
1 4972
3367 3502
1 2329
122 3502
1 1344
1690 3502
1 3018
3256 3502
1 3493
3502 4226
1 387
3502 4978
1 4910
927 3502
1 3220
3502 4720
1 3239
1041 3502
1 4545
3502 4576
1 3705
358 3502
1 3176
524 3502
1 4251
1078 3502
1 2954
3502 4058
1 2556
3502 3635
1 4310
2771 3502
1 1392
449 3502
1 4230
1890 3502
1 4357
379 3502
1 3572
2010 3502
1 1138
261 3502
1 1506
977 3502
1 1479
2804 3502
1 116
2769 3502
1 3610
3157 3502
1 3124
3502 3822
1 2943
3484 3502
1 1245
3502 4894
1 1438
1641 3502
1 4452
376 3502
1 2706
3336 3502
1 2194
3502 4647
1 3072
2736 3502
1 2993
3502 4592
1 2117
2144 3502
1 604
3502 4293
1 2679
208 3502
1 1607
3502 3958
1 115
1881 3502
1 578
2555 3502
1 788
1680 3502
1 3831
670 3502
1 1796
2168 3502
1 90
3502 4311
1 1333
3502 4471
1 2922
3319 3502
1 2715
533 3502
1 4727
1637 3502
1 2070
56 3502
1 3903
87 3502
1 3107
23 3502
1 2116
847 3502
1 4805
575 3502
1 2183
3171 3502
1 4138
3430 3502
1 4878
3502 4957
1 2523
2603 3502
1 3851
2273 3502
1 2481
2013 3502
1 2884
3021 3502
1 1246
3502 4726
1 1242
2497 3502
1 4396
1861 3502
1 1560
3502 3938
1 405
2846 3502
1 319
3502 4520
1 1406
483 3502
1 4040
3502 4280
1 4440
969 3502
1 3966
1863 3502
1 3510
2328 3502
1 2716
3502 3994
1 364
886 3502
1 2776
542 3502
1 708
1335 3502
1 506
842 3502
1 455
3502 4992
1 3394
2008 3502
1 783
2126 3502
1 4
44 3502
1 2491
3370 3502
1 3241
3502 4635
1 3440
3502 4074
1 1740
1455 3502
1 92
531 3502
1 928
1035 3502
1 4211
3502 4093
1 4319
3502 3777
1 3458
1831 3502
1 3750
887 3502
1 3664
3502 4050
1 3069
180 3502
1 791
3502 4966
1 3931
2595 3502
1 3456
3502 4716
1 2141
3502 4943
1 811
3502 3847
1 3091
2496 3502
1 904
269 3502
1 2651
1998 3502
1 1525
1646 3502
1 3741
1500 3502
1 3522
3502 4107
1 4898
3502 4054
1 2142
3443 3502
1 2631
3113 3502
1 94
3502 4655
1 188
877 3502
1 4630
3502 4654
1 3883
1119 3502
1 2825
1278 3502
1 281
1565 3502
1 4321
479 3502
1 3419
179 3502
1 4673
2296 3502
1 601
2940 3502
1 1894
3502 4766
1 4752
3453 3502
1 4925
2241 3502
1 2011
1615 3502
1 4309
3502 4300
1 3420
2282 3502
1 2788
3502 4888
1 1362
3502 4385
1 4577
2157 3502
1 2920
3502 4850
1 1485
2076 3502
1 1030
3502 4346
1 2207
3502 4708
1 4748
2387 3502
1 2609
95 3502
1 4430
3485 3502
1 1756
3502 3513
1 4499
3502 4015
1 4073
3502 3960
1 817
3502 3689
1 4965
1279 3502
1 2078
1351 3502
1 1658
3502 4575
1 709
2718 3502
1 240
2258 3502
1 2287
1528 3502
1 511
1629 3502
1 712
544 3502
1 652
3502 4201
1 3566
3403 3502
1 1548
3502 3998
1 3341
201 3502
1 1194
3389 3502
1 1770
2768 3502
1 1198
2987 3502
1 3843
1970 3502
1 2799
3465 3502
1 2700
2082 3502
1 2068
3383 3502
1 4366
1187 3502
1 1192
1048 3502
1 2237
2789 3502
1 4149
2121 3502
1 1534
199 3502
1 4803
2036 3502
1 3223
1428 3502
1 2984
450 3502
1 4438
3409 3502
1 2982
3455 3502
1 1252
1083 3502
1 2500
1786 3502
1 2448
248 3502
1 1967
3502 3827
1 702
1481 3502
1 4343
2581 3502
1 1700
510 3502
1 3619
605 3502
1 1940
3349 3502
1 4688
934 3502
1 801
3502 4718
1 973
3079 3502
1 103
1411 3502
1 4239
540 3502
1 1249
3502 4021
1 4765
3502 3923
1 4813
3252 3502
1 4641
3502 4435
1 4409
588 3502
1 2417
594 3502
1 2908
3502 4189
1 2347
3502 3844
1 4434
3374 3502
1 563
3502 3666
1 2594
631 3502
1 2896
3015 3502
1 3045
3391 3502
1 3033
3502 3720
1 4252
3502 4853
1 4644
3502 4463
1 36
3405 3502
1 3909
3502 4268
1 2878
3502 4498
1 1350
3502 4303
1 37
1445 3502
1 1542
2512 3502
1 582
2317 3502
1 2212
518 3502
1 3006
3185 3502
1 3294
3502 3642
1 692
3502 4411
1 826
3502 4872
1 2764
307 3502
1 3362
1729 3502
1 2384
3502 4190
1 640
25 3502
1 4847
295 3502
1 4179
2221 3502
1 2379
600 3502
1 2043
2968 3502
1 4815
2316 3502
1 746
2106 3502
1 653
905 3502
1 4197
195 3502
1 4960
2135 3502
1 495
2950 3502
1 2694
2895 3502
1 2520
2326 3502
1 414
3502 4828
1 2930
1591 3502
1 1830
1838 3502
1 569
3092 3502
1 4362
3502 4047
1 3154
2499 3502
1 4599
1772 3502
1 1746
2632 3502
1 3501
2517 3502
1 629
753 3502
1 4214
2407 3502
1 489
3010 3502
1 2798
3502 4403
1 1587
2154 3502
1 790
3502 3981
1 4536
1459 3502
1 204
3502 3833
1 2620
2058 3502
1 1160
1408 3502
1 2635
462 3502
1 3204
1596 3502
1 990
727 3502
1 1598
1338 3502
1 58
3502 4337
1 19
3502 4940
1 4216
3502 3992
1 636
1033 3502
1 3186
2313 3502
1 50
807 3502
1 900
3502 3776
1 4051
2086 3502
1 4024
1603 3502
1 143
1312 3502
1 1732
1327 3502
1 4942
3008 3502
1 2355
2754 3502
1 2016
3502 4115
1 111
2910 3502
1 3767
3502 3746
1 2560
2202 3502
1 2692
3502 4685
1 22
3502 4063
1 1903
612 3502
1 2691
3502 4885
1 3125
3502 3507
1 827
3502 3783
1 1514
2762 3502
1 3032
3502 4072
1 3332
83 3502
1 3538
3502 3855
1 3993
1643 3502
1 3793
3502 4331
1 2112
497 3502
1 2272
559 3502
1 4702
434 3502
1 4340
1516 3502
1 2089
3502 4001
1 1997
3502 3865
1 2782
1352 3502
1 2441
1257 3502
1 3429
3502 4081
1 3995
2311 3502
1 3725
363 3502
1 3257
3502 4606
1 4927
2066 3502
1 1527
738 3502
1 1494
157 3502
1 3014
1807 3502
1 3422
914 3502
1 1749
3502 3973
1 2077
117 3502
1 2907
1029 3502
1 1296
2075 3502
1 4036
909 3502
1 4909
217 3502
1 2858
522 3502
1 4380
3502 4846
1 2570
1640 3502
1 10
1038 3502
1 18
2024 3502
1 3745
2544 3502
1 1112
1752 3502
1 286
1488 3502
1 3482
2866 3502
1 2549
3502 4352
1 764
3305 3502
1 4364
1947 3502
1 729
3502 4902
1 190
642 3502
1 4879
3502 3934
1 3346
2857 3502
1 3780
3502 4353
1 1210
3202 3502
1 2097
47 3502
1 3709
252 3502
1 1735
3502 4623
1 2719
391 3502
1 3821
1675 3502
1 800
3502 3551
1 4517
2483 3502
1 552
3049 3502
1 2206
2344 3502
1 4983
3502 4457
1 4142
3483 3502
1 1367
3502 4313
1 2521
627 3502
1 3231
1162 3502
1 3944
3502 4388
1 2807
1370 3502
1 519
916 3502
1 2924
423 3502
1 362
2703 3502
1 2990
3502 4038
1 3097
3502 3858
1 4988
2309 3502
1 2029
3502 4948
1 4816
3502 4759
1 3848
3502 4777
1 2300
3334 3502
1 4835
2821 3502
1 3880
3463 3502
1 3236
3357 3502
1 3246
504 3502
1 1627
1405 3502
1 4240
1222 3502
1 3161
1788 3502
1 4204
3502 4437
1 4778
3502 4485
1 1601
521 3502
1 1076
2256 3502
1 736
2615 3502
1 4682
3502 4140
1 2525
3175 3502
1 3826
2253 3502
1 3558
3502 3899
1 4617
2148 3502
1 4019
2844 3502
1 3499
3262 3502
1 1281
3042 3502
1 2541
3502 4264
1 3232
2476 3502
1 4825
3502 4458
1 4722
685 3502
1 508
2205 3502
1 2931
3481 3502
1 3532
3502 4419
1 3774
2396 3502
1 1264
343 3502
1 3133
3502 3957
1 428
3502 4627
1 271
855 3502
1 514
1871 3502
1 2991
62 3502
1 3012
1505 3502
1 3662
903 3502
1 3354
3502 3738
1 2060
3502 4089
1 2557
3502 4016
1 4848
854 3502
1 4840
3502 4595
1 437
1775 3502
1 4088
3502 3948
1 781
2903 3502
1 894
1795 3502
1 1023
722 3502
1 3377
3502 4954
1 4912
276 3502
1 1262
3502 3545
1 774
3502 4277
1 2853
2847 3502
1 2369
716 3502
1 1283
2586 3502
1 3056
1297 3502
1 2027
3428 3502
1 2656
3502 3687
1 1849
1355 3502
1 4325
1343 3502
1 3105
534 3502
1 4959
2006 3502
1 3592
2244 3502
1 1170
3502 3569
1 4951
3502 4502
1 238
819 3502
1 3751
1922 3502
1 1553
209 3502
1 4090
3502 3885
1 3598
2548 3502
1 2320
2852 3502
1 4323
3502 4018
1 1889
3502 4490
1 150
3311 3502
1 3253
1864 3502
1 3152
2495 3502
1 2607
3058 3502
1 400
657 3502
1 687
2850 3502
1 1905
152 3502
1 2356
3502 4335
1 1888
1942 3502
1 1971
2935 3502
1 3433
2937 3502
1 3057
889 3502
1 2790
3295 3502
1 1725
2567 3502
1 3902
3502 4904
1 4095
3502 3609
1 557
2979 3502
1 2350
2095 3502
1 1088
466 3502
1 4928
3502 4686
1 4421
3502 4370
1 4670
3502 4046
1 1650
3502 4148
1 655
3502 3754
1 4849
1067 3502
1 3824
2757 3502
1 4804
2917 3502
1 311
1965 3502
1 267
2035 3502
1 1487
3502 4279
1 1671
1612 3502
1 1917
2493 3502
1 4023
3502 3761
1 1626
3502 3555
1 439
3502 4919
1 690
324 3502
1 3283
159 3502
1 3181
3502 4221
1 3905
2099 3502
1 2873
1522 3502
1 3814
3502 3913
1 1742
1860 3502
1 2201
3502 4901
1 614
2434 3502
1 982
2913 3502
1 3373
893 3502
1 1832
1155 3502
1 776
3502 4215
1 2648
987 3502
1 906
2284 3502
1 2487
241 3502
1 4468
3502 4339
1 4423
1953 3502
1 3326
3502 4704
1 2618
2951 3502
1 4800
3502 3644
1 395
696 3502
1 3356
953 3502
1 1669
1962 3502
1 412
3502 4234
1 1876
3502 3716
1 3004
249 3502
1 1996
3502 4349
1 216
3502 4934
1 3271
2501 3502
1 1931
3502 4768
1 4455
620 3502
1 1706
778 3502
1 3627
3382 3502
1 3801
1483 3502
1 2227
3502 3670
1 1920
3502 3578
1 79
1412 3502
1 3118
3009 3502
1 1260
1954 3502
1 189
2210 3502
1 4546
1417 3502
1 668
313 3502
1 2454
280 3502
1 2332
3328 3502
1 3715
1154 3502
1 3209
1311 3502
1 353
3502 4075
1 326
3502 3879
1 892
473 3502
1 2049
1938 3502
1 2534
2957 3502
1 4677
2260 3502
1 4506
3502 3567
1 182
3502 3685
1 4839
1753 3502
1 3005
1916 3502
1 247
2658 3502
1 77
1129 3502
1 442
1106 3502
1 3682
2946 3502
1 1631
1240 3502
1 2629
1132 3502
1 305
1724 3502
1 888
2812 3502
1 4154
1176 3502
1 2535
2543 3502
1 3641
2731 3502
1 4569
3502 3686
1 4795
1254 3502
1 385
1014 3502
1 444
1842 3502
1 3876
744 3502
1 1787
401 3502
1 4008
700 3502
1 4397
3502 4783
1 2044
3502 4558
1 698
3502 4917
1 602
3502 4734
1 1778
3502 4464
1 3977
3502 4534
1 2805
3502 4207
1 3178
516 3502
1 2072
1127 3502
1 3273
3502 3857
1 4697
3502 3809
1 1879
3502 4428
1 1961
2735 3502
1 676
3293 3502
1 2473
3297 3502
1 2820
603 3502
1 1315
2739 3502
1 4776
1648 3502
1 3164
3502 4672
1 3088
491 3502
1 2683
1581 3502
1 677
2596 3502
1 128
3502 4634
1 1801
3187 3502
1 284
173 3502
1 3877
3502 3593
1 1511
3502 3952
1 3073
488 3502
1 550
570 3502
1 2986
2863 3502
1 3613
2961 3502
1 3085
3502 4822
1 1009
3031 3502
1 1892
3502 4069
1 1566
2380 3502
1 1660
1845 3502
1 1721
2127 3502
1 996
3491 3502
1 263
3502 4593
1 1253
3502 4751
1 138
106 3502
1 4932
1654 3502
1 4314
285 3502
1 381
1158 3502
1 635
3502 3618
1 4259
509 3502
1 4281
1979 3502
1 2916
3502 4851
1 2972
3502 4231
1 3487
1792 3502
1 3740
2114 3502
1 332
3502 3972
1 4227
1439 3502
1 701
1491 3502
1 1384
1915 3502
1 3358
2184 3502
1 2346
1467 3502
1 4961
1123 3502
1 2712
1710 3502
1 2351
3502 4607
1 4986
2488 3502
1 417
202 3502
1 1028
1769 3502
1 224
3502 4102
1 3274
2831 3502
1 2616
1869 3502
1 3661
3221 3502
1 1563
865 3502
1 4065
3502 4784
1 795
1966 3502
1 3068
3502 3683
1 1289
1774 3502
1 3135
2421 3502
1 2705
1653 3502
1 436
1812 3502
1 1886
471 3502
1 2474
1415 3502
1 3778
500 3502
1 2999
2479 3502
1 4412
304 3502
1 2000
2151 3502
1 1199
3502 4071
1 456
1075 3502
1 1457
3337 3502
1 2140
734 3502
1 1220
1203 3502
1 1377
3457 3502
1 742
3502 3886
1 3680
151 3502
1 2307
3502 4496
1 1819
3450 3502
1 1280
851 3502
1 4129
3502 4219
1 2513
3502 3921
1 3216
8 3502
1 1110
1624 3502
1 270
2583 3502
1 3151
741 3502
1 4826
345 3502
1 4611
1270 3502
1 1207
2889 3502
1 3550
2958 3502
1 4079
1100 3502
1 4143
3502 3557
1 1069
3502 4594
1 1984
3502 3699
1 3678
193 3502
1 3737
2224 3502
1 3013
163 3502
1 2964
3502 4738
1 3439
3502 3596
1 3673
740 3502
1 4287
3502 4867
1 3787
3502 4609
1 3529
1493 3502
1 2200
3502 3985
1 3910
2305 3502
1 786
366 3502
1 1116
3502 3608
1 3623
3502 3626
1 314
3315 3502
1 4155
2985 3502
1 2547
3502 4923
1 3611
133 3502
1 3237
1512 3502
1 1559
1181 3502
1 3254
3502 4949
1 1171
803 3502
1 435
1261 3502
1 3474
1642 3502
1 4209
3496 3502
1 424
993 3502
1 818
1468 3502
1 2088
1205 3502
1 2268
3502 3553
1 737
24 3502
1 2198
1057 3502
1 2338
52 3502
1 4715
2794 3502
1 1843
3502 3840
1 3617
2861 3502
1 935
739 3502
1 1044
480 3502
1 426
3502 3930
1 4480
3238 3502
1 1027
2067 3502
1 720
1451 3502
1 3060
3502 4810
1 979
1759 3502
1 1605
1636 3502
1 4637
2286 3502
1 1852
1835 3502
1 1544
3502 4481
1 2803
2424 3502
1 4172
2724 3502
1 3094
3502 4395
1 972
3268 3502
1 2263
1932 3502
1 3345
665 3502
1 1025
2146 3502
1 1003
2103 3502
1 1015
2783 3502
1 4263
3502 4399
1 3724
2527 3502
1 4493
1541 3502
1 4265
46 3502
1 3808
721 3502
1 4758
3502 4250
1 840
109 3502
1 2933
3502 3951
1 1309
2166 3502
1 2941
3361 3502
1 4906
218 3502
1 3599
3502 4469
1 505
3502 4732
1 3543
587 3502
1 3548
3064 3502
1 4985
2752 3502
1 3300
203 3502
1 1401
2041 3502
1 861
3087 3502
1 3307
3502 4283
1 4881
2209 3502
1 1073
2345 3502
1 2729
2486 3502
1 830
477 3502
1 89
2179 3502
1 2824
2415 3502
1 4760
3502 4929
1 4950
2664 3502
1 3313
2297 3502
1 3859
1042 3502
1 1674
3219 3502
1 1617
3502 3759
1 4486
438 3502
1 1330
3502 4573
1 1802
3502 3962
1 2571
621 3502
1 2330
1453 3502
1 69
3502 3648
1 399
3502 4750
1 4705
3312 3502
1 586
3502 4560
1 176
3502 4631
1 2893
3381 3502
1 2449
1456 3502
1 2806
219 3502
1 3277
3502 3765
1 2368
3502 4052
1 2818
3502 4782
1 3873
787 3502
1 4792
3502 4821
1 1118
1959 3502
1 3360
2314 3502
1 1751
2835 3502
1 674
3502 4272
1 2588
2963 3502
1 121
3502 4984
1 2536
766 3502
1 2185
494 3502
1 2265
1166 3502
1 246
694 3502
1 4132
3502 3932
1 3810
907 3502
1 3781
2578 3502
1 3803
1218 3502
1 4203
3502 3906
1 475
1978 3502
1 1529
3502 3986
1 3446
898 3502
1 2444
3502 4387
1 260
1402 3502
1 4086
1667 3502
1 41
1604 3502
1 4790
850 3502
1 2890
2404 3502
1 1334
3502 4703
1 558
2336 3502
1 3343
1096 3502
1 4642
2108 3502
1 4374
3502 4646
1 2181
3156 3502
1 947
3155 3502
1 3837
3255 3502
1 1360
857 3502
1 3790
3502 4122
1 2834
2704 3502
1 4198
3502 3792
1 1135
3502 4742
1 4968
3502 4532
1 502
3502 3638
1 380
3023 3502
1 1449
1622 3502
1 2349
2176 3502
1 1923
3502 4832
1 4601
2667 3502
1 4333
3502 4831
1 1472
3388 3502
1 2335
1217 3502
1 4865
3502 4819
1 541
3502 3768
1 4418
3003 3502
1 72
2054 3502
1 1340
1259 3502
1 4512
3502 4620
1 1691
3090 3502
1 1963
2531 3502
1 3208
1847 3502
1 1383
1673 3502
1 441
608 3502
1 1704
3502 3888
1 1126
3502 3735
1 1394
3134 3502
1 2471
187 3502
1 966
3502 3637
1 4659
1914 3502
1 1092
607 3502
1 2143
3502 4317
1 2073
756 3502
1 949
3502 4391
1 2900
3502 4527
1 2377
61 3502
1 4176
3502 4101
1 2028
2466 3502
1 4394
2094 3502
1 772
3502 4365
1 4979
951 3502
1 891
40 3502
1 4541
796 3502
1 1302
465 3502
1 3225
14 3502
1 3276
3170 3502
1 2559
2437 3502
1 357
680 3502
1 2727
440 3502
1 225
2849 3502
1 73
3502 4195
1 4567
3502 3561
1 2775
1872 3502
1 1167
1463 3502
1 2386
278 3502
1 4584
3502 4681
1 3714
3242 3502
1 198
3188 3502
1 4017
1068 3502
1 2663
1359 3502
1 378
1366 3502
1 4801
397 3502
1 619
3502 4043
1 4549
2173 3502
1 1314
2915 3502
1 3758
3380 3502
1 3492
1824 3502
1 3976
3344 3502
1 693
3502 4962
1 4857
3502 4466
1 3368
3331 3502
1 4246
555 3502
1 2279
3063 3502
1 1255
3502 4947
1 4841
406 3502
1 3137
2230 3502
1 1840
3502 4596
1 2622
1388 3502
1 1964
2751 3502
1 1183
3502 3719
1 1672
27 3502
1 706
1306 3502
1 2668
1783 3502
1 2128
956 3502
1 1958
3502 4987
1 2055
3281 3502
1 4680
3502 3708
1 3110
1165 3502
1 4137
1798 3502
1 3479
2105 3502
1 1647
3502 4733
1 3190
2792 3502
1 2842
1230 3502
1 4531
1946 3502
1 1082
3502 4308
1 1853
750 3502
1 991
3502 4877
1 3298
1320 3502
1 4432
2240 3502
1 4526
3502 4459
1 3621
3502 4174
1 3265
3502 4188
1 4112
2178 3502
1 1036
858 3502
1 3817
2665 3502
1 2572
3502 4158
1 1089
3502 4578
1 93
2431 3502
1 745
2312 3502
1 2375
3102 3502
1 1208
98 3502
1 4836
153 3502
1 2597
3502 4503
1 1551
398 3502
1 234
2365 3502
1 4020
409 3502
1 4244
3502 4183
1 2728
3502 4326
1 4834
2014 3502
1 2678
3182 3502
1 1780
1492 3502
1 2639
3502 4355
1 3016
3502 4022
1 2710
723 3502
1 4414
1189 3502
1 2624
3279 3502
1 4649
2271 3502
1 146
2654 3502
1 63
2015 3502
1 3889
3502 4736
1 344
3502 4729
1 592
3143 3502
1 3093
3167 3502
1 1897
784 3502
1 4723
3502 3544
1 1689
971 3502
1 3536
3502 4002
1 1678
933 3502
1 3634
342 3502
1 3128
3502 3744
1 769
1120 3502
1 4330
576 3502
1 3342
2522 3502
1 2645
3502 3674
1 3475
2132 3502
1 3573
777 3502
1 4797
2745 3502
1 4220
2627 3502
1 3047
2763 3502
1 3411
1575 3502
1 3106
3502 4566
1 2405
1867 3502
1 4786
1526 3502
1 2685
26 3502
1 2191
2139 3502
1 1308
1737 3502
1 747
2827 3502
1 3914
3502 4537
1 4170
804 3502
1 3488
169 3502
1 599
2793 3502
1 2828
3502 4258
1 2740
2208 3502
1 1734
3502 4087
1 2084
864 3502
1 2892
3502 3961
1 3881
910 3502
1 4070
816 3502
1 215
912 3502
1 373
390 3502
1 1699
3201 3502
1 4233
2129 3502
1 4282
1619 3502
1 4706
3502 4629
1 1056
2514 3502
1 1610
1972 3502
1 99
2725 3502
1 1324
1875 3502
1 1108
3127 3502
1 144
2817 3502
1 2875
2524 3502
1 2153
1939 3502
1 4714
998 3502
1 2945
1125 3502
1 3259
3502 4322
1 392
3502 4859
1 4260
3502 4320
1 2172
3502 4787
1 1107
142 3502
1 349
1733 3502
1 1404
3502 4145
1 1896
3084 3502
1 346
2322 3502
1 1090
3502 4301
1 4004
3272 3502
1 2485
3082 3502
1 1822
3062 3502
1 3
2189 3502
1 1321
2545 3502
1 206
2293 3502
1 341
3502 3591
1 291
301 3502
1 2406
3502 4429
1 825
2542 3502
1 1703
1589 3502
1 3978
2786 3502
1 3478
80 3502
1 1150
917 3502
1 3193
3502 4381
1 3325
1677 3502
1 3200
3502 4964
1 3233
463 3502
1 2830
2928 3502
1 2193
3234 3502
1 610
429 3502
1 3624
767 3502
1 231
110 3502
1 1976
3498 3502
1 4491
634 3502
1 1101
3502 3524
1 4809
3340 3502
1 4543
2324 3502
1 4687
1895 3502
1 4837
250 3502
1 1858
3502 4237
1 3887
3095 3502
1 4271
562 3502
1 2225
239 3502
1 4870
134 3502
1 1175
3462 3502
1 3318
3502 4855
1 1887
3502 4694
1 3044
875 3502
1 3571
408 3502
1 4505
3502 4482
1 1679
65 3502
1 1081
1161 3502
1 1854
3502 3743
1 1766
1476 3502
1 3916
1925 3502
1 2608
2447 3502
1 4744
3502 4612
1 55
3502 4608
1 4315
924 3502
1 33
3502 4404
1 4356
2012 3502
1 1298
1739 3502
1 553
1490 3502
1 3830
899 3502
1 2503
1378 3502
1 3189
3502 4275
1 2569
2219 3502
1 4302
3502 4144
1 1244
432 3502
1 3813
3502 4589
1 1793
3502 4306
1 1134
3502 4055
1 4114
3502 4494
1 1326
2865 3502
1 839
671 3502
1 2215
1310 3502
1 1202
3431 3502
1 1538
3502 4483
1 4139
3436 3502
1 3387
340 3502
1 1357
3502 4460
1 315
470 3502
1 3582
3055 3502
1 3646
2276 3502
1 2238
3502 3762
1 4616
1268 3502
1 3731
2005 3502
1 3466
2039 3502
1 2960
2708 3502
1 2717
1152 3502
1 1442
3502 4997
1 1693
3502 3713
1 4175
3502 3697
1 4379
3502 4791
1 1265
3168 3502
1 4508
3502 3668
1 3537
354 3502
1 1828
3502 4587
1 132
1918 3502
1 49
2069 3502
1 3043
1190 3502
1 3120
2589 3502
1 3086
829 3502
1 86
2912 3502
1 1094
704 3502
1 2436
3330 3502
1 4407
2891 3502
1 793
930 3502
1 4971
1800 3502
1 1486
1664 3502
1 2177
1017 3502
1 453
2370 3502
1 2862
1122 3502
1 4845
3502 4775
1 697
2439 3502
1 2465
867 3502
1 3269
2359 3502
1 1927
3502 3970
1 4113
938 3502
1 3694
1062 3502
1 1579
1045 3502
1 4561
1782 3502
1 1713
536 3502
1 3672
3321 3502
1 3329
2634 3502
1 251
3502 3896
1 1983
3502 4472
1 4807
507 3502
1 1200
3502 3870
1 3136
3502 3663
1 2374
2750 3502
1 3437
1399 3502
1 186
1999 3502
1 4247
298 3502
1 2811
2228 3502
1 2899
581 3502
1 1450
3502 4679
1 2124
1356 3502
1 3862
2625 3502
1 758
2734 3502
1 3166
1762 3502
1 3868
1064 3502
1 100
1765 3502
1 3728
145 3502
1 2604
459 3502
1 235
3502 4177
1 147
983 3502
1 2702
3502 3706
1 2150
1851 3502
1 580
3502 4513
1 4160
3363 3502
1 4327
3333 3502
1 3574
2695 3502
1 4297
2107 3502
1 3645
3502 4286
1 4278
1910 3502
1 2553
2649 3502
1 567
870 3502
1 1177
1993 3502
1 4255
2255 3502
1 1219
2902 3502
1 2726
2756 3502
1 848
2155 3502
1 245
2881 3502
1 3523
3502 4516
1 1050
1882 3502
1 2018
2001 3502
1 4793
3502 4724
1 3306
3502 4431
1 2
3445 3502
1 4410
2214 3502
1 918
922 3502
1 1985
114 3502
1 2420
1936 3502
1 2458
1113 3502
1 4645
3502 3575
1 1145
3502 4664
1 579
2423 3502
1 3541
1715 3502
1 3180
1441 3502
1 4931
2836 3502
1 1318
3404 3502
1 2832
3502 4935
1 2585
31 3502
1 2360
1951 3502
1 289
3502 4194
1 1536
262 3502
1 2158
3502 4121
1 3933
3502 3622
