5000
())))(()()())()())))))()))(()))()(()()())))()()()()(()((((())))))))(()(())))))))()(()())))(((()))))))))(())))))(()(())((()))((())(()(((((())()()((()()()())))))(())()))))()())((())(((()()()))(()())))((()()))())))())(()()))(()()))(((((()()))(())()())()()((((()((()()(()()())((((())(())()()())((()(()))))))))))(((((())))((()(((())(()())(()(()((()(()((((()(()())()((()(((()()()))())((((())))))(()())(((())()()(()()))))(()))())()))))))((()))))(((())(()()))))(()))())()()((((()()(((()(())))))()(()))((()))((()))(()))(())(()))))(()((((()()(((()((((()(()(()()(((()()))))))(((())))))(()(()((())()((()())()(()()))((()))((()))))))()))())((()()))(((((())()))))))()))(()()(())(())(())(()()))))))(()((((()))))(()()()))()((())())))((())()()((()))(())(((())()((())))()())(())))(())(()(())()()()))((())))((()())))(()(()))()())()(((((())))((()))(())))((((()()()())))())())))()))(((()))((())))))(()())((((()))(())(()(((((()))))((())((((()))(())()())))))(()(()(())()(((()())))())())(()((()())))())))))(())()((()((()((()))(())(()))))(((()(()))())(()()()))())((())(())(()())(((((()((((()()()()(()())(((((()))(((()))()))(()))()))))())((((())))()(((((((()(((((()()(()))()(()))())()()))(((((()()()()()()))())((()()))()(((()())(()(()(()()()))))((((((()()(())())))()()(()((()())((((())()((()())))()(((()(()))(()()()()(())((((((((()()())(((()((()(()))(()()(((())))()()(()())))))((())()))((()((())))(())((())))))))))()()))((((()((()(())(()(()))))(((((((((())()(()(()))))))((()()()(()((((((()(())))))))(()))(()()(((()))()))))()(()(((())())))((())()(()())()((()(())((()))(()(()()))))))())(())())()()))()()(((()))()()(()((())())(((())()))))())))(((()(((())()))(()())))(()()())(()())(()())())(())(()()(()))))((()(())((((((((()(()))(())(())((((())(()))()))()((()))()))))()()()))()))()()())()(())(((())()()())))))()())()(()()()))()()))()()())()))(())((((())((()(())()()(()))(((()(()(()())))()()))(()())))(())((())())))))(()()()))(()(()((()()))())))(()())))))))(()(()((((()((((((()()(()()())())((()))(((())()((((()))))))))())())(()())())()(())())))()()()))))()()(((())))()()(()())(())((()((())))))()()(()))())))()))(((()))))(()()()(())()())))(())(()))(((()(())))))()(()((((())((((())(()(((((())))(((())()))))())(())(((((()))((())(()))()(()(()))(())((())((()((())(())()))()(((())()))))(((()()()(()()()()))))))((()())))))())())(((())((((())))(()((()()()(()))(()(((()()((((()((()))))))())((((())()())())())(()()()(((())(())()(())(()())((()()()(()))(()()))((())(((()()(((()(()(((()()())(((()((()))()))(()(((()())()()))()()(()()())()))))()))(())(()))()))))(()((()))(()()))(()()((()(()())())))(()()))(((((())))((())))()((((((())))(((()))))((())(())()(())(())(()(((()()()(())()))((((()(()((()))))())()(()(((((((((()(()(()(()))())(((()))())()())(()((()))))((((()(()((((((())(()(()())))())())()))))()((()(())(()(()())))(())(()())(()()))()())()()())()))(()())((())))(()()))())())))()((())(()())()()()())))))(((()(((())(()((()()))(())(()(())(()()((((((()()))))()((()())(((()((()()())((()(((())()((()(()(((((()))((())()(())(()()))()(()()))))())))()()))((((()))()))))(()()((())(()((()((()(()()()((())))(((())())(())(((((((()())))()(((((((()(((()(()))(()()())()()))(()(())(()(()())(())))))(()()(()()(()()))(())(((()())))()()()())(((()())((((()((()(()))))()))(()))())))(()(((())(()))((((((((()(()()()((()()()))))()((())())(()((()))))))()((()))())))()())(())()()))))))()(()(())(((())(((((())))(((()))))())(((()()()())(()(((())))(((((((()(()())(()()(()(())()(((()((()()(())))((()(()()))())))))()(((())((()()()))((()))))()))))))))(()))))((()))(((()((()())))))())((())))))(())()))))((()((())()))))((()(()(((()()))(()((()))(()))))(()))))))(()((((()(((((((())(())()))(())(())()(((((()))))))()(((()))()(()()((((()()()(()())(())(()(())(((((()((()(()(()))(()(()(((()(()(())()())))()()())()()(()((((((((()((((())))()())((()())()))))(()())(((())())()())(()(()(()()())())()()()(((()))((()))())))))))((((()(())))()(()((())((((()(((((()))()((())()()))()(())))()(()(())(())))))))((()((((()())())())((()())))())(()((()(()()()()()())((())()(())()())))))((()()(()))))(()())))(())(()))()(()()(()()(((((((((()(()(()))())()(((()())(((((()(()(())((((((((())()())(())((())()((()(())))))))()(((())(((()))()((())))()()((((())()))()())()()((()(()((((((()(()(())())))()))())))(()()))))(((((()()())))()))()(()))())(())((((()(())()(()(())))))((()((()())()((())((()))()((()((((()(())()()(()(((((()(()()()(((((()(())((()))))()())))))(()((())((()()((()(()(()())()())(((()()(()())))())()())))((()(()())(()()())(()(()))())(()))(())))(()(((())()(()((())))(()()(()(((())())()()())()(()()()()))())(()(()(()())(((()((())())())((()())((()((())(((()))))()))()())))()(((()))(())()))()(())(()((()()()())()))()))(())())()))(()())())))))((())((()())(()())))))(()))(((()(()(()())()()()(((()))((((()((()))(())))()(()))))))))((()(()()))))))(((()()(()()))))))))()(())))(())(()())((())))()(()(()))))))(()()))()()(())(()())()(((())(()())()(())(()()(()()(()()())()()))()()))())))())()))((())())())(())()(())(()((((())(((())(((()))())()))())((()())))())())))()))()()))()(())()((())(()(()(()(()()))))()((
1821 4487
197 4487
288 1821
4487 4558
1821 2030
3279 4487
1821 3992
2019 4487
1208 1821
1480 4487
595 1821
2615 4487
1801 1821
848 4487
1206 1821
860 4487
58 1821
3375 4487
1501 1821
4160 4487
686 1821
2266 4487
1418 1821
4487 4734
1821 4611
4330 4487
1821 4171
894 4487
277 1821
1533 4487
1821 4918
304 4487
1821 2394
4004 4487
354 1821
4487 4742
1821 2359
1569 4487
1821 4670
984 4487
1821 2564
364 4487
1329 1821
2248 4487
1821 2688
4487 4758
1821 2430
3834 4487
689 1821
4487 4921
1685 1821
2253 4487
1821 2957
4487 4815
1821 2292
3558 4487
1821 2042
1443 4487
1821 3329
1880 4487
1821 2873
3770 4487
1360 1821
1476 4487
1821 2544
4221 4487
1821 3623
3270 4487
1821 1930
3294 4487
963 1821
1673 4487
1821 2633
4487 4610
234 1821
1998 4487
1019 1821
2048 4487
323 1821
519 4487
160 1821
4487 4521
1821 2475
4487 4789
1821 2502
2343 4487
1821 3745
795 4487
1203 1821
4487 4769
576 1821
2575 4487
275 1821
4487 4767
1821 2851
2511 4487
1821 2970
969 4487
1821 4917
2651 4487
844 1821
3420 4487
1324 1821
4487 4674
1821 4387
264 4487
1821 3285
4487 4914
1821 1949
1978 4487
1821 3256
666 4487
1821 4356
1864 4487
1710 1821
4429 4487
1821 3548
2446 4487
319 1821
282 4487
816 1821
2672 4487
1821 4115
2921 4487
1821 2189
1543 4487
1821 2563
1189 4487
1098 1821
213 4487
1821 3747
570 4487
407 1821
2984 4487
1821 2840
1610 4487
1252 1821
2372 4487
1821 3811
4487 4824
6 1821
4227 4487
1821 4416
3958 4487
337 1821
4487 4582
1821 4242
771 4487
1821 4384
4487 4573
1821 3974
2557 4487
1821 4052
1766 4487
1821 3735
4108 4487
1821 2051
4138 4487
1821 3714
3580 4487
1821 2674
4192 4487
68 1821
1180 4487
1821 3412
3347 4487
1821 3658
4487 4559
1821 4999
2712 4487
1163 1821
4292 4487
1821 2668
4487 4618
56 1821
1928 4487
1821 2377
4487 4727
254 1821
2847 4487
777 1821
2551 4487
1821 2855
2945 4487
1821 4903
785 4487
268 1821
4372 4487
1361 1821
2636 4487
86 1821
4487 4625
399 1821
3629 4487
1762 1821
4487 4877
1821 3246
97 4487
1821 4373
944 4487
1821 2050
831 4487
1821 2156
4347 4487
1821 4583
2721 4487
1821 3653
3525 4487
1821 4147
3976 4487
1821 3486
2781 4487
1821 4159
2032 4487
1741 1821
2997 4487
526 1821
1550 4487
1821 2227
4111 4487
1821 4065
723 4487
1821 2669
2073 4487
1821 4126
2395 4487
1821 2737
776 4487
1821 4439
1510 4487
792 1821
681 4487
1463 1821
1601 4487
1821 3112
219 4487
1254 1821
1602 4487
1821 4332
4316 4487
1821 3691
873 4487
736 1821
2866 4487
1821 2483
2678 4487
83 1821
3774 4487
1423 1821
3571 4487
397 1821
457 4487
1821 2224
1853 4487
1158 1821
2612 4487
1821 3161
3360 4487
32 1821
3154 4487
1765 1821
2998 4487
1821 3477
1117 4487
815 1821
1701 4487
1821 2590
4487 4954
1821 3317
3886 4487
627 1821
518 4487
1821 3272
3308 4487
1219 1821
3769 4487
1821 4090
4351 4487
1275 1821
4285 4487
1821 2484
509 4487
1821 2209
4487 4874
902 1821
1822 4487
1821 2501
791 4487
1821 2517
4487 4807
1625 1821
66 4487
1821 4381
1663 4487
1714 1821
2974 4487
1141 1821
3907 4487
1821 3064
1187 4487
1821 4021
3142 4487
1821 4033
3065 4487
1821 4419
2128 4487
1821 2767
874 4487
1821 2228
3581 4487
1821 3146
4487 4862
494 1821
2 4487
1821 4132
3655 4487
1821 4312
2990 4487
1821 4988
3278 4487
1270 1821
2370 4487
1821 4465
2255 4487
1821 4200
4487 4721
1388 1821
1119 4487
1821 4241
155 4487
1821 4577
157 4487
849 1821
111 4487
1420 1821
2495 4487
1821 3444
4487 4712
119 1821
561 4487
1400 1821
2360 4487
986 1821
3891 4487
192 1821
2171 4487
1519 1821
3601 4487
1821 2679
1046 4487
1821 3869
3910 4487
1821 2956
3352 4487
1821 3643
405 4487
975 1821
1757 4487
923 1821
4487 4553
1821 4919
2270 4487
1821 4817
4487 4632
1821 2008
3139 4487
1821 1934
2554 4487
1821 3126
4487 4777
1821 3209
1950 4487
942 1821
400 4487
581 1821
3970 4487
611 1821
1359 4487
1821 4328
1410 4487
1821 4513
4341 4487
1821 2218
3204 4487
1821 3736
2524 4487
1821 2353
4286 4487
1821 3446
715 4487
1821 4956
3200 4487
1821 2742
1530 4487
1821 2199
1721 4487
552 1821
691 4487
93 1821
2416 4487
1821 4303
326 4487
1821 4578
343 4487
1821 3999
676 4487
1821 4011
3644 4487
1821 2204
4486 4487
1821 4966
3039 4487
1821 2836
1065 4487
1821 3760
78 4487
1821 4394
2899 4487
1821 3194
4259 4487
1821 1836
3526 4487
1821 4362
2482 4487
1821 3455
2546 4487
1821 3460
1649 4487
1821 2843
4487 4641
1821 3265
4354 4487
1821 1851
3306 4487
541 1821
3610 4487
1821 4514
142 4487
1821 3599
1892 4487
538 1821
60 4487
1821 3157
4116 4487
1821 3090
2631 4487
1711 1821
2704 4487
151 1821
2632 4487
718 1821
17 4487
1821 1953
3630 4487
640 1821
1236 4487
1353 1821
4323 4487
1821 2865
179 4487
1821 3518
1369 4487
1821 3854
4487 4755
229 1821
210 4487
1821 1994
165 4487
1821 4745
3794 4487
1821 4420
3991 4487
1821 3708
1321 4487
1821 3666
4338 4487
1821 2300
316 4487
1821 3828
4073 4487
1821 4620
1754 4487
1821 2581
3431 4487
1821 3898
1979 4487
1821 3528
833 4487
1821 2641
1698 4487
146 1821
2790 4487
1789 1821
2605 4487
1821 4555
1857 4487
1622 1821
3514 4487
1821 4353
2835 4487
1821 2559
871 4487
838 1821
75 4487
468 1821
4187 4487
789 1821
2158 4487
533 1821
4487 4585
1751 1821
634 4487
1305 1821
3882 4487
1821 3307
3274 4487
1770 1821
2820 4487
1821 3084
2174 4487
350 1821
3501 4487
1821 1917
410 4487
1821 2111
3535 4487
1821 2275
856 4487
1821 3861
4487 4607
983 1821
1472 4487
1821 4370
387 4487
1821 2310
879 4487
1821 2764
4487 4723
1821 3119
3122 4487
1821 2731
1264 4487
1821 3397
3215 4487
1222 1821
2978 4487
1821 4061
1570 4487
1821 2727
102 4487
1821 4750
3452 4487
1821 2184
560 4487
502 1821
4487 4544
1821 4096
45 4487
1821 2037
786 4487
1821 3024
3606 4487
1821 3622
3847 4487
1821 2874
2104 4487
1821 4283
4487 4720
1821 2908
3998 4487
1821 3040
2508 4487
1821 1874
2787 4487
335 1821
1650 4487
1821 3889
2658 4487
1821 3710
866 4487
1821 3603
1696 4487
1821 2256
2345 4487
1821 4327
2964 4487
1821 4476
3011 4487
1821 3453
1728 4487
1821 3919
1792 4487
1821 2756
3858 4487
708 1821
3925 4487
1821 2357
2653 4487
1745 1821
4088 4487
1645 1821
2882 4487
1821 3803
3750 4487
1821 4666
2718 4487
1597 1821
3167 4487
1821 3102
1679 4487
112 1821
2500 4487
1821 1941
3031 4487
1821 3037
2279 4487
1246 1821
2987 4487
1821 3905
2830 4487
477 1821
3642 4487
1821 3738
2655 4487
1821 4391
3635 4487
1821 4274
1010 4487
1821 2505
3909 4487
396 1821
780 4487
1821 4289
3286 4487
1821 2413
3788 4487
1768 1821
1413 4487
310 1821
825 4487
1821 2657
4487 4996
824 1821
4487 4741
1821 2734
3096 4487
1821 2673
2832 4487
1821 2560
3753 4487
1821 2220
4393 4487
1821 3071
3023 4487
183 1821
1613 4487
1821 2136
4223 4487
1786 1821
2586 4487
84 1821
2829 4487
1821 4296
759 4487
1821 1960
2363 4487
1821 3916
3995 4487
1821 4524
4395 4487
1060 1821
43 4487
1821 4156
3053 4487
1821 1939
4487 4961
1395 1821
3295 4487
1821 2141
2523 4487
1821 3355
4487 4800
1821 2076
851 4487
1821 3748
1276 4487
1331 1821
3758 4487
1821 3883
1778 4487
1821 4253
4487 4829
1821 2876
3113 4487
1821 4389
4487 4953
1821 1968
3476 4487
1821 1903
1955 4487
1758 1821
2471 4487
1026 1821
3911 4487
1821 1889
4245 4487
1490 1821
3617 4487
1821 2254
3203 4487
1821 4652
2318 4487
1821 3210
4487 4892
1377 1821
4027 4487
1821 4782
1884 4487
1821 2102
4487 4599
1821 1898
4487 4622
798 1821
3879 4487
1821 4936
2568 4487
1821 3334
4487 4971
1821 4658
452 4487
1821 3150
995 4487
1821 3254
140 4487
7 1821
2879 4487
1695 1821
3469 4487
1821 2450
3432 4487
1821 4176
3713 4487
1821 2261
3857 4487
1821 4602
3046 4487
1821 2884
1568 4487
1821 3741
2910 4487
1821 2027
587 4487
1821 4032
3419 4487
181 1821
2730 4487
1821 3692
574 4487
1813 1821
3565 4487
1821 3626
2769 4487
1821 2273
1534 4487
1821 1966
859 4487
1821 4854
1906 4487
836 1821
1042 4487
126 1821
3608 4487
1821 1914
2543 4487
1821 2613
98 4487
1821 3560
1218 4487
1821 4811
1626 4487
1821 3085
645 4487
1821 3166
245 4487
1821 2519
2798 4487
1821 3443
2755 4487
1821 4532
2750 4487
1821 3595
1521 4487
800 1821
4487 4682
1821 2671
2913 4487
1821 3288
3433 4487
1821 4461
2963 4487
1805 1821
1560 4487
1821 4211
4398 4487
1821 2618
1861 4487
1821 2406
1883 4487
1445 1821
2260 4487
1821 2863
3457 4487
1646 1821
614 4487
1821 2895
1381 4487
709 1821
1294 4487
1821 2240
1108 4487
1821 2538
520 4487
1821 1824
61 4487
1821 4540
4359 4487
1821 2877
128 4487
276 1821
3521 4487
1821 4608
2635 4487
1821 4287
4487 4627
1821 3677
841 4487
1821 4023
315 4487
1821 4133
3826 4487
1821 2724
2041 4487
1821 2491
1009 4487
462 1821
3542 4487
1243 1821
1743 4487
1821 3784
1340 4487
1821 4252
641 4487
1821 2722
2593 4487
200 1821
1178 4487
1821 3070
3318 4487
1821 2916
1838 4487
338 1821
3172 4487
1821 3309
107 4487
365 1821
3349 4487
1213 1821
2936 4487
1821 4031
850 4487
903 1821
1552 4487
284 1821
4487 4637
1821 4217
3299 4487
1821 3116
3253 4487
542 1821
1176 4487
1821 2780
3831 4487
1821 2235
4487 4759
1821 2424
4195 4487
900 1821
921 4487
340 1821
3035 4487
1821 4143
63 4487
1821 3384
2803 4487
1821 4042
793 4487
1821 3775
4487 4801
1821 4980
4487 4870
1289 1821
2203 4487
1821 4671
543 4487
1821 2145
3193 4487
1821 4313
4309 4487
1821 3697
2364 4487
1821 2779
4197 4487
1821 2399
174 4487
1821 3918
1111 4487
1821 1842
4152 4487
1821 4704
2110 4487
1821 3652
685 4487
1652 1821
482 4487
1821 1848
1566 4487
1660 1821
3964 4487
423 1821
4346 4487
1821 2316
3364 4487
261 1821
3267 4487
1821 4982
4487 4687
1821 2726
2536 4487
1075 1821
3846 4487
1821 2177
4403 4487
1273 1821
2367 4487
1821 1956
3675 4487
44 1821
4162 4487
347 1821
271 4487
1821 2274
504 4487
550 1821
129 4487
1821 3600
1954 4487
1759 1821
3734 4487
1039 1821
2752 4487
1821 4783
2886 4487
751 1821
929 4487
324 1821
1001 4487
719 1821
2800 4487
1821 3047
4487 4640
1821 2182
2311 4487
1821 2576
2095 4487
1616 1821
1267 4487
1821 2466
920 4487
1821 2904
99 4487
1821 4002
1172 4487
1821 2949
698 4487
1749 1821
4248 4487
1821 4692
888 4487
1821 4320
3664 4487
967 1821
1201 4487
697 1821
2455 4487
1821 4007
186 4487
1113 1821
3835 4487
1821 2918
2996 4487
1821 4343
1671 4487
1821 3389
267 4487
1821 3870
1945 4487
1821 3162
1607 4487
1821 3250
169 4487
1821 3401
167 4487
1821 2928
3456 4487
1821 4057
1659 4487
1544 1821
1844 4487
1821 3590
2833 4487
1821 3434
4487 4762
1719 1821
2980 4487
1512 1821
1198 4487
1821 4024
4098 4487
757 1821
358 4487
1821 4105
384 4487
1821 3945
907 4487
1584 1821
1052 4487
1821 3696
1449 4487
1821 2584
3487 4487
1821 2520
4487 4934
1821 3806
2105 4487
539 1821
3111 4487
1821 3817
4487 4945
1821 3423
2301 4487
1821 4909
30 4487
1821 4501
2611 4487
1821 3971
478 4487
1821 4246
2433 4487
1651 1821
2777 4487
1821 2222
897 4487
733 1821
2842 4487
1821 2035
2872 4487
57 1821
3260 4487
1821 4082
3819 4487
362 1821
1049 4487
1821 4688
3498 4487
1821 3333
3701 4487
1134 1821
4375 4487
1821 2680
4487 4566
1821 1973
1736 4487
1821 2238
302 4487
1821 4144
4342 4487
1821 2479
2115 4487
1821 3638
3690 4487
1821 4124
3207 4487
1821 2334
4459 4487
1821 3707
3376 4487
383 1821
4487 4714
1821 4199
3727 4487
1821 3815
4487 4947
1821 1871
4140 4487
1821 1909
1045 4487
1821 3594
3012 4487
1285 1821
1592 4487
885 1821
646 4487
1821 3860
3466 4487
707 1821
1462 4487
1821 2627
3101 4487
1362 1821
2109 4487
1821 4480
4469 4487
1821 4102
678 4487
1821 3222
1511 4487
1821 1886
4001 4487
1821 3094
2859 4487
1821 3073
2086 4487
1821 2237
4467 4487
1821 4809
4487 4722
1821 2647
3283 4487
1821 3681
839 4487
1821 2929
1228 4487
368 1821
772 4487
1073 1821
1972 4487
655 1821
2845 4487
1821 3248
2058 4487
1803 1821
2236 4487
1283 1821
980 4487
766 1821
3437 4487
1821 2064
4487 4552
1821 3107
82 4487
1808 1821
18 4487
1821 2870
577 4487
334 1821
794 4487
1448 1821
1774 4487
1821 3537
2480 4487
1821 2578
3218 4487
910 1821
4487 4500
1821 3679
4487 4860
947 1821
1210 4487
1821 4081
3391 4487
1699 1821
4487 4946
1821 4776
2426 4487
1821 2985
647 4487
134 1821
1672 4487
260 1821
3768 4487
253 1821
3152 4487
1821 2045
1034 4487
1821 3366
4487 4920
1821 3575
3399 4487
1821 3756
3258 4487
1821 4087
3515 4487
1821 1943
237 4487
1821 4820
1095 4487
1821 3022
4186 4487
1444 1821
1471 4487
1821 4305
1354 4487
1821 3199
4169 4487
1088 1821
1416 4487
1821 3961
3017 4487
1175 1821
4448 4487
1821 2223
437 4487
34 1821
1008 4487
1821 3699
2402 4487
1821 2785
4487 4841
1821 2347
4189 4487
1821 2427
4487 4667
1821 3986
1911 4487
46 1821
205 4487
1446 1821
1509 4487
1821 4314
239 4487
1821 4698
2686 4487
822 1821
4487 4967
1821 3041
1334 4487
1821 2659
2619 4487
1821 3801
3374 4487
1116 1821
4390 4487
696 1821
2566 4487
1821 4940
3527 4487
1821 2905
4257 4487
1054 1821
4487 4736
1821 2725
2837 4487
1821 2943
1634 4487
1821 4355
3931 4487
1821 2181
3414 4487
1669 1821
4487 4944
1821 2844
1151 4487
1821 4793
307 4487
1821 3878
3494 4487
763 1821
1769 4487
1821 4655
3505 4487
1821 3417
2860 4487
547 1821
206 4487
1821 3233
3468 4487
1821 3055
2230 4487
1821 2354
444 4487
1821 4633
830 4487
381 1821
1091 4487
1821 2039
1515 4487
225 1821
371 4487
1821 4983
760 4487
1821 3048
4006 4487
1821 3087
4487 4864
1821 2097
2457 4487
1821 2185
417 4487
1130 1821
297 4487
1821 1823
1441 4487
1821 3393
1269 4487
1821 3930
1281 4487
1821 3607
4485 4487
1821 4948
1705 4487
1821 2809
3156 4487
701 1821
4003 4487
1262 1821
2971 4487
1821 2067
2841 4487
968 1821
1258 4487
1821 4012
4487 4596
1821 3276
76 4487
1689 1821
4487 4822
1259 1821
2693 4487
1821 2403
4423 4487
1821 2214
4418 4487
1821 3241
262 4487
1821 2352
1735 4487
59 1821
2059 4487
1821 3935
3144 4487
1821 3319
569 4487
1821 3143
650 4487
1821 3379
3825 4487
1542 1821
1466 4487
554 1821
2827 4487
1821 3183
2246 4487
1821 4208
1780 4487
1485 1821
1403 4487
1821 4701
3271 4487
265 1821
4110 4487
1821 2423
418 4487
884 1821
3044 4487
1821 4790
4487 4752
1821 1987
4487 4889
1821 3127
2572 4487
922 1821
2741 4487
1507 1821
4487 4938
1821 3759
3929 4487
308 1821
1059 4487
878 1821
77 4487
660 1821
1378 4487
1821 4076
428 4487
1339 1821
3940 4487
639 1821
3176 4487
1821 3511
435 4487
1821 3766
2384 4487
1821 4117
4487 4661
480 1821
2356 4487
1821 3787
927 4487
1821 2462
1036 4487
1127 1821
1309 4487
420 1821
1386 4487
1821 2760
2881 4487
1821 3732
1631 4487
1821 4050
3099 4487
1821 4263
1580 4487
348 1821
3448 4487
1522 1821
4487 4963
1821 3363
1855 4487
1337 1821
1982 4487
212 1821
279 4487
1821 2637
4191 4487
1821 4361
3668 4487
852 1821
2328 4487
1821 4478
3885 4487
1821 3497
1428 4487
345 1821
809 4487
1453 1821
278 4487
1351 1821
2807 4487
1821 2542
2848 4487
1821 4449
1012 4487
1272 1821
3438 4487
131 1821
1145 4487
1821 3856
1286 4487
281 1821
867 4487
1821 4229
1494 4487
1821 2121
247 4487
1821 4897
2383 4487
1821 4308
4107 4487
175 1821
3014 4487
1821 4623
2504 4487
1821 2053
2330 4487
1661 1821
2595 4487
1821 4028
4014 4487
1821 4161
4348 4487
823 1821
3524 4487
1821 2405
1380 4487
1791 1821
4148 4487
1821 2005
3125 4487
1678 1821
4279 4487
1296 1821
1518 4487
1821 4174
608 4487
1821 4732
430 4487
1821 2117
103 4487
1821 3591
3853 4487
1821 4827
4109 4487
1821 1875
3311 4487
244 1821
3341 4487
813 1821
4487 4875
1821 4772
2812 4487
312 1821
4046 4487
1083 1821
663 4487
1821 3293
269 4487
259 1821
987 4487
470 1821
3536 4487
1821 3449
3994 4487
431 1821
2323 4487
1177 1821
3291 4487
1821 1843
2477 4487
1821 4062
774 4487
1821 3895
1605 4487
1821 2107
3483 4487
1035 1821
4350 4487
1064 1821
3810 4487
1821 3761
2911 4487
1821 4693
2912 4487
1821 2582
4487 4773
1821 4649
4487 4490
1821 4497
414 4487
540 1821
2198 4487
1821 2765
2415 4487
1821 3380
4369 4487
121 1821
594 4487
1821 2296
3330 4487
1068 1821
3791 4487
1536 1821
4434 4487
1821 4345
4487 4847
1821 4910
1182 4487
637 1821
3331 4487
1821 4324
1092 4487
1821 3742
96 4487
185 1821
2919 4487
1821 2213
3165 4487
1821 4771
2751 4487
1821 2486
2408 4487
837 1821
29 4487
1821 4458
1122 4487
320 1821
73 4487
1821 4886
4204 4487
1821 1959
558 4487
1146 1821
3944 4487
391 1821
4487 4568
1821 3509
31 4487
1821 4226
1415 4487
1240 1821
3926 4487
1821 2525
152 4487
814 1821
4487 4927
1821 3859
13 4487
1821 3634
3777 4487
1821 3063
3462 4487
1821 2308
4487 4931
1690 1821
2682 4487
1781 1821
4284 4487
1821 3615
2307 4487
1312 1821
4487 4657
1135 1821
2981 4487
1114 1821
1500 4487
1344 1821
2168 4487
1821 2411
2043 4487
1821 2706
1231 4487
1821 2392
2069 4487
610 1821
4249 4487
1821 2570
1618 4487
1821 4869
4205 4487
1195 1821
1957 4487
1821 3262
2852 4487
182 1821
2407 4487
1821 2438
388 4487
1821 3074
4487 4926
1277 1821
2763 4487
1821 3654
881 4487
1821 1845
4487 4850
1405 1821
4089 4487
651 1821
2366 4487
887 1821
562 4487
1821 4101
1923 4487
1003 1821
2472 4487
990 1821
4487 4884
342 1821
3985 4487
1821 2309
3512 4487
1821 4567
1465 4487
344 1821
1644 4487
1821 3076
2052 4487
1821 4591
4487 4937
1821 3105
3765 4487
1821 4165
3709 4487
1821 2988
2061 4487
379 1821
4487 4904
555 1821
2747 4487
1821 3865
3969 4487
583 1821
2060 4487
1821 2552
4051 4487
1821 4068
3872 4487
1821 2598
1107 4487
1821 3656
2995 4487
1821 2555
4487 4876
432 1821
2897 4487
1725 1821
436 4487
938 1821
214 4487
1821 2250
1606 4487
1043 1821
1881 4487
1821 3228
1922 4487
1821 4095
2456 4487
1821 4545
4304 4487
1821 2977
492 4487
783 1821
4216 4487
1821 4902
355 4487
1821 4070
3368 4487
1517 1821
4048 4487
939 1821
4380 4487
1821 4336
1077 4487
1821 2391
4262 4487
1821 3671
1783 4487
1821 3877
924 4487
1821 4311
4487 4711
857 1821
4487 4541
1821 2431
1155 4487
1821 1896
2150 4487
746 1821
2024 4487
1014 1821
3130 4487
318 1821
2280 4487
1821 1938
1506 4487
1821 3335
3896 4487
1821 2676
3015 4487
1821 2878
4020 4487
1821 2694
4038 4487
1821 3959
2031 4487
705 1821
3917 4487
256 1821
235 4487
1230 1821
2428 4487
487 1821
1958 4487
1821 2167
1207 4487
1821 4932
2992 4487
1483 1821
2443 4487
597 1821
4487 4768
1821 4091
3249 4487
1821 2610
513 4487
194 1821
826 4487
1821 3153
4487 4804
1821 4215
4442 4487
1576 1821
2909 4487
1821 3133
2341 4487
1821 2903
1086 4487
1821 2381
2817 4487
1274 1821
3350 4487
14 1821
619 4487
1821 4916
3147 4487
1184 1821
3943 4487
664 1821
4231 4487
1821 3013
2993 4487
1341 1821
2342 4487
834 1821
3573 4487
1821 3191
378 4487
1821 3377
3003 4487
1229 1821
932 4487
1821 4517
33 4487
1620 1821
88 4487
1821 2768
3938 4487
534 1821
3554 4487
1577 1821
1675 4487
665 1821
617 4487
1821 3837
3079 4487
199 1821
3201 4487
1821 4364
2602 4487
1821 3739
2009 4487
1821 3740
1266 4487
1821 2368
731 4487
1821 3799
209 4487
1821 3056
4122 4487
1821 3383
4045 4487
1821 3927
1697 4487
133 1821
3783 4487
1821 3798
1658 4487
172 1821
4166 4487
1486 1821
1383 4487
1821 4951
1546 4487
1567 1821
571 4487
1821 2337
787 4487
1356 1821
2496 4487
1821 4182
521 4487
1821 2646
2018 4487
1821 4499
3941 4487
1292 1821
940 4487
1402 1821
4487 4879
69 1821
4005 4487
1617 1821
3000 4487
1821 2846
2159 4487
1821 3198
3168 4487
1821 2799
4388 4487
1821 4717
934 4487
1821 1915
3212 4487
1681 1821
4218 4487
1821 3189
4487 4894
1821 3596
2242 4487
1821 4840
2047 4487
557 1821
1548 4487
1599 1821
3830 4487
1594 1821
4425 4487
1821 4494
3184 4487
28 1821
3080 4487
1315 1821
3066 4487
1821 1996
3447 4487
1821 4941
4137 4487
353 1821
954 4487
877 1821
2288 4487
1821 4443
4487 4570
544 1821
4468 4487
1821 3098
1720 4487
1821 4960
2208 4487
970 1821
2469 4487
1821 2497
3620 4487
1821 2562
4456 4487
466 1821
25 4487
672 1821
3751 4487
1821 3957
287 4487
1632 1821
865 4487
1821 4085
4426 4487
1821 4008
758 4487
1821 4374
3833 4487
105 1821
3980 4487
1821 2925
2286 4487
1821 2687
4487 4799
1821 4648
2825 4487
1821 4844
4451 4487
309 1821
2211 4487
1573 1821
1538 4487
1821 4271
3804 4487
1821 2151
228 4487
1821 2853
4487 4779
1821 2419
4487 4952
1571 1821
1150 4487
1821 1944
4487 4531
1821 3072
2193 4487
745 1821
2772 4487
1687 1821
2361 4487
1640 1821
1890 4487
1821 2705
1387 4487
529 1821
2404 4487
1821 4516
3507 4487
1821 4453
3797 4487
1404 1821
671 4487
1821 2822
4487 4543
1821 3674
2733 4487
928 1821
4487 4933
1295 1821
1596 4487
1821 3205
450 4487
1821 3140
1011 4487
1821 3175
2681 4487
23 1821
667 4487
143 1821
2711 4487
1821 3773
1860 4487
475 1821
483 4487
1821 3088
1140 4487
52 1821
3050 4487
1247 1821
2489 4487
673 1821
2476 4487
1821 4264
933 4487
1821 4063
3440 4487
1821 4814
1067 4487
1094 1821
4230 4487
1726 1821
1093 4487
1821 2648
1389 4487
1821 2210
4487 4786
1125 1821
4487 4614
1821 2325
4487 4694
909 1821
556 4487
1703 1821
3719 4487
1821 2735
4487 4842
575 1821
1104 4487
525 1821
702 4487
1297 1821
2946 4487
1223 1821
4487 4518
1821 1887
872 4487
1821 4705
3 4487
1821 3445
4487 4995
1224 1821
4260 4487
1821 1932
2759 4487
1821 4751
603 4487
1821 3682
3894 4487
1821 3069
3474 4487
629 1821
3473 4487
441 1821
67 4487
501 1821
4487 4888
1821 2896
4487 4696
1821 2782
4084 4487
1821 3378
248 4487
1040 1821
2783 4487
1821 3924
1900 4487
1063 1821
4339 4487
868 1821
1308 4487
1394 1821
4220 4487
1821 4686
258 4487
1821 4906
3121 4487
1784 1821
2460 4487
1821 3238
596 4487
1821 2917
2355 4487
230 1821
2503 4487
1821 3006
171 4487
138 1821
2126 4487
1821 2770
3827 4487
376 1821
710 4487
1821 2215
3108 4487
1821 2775
1022 4487
1821 1901
3724 4487
1821 3214
3010 4487
1727 1821
1407 4487
1704 1821
3221 4487
917 1821
2346 4487
1821 2614
1271 4487
1821 2902
827 4487
1821 4849
2955 4487
1821 2663
4083 4487
1821 3336
2225 4487
548 1821
289 4487
567 1821
2020 4487
1821 4470
4487 4836
1821 4077
721 4487
1821 3398
1556 4487
1821 4699
3059 4487
1821 2703
2696 4487
1821 1935
2386 4487
568 1821
854 4487
1821 4703
1414 4487
1821 2108
486 4487
1821 2458
4280 4487
1821 3559
3808 4487
1821 4150
3722 4487
1821 2015
332 4487
864 1821
2007 4487
1450 1821
89 4487
1821 4893
2534 4487
479 1821
843 4487
1311 1821
3259 4487
1821 4962
729 4487
1002 1821
4288 4487
1821 2029
1790 4487
1821 4243
741 4487
762 1821
3313 4487
1821 3132
1100 4487
1821 3367
3488 4487
1479 1821
159 4487
1047 1821
4066 4487
295 1821
1468 4487
1821 4357
3482 4487
1006 1821
211 4487
1821 2849
2494 4487
1821 2081
1635 4487
1821 2954
1683 4487
1821 4972
3301 4487
1044 1821
2124 4487
1821 2539
3187 4487
1821 2376
802 4487
1821 3993
2006 4487
454 1821
4306 4487
1821 3881
1724 4487
1197 1821
832 4487
1821 2965
670 4487
1821 3952
3790 4487
1821 2569
4487 4629
1821 2600
3504 4487
1821 3372
875 4487
1821 2434
2289 4487
1821 4094
1391 4487
1821 3953
389 4487
1136 1821
2140 4487
862 1821
443 4487
1638 1821
1952 4487
1821 3163
4447 4487
1821 3235
3820 4487
467 1821
4487 4530
1821 4631
593 4487
1821 2046
1910 4487
512 1821
3390 4487
359 1821
2281 4487
582 1821
1147 4487
1821 2335
2187 4487
1498 1821
4180 4487
1821 4619
2875 4487
1263 1821
3463 4487
1691 1821
2264 4487
1821 3897
4407 4487
1397 1821
3340 4487
1821 2603
2883 4487
1821 4409
4408 4487
476 1821
3523 4487
1514 1821
460 4487
1589 1821
3280 4487
1821 3568
4113 4487
1821 2089
4258 4487
1821 2096
847 4487
1421 1821
3776 4487
781 1821
4487 4592
1821 3950
2624 4487
1821 4035
1859 4487
1821 3887
563 4487
1139 1821
2123 4487
1821 4294
2574 4487
1821 3619
2634 4487
404 1821
4487 4595
1821 2312
3339 4487
1821 4172
3422 4487
1821 4766
4234 4487
1821 3303
973 4487
1821 2290
4437 4487
1821 4547
2016 4487
1821 3987
3802 4487
812 1821
2078 4487
1821 3977
818 4487
1821 4034
3186 4487
1821 2163
808 4487
1821 3646
108 4487
1821 2684
3965 4487
280 1821
1526 4487
620 1821
217 4487
1821 2521
374 4487
1821 4427
3672 4487
1079 1821
735 4487
1821 3499
3829 4487
1821 4765
4397 4487
1821 2697
1322 4487
1821 3151
12 4487
1099 1821
3845 4487
1821 2425
601 4487
1821 2422
937 4487
1821 4735
1742 4487
1821 4479
3572 4487
1164 1821
2192 4487
1821 3370
573 4487
1821 2788
2675 4487
92 1821
1037 4487
329 1821
463 4487
1670 1821
4487 4571
1582 1821
4487 4959
1459 1821
473 4487
1419 1821
1839 4487
1821 1926
1516 4487
737 1821
778 4487
1821 2885
1907 4487
1821 2579
648 4487
952 1821
4487 4770
1821 4402
4487 4787
1821 1862
3232 4487
810 1821
4487 4653
1821 1905
4487 4835
1821 3973
4298 4487
1821 4991
1540 4487
1821 4329
227 4487
1821 2880
3100 4487
1821 3563
3305 4487
1821 3703
882 4487
989 1821
1347 4487
1821 4064
3848 4487
1821 4975
426 4487
1821 2589
1350 4487
1821 4269
1885 4487
1821 2314
4482 4487
398 1821
4487 4492
1821 3922
4487 4998
1816 1821
662 4487
416 1821
4487 4659
1081 1821
4487 4908
1821 3937
2834 4487
1821 4281
3137 4487
1821 3411
224 4487
1821 3492
1894 4487
1821 4576
493 4487
1401 1821
4487 4958
712 1821
4487 4707
1821 3490
674 4487
1821 2942
1877 4487
1821 3387
1873 4487
1513 1821
1159 4487
1821 4550
3061 4487
1821 4030
4358 4487
1667 1821
3657 4487
957 1821
4487 4613
628 1821
132 4487
1821 3240
2601 4487
1821 2547
764 4487
1821 2620
1101 4487
1365 1821
2527 4487
1821 4444
327 4487
1821 4430
4487 4512
1821 3461
497 4487
592 1821
4487 4990
1821 3543
1069 4487
1821 2326
2374 4487
1821 3555
4183 4487
1211 1821
3018 4487
1821 4600
1980 4487
1821 2677
3936 4487
1821 2066
4487 4950
1821 4791
2793 4487
1821 3685
2628 4487
1821 2259
2147 4487
1821 2249
971 4487
1821 4268
713 4487
91 1821
4487 4526
1821 2592
3912 4487
1821 3946
2982 4487
1821 3343
2893 4487
1821 1993
2652 4487
1821 4145
3676 4487
1821 3103
1653 4487
892 1821
2091 4487
1787 1821
4487 4792
1821 3624
1718 4487
996 1821
1020 4487
578 1821
2285 4487
1821 2298
3902 4487
1821 2365
243 4487
1821 3700
3247 4487
1821 3968
2513 4487
994 1821
4487 4628
1527 1821
3954 4487
1029 1821
2509 4487
1537 1821
1244 4487
1821 4554
4487 4821
1352 1821
2033 4487
1821 4481
4487 4616
1372 1821
999 4487
469 1821
4487 4928
522 1821
2070 4487
203 1821
2212 4487
130 1821
150 4487
1821 2410
123 4487
1709 1821
1318 4487
1821 3948
4487 4548
598 1821
2085 4487
1821 4743
3923 4487
1456 1821
4487 4898
1818 1821
1867 4487
1821 2321
2044 4487
1398 1821
1470 4487
187 1821
1738 4487
1821 4173
1348 4487
240 1821
4487 4987
1496 1821
4487 4780
635 1821
4487 4537
1821 4282
144 4487
1821 2333
65 4487
1821 3190
36 4487
1821 2973
4472 4487
1821 2958
1437 4487
1821 3648
2421 4487
1821 2757
4206 4487
687 1821
1888 4487
322 1821
1561 4487
1503 1821
3836 4487
1821 4139
87 4487
1821 2023
855 4487
1821 3914
3908 4487
37 1821
3429 4487
1821 3551
2087 4487
1821 3081
677 4487
1545 1821
2303 4487
1821 3359
2101 4487
1821 4317
4445 4487
1821 3604
2241 4487
1821 2152
2736 4487
1821 3597
3160 4487
1821 2994
447 4487
1821 3506
4487 4536
1821 2699
1564 4487
1821 2055
3058 4487
1821 4067
114 4487
1821 3779
4487 4964
1821 4878
799 4487
1821 3530
1981 4487
27 1821
2940 4487
1603 1821
4487 4795
1821 2801
2514 4487
1821 2202
3893 4487
1205 1821
471 4487
1821 2939
2907 4487
661 1821
1349 4487
1061 1821
3227 4487
1821 4209
1572 4487
992 1821
2196 4487
1023 1821
2474 4487
1821 1879
3042 4487
683 1821
2278 4487
950 1821
974 4487
1133 1821
1154 4487
1821 2537
642 4487
1591 1821
653 4487
1313 1821
3631 4487
1559 1821
1668 4487
1821 2609
913 4487
1821 4410
4487 4942
1821 3544
173 4487
1821 4746
3762 4487
1821 4413
1913 4487
1821 4913
4188 4487
1821 4331
2746 4487
1821 4154
4415 4487
1821 3251
1260 4487
1821 3345
1508 4487
1821 3036
3693 4487
1821 2839
1284 4487
1821 1933
3628 4487
1821 4507
978 4487
1502 1821
4487 4808
1821 1927
3436 4487
1364 1821
845 4487
1821 3611
3981 4487
1821 4802
2991 4487
1821 3164
1593 4487
1821 2607
1656 4487
1821 2449
2791 4487
1427 1821
3947 4487
1821 2190
3517 4487
1821 2191
2915 4487
1062 1821
2178 4487
1821 3173
3481 4487
1821 4337
2695 4487
1821 3660
623 4487
1821 4813
2738 4487
207 1821
2233 4487
1821 2373
3531 4487
1027 1821
3242 4487
1821 2728
1655 4487
1821 4700
819 4487
1821 2401
2701 4487
1821 2599
958 4487
455 1821
3402 4487
1821 3868
1807 4487
1426 1821
4104 4487
1317 1821
2409 4487
1821 4163
3321 4487
372 1821
1970 4487
1821 2369
1918 4487
1737 1821
2349 4487
1821 4119
3613 4487
1821 4563
680 4487
1821 3029
3426 4487
1532 1821
4219 4487
380 1821
412 4487
1484 1821
750 4487
1821 3921
693 4487
1821 3920
163 4487
1821 3430
117 4487
1821 4130
3365 4487
1821 2299
3850 4487
1821 2180
3155 4487
1821 1946
3257 4487
941 1821
2003 4487
993 1821
3706 4487
1082 1821
4487 4905
1411 1821
3602 4487
916 1821
95 4487
1821 2100
4198 4487
1821 3057
2393 4487
1169 1821
2036 4487
1303 1821
2079 4487
1821 2305
4487 4646
870 1821
4474 4487
1821 2815
2010 4487
1821 4728
4487 4589
1821 4729
4487 4581
1821 3354
196 4487
1821 4594
3665 4487
1457 1821
4093 4487
1821 2937
4487 4977
1578 1821
3324 4487
1821 2417
1021 4487
1255 1821
908 4487
50 1821
626 4487
1821 2714
3695 4487
1821 2867
1084 4487
1821 3723
3128 4487
1821 3467
395 4487
1821 2435
2133 4487
1821 3781
1328 4487
1821 3491
1746 4487
1433 1821
2157 4487
1821 3663
820 4487
1821 3780
2512 4487
1072 1821
4487 4737
1821 3705
3574 4487
1821 3328
806 4487
1171 1821
8 4487
516 1821
3475 4487
1821 2732
4406 4487
1821 3005
1323 4487
1821 4099
1962 4487
1821 2173
3549 4487
1821 2715
1636 4487
1630 1821
4487 4605
1821 3001
1964 4487
1124 1821
1024 4487
1821 3327
1143 4487
1424 1821
1234 4487
1821 3371
4239 4487
1821 2080
4487 4624
1821 3344
1732 4487
1821 3967
2774 4487
915 1821
2012 4487
1058 1821
4487 4915
1821 1828
1551 4487
1821 2385
2861 4487
1821 3522
3956 4487
1821 4710
456 4487
1821 4450
2558 4487
1821 2961
1788 4487
1654 1821
79 4487
1821 3459
961 4487
1520 1821
4319 4487
1821 4179
1384 4487
1050 1821
3348 4487
1821 3110
1434 4487
1436 1821
51 4487
1821 4079
294 4487
1821 4190
1216 4487
1821 3533
4487 4588
1821 4748
505 4487
1821 4929
3539 4487
147 1821
4203 4487
1821 4164
1717 4487
1821 3593
979 4487
1821 3585
4112 4487
1547 1821
912 4487
1821 3224
3978 4487
1821 2707
3939 4487
1821 2972
1747 4487
1821 4551
195 4487
1821 1902
1733 4487
1821 1831
1563 4487
1821 4985
1454 4487
1821 4715
4273 4487
914 1821
1761 4487
1821 3796
1025 4487
1821 3054
2933 4487
1821 2804
784 4487
1821 3323
3290 4487
1812 1821
451 4487
1821 3252
3614 4487
1821 4168
2268 4487
1821 2183
714 4487
1249 1821
956 4487
997 1821
1869 4487
1821 2976
3871 4487
1821 3407
3757 4487
669 1821
4487 4683
390 1821
1583 4487
1408 1821
2186 4487
1056 1821
559 4487
1396 1821
1734 4487
1821 3598
3996 4487
1821 4626
1878 4487
1821 3778
585 4487
1821 4923
711 4487
1821 2418
2057 4487
1821 3495
1191 4487
161 1821
609 4487
1821 2297
80 4487
891 1821
616 4487
246 1821
1447 4487
1821 3841
202 4487
1821 2324
1442 4487
1795 1821
1809 4487
1821 3287
4487 4731
1821 4310
3633 4487
1821 4247
2529 4487
1464 1821
238 4487
1821 1833
2098 4487
1821 2137
4487 4872
1821 3733
3659 4487
1575 1821
2850 4487
1821 4522
2262 4487
1053 1821
4487 4760
1821 3326
3206 4487
1821 4233
385 4487
1821 4556
1557 4487
1821 2002
3373 4487
535 1821
4157 4487
1821 1961
1467 4487
1821 2786
1574 4487
104 1821
1674 4487
1821 3678
3134 4487
1821 3225
2857 4487
255 1821
1241 4487
1821 3651
419 4487
1821 3148
434 4487
16 1821
2894 4487
949 1821
4405 4487
1821 4368
3442 4487
1821 4315
422 4487
1821 3949
3632 4487
1821 4194
3814 4487
1821 4856
3062 4487
1821 2481
1335 4487
668 1821
3297 4487
1821 2388
1706 4487
1821 4371
4092 4487
1821 1858
2683 4487
1821 1856
3489 4487
1821 2580
3578 4487
270 1821
1017 4487
1821 3789
204 4487
1821 2944
1004 4487
1821 3244
734 4487
1821 3223
761 4487
1821 4106
1702 4487
1821 3236
1633 4487
1821 4818
1005 4487
1821 4276
2276 4487
1821 2291
3004 4487
1821 4428
3662 4487
1821 2888
124 4487
1821 4496
1212 4487
1821 3450
1105 4487
1821 4118
613 4487
1821 3680
2692 4487
1078 1821
1440 4487
1821 4250
1217 4487
589 1821
889 4487
1320 1821
4232 4487
1821 2979
1624 4487
1562 1821
602 4487
1821 2205
1750 4487
1821 2154
49 4487
1821 3792
1392 4487
1821 3413
1357 4487
699 1821
2691 4487
1330 1821
2962 4487
1821 2448
392 4487
1821 4060
2077 4487
1342 1821
1919 4487
1821 2617
615 4487
1821 3400
3208 4487
1821 4881
3812 4487
1089 1821
4487 4603
1821 4691
465 4487
120 1821
953 4487
1821 4601
360 4487
1821 1929
1524 4487
1821 2625
633 4487
1821 3382
188 4487
1821 2231
4487 4949
1821 2689
189 4487
1821 3816
1161 4487
1821 2331
2014 4487
1821 4579
549 4487
1821 3019
4487 4562
1821 2526
1160 4487
1821 2667
2320 4487
1821 3032
1477 4487
1821 2447
2729 4487
728 1821
1868 4487
1821 3645
2206 4487
1821 4839
2587 4487
1821 4360
122 4487
1821 2444
3561 4487
1821 2452
2709 4487
1821 4484
3800 4487
1821 3229
2459 4487
1821 4943
1338 4487
1821 3942
754 4487
1821 2892
100 4487
675 1821
1585 4487
1821 1827
3281 4487
446 1821
4487 4564
1821 2467
621 4487
1821 2719
314 4487
1821 3901
4487 4764
727 1821
4302 4487
1422 1821
4365 4487
1821 2161
1168 4487
1202 1821
2626 4487
631 1821
2789 4487
1821 3550
524 4487
1821 4636
346 4487
1821 3337
4487 4935
1821 4278
3717 4487
1821 2717
4487 4669
1821 2387
2927 4487
9 1821
725 4487
1821 3322
1358 4487
1821 3843
2556 4487
1821 3181
4207 4487
1821 3068
740 4487
274 1821
4487 4955
1821 3725
3546 4487
273 1821
1200 4487
1821 2792
21 4487
1821 2999
720 4487
1677 1821
2968 4487
926 1821
564 4487
1821 2131
4378 4487
1821 1942
2594 4487
1109 1821
1106 4487
1821 2640
4487 4663
1821 2453
632 4487
1821 3988
4487 4880
624 1821
158 4487
216 1821
3997 4487
1821 2132
3114 4487
1821 2720
305 4487
1821 3020
4487 4520
1821 3863
2806 4487
135 1821
4487 4749
1821 3188
427 4487
828 1821
306 4487
1821 4386
4487 4871
769 1821
2414 4487
1821 4679
1280 4487
1821 4307
1000 4487
1821 4146
2952 4487
1821 3584
919 4487
1821 2054
3731 4487
1821 4071
1553 4487
1642 1821
321 4487
861 1821
1796 4487
773 1821
1096 4487
842 1821
3875 4487
1821 4887
1984 4487
1821 3552
449 4487
1558 1821
2436 4487
767 1821
2818 4487
1821 3545
3694 4487
500 1821
3077 4487
1821 3689
955 4487
1821 4858
4487 4561
1821 3564
242 4487
1821 3510
2200 4487
1499 1821
3197 4487
1821 1891
4349 4487
1031 1821
1482 4487
739 1821
2890 4487
1821 2437
110 4487
1821 4569
1798 4487
1821 3386
4487 4812
1821 2638
3538 4487
523 1821
4487 4639
1128 1821
38 4487
366 1821
1493 4487
433 1821
4235 4487
1821 2082
4193 4487
1821 4291
1785 4487
1282 1821
2011 4487
1821 3772
4487 4609
1821 2092
3296 4487
1821 2938
3715 4487
291 1821
3388 4487
1821 3547
1713 4487
1821 1999
2084 4487
1821 2382
3972 4487
1821 4733
2708 4487
1821 3086
2216 4487
1821 2454
906 4487
1680 1821
1495 4487
1821 2397
220 4487
1820 1821
4 4487
1821 2941
630 4487
1821 3332
1882 4487
1821 3730
4487 4635
1821 4587
299 4487
1821 1870
2771 4487
1821 3684
1581 4487
1821 3569
1682 4487
1821 3496
1755 4487
1821 3990
1662 4487
1821 2506
4396 4487
1555 1821
1523 4487
1821 4584
3027 4487
1821 3904
943 4487
1821 4645
1110 4487
1821 4574
4487 4534
1763 1821
2858 4487
1821 3451
4487 4716
1821 3049
2445 4487
1665 1821
290 4487
1821 4510
1239 4487
1637 1821
26 4487
1821 1965
1071 4487
1821 4744
3002 4487
1430 1821
2642 4487
1015 1821
1179 4487
1821 4047
2221 4487
1528 1821
4436 4487
1676 1821
4487 4970
1220 1821
3744 4487
1821 2639
4129 4487
722 1821
3669 4487
1166 1821
1588 4487
1821 4167
1985 4487
1821 2439
4487 4797
1165 1821
644 4487
1821 4718
2412 4487
1821 3120
2931 4487
840 1821
2127 4487
1821 4503
1752 4487
1821 4924
1799 4487
1821 3822
481 4487
1821 4290
4487 4533
1821 3588
373 4487
1821 2797
2295 4487
1142 1821
2379 4487
1821 4900
1554 4487
1821 3612
4487 4882
1821 3813
1712 4487
1821 3220
1051 4487
886 1821
1847 4487
1821 2398
3138 4487
232 1821
1032 4487
1821 4675
4487 4978
201 1821
3174 4487
1821 2251
4487 4502
1409 1821
336 4487
1821 3185
4487 4738
1821 3763
625 4487
1821 4676
3302 4487
1821 2670
2420 4487
55 1821
2565 4487
797 1821
4457 4487
1821 4473
4321 4487
1821 2761
4432 4487
1821 3688
3480 4487
1821 2666
3470 4487
1821 4471
3989 4487
1821 2155
2022 4487
1821 2142
2165 4487
1821 4597
3541 4487
1821 4054
965 4487
1821 3007
3513 4487
1821 4997
488 4487
1821 3876
3764 4487
1821 2164
3503 4487
948 1821
1579 4487
1821 4491
1908 4487
1185 1821
3282 4487
382 1821
1346 4487
1821 4549
47 4487
1821 4422
4272 4487
688 1821
4441 4487
1821 3485
3421 4487
191 1821
4225 4487
1278 1821
3410 4487
490 1821
3439 4487
1615 1821
1406 4487
1821 3141
2854 4487
1821 3219
517 4487
1821 4665
2319 4487
1821 3428
3078 4487
1327 1821
3245 4487
1821 3243
4487 4664
223 1821
3884 4487
1821 2528
1497 4487
1371 1821
4010 4487
1821 1976
339 4487
1821 3849
4487 4740
1821 2090
4487 4895
1821 2287
977 4487
1821 3529
2099 4487
1821 4788
1777 4487
266 1821
2490 4487
1821 2553
1802 4487
1821 2808
1491 4487
1192 1821
1152 4487
1821 3304
4069 4487
829 1821
252 4487
1821 1825
2451 4487
1821 4185
375 4487
1167 1821
730 4487
1821 2828
4487 4495
1298 1821
3583 4487
1821 4834
1488 4487
1821 2654
2656 4487
1821 3129
2160 4487
1821 2463
607 4487
1821 4538
1492 4487
1821 2306
4196 4487
1821 4535
3566 4487
1821 4134
300 4487
1821 2339
1643 4487
1821 2322
1627 4487
1821 3915
1370 4487
1188 1821
4487 4973
1821 4452
2441 4487
149 1821
3315 4487
1821 2831
3618 4487
1821 4794
2313 4487
1821 2327
1893 4487
1821 3009
4151 4487
1821 3963
3075 4487
1821 2135
1832 4487
1821 2898
3104 4487
1821 3851
3216 4487
1525 1821
1866 4487
1821 2516
4058 4487
1066 1821
3170 4487
292 1821
2531 4487
1821 2112
3899 4487
53 1821
2244 4487
565 1821
429 4487
1821 4644
2518 4487
1821 3356
3951 4487
1821 4326
1215 4487
1821 4463
4025 4487
1821 4542
946 4487
1821 2923
3785 4487
1821 2371
3202 4487
1821 2604
2596 4487
1821 2118
4462 4487
1821 3636
1760 4487
1821 3083
1811 4487
1162 1821
4487 4806
1821 4823
2493 4487
1013 1821
682 4487
1821 4053
2796 4487
1821 4989
154 4487
1821 2966
1505 4487
1821 3809
876 4487
1821 4277
654 4487
313 1821
1782 4487
1821 3089
3771 4487
896 1821
3136 4487
1821 4851
752 4487
936 1821
1368 4487
1821 1876
743 4487
1821 2338
1102 4487
1821 2622
4421 4487
1821 4265
1852 4487
233 1821
3782 4487
1821 3060
1304 4487
1821 2986
1800 4487
1821 2252
272 4487
402 1821
1850 4487
1821 1951
3465 4487
656 1821
4487 4685
1821 2758
3888 4487
1821 3298
1716 4487
1821 2947
386 4487
1481 1821
2304 4487
1821 3532
4487 4866
1821 4528
2744 4487
606 1821
3226 4487
1821 4606
951 4487
1821 3673
2001 4487
1821 3095
1373 4487
1821 3721
2507 4487
1821 4730
193 4487
1821 4376
19 4487
1821 2535
3416 4487
1148 1821
413 4487
1821 3392
804 4487
1821 3351
5 4487
1821 2745
3641 4487
1821 3320
2026 4487
1821 4213
1235 4487
1821 4593
796 4487
604 1821
905 4487
1821 4075
3729 4487
1821 3409
3649 4487
1821 4709
4487 4993
1821 2277
1608 4487
1821 4907
2146 4487
1821 4379
1904 4487
1821 2116
2106 4487
1731 1821
4135 4487
1821 4803
1343 4487
1821 4598
1131 4487
296 1821
972 4487
1821 4527
1076 4487
1821 2662
4487 4845
1821 1895
3211 4487
1821 4656
3726 4487
1753 1821
3605 4487
507 1821
4487 4859
1821 4236
2088 4487
536 1821
2063 4487
1821 4325
3394 4487
1432 1821
198 4487
1821 3933
4487 4695
409 1821
1417 4487
1821 4846
4363 4487
351 1821
4487 4798
1821 2440
1969 4487
1821 3237
1595 4487
531 1821
2229 4487
349 1821
2922 4487
1238 1821
2740 4487
1821 4863
1290 4487
1007 1821
1740 4487
1821 3852
1120 4487
1821 4080
2530 4487
231 1821
4382 4487
445 1821
458 4487
1629 1821
1214 4487
901 1821
178 4487
1821 3067
749 4487
1821 4896
510 4487
1817 1821
4487 4891
1723 1821
1226 4487
1821 3793
1385 4487
1156 1821
4487 4754
1821 4435
546 4487
1821 4529
3396 4487
1821 4843
1326 4487
1821 2239
755 4487
1181 1821
4487 4883
1821 4170
3982 4487
566 1821
2232 4487
1821 4873
1183 4487
1821 2025
3903 4487
1080 1821
1931 4487
588 1821
4487 4677
1137 1821
2743 4487
1821 4832
1991 4487
1821 4244
695 4487
1821 3034
2616 4487
1821 3406
3892 4487
1821 4036
40 4487
1821 3625
461 4487
472 1821
846 4487
605 1821
3975 4487
1821 4255
1829 4487
1452 1821
1897 4487
1821 4240
2245 4487
1478 1821
1814 4487
113 1821
4487 4662
1821 2432
1666 4487
1821 4825
2739 4487
1821 3030
1806 4487
1821 3239
4487 4855
1821 4210
3261 4487
1299 1821
537 4487
1821 3562
4487 4757
1460 1821
1382 4487
1821 4672
1992 4487
1821 2630
411 4487
1821 2748
54 4487
1821 2004
4022 4487
35 1821
2400 4487
1821 3045
3362 4487
1821 4455
184 4487
1821 3667
580 4487
1821 4615
811 4487
1821 4256
3358 4487
1821 3702
858 4487
1821 2811
4446 4487
1821 2510
4015 4487
590 1821
4487 4868
218 1821
4487 4965
1412 1821
4377 4487
48 1821
4487 4498
636 1821
2700 4487
1821 2351
3647 4487
1821 4181
1363 4487
835 1821
4275 4487
1048 1821
4487 4706
801 1821
317 4487
1821 4523
3159 4487
1038 1821
1794 4487
1821 4925
1469 4487
1821 2723
4044 4487
1153 1821
572 4487
1821 2814
2074 4487
341 1821
3231 4487
1821 2134
1837 4487
1821 1967
2805 4487
1821 4489
4440 4487
1821 2284
4487 4505
1772 1821
401 4487
1821 3342
283 4487
511 1821
4487 4774
1821 2702
4487 4901
1821 4805
10 4487
1821 4539
2813 4487
1821 2591
976 4487
753 1821
2685 4487
1821 2265
4487 4865
1821 2129
1204 4487
1821 4424
24 4487
1821 3616
1549 4487
1529 1821
4487 4560
1821 4300
3385 4487
1821 2953
925 4487
1565 1821
3577 4487
1821 3874
2975 4487
1300 1821
1345 4487
1821 2862
692 4487
1821 4837
4487 4816
1821 3838
4487 4621
1821 1865
70 4487
1821 5000
704 4487
1821 4643
3471 4487
1115 1821
4127 4487
1821 3824
3718 4487
361 1821
1306 4487
1821 4018
1628 4487
807 1821
694 4487
1821 2028
3752 4487
1688 1821
1983 4487
1821 3177
1826 4487
1692 1821
3557 4487
415 1821
3842 4487
1821 2378
1924 4487
263 1821
2778 4487
1821 2375
4487 4810
1018 1821
2887 4487
1821 4074
1997 4487
690 1821
4487 4702
1209 1821
4487 4984
1474 1821
2207 4487
527 1821
1257 4487
1821 3890
4041 4487
448 1821
3435 4487
1821 2263
1279 4487
1821 2930
3570 4487
241 1821
3873 4487
145 1821
584 4487
1821 2144
4412 4487
545 1821
4487 4654
1256 1821
2588 4487
1821 4297
4487 4930
1821 3361
2120 4487
1821 3839
3284 4487
1821 4212
118 4487
1821 3576
3464 4487
658 1821
1438 4487
236 1821
700 4487
770 1821
1612 4487
756 1821
4149 4487
1821 4460
2302 4487
1821 3180
4487 4719
1821 1974
190 4487
1016 1821
2175 4487
1821 2094
4301 4487
1225 1821
41 4487
1821 4103
3353 4487
249 1821
1250 4487
1245 1821
1963 4487
1821 4475
3698 4487
164 1821
2969 4487
1619 1821
2810 4487
918 1821
377 4487
370 1821
503 4487
1821 3097
1439 4487
1821 3425
4483 4487
1821 2932
3786 4487
1821 4454
3149 4487
1821 4295
2585 4487
127 1821
4184 4487
1821 3264
1451 4487
464 1821
403 4487
1458 1821
3627 4487
790 1821
4333 4487
1821 2906
618 4487
153 1821
3755 4487
1504 1821
591 4487
1821 3795
1925 4487
1821 3289
2034 4487
1112 1821
4487 4726
1242 1821
4128 4487
1821 4431
4017 4487
1657 1821
1639 4487
1648 1821
3325 4487
1821 4778
2172 4487
998 1821
2072 4487
1821 3867
74 4487
1821 2293
4056 4487
1196 1821
208 4487
1821 3637
4487 4642
1821 3955
2269 4487
71 1821
765 4487
1821 2138
3314 4487
1821 3589
1937 4487
170 1821
659 4487
1821 4228
1333 4487
935 1821
2336 4487
1821 2816
1475 4487
1821 4293
2499 4487
1821 2901
2478 4487
1821 3979
1251 4487
1821 3737
3928 4487
1821 2690
2103 4487
1821 2473
4487 4647
1821 3754
3255 4487
442 1821
139 4487
1821 3650
3213 4487
1821 4546
706 4487
1821 2119
4487 4747
1821 3484
4487 4819
1375 1821
2344 4487
496 1821
2271 4487
1173 1821
1355 4487
1821 4775
1288 4487
1821 3661
4487 4830
883 1821
2871 4487
1821 4120
508 4487
1821 3195
3712 4487
1821 3269
657 4487
356 1821
2522 4487
1821 1849
357 4487
1233 1821
1986 4487
817 1821
2773 4487
1821 4867
3913 4487
1126 1821
3960 4487
72 1821
1033 4487
1739 1821
2000 4487
1821 3275
1144 4487
1821 3728
3579 4487
1821 4237
599 4487
553 1821
3502 4487
1821 1977
484 4487
1821 2934
4114 4487
1087 1821
1604 4487
115 1821
2166 4487
1821 4141
703 4487
1821 2629
3135 4487
1821 1990
2315 4487
1821 1899
3051 4487
1821 2122
3984 4487
1821 2889
4086 4487
331 1821
2826 4487
1821 3746
1367 4487
1821 4178
4487 4761
1821 4885
3807 4487
440 1821
4487 4488
1821 3408
298 4487
1821 3844
1773 4487
1821 2243
2487 4487
1090 1821
3516 4487
116 1821
821 4487
600 1821
62 4487
1129 1821
2948 4487
1821 2920
394 4487
406 1821
3230 4487
1291 1821
931 4487
489 1821
1623 4487
528 1821
4487 4852
1821 2541
3983 4487
1821 2644
4487 4660
1821 4037
285 4487
782 1821
4487 4833
1227 1821
20 4487
1821 3357
3582 4487
1821 3234
3880 4487
1598 1821
1854 4487
1821 4976
4487 4739
1821 4678
3609 4487
1821 2013
4487 4796
1821 1975
3178 4487
1821 4385
4344 4487
1821 3381
4487 4634
1821 4681
3805 4487
1821 4411
4136 4487
1821 2665
3500 4487
1821 2716
438 4487
1821 3704
1118 4487
1821 2153
2170 4487
1821 2571
2650 4487
393 1821
3932 4487
1821 2838
2114 4487
1821 4352
2464 4487
988 1821
4487 4580
1435 1821
4097 4487
1821 3124
2068 4487
311 1821
4009 4487
1821 3823
3052 4487
1821 2660
1920 4487
1821 2664
4487 4575
1316 1821
491 4487
1821 2143
4059 4487
1821 4039
4072 4487
586 1821
2283 4487
1821 3424
4477 4487
1821 4202
3586 4487
1461 1821
2710 4487
1132 1821
4487 4957
1821 2317
2113 4487
1821 4697
3962 4487
1821 4557
4158 4487
1821 4968
1237 4487
1821 2194
4487 4713
1821 4525
90 4487
1664 1821
1393 4487
1821 2959
1374 4487
81 1821
853 4487
1694 1821
1641 4487
1821 1940
3403 4487
1821 4000
2267 4487
1821 2465
2567 4487
1821 4650
2217 4487
1821 4781
4155 4487
960 1821
3338 4487
1821 3158
1248 4487
1821 3171
2989 4487
1821 4630
649 4487
11 1821
2056 4487
1821 1840
3479 4487
738 1821
3832 4487
1821 4438
3508 4487
1590 1821
4049 4487
1332 1821
3346 4487
1821 4939
985 4487
1325 1821
2577 4487
1821 3025
64 4487
1821 4922
3683 4487
1821 4684
1431 4487
1821 3043
1995 4487
1821 1835
4401 4487
1821 2062
4487 4784
911 1821
991 4487
215 1821
1767 4487
1821 4911
4340 4487
1821 4078
1041 4487
1779 1821
3179 4487
1221 1821
2282 4487
328 1821
3405 4487
1535 1821
2234 4487
1587 1821
904 4487
1821 4123
168 4487
1821 2488
2139 4487
1821 4690
1157 4487
1821 2914
221 4487
1070 1821
4266 4487
1821 1948
3268 4487
495 1821
4487 4638
1121 1821
3592 4487
1821 2623
1775 4487
1821 2162
421 4487
1821 3621
1810 4487
1821 4125
3567 4487
788 1821
1097 4487
1821 3273
2340 4487
1821 4299
4487 4565
363 1821
22 4487
1821 4019
1693 4487
744 1821
1647 4487
1821 2532
1872 4487
1821 2824
3472 4487
1821 2148
716 4487
1821 3008
3169 4487
1821 3266
4201 4487
1821 2071
679 4487
1821 4511
101 4487
775 1821
3292 4487
1821 4366
4487 4586
579 1821
3310 4487
1821 4828
3106 4487
742 1821
2485 4487
1819 1821
499 4487
1609 1821
3458 4487
136 1821
3687 4487
1821 2332
4487 4785
1821 4604
4417 4487
1821 4969
3263 4487
1821 2362
2130 4487
1821 3196
2762 4487
1821 2776
2226 4487
1821 2470
530 4487
1821 2442
2294 4487
1821 3478
4131 4487
1425 1821
408 4487
1821 2583
3720 4487
1821 4043
1074 4487
141 1821
514 4487
1310 1821
1232 4487
1821 3117
424 4487
1821 3493
1539 4487
1821 4175
3028 4487
898 1821
2540 4487
1821 4974
4487 4515
1301 1821
250 4487
1821 2195
2784 4487
1821 3866
156 4487
1455 1821
3091 4487
1821 3639
42 4487
1621 1821
4013 4487
638 1821
1989 4487
1821 2950
1314 4487
1821 3670
1028 4487
1821 2176
2038 4487
1821 2621
4334 4487
1821 4890
3316 4487
1319 1821
3109 4487
1821 2951
1947 4487
1821 2643
4251 4487
515 1821
3454 4487
1821 2754
768 4487
1821 2533
1190 4487
125 1821
4487 4590
367 1821
333 4487
1756 1821
2649 4487
1149 1821
2819 4487
1764 1821
369 4487
1821 2821
2608 4487
1821 2017
1988 4487
1821 2083
2749 4487
1821 3277
3118 4487
1821 3934
4224 4487
1684 1821
4400 4487
1821 4399
981 4487
966 1821
1830 4487
1821 3369
2348 4487
1821 4318
1722 4487
1821 4392
2802 4487
1376 1821
4487 4899
1821 4979
3906 4487
1821 3534
2389 4487
1123 1821
3540 4487
1686 1821
1379 4487
1 1821
3131 4487
1821 2794
4487 4708
1700 1821
622 4487
1821 4986
498 4487
1821 4848
1085 4487
39 1821
2257 4487
1821 4464
4433 4487
1821 4753
4487 4504
1821 4414
2795 4487
1821 2219
779 4487
1287 1821
2766 4487
1821 3855
3640 4487
1531 1821
2065 4487
1614 1821
2698 4487
1821 4912
803 4487
137 1821
2515 4487
1821 4016
2197 4487
1821 3395
2573 4487
1253 1821
2823 4487
222 1821
4238 4487
1821 2258
4100 4487
1821 2149
1916 4487
1821 3966
962 4487
94 1821
1193 4487
1821 3192
3082 4487
1821 3587
162 4487
1821 2468
1793 4487
1821 2201
2179 4487
1057 1821
748 4487
1366 1821
2550 4487
1821 3123
1611 4487
1821 3749
2396 4487
293 1821
4487 4617
1199 1821
2247 4487
1821 4222
4487 4994
1821 1846
148 4487
1821 3145
747 4487
1186 1821
4121 4487
726 1821
3016 4487
257 1821
1030 4487
1473 1821
959 4487
1821 4029
3864 4487
459 1821
2075 4487
1821 3716
4487 4509
1821 2864
893 4487
1821 3427
2390 4487
805 1821
15 4487
1821 2868
2545 4487
1821 3553
2188 4487
964 1821
3312 4487
1821 2429
4487 4689
895 1821
4142 4487
1821 3900
1771 4487
1821 2967
1804 4487
1715 1821
4487 4981
1821 3840
2935 4487
1821 3418
166 4487
1821 4519
4487 4756
1821 4404
3115 4487
1821 2040
330 4487
177 1821
1748 4487
1821 4831
2856 4487
724 1821
1138 4487
1821 1936
1268 4487
1821 2891
2549 4487
1821 4335
2606 4487
180 1821
425 4487
1265 1821
4487 4724
1821 4853
1170 4487
1821 4367
1834 4487
1586 1821
453 4487
1307 1821
4487 4651
1821 4861
226 4487
1821 4055
4270 4487
1821 1841
4487 4992
1821 2983
3767 4487
1390 1821
4487 4493
1821 1863
1293 4487
1821 3711
4487 4680
1821 4673
1730 4487
1821 4026
2125 4487
1821 3033
4466 4487
1821 1971
1815 4487
1821 3093
1912 4487
1821 3092
3021 4487
1600 1821
2753 4487
1821 4763
2169 4487
1821 3441
1336 4487
176 1821
551 4487
1821 3415
109 4487
1821 3182
4177 4487
506 1821
4254 4487
612 1821
2498 4487
1821 4826
1429 4487
1821 3404
3520 4487
1261 1821
2661 4487
1194 1821
485 4487
1797 1821
2272 4487
717 1821
4153 4487
869 1821
2021 4487
1541 1821
1489 4487
684 1821
106 4487
1708 1821
2380 4487
1821 4040
303 4487
1821 3300
3556 4487
1707 1821
890 4487
732 1821
1487 4487
899 1821
1729 4487
286 1821
4487 4508
1055 1821
1744 4487
1821 2900
4261 4487
1821 2960
2597 4487
643 1821
1776 4487
1821 2329
3821 4487
982 1821
2548 4487
1821 2713
1921 4487
1821 2869
532 4487
1821 3519
4487 4668
439 1821
3217 4487
1821 2561
652 4487
945 1821
4487 4612
1821 3038
4487 4725
1821 3686
85 4487
863 1821
2492 4487
1821 3743
4487 4857
1821 3818
1399 4487
1821 2350
4487 4572
1821 3026
1174 4487
1103 1821
930 4487
1302 1821
301 4487
325 1821
4214 4487
880 1821
2461 4487
1821 4267
2358 4487
1821 4322
4487 4506
1821 2926
4487 4838
1821 3862
352 4487
474 1821
4383 4487
1821 2924
2645 4487
251 1821
2093 4487
1821 2049
