5000
][]][[[][[][][[[[]]]]][][]][[]][][[[]]]][]]][[[[][]]]]][]][]][[]]]][]][][[[[[]]][][][][]][[[][[]][][][[[[][[][][]]]]]]][[]]][[][[[]]]][]][][][]][]][]][][[][[[[[][[][]][][[[][[][][]][[[][]][]][[[[[][[[[][]]]][[][[[[[][][[[]]][]]][[][[[]][[][[]]]][]]][]]]]][]][[]][][[[]]]]][]]]][]]]][[]][][[][]]][[]][][[][[]]]][][[]][]][[][][]]]][[]]][[[[][][]]]][]][[[[[]][]][[]][[][[[][[]][]][][[][[[]]][][[[[[[]]][][]][[[[[[[]]]][[][]]]][][[[][][[[]]][]][[[][[]]][[][[[]]]]]]][[[][][][]][[][]][]]][][][[[[[][[]]][[][][]]][]][[][[][][]][[[]][[[[]]][]][[[[]]]]]]][]]]][][[]][[][]][[[]]][]][][[]]]][]][]]][]][[]][]][][[]]][][[][[]][]][][[[[][[[[][[[][[[]][]]][]]]]][[[][[[[[[[[[]]][[[]]][[[][][]]]][[]]]][][][[[]]][[][]]][]]][[[[[[][][]]][[[]]]]]][][]]]]][][]]][[[[[[]]]][][][[[[[]][[]][]][[][][[][[][[[[[]][[][][][]][]][[]]]][][[]]][]][][][[][[[[][]]]]][[]][[][[][[[[][[]][]]][]][[]]]][[]][][[]][]][[]]]][]][[[[[][][[][[[[[[][[[][[[[[[[[[[]]]][]]][[[][][[]]][][[[]][[[[[[[][]][]][][]]]]]]]][][][]]][]]][][]][[]][]]]]][[[]]][]]]][][]][][[[][]]][[][][][]]][][][[][]][[[[[]]][]][[[]][[[[[[]]]][]]][[]][[]][[][][[][]]]][[[[][]]]][[]][]][]][[[][[]][][]][][[][][[]][][][][]]]]][][[[]]]][[][[[][[][][[[]][[[[[[[][]][[]][]][[]][][[][][[[][[[][][]]][[]]][][[][[]]][]]]]][][]]][[][[]][]]]][[[[]]][[]]][][]]]][]][][][][[[[[]]]][][[[][]]]][[[][[]]]][[[[]]][]][]]][[]][[[][[]]][[[[[[][]]]]]]]][[][[[[]]]]][][][]]][]][[]][][[]]]][]]][[]][]][]]]][][[[[[[[[][][[[[]]][[][[[[][[[][[]]]][][]][][[][[[]]]]][[[[]]][[[]][]]]]][]]]][][[[[[[[[]]]][[[]]][[][][][[]]]][][[[[]]][[][][[[[[]]][]]]]]]]][[]][[][[[[][[][[[[]]]][[]][[[][][][[[][]]][][[]][[][][[[][][]]]]][]]][[][[[[][[[[[[]][][][][[[]]][][][[][[[[][[]]]]]]][[][]][[[[[]]]][[[[]]]]]]]]]][[]][]][][]][[[][]]]]][[[]][[[]][[[[]][][[[][][]]]]][]]]]]][[[[]][[[]][[][]]][[[[][][[]]]]][[[]]]]]][][][[[][]]][[[[[[[[[]]][]]]][[[][]][[[[[][]][][[[[[][[[[]]][[][][][[]][][]][[]]][]]][[[]][[][]][[[[[]][[[[[[[]][][[[]]]][][[][]][]][]]]]][][[[[]]][][]]]]]]][[[[[[][]][[[][][]][]]]][]][]]]][][[[][][[[[]][][[[[]][[[][][[[[[[][]][[]][[][[[]][[[[][][[[]]][]][]][]]][][[]][]][]]]][][[]]]]][]][]][[[[][]]][[[[[[][]]]][][[[[[]]]][]][[[][][[[][][]][][[][[]]][[][[[][[[]]]][[]]]][[[][[[]]]]][[[[[][]][]]]][[]][][[]][[][][]][[[]][[[[[[][]][]][]][[][[]]]]][]]]][]]]]][][]][[[]][[[[][]][[[]]]]]]][]][]]]]]]][]]][[[]][[][[][]][][[[[]][]]][[[]][][[[][[[[[][[]]][[[[[]][]][[[][][][[][[[]][[[][[[][[]][[][][][[][]]][]]]][][][[[[[[[[[[[[[[][]]]][][][[[]][[[[[][[]][[[]][]]]]]][[[][]][][[[][[[][[][[][][]]]]][]]][[[][]]][][[[][][[]]][]][[[]]][[]][][[][][][]]]][[][]]]][]][[][[[]]][][[[][[[][[[][][]]][[][][][]]]][[[]][]]]]][[[[[[][[[[[]]][]][][[[[][]]][]][[[]][][][]][[[[]]][[][][][[[[][[]]][[[]][][]]][][[][[][[[][[[]]][[[][[][[[][]][]]][[][][][][]]][]]]]]]]]][[[][[[[[[]]]][]]]]]][]][[[][[[[]]]][[]]]][[][[[]]]][[[[[]][][][[[[][[[[[][][[]][[][[]][]]]][]]]]]]]]]][[[][[]]]]][][][][][[[][][]]][][[[][[]][[][[][[[]][][[]]][]]]]][[]][[]][]][]][[][][]]][][]][][[[][]]]][[[[[]][[][[[]][]][[[][[][][[[][[[[]]]][[[]]][[[]]][][][][][[[][[][]]]][][][]][][]][[[[[[[][]][[[[]][][[[][[]]]][][][][[][][[]]]]]]]][[[][][[]][[[][[][][[][][][[][][][]]][[[][]][]][]]][[]]]]][[[[[]][[]]][[][][[][]][][]][[][][[]]]]]][[[[[][][][[]]][[]][][][]][]]][[[[]][]]][[][[[][]]][[][[]]]]][]]]][[[]][]][[]]]][]][][[[][[][[][[]][]]][]][[[][[[[]]]][[][]]][[][][][[[[]][[[][][[[[][]]][]][[][[[]][[[]][[[[[][[][][[[[][[[[[][]][][[][[][]][[[][]][[][]][][[[][][][[[][]][][]][]]][]][]]][][[[[[[[[]]]]][[[]][[[[]]][][[][][[[]]]][]]][][[][[]]][[[][]]][]]]][[[[[][][[[[[[]][[[][[][]][[]][]][[][[[[[[]]]][][][]]]][]][[][][[]][][[][[]]][]][[[[][][][]][[[][]][[][][[]][][]][][][[[][]]][[]]][][][]][]]][[[]]][[[[[[]][[][][][]]]]]]]][[[[][][[][[[][]][[[]][[[][][[][[[]][[]][[[][[[][[[]][[[[][[[][[]]]][[[]]][][[[]][][]][][][][[[]][]]]]][]][][]]][[[[[][][]]]][]]][]]]]][]][[[[[][[[]][][][][][][]][][[[][[]]]]]][]]][[]][][[[][]][[]][][[[[[][[[[][]][][[][][[]][[]][[]][]][][][][[[[]]]]]]][][][[][][[[][][]][[[[[]][[]]]][[[[[[]][[[]][[][[]]][[[]]][]]]]][[[[[[]]]][[[][][]][]][[][][[]]][[]]][][]][[][]][][][]][[[[][][]][][][[][]]][][][]][]]]][]][][]][][]]][][]][]]]][][[][]]][]][[[[[]]][[]][[[][][]][[[]][][[[[][[][][[[[[[]]][[][][][[]]]]]]]]]][]][[[]][][][]][[[]]]]]][]][[[[[]]][][[][[]]][[]]]]]][[]][[][]][][[]]][[[[][]][[][]]][]]]][[[][]]]]]][][[]]]]][[]]]][[]]][[[[]][[][][[[]]]][]][[]]][][[]][]][[][]][[]][]][[]]]][[[]][][][]][[[[[]]]]]]]][]]]][[[]][[[][]][][[[]]]][[[[]][][]]][[]][[][[[]][]]]][]]]][]]][]][[[][][][[[[[[][[]][[][[[[[[][[]][[[][[][][[[[[[[[[][][[[]][][]]]][[[][[[[[]]]][[[[][[][[[[[[]]][][[][[]][[[][[[]]]][][[][[[[]]][][[]][[[]][]][]]]]]]]]][[][[]]][][][[[[[[[]]][[[]][[][][[][]]]][[]]]]][][]]]]][]]]]]]][[[[[]][]]][[][[[[]]][][]]]][[[]][][]][[]]]]][[[][[[[][]]][[][][[][[][]]]]]]]][[[][[[[]]][]]][[[]][][[][][]][[][[[[]]]][[[[[][[[[[[[[][]][][]][][[][]]][[]][][[[]]]]]][]][[[[][[[[[[]]]]][[[][[[][]]][[[][]][]][][[][[[[][][]][[[][[][][]]]]]]]]]][]][][[]][][[[][[[[][[[[[[[]]][[[[][[[[]]]][]][]][[[]][[][[]]]][]][]]]]][]][[[][]]][[]]][[[][
763 2773
763 844
2038 2773
763 1001
2773 2865
763 4001
1922 2773
763 4487
2773 4375
763 3605
2642 2773
763 3591
1266 2773
763 2249
2773 4844
763 1555
2773 4796
763 2388
898 2773
763 3526
2773 3379
763 1251
1870 2773
763 2008
2773 4354
96 763
2346 2773
763 4822
2773 2780
763 2515
221 2773
763 2397
2773 4892
763 3182
2773 2936
763 2585
2773 3943
506 763
874 2773
763 1803
883 2773
763 3773
2773 4959
498 763
1105 2773
763 2687
2773 3348
763 4100
2773 3259
763 1927
1233 2773
173 763
2773 3484
763 1539
2773 4825
431 763
135 2773
763 4812
492 2773
763 1171
1780 2773
763 1163
1020 2773
65 763
747 2773
763 1757
2773 4533
763 1398
2457 2773
763 1621
2773 2797
262 763
2773 3423
763 2778
2773 3256
763 4388
306 2773
763 3488
1686 2773
763 2328
203 2773
53 763
2773 3136
763 3739
1061 2773
763 3814
2773 2787
763 2656
2773 4066
763 4739
2773 4797
763 1808
2773 2979
763 4976
168 2773
763 3549
1596 2773
763 2612
2773 3017
763 1584
975 2773
763 988
2773 3417
763 3135
2020 2773
31 763
196 2773
763 3183
2710 2773
444 763
2773 4285
763 1536
2773 4530
763 3202
2773 3681
763 3413
1057 2773
178 763
2773 3866
235 763
622 2773
763 1134
23 2773
763 1059
1708 2773
763 1957
2773 3527
763 1333
2161 2773
763 3008
2773 4539
763 1763
2347 2773
516 763
2773 3357
763 4209
2773 4560
763 1606
1148 2773
763 3304
2773 3771
763 4289
2773 4305
763 3098
2586 2773
763 1268
2506 2773
763 4993
2773 2978
763 1797
1060 2773
763 4218
1844 2773
763 2080
2773 3875
763 886
2184 2773
763 2529
791 2773
763 1917
1574 2773
763 2317
378 2773
308 763
1018 2773
763 2067
2773 3446
763 3226
2773 3596
763 3227
2773 2819
763 2846
499 2773
763 4829
2773 3612
763 3550
2423 2773
763 4055
1290 2773
763 2619
2773 4410
763 1072
2704 2773
763 4502
2400 2773
763 4684
709 2773
763 3554
2773 3209
763 2360
529 2773
763 1359
2773 3692
763 1378
2773 4524
763 1154
2773 3211
763 3478
1936 2773
763 2868
511 2773
763 3145
2773 3207
763 1814
175 2773
763 4099
688 2773
763 790
200 2773
763 2880
2697 2773
763 3024
2773 4932
763 765
2428 2773
763 980
733 2773
763 3325
2773 4044
763 2349
2602 2773
763 1616
369 2773
763 1435
2130 2773
763 1675
163 2773
763 2627
1103 2773
763 4594
1160 2773
763 982
2773 4696
763 2713
2773 4895
387 763
1079 2773
763 4302
2773 4389
763 2052
2095 2773
763 2691
1520 2773
763 3372
1474 2773
11 763
2773 4777
180 763
1190 2773
763 4492
2773 4464
763 4990
2773 3996
763 4252
2773 4033
763 1326
68 2773
763 2663
2112 2773
763 2495
2773 4052
763 2530
246 2773
763 1099
2773 3496
600 763
1044 2773
763 3125
1576 2773
763 1376
2773 4423
763 2434
1301 2773
763 4207
2019 2773
763 3801
2773 4522
763 1157
2773 3474
763 4251
2773 3298
763 2147
2773 3294
84 763
2773 3376
763 2157
682 2773
763 4446
32 2773
763 2259
1857 2773
763 4858
767 2773
763 4186
2773 4699
763 2063
2773 4161
763 3936
2773 4880
720 763
2773 2997
763 2986
2773 2964
763 1610
2773 4735
763 4045
2308 2773
763 2795
2773 3231
763 962
1566 2773
763 2203
2686 2773
763 1997
2773 3794
763 2174
2341 2773
144 763
812 2773
763 960
2741 2773
763 2910
2773 4755
763 1196
2773 2956
763 3085
2773 3519
763 1806
2773 3060
509 763
2773 3557
763 4217
2773 3115
763 1115
2773 3002
188 763
889 2773
763 4246
2773 4478
681 763
367 2773
763 771
1021 2773
146 763
2101 2773
763 2689
1695 2773
763 4942
2773 3704
763 1603
263 2773
763 4112
2773 4166
763 1076
1307 2773
763 3174
2721 2773
763 3248
2773 4265
763 819
996 2773
763 768
1419 2773
647 763
2333 2773
763 780
2773 4669
763 4421
2773 4889
763 1972
2676 2773
763 4232
1583 2773
763 4379
2773 3150
763 897
2773 4274
763 999
471 2773
505 763
1809 2773
763 3032
2773 4769
763 3324
2773 3984
763 1775
2773 4199
149 763
2773 3052
763 4642
2773 2794
763 3583
92 2773
763 3691
172 2773
763 3021
1424 2773
763 2009
2109 2773
707 763
491 2773
753 763
2398 2773
763 1817
1336 2773
763 4402
2773 3475
763 1330
2490 2773
763 2375
50 2773
763 3083
76 2773
51 763
2773 4165
55 763
2773 3414
763 2588
2773 3471
763 1794
2773 4489
763 2680
2773 3719
544 763
1158 2773
763 3097
2773 3341
763 3380
2773 3180
763 3976
798 2773
763 775
2773 3194
763 3973
2773 4222
763 2464
2773 3952
763 2207
2773 3566
379 763
2455 2773
763 4012
2705 2773
763 2489
2773 2890
763 4580
2773 4276
763 881
2773 4764
763 837
2773 3546
763 2522
2773 3104
763 4325
2773 2984
763 3035
2773 3345
763 4277
906 2773
763 4041
2677 2773
763 3092
1114 2773
763 2479
2773 3709
420 763
2773 4359
429 763
2773 4027
763 2160
2418 2773
763 4035
219 2773
763 2847
48 2773
763 4125
2773 4412
763 3493
445 2773
763 2443
2193 2773
763 3938
2773 3368
763 3643
1639 2773
763 1180
1439 2773
61 763
2773 4673
763 3437
2381 2773
440 763
2773 4888
581 763
1888 2773
763 1262
1945 2773
763 1260
912 2773
472 763
1013 2773
763 4203
1642 2773
763 935
2367 2773
763 3905
411 2773
97 763
1316 2773
204 763
2773 3403
763 4454
596 2773
763 2640
2773 3410
763 949
630 2773
763 4649
1120 2773
763 2898
2724 2773
652 763
2773 4824
763 4095
2773 4616
763 1896
2773 4775
763 2606
2773 4317
763 1690
159 2773
763 2272
2773 4173
382 763
2148 2773
376 763
2773 4716
580 763
2773 3868
763 3392
656 2773
763 3037
2773 4984
243 763
2773 3649
763 2491
2773 3520
763 4313
2773 4343
69 763
2215 2773
763 1534
2756 2773
763 1205
2773 3746
763 2833
213 2773
763 2684
2773 3637
763 800
1665 2773
763 4048
1325 2773
763 2152
1121 2773
763 3890
2773 3337
763 4060
2634 2773
763 4927
1778 2773
763 2368
820 2773
763 3311
1337 2773
763 2084
2143 2773
763 2251
745 2773
763 4356
1039 2773
763 1131
1323 2773
763 2458
1267 2773
115 763
2566 2773
763 1243
2773 3594
570 763
95 2773
728 763
1356 2773
763 1244
932 2773
763 2608
2773 4536
763 3201
2773 3353
763 4068
2773 3974
763 3860
2047 2773
242 763
928 2773
763 1109
129 2773
763 2050
63 2773
763 3968
2773 3847
763 1280
2773 3432
763 3567
2773 3420
763 2884
2773 3370
763 1291
2760 2773
763 1261
2773 3945
763 4299
1950 2773
763 2156
2172 2773
763 2296
2660 2773
763 3751
2773 4939
763 1672
2773 3412
763 4469
915 2773
763 967
1416 2773
272 763
801 2773
763 2185
430 2773
737 763
153 2773
763 3634
2773 3128
763 1643
2773 3686
763 3954
1394 2773
663 763
2773 4255
763 4138
368 2773
763 4648
1719 2773
763 2707
2773 4184
370 763
2773 3639
763 1992
2059 2773
763 821
2773 3842
763 1321
2773 4780
763 3602
2773 3688
763 1155
311 2773
763 1752
2773 3406
763 3684
661 2773
531 763
2773 3545
763 1986
1729 2773
763 3132
2773 2959
763 4956
785 2773
763 4223
2369 2773
319 763
125 2773
763 2548
2773 3737
763 4383
2210 2773
700 763
504 2773
763 4053
2773 4444
763 4386
1369 2773
763 1623
2178 2773
763 1755
2092 2773
763 2998
2431 2773
763 2319
465 2773
763 1048
1083 2773
763 1189
2773 3510
763 2198
1884 2773
763 4420
183 2773
763 3627
1867 2773
485 763
846 2773
763 2372
2773 4744
763 4424
2277 2773
763 2091
1215 2773
763 1143
2773 3818
763 2649
25 2773
763 2056
2773 4090
763 1229
2389 2773
763 2933
2773 2855
763 1091
2773 4051
763 3497
2773 3999
763 4814
2000 2773
763 1123
2773 4064
763 1585
2773 4215
43 763
2773 2900
763 823
394 2773
763 4981
2773 3511
763 3000
2407 2773
118 763
1427 2773
763 994
2773 4269
763 991
2498 2773
763 3631
2773 3533
763 1901
2773 4488
763 4319
2773 2951
763 2297
1852 2773
763 4665
2390 2773
44 763
2773 3239
763 2037
2773 3724
763 3797
1445 2773
763 4248
1448 2773
763 1599
1500 2773
763 4437
364 2773
763 2736
2773 3047
763 2472
673 2773
18 763
2773 3731
346 763
2541 2773
133 763
671 2773
763 1636
1002 2773
763 3195
2773 4925
763 2463
2773 4159
763 4674
2590 2773
763 1433
1595 2773
763 2800
761 2773
763 2106
2773 3906
763 3826
2467 2773
763 4362
2751 2773
763 1428
1872 2773
763 3664
2773 4760
763 1727
2773 3786
763 3329
2773 4141
763 1463
2366 2773
763 1237
2773 3654
763 3753
2194 2773
763 4032
2773 3309
763 2878
406 2773
763 4637
911 2773
763 1995
2773 4316
210 763
454 2773
763 4641
1272 2773
763 4950
1528 2773
763 1961
2674 2773
763 3163
2773 3658
644 763
2636 2773
763 4415
657 2773
1 763
2773 4361
763 1562
2570 2773
763 1191
1303 2773
763 3911
1124 2773
763 4344
2773 4897
763 4297
1911 2773
763 2149
2773 4729
763 2699
2446 2773
763 818
2773 4787
763 4723
677 2773
763 2747
2442 2773
674 763
2545 2773
763 1650
2773 3400
763 1871
240 2773
729 763
1568 2773
763 1624
2425 2773
763 1909
2401 2773
122 763
1003 2773
763 1561
2773 4010
763 2497
2477 2773
763 4762
2538 2773
106 763
1897 2773
763 4977
2217 2773
763 3465
2624 2773
763 2406
2773 3915
763 1795
2773 3469
763 1873
2773 4396
413 763
2647 2773
763 1239
353 2773
763 3161
1264 2773
763 4378
1431 2773
763 1725
2773 4039
763 4815
2773 3190
763 2845
1481 2773
743 763
2773 4552
678 763
2284 2773
99 763
1252 2773
763 1908
2773 4759
763 3573
1572 2773
763 3521
2773 4013
763 4654
314 2773
763 2074
1786 2773
763 1835
2436 2773
763 2380
2773 2974
730 763
1825 2773
763 4365
1769 2773
763 2644
2688 2773
763 4830
2773 3020
763 1450
918 2773
763 2320
2773 4876
763 1994
2773 3898
763 4989
904 2773
763 1557
361 2773
763 4345
2773 4704
763 1676
786 2773
763 1834
1807 2773
763 4647
2773 3300
763 866
2071 2773
275 763
989 2773
763 4406
2773 3354
763 4065
2581 2773
390 763
2773 3473
476 763
171 2773
763 4564
1418 2773
763 3117
722 2773
763 4628
2773 3871
763 4436
2773 2859
763 3317
2773 3307
763 2954
2755 2773
763 2115
2773 3886
763 2102
2773 3352
763 1951
1110 2773
22 763
2773 3456
763 4639
2773 4470
763 3501
2773 3823
763 902
2773 4127
66 763
1437 2773
763 3094
59 2773
763 1541
477 2773
763 3863
2773 4518
763 3014
1641 2773
763 1343
2773 4835
763 1476
331 2773
763 4747
2773 4712
763 1517
2773 3361
763 1118
907 2773
763 4468
2773 3899
763 2408
1569 2773
763 1275
2711 2773
132 763
2232 2773
373 763
2773 4974
763 1414
2773 4724
763 1085
1766 2773
763 2218
1614 2773
763 4283
712 2773
763 1227
2773 3394
763 2060
2773 3728
763 1016
2773 3295
763 2402
2180 2773
763 4955
2773 3068
763 1145
2773 4558
763 2679
2773 4501
763 3749
2773 3243
763 4204
2773 4893
763 4071
894 2773
763 4029
2729 2773
176 763
950 2773
763 2415
2773 3140
533 763
2573 2773
763 3958
2321 2773
763 4338
12 2773
763 3312
851 2773
763 1284
620 2773
763 4968
1759 2773
763 3830
2773 3344
763 1455
1875 2773
27 763
2773 4913
763 2261
843 2773
763 4258
1420 2773
496 763
1211 2773
763 3308
2773 4098
763 3581
1462 2773
763 1829
2773 3214
763 4150
2773 3934
569 763
654 2773
763 3698
1640 2773
763 4752
2773 3547
763 3216
2773 3141
557 763
2223 2773
763 3618
2773 3373
763 1581
1564 2773
763 2127
2773 4119
763 4385
193 2773
763 3832
2773 3011
497 763
2139 2773
763 2991
1090 2773
763 1842
1863 2773
763 4011
2773 3969
763 2829
2424 2773
763 1195
2773 4701
763 1152
1980 2773
763 891
2253 2773
546 763
2208 2773
763 2462
2773 3893
763 3269
2773 4908
717 763
1969 2773
763 1375
2773 2823
763 3054
628 2773
638 763
2773 3509
763 1579
2773 4808
763 1525
1093 2773
763 3405
2773 4056
763 3743
1345 2773
763 1673
212 2773
763 2200
2773 3326
763 2876
784 2773
763 4176
653 2773
414 763
2334 2773
763 4235
2773 3982
223 763
1734 2773
763 764
2773 4683
21 763
977 2773
3 763
2773 3031
322 763
2773 4257
763 1920
952 2773
134 763
2151 2773
139 763
2773 4864
763 4357
2394 2773
763 4596
2773 2947
763 1302
755 2773
763 2352
2773 3040
763 3389
832 2773
763 2952
2773 3600
763 4656
2773 4540
482 763
2344 2773
763 2811
2315 2773
763 4816
1122 2773
763 3171
2622 2773
763 1007
2773 4391
763 3572
1858 2773
763 1113
2773 2815
763 2535
2773 3576
763 833
2773 4617
763 2668
1080 2773
763 1486
2378 2773
763 2079
626 2773
763 3288
623 2773
763 1552
1582 2773
763 885
2773 4347
670 763
2307 2773
763 1761
1408 2773
679 763
854 2773
686 763
2773 3050
67 763
2773 4920
763 2726
2773 3939
763 2908
2773 3679
763 4790
2574 2773
763 2745
2471 2773
763 2799
2773 4452
763 4369
2773 4933
763 1864
2773 4800
763 4860
2758 2773
763 4754
2043 2773
763 2089
1721 2773
312 763
2773 4122
763 3845
2773 3130
763 1299
1812 2773
763 2439
2512 2773
763 3782
2002 2773
763 4348
2773 3508
763 1841
2025 2773
763 2128
2773 3768
291 763
1133 2773
763 4719
660 2773
763 4935
1905 2773
763 3438
2773 3384
763 872
1322 2773
763 2186
2502 2773
763 3889
2773 4779
763 2632
2773 2875
588 763
2468 2773
763 2768
636 2773
763 930
2773 3669
763 2144
2773 3468
751 763
2773 3854
763 3947
2773 3335
763 4220
1893 2773
763 3419
599 2773
763 4672
2773 4604
763 3522
2773 3416
763 2216
1442 2773
763 1174
2773 3587
763 815
2773 4938
763 4179
2773 4579
763 4227
2140 2773
763 3012
2773 3167
763 1600
1947 2773
88 763
1824 2773
763 3223
1587 2773
763 1045
2042 2773
763 3342
956 2773
763 4114
2773 4778
763 3980
2141 2773
763 2081
2773 2782
763 3303
2773 3624
763 2732
839 2773
763 3985
2773 3835
763 1467
2386 2773
763 1270
186 2773
763 3464
385 2773
251 763
538 2773
763 1699
2773 3543
763 4198
766 2773
763 1116
2773 3218
763 4228
2773 4019
763 1151
2005 2773
763 1263
2773 4021
763 2789
2773 3358
763 3430
174 2773
763 2268
2773 4715
78 763
2773 3726
763 1952
787 2773
763 1471
434 2773
763 3986
2476 2773
763 3112
2773 4136
763 2666
2773 4130
327 763
2773 2934
763 4576
2773 4792
763 1833
910 2773
763 4110
609 2773
763 4205
2355 2773
763 1944
2773 4263
763 1704
2773 3170
763 2938
1949 2773
763 1607
2773 3858
763 2999
297 2773
595 763
2275 2773
763 3491
2773 3274
763 4281
2773 3263
763 2195
2773 3817
763 2499
2773 4885
763 4700
1352 2773
763 4828
698 2773
763 4397
2243 2773
191 763
2773 3919
763 4113
903 2773
763 826
2773 3534
763 4062
2773 2940
763 1457
1629 2773
763 1877
1745 2773
763 3923
2773 4853
763 3642
2773 4556
763 4757
130 2773
763 4438
655 2773
763 2430
1446 2773
702 763
1366 2773
461 763
817 2773
763 1017
2773 4575
72 763
1499 2773
763 1832
259 2773
164 763
2564 2773
763 4768
2295 2773
763 4609
2773 3113
550 763
2773 3790
763 3908
2652 2773
763 2809
2773 3747
763 3925
813 2773
763 3660
2773 4521
763 1732
713 2773
763 2267
939 2773
763 3716
2214 2773
763 1137
2773 4168
763 1885
2773 4644
763 3927
2773 3390
763 2641
2340 2773
763 1397
1294 2773
763 1277
2773 4496
763 4703
2773 4337
763 2113
2773 4525
763 3957
1617 2773
218 763
2773 3443
763 2716
2773 4562
763 4967
2773 4485
763 1981
1966 2773
763 1779
2773 4727
763 4693
2773 4373
310 763
2518 2773
763 2531
2773 4561
763 3661
2773 4718
763 3873
2374 2773
763 1796
672 2773
763 4772
2773 4971
520 763
426 2773
763 1362
2773 3930
763 3246
714 2773
763 948
2773 3445
763 3006
490 2773
763 4382
565 2773
763 4781
2527 2773
763 1570
555 2773
763 1458
2773 4620
763 4526
2773 4498
763 978
56 2773
763 1096
2773 3963
763 1071
718 2773
763 1347
1749 2773
763 4866
1342 2773
70 763
303 2773
763 1249
2773 2942
763 2630
1441 2773
763 4182
1878 2773
763 1754
2558 2773
763 3585
2773 3371
763 4961
1813 2773
763 2521
2516 2773
763 4349
2773 2856
763 2176
1200 2773
763 2520
2773 4966
763 2678
877 2773
763 2842
1854 2773
763 2327
1532 2773
119 763
2054 2773
326 763
2773 4730
763 1713
2773 4431
763 4742
500 2773
763 4688
2773 3584
127 763
2421 2773
646 763
2773 4418
763 2784
2773 3462
763 4097
2416 2773
763 3476
946 2773
763 4081
1194 2773
763 4877
325 2773
763 3179
2773 3977
763 4280
2773 3820
4 763
2718 2773
763 3331
1368 2773
590 763
474 2773
763 2802
2481 2773
763 2132
2773 2879
763 1970
441 2773
763 4937
1436 2773
763 3750
1062 2773
763 4809
746 2773
763 4623
494 2773
197 763
400 2773
763 1483
2773 4471
763 4862
2371 2773
333 763
2773 3662
763 1192
2013 2773
763 4336
2773 3689
763 2534
2773 4497
763 3142
2773 3722
763 4731
1988 2773
763 4686
1293 2773
763 3485
2773 2867
763 1580
2773 3540
763 2044
2482 2773
301 763
2773 3562
763 4226
121 2773
629 763
2773 2887
763 2483
2773 4146
763 3636
1510 2773
763 879
2773 3455
763 2082
2773 4225
763 1591
2561 2773
518 763
2773 3941
763 2239
2773 4221
763 3267
2773 4353
763 1943
2773 3460
763 3640
2654 2773
763 3346
1480 2773
763 1281
2773 3039
572 763
110 2773
763 4387
2773 3441
763 4458
2773 2911
763 2592
2773 2793
763 2720
2773 4230
763 3436
2773 4606
763 878
427 2773
226 763
2773 4390
54 763
1625 2773
763 3765
2591 2773
763 4197
2773 3480
763 2411
917 2773
558 763
2773 4238
763 4243
2179 2773
763 2730
2053 2773
763 1689
1475 2773
763 1601
779 2773
763 1671
1276 2773
763 1231
2773 4275
763 2501
1843 2773
187 763
2584 2773
763 4802
2773 3148
763 3561
749 2773
19 763
1586 2773
763 3668
2100 2773
763 2754
2162 2773
763 2405
2773 3108
763 3193
120 2773
547 763
2773 2807
763 3593
774 2773
763 1929
2078 2773
244 763
2773 4372
268 763
2274 2773
763 2961
2773 3715
763 890
2773 4626
526 763
2773 4294
763 2830
2414 2773
763 1985
2773 3093
763 3914
2773 4360
763 868
2773 3101
763 1702
2773 4746
763 4734
2773 3363
763 4355
810 2773
449 763
2773 3268
462 763
2773 2968
763 2662
2773 3988
763 1627
2773 2889
763 2299
1193 2773
763 2924
1563 2773
763 4663
2773 3883
295 763
559 2773
763 4091
2269 2773
763 2097
1772 2773
763 4206
2773 4004
763 2849
2773 4403
763 2181
2773 3172
763 4988
2773 3199
763 3452
105 2773
763 1963
1101 2773
763 2116
2773 2828
355 763
2773 3313
763 4554
2438 2773
763 1147
1088 2773
763 3564
1240 2773
763 2653
1915 2773
763 1399
2773 4063
763 1297
2773 4836
114 763
1939 2773
763 4707
908 2773
763 2254
2773 3016
763 4279
2773 3359
763 4922
1923 2773
763 3769
2773 4569
706 763
2773 3878
619 763
1329 2773
38 763
1169 2773
763 3105
2773 4638
763 4871
2773 2798
763 2965
354 2773
763 929
608 2773
763 2285
936 2773
763 3472
537 2773
763 3874
2702 2773
763 2749
2772 2773
763 3069
2773 4256
603 763
2773 3592
763 4490
1588 2773
763 1390
2773 3696
763 1202
2153 2773
763 3076
2182 2773
763 807
371 2773
763 3153
1070 2773
763 4839
2773 4767
763 4912
1144 2773
763 1706
716 2773
763 1386
534 2773
763 1335
916 2773
763 4135
2773 4845
763 1890
2773 4928
763 3282
62 2773
255 763
2773 3364
763 4180
2773 3318
763 4936
631 2773
763 3048
2773 4201
763 2465
2323 2773
763 3745
2035 2773
763 2709
2603 2773
640 763
2154 2773
425 763
2773 4538
763 2771
601 2773
763 4129
2773 3951
763 4075
2695 2773
763 4399
842 2773
763 3839
2773 3418
763 4028
804 2773
763 2255
1907 2773
457 763
2773 2816
738 763
2247 2773
763 2762
1880 2773
763 4782
7 2773
763 1127
2427 2773
763 3677
2773 4625
763 2761
2773 4840
763 3991
2133 2773
763 4953
2137 2773
543 763
2773 4557
763 1816
2773 4160
763 4660
266 2773
763 4763
1681 2773
763 3102
2773 4855
763 2727
502 2773
763 4584
1188 2773
763 4690
2412 2773
763 1346
2773 2822
763 2648
241 2773
763 2087
2773 4705
763 3929
320 2773
763 3399
432 2773
763 1279
410 2773
763 1553
2773 3095
763 3123
2773 4008
763 3038
2773 4720
763 1054
2135 2773
763 2201
1175 2773
763 4073
1422 2773
763 3504
2773 3075
763 1712
433 2773
763 4640
2773 4851
763 3673
2773 3611
763 1339
1130 2773
763 1701
2773 4005
763 2444
2773 4817
141 763
145 2773
763 3483
2773 3891
763 942
2514 2773
763 4529
1069 2773
763 1744
372 2773
763 2236
35 2773
763 4710
2492 2773
763 2508
2773 4247
763 2629
1501 2773
763 1034
1840 2773
64 763
2270 2773
763 3529
2145 2773
763 3671
1515 2773
763 4351
1791 2773
763 4915
1827 2773
763 1198
2773 3862
521 763
690 2773
763 1126
2773 3444
763 2860
2773 3667
763 3900
2773 4677
328 763
2773 4131
288 763
2773 3235
763 2017
1075 2773
448 763
2051 2773
216 763
1265 2773
763 1282
1777 2773
763 4765
2773 4618
763 2033
1084 2773
763 3788
2773 4158
763 4177
1546 2773
763 2739
934 2773
763 4784
2773 3435
669 763
2015 2773
763 3477
759 2773
763 2973
2773 3910
763 1879
1883 2773
763 3629
2773 3502
763 3538
2773 2995
763 4381
1314 2773
763 2511
2773 3240
763 3838
2773 2827
763 2289
2621 2773
763 1899
2773 4092
763 4303
2773 4106
763 1551
1173 2773
763 4290
2773 4118
763 1005
2773 2796
763 3809
2773 3700
763 3836
151 2773
763 4598
611 2773
49 763
562 2773
763 2992
2773 3401
763 2970
2773 4229
763 4622
2773 4543
763 1984
2222 2773
763 4527
2773 3579
763 2273
2773 3736
205 763
2773 3242
725 763
2773 3710
763 1955
2773 3507
763 4657
1687 2773
763 2188
2192 2773
763 2892
85 2773
763 4449
2607 2773
763 856
451 2773
763 3005
2773 4832
763 4428
723 2773
763 2651
781 2773
763 2286
1684 2773
763 1494
1184 2773
763 1932
2773 4695
763 2225
2773 3807
763 4608
2283 2773
763 1372
2773 4115
763 4292
2224 2773
763 1203
486 2773
763 4537
2773 3056
763 4653
1862 2773
763 3992
825 2773
763 2435
2773 3203
763 4417
2211 2773
763 2552
920 2773
763 4440
350 2773
763 1403
1225 2773
763 4600
2448 2773
685 763
961 2773
763 4994
1381 2773
763 4167
2773 2803
763 2322
2773 4680
763 4709
71 2773
535 763
1379 2773
763 816
2759 2773
763 1491
2773 3655
763 1717
2426 2773
605 763
233 2773
763 1027
2773 3118
763 1940
2773 3090
763 3623
2773 3229
763 981
2773 4881
763 1935
639 2773
721 763
1095 2773
763 3767
701 2773
763 2287
2167 2773
763 3959
2773 3844
763 2542
2773 4350
763 4972
1632 2773
763 1037
1933 2773
113 763
938 2773
763 2494
2773 3548
763 4869
1052 2773
763 1756
2773 4462
763 927
2773 4550
39 763
864 2773
763 2265
1707 2773
763 3646
1051 2773
763 1760
2773 4439
763 1257
848 2773
763 1782
305 2773
222 763
694 2773
763 2233
2773 4811
398 763
2773 3176
763 4133
179 2773
763 2943
2773 4873
763 2384
1837 2773
763 4741
1504 2773
763 3531
2580 2773
689 763
1292 2773
763 4034
2312 2773
763 995
2417 2773
763 4534
2773 3306
763 4236
2773 4788
763 3057
710 2773
763 3933
2773 4567
763 3343
2773 4154
763 3290
2773 3089
763 3536
2385 2773
261 763
2773 3707
493 763
1968 2773
763 2263
1449 2773
763 2637
2276 2773
763 2040
2773 3162
763 4520
2773 3766
763 3682
2773 3606
763 4902
2773 4607
763 2864
2773 3998
763 2088
2773 4837
610 763
2359 2773
58 763
2240 2773
763 1524
634 2773
763 3699
2773 3442
763 806
351 2773
147 763
2773 4791
763 1850
2773 4364
763 2909
2773 4308
404 763
2658 2773
763 2850
1530 2773
763 3402
2773 3277
763 2409
2773 4087
763 4137
2773 3255
415 763
1041 2773
397 763
1747 2773
763 4089
2773 4026
763 2655
2773 3690
763 2555
2773 4077
763 3266
2773 4132
763 3672
2773 4212
763 4868
1035 2773
763 3834
2773 4134
763 1106
2773 3632
763 1764
618 2773
763 4023
47 2773
763 4018
2773 3518
763 858
2773 3278
763 1373
290 2773
257 763
2633 2773
604 763
2773 2925
763 3049
2456 2773
763 2058
214 2773
763 3808
1540 2773
763 1119
2773 3160
763 4571
446 2773
763 4756
2773 4749
763 2294
2550 2773
763 4528
2773 2988
763 1443
2773 3530
763 1019
966 2773
763 3721
2773 3740
763 1081
2773 3877
763 963
2773 4250
763 1788
2007 2773
341 763
2773 4774
763 2643
2085 2773
763 3559
2024 2773
763 4210
1608 2773
123 763
2773 4750
763 1990
1522 2773
763 3867
724 2773
763 2600
442 2773
763 795
2576 2773
763 4783
2773 3755
239 763
2773 4865
111 763
2773 4890
763 968
850 2773
763 3946
2773 3609
763 4067
2773 4473
763 3514
2773 4926
763 3763
1100 2773
763 2077
739 2773
763 3065
2773 4717
763 3276
2773 4333
763 3979
2773 4713
763 4433
2028 2773
181 763
1609 2773
124 763
2773 2987
583 763
2773 3375
763 2399
265 2773
763 1691
2773 2907
298 763
2773 2963
763 4435
762 2773
763 4896
2773 3322
763 4321
2773 2904
763 4030
2773 4126
763 2891
2773 4761
763 2725
2773 4940
763 4260
2650 2773
763 2486
792 2773
763 2061
2773 3896
763 4003
2773 2886
763 2073
2773 2883
763 4264
2645 2773
763 3795
2671 2773
763 1402
342 2773
763 4324
2773 4237
763 4662
830 2773
763 1032
2551 2773
763 3810
2773 3741
277 763
1179 2773
763 2977
323 2773
763 3780
2616 2773
763 4329
2631 2773
763 1426
100 2773
763 2813
2773 3041
763 3876
2773 3859
456 763
2383 2773
763 3253
2712 2773
763 4599
2672 2773
763 2596
2773 3498
763 2252
1204 2773
763 1153
2773 4422
763 1895
2773 4484
763 4128
2773 3764
763 3506
651 2773
763 3712
2773 3995
763 2939
1221 2773
763 2994
2773 4192
763 1063
2773 3013
763 3841
2773 4214
763 1477
1046 2773
763 4102
2715 2773
736 763
2773 4334
584 763
2773 4627
763 1876
2773 3120
763 3386
2773 4921
763 2870
2329 2773
554 763
2773 4312
732 763
2773 3644
763 4887
1503 2773
763 4107
1559 2773
763 3758
2279 2773
763 4442
2673 2773
763 4916
1898 2773
763 2291
2773 3181
763 3687
2773 4879
763 2104
2227 2773
763 4191
2773 4311
763 4335
2773 2989
503 763
2773 3888
763 1250
1904 2773
763 2675
2773 3051
763 4233
2773 3299
763 2126
2773 3921
587 763
2773 4120
763 2364
2219 2773
763 970
1912 2773
763 3208
2773 3748
763 3431
2773 4049
763 3708
2773 2775
763 4094
126 2773
763 1287
488 2773
57 763
2773 3091
763 1715
2773 3625
763 1750
2773 3553
542 763
289 2773
763 2969
2773 3036
763 913
194 2773
763 3470
2773 2885
763 2242
540 2773
763 3168
2773 3793
763 2950
1168 2773
763 4901
2773 4453
763 3213
2773 3249
763 1793
2773 4046
763 1612
408 2773
763 3411
2773 4983
763 1618
1716 2773
763 2661
2773 4474
763 4245
2773 4416
763 2310
384 2773
763 2096
993 2773
763 4376
2618 2773
763 931
2018 2773
258 763
2620 2773
248 763
2773 4613
763 2927
2382 2773
458 763
2122 2773
763 4624
2665 2773
763 1451
1502 2773
435 763
2773 4475
763 3169
1785 2773
763 2045
2041 2773
763 2311
2773 4911
763 4861
2513 2773
763 2840
1652 2773
763 1507
154 2773
763 2767
2773 2777
763 3852
571 2773
763 4758
1900 2773
715 763
2773 2966
763 3184
2773 3544
763 1220
2773 2983
339 763
2504 2773
763 4367
2773 3580
763 4969
1497 2773
763 1176
2114 2773
763 1865
375 2773
763 3597
2773 4467
763 2505
2031 2773
763 2926
2773 2901
763 4546
574 2773
763 1320
2773 4499
249 763
2773 4096
664 763
1996 2773
763 2136
1170 2773
763 4706
2773 3178
763 1953
2773 3165
763 2888
2617 2773
763 783
582 2773
763 3241
2230 2773
763 2955
2773 3154
763 1181
1645 2773
763 4651
838 2773
763 4728
1694 2773
763 2170
1861 2773
483 763
2773 3103
763 869
2565 2773
763 2241
770 2773
763 3131
1740 2773
763 4632
2773 2897
763 2746
1283 2773
763 793
1657 2773
763 2696
402 2773
763 4773
2773 3571
763 3909
2773 2812
763 3350
2773 4466
763 4339
2667 2773
763 4123
2773 3387
763 2744
2773 3448
763 2915
2773 3756
763 1674
2773 3879
763 4103
693 2773
763 2016
296 2773
763 3482
158 2773
763 2030
2773 3917
763 4827
1253 2773
763 2213
845 2773
763 2626
1838 2773
662 763
1774 2773
763 4918
1050 2773
763 4020
2026 2773
763 1218
2773 4549
763 1959
2773 3100
763 2138
2773 3369
763 2212
1206 2773
763 3856
1560 2773
763 4310
2773 4810
763 4363
943 2773
763 909
649 2773
763 3481
515 2773
763 4819
1146 2773
763 2844
2773 4061
763 3297
1182 2773
763 2066
2773 4997
763 1839
2773 3096
763 1161
705 2773
763 2544
1495 2773
763 2209
2062 2773
167 763
1542 2773
763 3152
138 2773
763 1549
10 2773
763 3236
2773 3752
763 4714
2773 4429
763 3138
2173 2773
763 3990
2373 2773
763 2913
1135 2773
763 2473
75 2773
763 3453
2773 4156
763 2944
2773 3607
763 3779
1150 2773
763 2610
2773 3902
763 3210
2773 4152
763 1412
2773 3461
763 1228
778 2773
763 4854
849 2773
763 1139
2773 3588
763 3828
2773 3221
763 1722
2773 4930
763 3800
1662 2773
763 4891
2773 5000
763 4320
2701 2773
763 3774
336 2773
633 763
2526 2773
202 763
2393 2773
763 3114
947 2773
763 3916
2773 3732
763 1781
467 2773
763 2563
2773 3940
763 808
958 2773
763 971
901 2773
763 1274
2773 4326
763 3173
2773 4572
763 4240
2773 4843
763 1979
2773 4434
763 4441
2773 2835
697 763
2773 4314
763 3086
2773 4794
763 4482
2773 4172
763 1710
2773 3515
150 763
14 2773
79 763
2773 4798
763 2801
1087 2773
224 763
2773 3439
763 4589
1209 2773
763 2169
853 2773
447 763
2773 4244
763 3018
1029 2773
763 4566
438 2773
763 2962
2773 3523
763 2235
2773 3775
763 797
2773 3727
763 1937
2773 3885
60 763
1731 2773
617 763
2773 4054
30 763
195 2773
763 4516
260 2773
763 4905
2773 4459
763 899
955 2773
763 1223
857 2773
763 4093
2773 4531
763 2036
2773 3994
763 3614
2773 4924
345 763
209 2773
334 763
1511 2773
422 763
1430 2773
363 763
278 2773
763 2935
2773 4785
763 888
1666 2773
763 1089
2773 4991
763 3340
2773 3220
752 763
2773 3978
763 2392
2773 3819
763 1805
2773 3204
763 1142
2773 3770
161 763
2731 2773
763 4646
2292 2773
763 4826
517 2773
763 3261
979 2773
763 1447
2773 4366
763 3575
2692 2773
763 1987
1815 2773
763 1010
1219 2773
318 763
177 2773
763 1918
1312 2773
763 1082
1789 2773
763 3197
1964 2773
763 2826
1022 2773
763 1086
2773 4108
763 1886
1967 2773
763 1762
2773 4980
763 3129
2107 2773
20 763
1598 2773
763 1129
2773 4121
763 2226
2773 3382
763 4726
2773 4151
377 763
2773 4946
763 2549
757 2773
763 3383
2773 4965
763 3730
2773 3219
763 2302
1350 2773
763 4409
861 2773
763 1705
2773 4307
763 976
2773 3513
763 1654
2773 3685
763 1680
2773 3007
763 2556
2488 2773
763 3285
2229 2773
470 763
1067 2773
403 763
2604 2773
763 2305
1278 2773
763 1238
2582 2773
763 1383
2357 2773
763 4655
1484 2773
763 3912
2773 3281
344 763
463 2773
668 763
2773 3949
507 763
2773 4430
763 1108
2773 4733
763 2525
337 2773
763 3850
2752 2773
763 2168
2773 3224
763 2245
2773 3524
763 3362
455 2773
763 863
2163 2773
763 4874
2773 3077
286 763
2773 3517
642 763
2309 2773
763 3805
232 2773
763 2540
2773 3659
763 3539
923 2773
763 4181
2773 4687
763 3457
2773 3791
763 4801
2773 2804
8 763
1976 2773
763 2853
184 2773
763 4425
1473 2773
763 834
2773 3622
763 985
2646 2773
763 1513
2316 2773
763 4456
1910 2773
763 1300
2773 4448
763 4691
2773 4188
763 4899
148 2773
207 763
606 2773
763 4833
2706 2773
763 1210
1787 2773
763 1934
2773 4208
763 2690
2773 4636
763 941
1324 2773
763 4661
2773 4547
763 4776
380 2773
80 763
1974 2773
13 763
2 2773
763 3121
1670 2773
763 3200
2773 4259
763 3081
592 2773
190 763
2773 3935
763 4563
405 2773
763 2786
352 2773
763 2290
2773 3334
763 1298
2773 3872
763 3078
1201 2773
763 4038
1389 2773
763 4849
1605 2773
439 763
2773 4766
459 763
1928 2773
763 957
1978 2773
763 1926
2773 3881
763 1527
335 2773
763 2571
2682 2773
763 4508
2773 3617
763 1222
321 2773
763 4559
2773 4085
763 3787
2773 4427
763 1393
1024 2773
763 3703
2773 4931
763 2929
1679 2773
763 2023
142 2773
549 763
2773 3377
763 2336
1365 2773
607 763
2773 3003
763 4903
313 2773
412 763
2773 4621
763 2723
2282 2773
763 2410
2150 2773
763 3055
731 2773
763 990
2773 3111
763 4910
2075 2773
763 3635
2773 3291
763 4511
1630 2773
763 1703
1637 2773
763 1485
2773 2996
763 4216
2773 3920
763 4740
2773 4682
525 763
773 2773
763 2848
2773 3151
763 2507
2773 4451
763 1311
2773 3718
276 763
2773 3454
763 1107
2773 4476
763 2068
103 2773
763 855
2773 3663
763 3972
2196 2773
763 1982
2773 2985
763 3355
389 2773
763 1162
2773 4878
763 1682
585 2773
763 4513
2773 2971
763 4671
2039 2773
763 2256
2773 4963
624 763
870 2773
388 763
428 2773
763 2599
2773 3948
763 1506
98 2773
763 4104
2773 4368
763 2546
2266 2773
763 4738
905 2773
763 2601
1111 2773
763 1548
2246 2773
763 3989
2773 3966
763 4848
2773 4401
271 763
2773 3271
763 3319
2773 4725
763 4685
1370 2773
763 4479
2773 4426
763 1626
658 2773
763 4328
2773 3409
763 3512
884 2773
763 1866
2773 4405
763 4831
1377 2773
763 1758
2773 2960
763 3500
1351 2773
763 1487
699 2773
763 3802
2478 2773
763 1728
2773 4883
763 2946
2773 4300
763 3492
112 2773
763 802
2049 2773
763 4509
2258 2773
763 2703
2773 4510
763 3185
475 2773
763 4069
2773 2834
763 3110
2773 2877
763 1724
2110 2773
763 1620
45 2773
763 1658
230 2773
763 2790
2773 3127
763 2363
2659 2773
763 4978
1464 2773
763 1660
2348 2773
763 2693
2773 3577
763 2404
2773 4694
763 772
2773 4241
763 1830
2098 2773
763 2500
951 2773
563 763
189 2773
763 2567
2628 2773
763 4105
1714 2773
763 1355
1748 2773
763 1245
2773 4194
86 763
1822 2773
578 763
1256 2773
763 3582
2773 3228
763 4583
2484 2773
763 1415
2377 2773
763 1367
2419 2773
763 1009
2657 2773
552 763
1159 2773
763 2774
2595 2773
645 763
1998 2773
763 3205
1847 2773
763 4408
1117 2773
763 3157
2773 3074
763 4162
2773 3029
763 4722
2773 3189
763 2057
2480 2773
26 763
1575 2773
763 4143
1395 2773
763 4284
2773 4346
568 763
893 2773
763 3887
1271 2773
763 1064
2773 4149
763 1434
2108 2773
763 1410
2773 3599
763 3250
824 2773
763 3675
805 2773
763 3305
1653 2773
763 4239
2773 4631
82 763
300 2773
763 3821
357 2773
763 4253
2773 4457
763 4271
2773 3388
763 3693
198 2773
763 2916
2773 4139
763 4432
381 2773
763 1977
2773 3816
763 1036
2698 2773
478 763
2773 4803
763 3134
1894 2773
763 2685
469 2773
763 1573
1975 2773
763 1496
2773 4494
231 763
2422 2773
637 763
666 2773
763 1470
1868 2773
763 1014
2166 2773
763 3293
2449 2773
763 4447
2773 4481
763 3901
1767 2773
763 3289
2773 4147
763 3499
2773 4042
763 3258
1634 2773
763 3356
2578 2773
294 763
659 2773
763 4155
392 2773
763 3381
1015 2773
763 4282
2773 3254
763 3479
2119 2773
343 763
2773 3155
763 4419
1537 2773
763 2220
217 2773
763 1887
2773 4666
763 852
2158 2773
763 3028
2773 2874
763 1802
2123 2773
763 4304
1768 2773
763 4548
2046 2773
763 2750
140 2773
763 3552
2773 3232
763 1199
2022 2773
763 1338
1999 2773
763 4698
2773 4213
763 4555
2773 3792
763 2763
2773 3568
763 4679
1723 2773
763 4079
1669 2773
763 1331
625 2773
763 3931
2773 3034
763 4083
2773 3656
763 3789
1649 2773
101 763
1440 2773
763 4592
2773 4074
763 1558
1344 2773
763 3234
2773 4951
763 3238
829 2773
487 763
1405 2773
763 3424
1919 2773
763 4392
2773 4101
763 1374
2773 4037
703 763
2010 2773
763 2011
1136 2773
763 4799
2773 3714
763 1628
1388 2773
421 763
2773 3489
89 763
1577 2773
763 3449
2125 2773
763 2379
2773 2817
763 4806
2773 3702
763 1042
2773 3022
591 763
2773 3332
594 763
192 2773
763 1783
1004 2773
763 4736
945 2773
763 3926
2773 3589
763 1535
1571 2773
763 2189
2773 4923
763 1214
2773 4658
763 4407
2159 2773
763 3560
2773 4587
763 4595
1592 2773
166 763
914 2773
763 2032
464 2773
763 4847
2773 4050
763 2841
2773 4856
763 997
9 2773
763 2432
2773 3620
763 3563
1065 2773
763 4286
1602 2773
763 3429
2773 3913
763 867
107 2773
763 1308
514 2773
763 1938
2773 3323
763 1348
2773 3759
763 2738
2773 3641
763 1167
896 2773
734 763
1304 2773
763 1648
683 2773
763 4721
2111 2773
763 1941
2191 2773
763 3785
1165 2773
386 763
1178 2773
719 763
1678 2773
763 3158
2773 4668
763 4629
2773 4650
763 3082
2773 3525
763 3186
128 2773
726 763
2773 2820
763 2459
1432 2773
763 4377
2773 3884
763 3666
2773 4689
763 4009
2615 2773
763 3944
2773 4503
763 4697
2365 2773
763 2914
2773 2958
763 984
2664 2773
763 3124
711 2773
763 4952
495 2773
691 763
2773 2873
763 4515
675 2773
763 4025
2773 3109
727 763
1545 2773
763 2131
1638 2773
763 4979
2773 3495
763 3107
2773 4542
763 3245
1544 2773
763 2993
2773 2948
763 4882
643 2773
763 4807
1664 2773
763 1055
215 2773
131 763
2773 3284
763 2437
2572 2773
763 1925
2773 4611
763 3904
2773 3738
763 2337
2773 4929
763 2453
2773 3975
763 965
1226 2773
763 4588
522 2773
763 3064
2773 2871
763 836
1235 2773
763 3230
15 2773
763 3705
2553 2773
763 2370
2773 3846
763 3004
360 2773
763 1357
2773 2899
362 763
2773 3486
763 2187
2773 4170
280 763
2773 4541
763 3264
2773 3126
763 4850
2773 3360
763 3981
1385 2773
763 3799
443 2773
763 972
2773 2922
763 2919
865 2773
763 2740
2773 2843
763 3849
2753 2773
309 763
1594 2773
304 763
2485 2773
545 763
2773 4395
763 1273
225 2773
763 1387
2134 2773
763 1306
2773 4678
763 3427
2773 4455
423 763
2593 2773
763 2354
2773 3287
763 986
2773 2825
763 1382
2396 2773
155 763
2773 4460
763 2982
2773 3397
763 2262
2613 2773
763 2972
2773 4331
763 3088
2773 3045
763 2670
2773 2967
763 1047
2469 2773
763 4153
1604 2773
763 3143
2773 4805
763 4084
2773 3059
763 4174
201 2773
763 1505
2773 3903
763 1489
2773 4059
763 3851
2773 3706
763 4565
2773 3626
763 3365
2773 3720
763 2257
2773 3837
561 763
1800 2773
763 1631
2773 4859
763 3853
1255 2773
763 3286
417 2773
763 3146
2669 2773
763 1006
391 2773
763 3458
933 2773
763 2895
156 2773
763 4544
2773 2917
763 4986
2773 4480
763 4261
523 2773
763 3023
2773 3829
763 4293
2638 2773
763 1011
250 2773
763 1364
2773 3781
763 1709
2773 2821
763 1030
2773 4944
763 3272
871 2773
763 1078
577 2773
763 3310
1820 2773
763 1149
2773 4962
763 1718
1753 2773
329 763
2773 3233
763 2524
2773 3333
763 3166
2773 4262
763 1417
2356 2773
52 763
1931 2773
704 763
1509 2773
763 4080
182 2773
763 4298
548 2773
763 3578
2773 3833
763 2589
553 2773
763 4702
2773 3009
763 803
2773 4111
763 1401
424 2773
763 2598
900 2773
763 4614
2694 2773
763 3222
2027 2773
763 3336
2773 3864
763 2300
2773 3796
763 2466
2324 2773
763 1000
1236 2773
763 1597
2773 3058
473 763
1459 2773
763 3953
1185 2773
763 3426
160 2773
763 2547
1353 2773
763 4886
2773 2779
763 3869
1611 2773
763 1309
2773 4249
763 2454
2773 4374
763 1663
2773 3983
366 763
2597 2773
763 2064
2773 4841
185 763
2773 4486
763 4043
1849 2773
763 4601
1349 2773
763 1241
2773 2990
501 763
2773 3824
763 3744
1836 2773
763 1556
199 2773
763 2568
2773 4254
763 2298
2773 4072
763 1056
1216 2773
763 4014
627 2773
763 4960
1846 2773
763 4296
2773 4196
763 2146
2773 3648
763 811
2773 3347
763 1946
880 2773
763 1828
2773 4652
763 1164
2773 4821
763 3463
2773 3955
763 4164
964 2773
763 841
2773 2981
763 940
2773 2788
763 2941
2773 4495
763 3993
1068 2773
763 3010
2773 2869
541 763
2773 3273
763 1804
450 2773
763 959
2773 4371
763 4514
2773 2918
763 3653
2773 4711
763 2902
2765 2773
763 847
556 2773
763 4267
2503 2773
763 3440
1217 2773
763 3777
2350 2773
763 3084
1913 2773
143 763
2244 2773
763 1319
2773 4957
676 763
2773 3827
763 4193
2325 2773
510 763
2086 2773
763 2118
2773 4615
763 2866
828 2773
763 2238
2773 3965
763 2881
2313 2773
763 4753
2773 2810
763 2278
1125 2773
680 763
1635 2773
613 763
1212 2773
763 4058
1711 2773
763 2003
2773 4340
763 2105
2029 2773
763 2766
2737 2773
763 3892
2773 3822
763 3713
2773 3044
763 1012
2773 4017
117 763
2773 3894
763 1554
29 2773
763 1254
2773 3070
763 3942
1049 2773
763 2769
2773 3275
763 1269
788 2773
763 3610
2773 3701
763 1521
2773 4006
763 2339
1991 2773
763 1698
2121 2773
763 1508
2773 3555
763 3046
2773 4491
763 1396
407 2773
763 4195
1930 2773
763 1112
2773 3015
763 4450
302 2773
763 3217
2773 3063
763 2708
1798 2773
742 763
165 2773
763 2587
1948 2773
763 3811
2773 3922
763 2395
73 2773
763 1547
317 2773
401 763
2773 3711
763 3137
919 2773
763 3087
2773 3734
270 763
2773 4140
763 3857
1739 2773
206 763
2773 4585
763 1407
1914 2773
763 3073
1392 2773
763 2391
2683 2773
763 1889
2773 3997
763 3717
2623 2773
763 1776
1479 2773
763 4076
1773 2773
763 3616
1305 2773
763 4040
1615 2773
763 1746
2773 2949
763 4400
1102 2773
763 3252
1230 2773
763 4634
1906 2773
152 763
330 2773
763 4999
2271 2773
763 2332
2773 4553
763 4268
2318 2773
763 862
2773 4500
763 4898
2773 4945
763 1406
2773 3262
763 4088
2773 2854
763 3725
512 2773
763 2221
74 2773
763 1438
922 2773
763 3244
2773 4813
763 1958
2773 3296
763 4483
992 2773
763 2839
5 2773
598 763
2773 3937
763 1869
2338 2773
763 4116
2773 3314
763 4995
1340 2773
763 3928
2773 4863
763 2093
524 2773
616 763
383 2773
763 3670
91 2773
763 2851
1516 2773
763 1258
2773 3395
763 4443
2773 3665
763 1242
2014 2773
763 1460
2773 3393
763 2509
2773 4301
282 763
2773 4505
763 4568
229 2773
763 4315
2773 2814
763 2177
2773 4582
307 763
2303 2773
763 4332
267 2773
763 3855
2773 3697
763 3630
1138 2773
763 4743
2773 3772
109 763
237 2773
763 3025
2773 3956
279 763
2773 3798
763 2783
876 2773
763 2554
2403 2773
763 777
794 2773
551 763
2773 3964
763 4973
2773 4954
763 2639
2773 4512
763 1656
2773 4786
763 924
2773 3042
763 3451
2773 4771
763 1289
1819 2773
763 3924
2773 3192
228 763
2773 4461
763 2021
2083 2773
763 3960
1956 2773
763 1697
2773 4619
763 3735
2773 4643
763 1578
2773 4189
763 4846
1177 2773
763 3825
2773 4985
763 4358
170 2773
763 1234
17 2773
763 1452
340 2773
763 4414
1166 2773
763 3861
2773 2906
763 1848
2700 2773
763 2559
2773 3678
763 4949
2264 2773
763 4007
2345 2773
763 3870
1197 2773
763 1646
1613 2773
315 763
2773 4477
763 2594
1354 2773
763 2557
2487 2773
763 4804
2773 2932
763 3251
2773 4016
763 2560
2773 4398
532 763
2773 3541
763 1073
2773 4732
763 4142
527 2773
763 1104
36 2773
763 2343
1498 2773
763 3598
2773 3175
763 4645
2773 2931
763 937
2773 3043
763 3815
748 2773
763 4948
2773 4031
763 2450
1831 2773
763 3187
2773 4941
93 763
1696 2773
536 763
635 2773
763 4309
2773 3116
763 3760
1295 2773
763 4015
2773 2832
169 763
480 2773
763 1391
822 2773
763 4982
2773 3385
763 2808
750 2773
763 2288
2773 3327
763 969
365 2773
763 3613
2204 2773
763 3569
2773 4323
763 973
2773 3330
763 1380
2773 2957
763 4175
2543 2773
437 763
273 2773
763 3586
2773 4506
763 1891
1466 2773
399 763
1490 2773
468 763
2429 2773
763 3030
1784 2773
648 763
2773 4630
735 763
1735 2773
763 4602
602 2773
763 4330
2441 2773
763 3621
2773 3528
740 763
2445 2773
763 4708
2773 4278
763 2937
1128 2773
763 3757
2773 4022
763 1038
2234 2773
763 3433
2773 3459
763 3066
1288 2773
460 763
396 2773
358 763
2773 3633
763 3638
2728 2773
763 2912
2773 3283
763 1025
2773 3164
763 3177
1661 2773
763 4231
2773 4532
763 2129
2773 3803
684 763
2773 3565
763 1960
2773 3754
763 3119
2773 3316
763 2331
2773 3865
763 4117
2773 4838
763 1529
2773 4070
763 1526
665 2773
763 4577
1465 2773
763 1683
2773 3840
763 1771
2773 3374
763 2155
2773 4867
763 3215
2773 2776
763 3897
2773 4748
763 4675
1693 2773
763 3396
621 2773
763 4692
2069 2773
579 763
1371 2773
763 4900
2773 4875
763 3556
34 2773
418 763
2773 3932
479 763
347 2773
763 1058
1141 2773
763 1310
2451 2773
763 1023
2773 4934
763 3804
1826 2773
763 2206
2773 3366
763 3651
2773 4958
316 763
954 2773
763 2001
2773 4793
763 1881
528 2773
763 4947
2773 4242
763 1077
2420 2773
763 4659
2773 4493
763 3391
2773 4157
763 3212
615 2773
763 1853
2773 4148
763 1733
292 2773
763 3033
2773 4745
763 1790
2773 4327
763 1327
2773 2838
763 2314
2533 2773
763 3225
1742 2773
763 1098
2773 2893
763 4190
2773 3950
763 4605
2773 4789
359 763
2773 3349
763 4291
1472 2773
763 2306
1892 2773
763 3351
2523 2773
763 840
1647 2773
254 763
2773 4818
763 3812
2773 4996
42 763
566 2773
763 2293
576 2773
763 4970
2773 3487
763 3398
2714 2773
245 763
2773 3590
763 3608
2528 2773
269 763
782 2773
763 769
2519 2773
452 763
2103 2773
614 763
1651 2773
763 2792
1172 2773
763 4266
2773 2894
763 925
87 2773
763 2569
2773 2945
264 763
2440 2773
763 3422
2165 2773
763 3542
2065 2773
763 4551
2773 2921
136 763
2773 4200
274 763
1688 2773
763 4472
2773 3188
763 1700
1751 2773
763 1318
2773 3198
763 4270
2034 2773
763 1962
2773 3723
763 1492
567 2773
763 2583
1983 2773
763 1810
2562 2773
763 3338
1341 2773
763 1738
2773 4523
247 763
2773 3321
763 1453
1855 2773
763 2470
2773 4574
763 3806
81 2773
763 1482
1423 2773
763 4124
2773 3601
763 2824
1954 2773
763 1743
1156 2773
763 4872
94 2773
763 1565
2205 2773
763 3967
2183 2773
763 4322
1259 2773
763 2330
2773 3615
763 4163
102 2773
763 3918
395 2773
763 1468
2773 3490
763 1247
1232 2773
763 3532
1845 2773
763 3535
2773 3147
763 4975
2773 3970
763 2575
2773 4914
763 4676
2773 3907
763 4342
1550 2773
763 2857
1538 2773
763 1851
283 2773
763 2872
2773 2831
513 763
2773 4670
116 763
827 2773
763 1726
2773 3080
763 4612
2773 4635
763 1478
1531 2773
299 763
2773 3079
763 4737
2387 2773
763 1765
612 2773
763 4393
2460 2773
763 2923
2773 3133
763 4272
2773 3603
763 2175
2773 2805
763 3367
2773 3408
763 1208
2539 2773
763 4047
2773 3574
763 1409
2773 4667
763 3270
2773 3680
33 763
2099 2773
252 763
2773 2976
763 4894
539 2773
763 2625
530 2773
763 3848
2773 3122
763 3762
2735 2773
763 3742
1916 2773
763 3315
1008 2773
763 2142
208 2773
763 882
1543 2773
763 799
2773 3428
641 763
1823 2773
763 1993
2773 3447
763 1737
1246 2773
763 4834
1332 2773
763 3156
2773 4917
763 1942
1456 2773
763 2260
1633 2773
763 3619
2773 4394
763 2493
2773 4404
763 2920
2773 4603
763 4445
1317 2773
763 2413
2719 2773
763 1488
1811 2773
763 3067
2773 3494
763 2281
892 2773
763 1902
2335 2773
293 763
2773 2806
763 2517
2773 4463
763 1622
1567 2773
763 887
1860 2773
763 1074
2773 4519
573 763
632 2773
763 1224
2773 2928
763 4597
2773 4109
763 2117
16 2773
586 763
2773 2896
763 1384
90 2773
763 4183
2773 3516
763 2197
1667 2773
763 4352
1043 2773
763 3071
1533 2773
575 763
1523 2773
763 4380
1659 2773
763 4578
1971 2773
763 3778
2773 4036
763 4086
2773 4590
763 3257
2773 4413
763 2930
2773 3843
763 998
2773 4852
763 4145
41 2773
763 2361
2532 2773
763 2076
211 2773
754 763
1741 2773
374 763
1736 2773
763 859
2717 2773
763 4664
1444 2773
763 2280
2773 3657
763 2903
2614 2773
763 2304
2773 4507
763 2248
2773 4570
763 3026
2773 4384
763 4504
1213 2773
763 814
2773 3280
37 763
2773 4224
763 2785
1792 2773
763 926
2757 2773
137 763
77 2773
763 860
1965 2773
763 1882
741 2773
763 2605
104 2773
763 4078
2773 4633
763 2791
2773 3106
763 4273
1454 2773
227 763
234 2773
763 2250
1092 2773
696 763
2199 2773
763 1315
2773 3761
236 763
284 2773
763 3421
2773 3191
763 1593
1421 2773
763 3467
2773 4751
763 1493
409 2773
763 4820
1411 2773
758 763
1404 2773
763 1026
2773 4295
763 3595
2773 3784
763 1361
1429 2773
763 4770
2358 2773
763 2461
2773 3733
763 4904
83 2773
763 3415
2773 4082
687 763
1066 2773
763 1413
2773 3053
763 4171
46 2773
763 3434
419 2773
348 763
2773 3328
763 2862
2351 2773
763 4057
2773 4219
763 3729
1248 2773
597 763
2773 4992
763 2748
589 2773
763 4909
2048 2773
763 3551
2773 3159
763 1973
2004 2773
763 2861
2773 4943
763 1818
2773 3019
763 4610
1053 2773
763 3302
2773 3962
763 2164
2773 4573
763 2764
108 2773
763 809
983 2773
763 1519
2773 4318
763 2301
157 2773
763 2609
1518 2773
763 3652
2452 2773
763 2537
2773 4842
356 763
2342 2773
763 4906
2773 4581
763 3061
1033 2773
763 1040
2536 2773
763 3404
776 2773
708 763
2733 2773
763 3645
1720 2773
763 1285
667 2773
763 3776
895 2773
763 4591
2773 3683
695 763
2231 2773
763 1668
2474 2773
763 3503
28 2773
763 4370
2773 3880
763 1328
1207 2773
763 2734
338 2773
763 2742
650 2773
763 875
2362 2773
763 1692
2681 2773
763 2090
2773 4144
763 2953
489 2773
763 831
2773 4306
763 3206
2773 3001
763 3139
2773 4919
763 2882
2577 2773
763 2611
1286 2773
763 4002
2773 3320
24 763
1031 2773
763 1363
1186 2773
763 789
2447 2773
763 3237
1028 2773
763 1924
2773 4517
253 763
2773 4411
763 3144
2773 3813
481 763
416 2773
763 3882
519 2773
285 763
2773 4341
763 2353
2326 2773
763 3674
2773 4187
763 873
987 2773
281 763
1425 2773
763 3647
2773 4287
763 2818
2237 2773
763 4964
2773 3425
763 2475
256 2773
763 1360
2773 4795
763 3450
921 2773
763 3265
2072 2773
763 2579
2012 2773
763 1770
593 2773
40 763
2773 3971
763 1859
2635 2773
763 1097
1296 2773
763 2496
760 2773
763 4907
2773 3301
763 4178
1590 2773
763 2722
2773 2781
763 1589
2190 2773
763 3505
1183 2773
763 3558
1461 2773
763 2980
2773 3072
763 944
1730 2773
763 1358
2773 3961
763 2770
393 2773
763 2836
2124 2773
763 2171
2773 4593
763 3247
2773 3695
763 1644
2006 2773
763 974
2773 4535
436 763
560 2773
763 3292
2773 2975
763 4465
953 2773
763 3676
2773 4857
763 4884
2773 3149
763 1512
2773 4870
763 3279
2773 4211
763 1655
2773 3831
466 763
1874 2773
763 3987
2773 4586
332 763
2773 4998
763 2120
1903 2773
349 763
2773 3099
763 1469
484 2773
763 1094
508 2773
744 763
2773 3062
763 2905
453 2773
763 2852
1799 2773
763 3407
2773 3196
763 2094
2510 2773
763 1132
6 2773
763 1989
692 2773
763 4024
2376 2773
763 3260
2773 3570
756 763
238 2773
763 2070
2228 2773
763 1801
1400 2773
763 4545
2773 4288
763 2433
2773 3466
763 4234
1187 2773
763 4185
1619 2773
763 1514
2773 3650
763 3339
1921 2773
324 763
1821 2773
763 3378
2773 3628
763 4000
1140 2773
763 1334
162 2773
763 1677
2773 3537
763 3895
220 2773
763 3694
2773 4823
763 835
2773 4681
763 4202
796 2773
763 2202
1685 2773
763 2863
2055 2773
763 3604
2773 2858
763 2837
287 2773
564 763
2773 4987
763 4169
1313 2773
763 3783
1856 2773
763 2743
2773 3027
