5000
{}}}}{{}{}{}}}}}}{}}}}}}}}{{}{{}}}}{{}{}{}{}{{}}{}{}{}}}{}{{{{}}}{{{}}}{{}{}{{}{{}{}{{{{{{{{{}}}}{}}}}{{}{}}{{{}{}}{{}}{}}}}{}}{{}}{{{{}{}{}{}{{}{}}{{}}}{{}}{{}{}}}}}}{}}{{}{{}{{{}{{}{{{}}}}}}{{{{{{}}{}{{{}}{{}{{}{{{{}}}}{{{{{{{{{{{}{{{{{{}{}}{{}}}}}{}{{}}{{}}{{}{{}{{{{{{{{{{}}{}{{}{}}}}}{{{{{{{{{{}{}}{}{}}}{{}}}}{}{{{}{}}{{{}{}}{{{}}}{{{{}{}{}}{{}{}{}{}{}}{}}}{}{}}{}{{}}{}}{{{}}}}}}{{}{{{}{{}{}{{}{}{}{}{{}}}{}}{{{}{{{{}}{{}}{}}{}}{{}}}{{}{}{{}{}}{}}}{{}}}{}{}{}{{}}}{}}{}}}}}{{{{}}}{}{}}{}{{{{}{}{{{{{{{}{}}}{}{}}}{}}}}{}{{{{{{{}}}{}}{{}{}{{{}{}{}}{{}{{}{{{{}}}{{}}{{{}{}{}{}{{}}{}{{}{}{{{{}}}}{}{}}{{}}{{{}}}{}{}}}}}}}{{}{{{{{{}{{}{}{{}}{{}{{{{{{{}{}}{}{{{{}}}}}{}}}}{{{}}{{}{{}}}}}}{}}}{{}{{}}{{{{}}{}}}{}{}{}{}}{{}}}}{}}{{{}}}}}}{{{{{{{}{{{{{}{}}}{}}{{}{}{}{{{}}}}}{{}{{}}{}}}}}{}{}{{}}}}{{}{{}}}{{}{}{}}{}}{{}}}{{}}{}{}{}}}{}{}}{}{{{}{}}{}}}}{{{{}{}}}}}{}}{{{{}{}{{}}{{{{{}{}}{}}{}{{}}{{}{{}{{{{}{{{{}{}}{}}}}}{}{}{}{{}}}{{{{}}}{{{{}{}{}}{}}{}}}}}{{{}{{{}{{}{}{{{{}}}}}{{}{{{}{}}}}}}{}}}{}{{}{{}{}}{{}}{}{}{{}{}}}}{}}{}{{}}}{{{{}{}{{}{{{{{}}{}}{}}{{}{}{{{}{{{}}}}}{}}}{}{}}}{}}{}}{}{}}}}{}{{}{}{{}{{{}{}}}}}{}}}{{}{}}}{}{}}}{}}}}{}{}{}{}{}}{}}{{}}}}}}{{}{}}{{{{}{}}}}}}}}}}}}}{}}}{}}{{{{}{{}{}{{}}}}}}{{}}{{{{}}}}}}}}}{{}{}}}}{}{}}}{}{{{{{}{}{{}}}}}}}}}{{}{{}{{{}{}}}}{}}{}{{}{}}}}{}}{}{}{{{}}{}{{{}{{}}{}}}}{{{}}{}{}{{{}{}{}{}{}}{{{}}}{{{}}}}{}{}{{}}}}}}}}{}{{}{}{}{}}{{{}}{}{}{}{{}{{}{}{{{{{{}{{{{}}{{{}}}}}{{}}}}{}}}{{}}{{{{}{{{}}{}}{{{{}{}{}{}{{{}{{}}}}{}{{{{{{}{{{}}{}{{}}}{}}{}}{}}}}}{{}{{}{{{{}{{{}}{}{{}}{{{{{}}{}}}{{{{}}}{{}}{{{{}}}{}{{{{{{{{{{{}{{{{}{}}}{{}{{}{{}}{{{}}{}{}}{}}}}}{}{{{{{{}{{}{}}{}}{{}{{{}}{}{}}{{{}{{}}{{{}{{{{{{{{{{}}}{{}{{{{{{}}{}{}}{}{}}}{{{}}{}{}{{{}{{}}}}}}{}{}{}{{{{{}}{}{{}}}}{}{{}{{}{}{{{{{}{{}}}{{{{{}}{}{}}}{}{}}}}{{{{}{}}{{}{{{{{}}{{{{{}}{}}{{}{}}{{}}}}{{{{}}}{}{{{{}}{}}{{{{}{{{}{}}}{{}}{}}}}}}}{}{}}}}{{}{{}{{{{}}}{{{}}}}{{}}{}}}{}}{}}}{}}{{{}{{{}}}{}{{{{{}{}}{{}}}{}}{{}}}{{}}}}}{{}{}{}{}}{}{}{}}}}}{}{}}{{{}}}}{{{{}{}}}}}}}{}{{}{}}}}}{{}}{{}}{}{{}}{}}{{}}{{{{{}}{}{{}}{{}{{{}{{}}{{}}}{{{}{{{{{{}}}{{}}}{}}}{{{{}{}}}}{{{}}{{{{{{{{{}}}}}{{{}{{{}}{}{{}}}}{{}{{}{}}{}}{{}{{{{}{}{{}{}}{{}}{{{}{}}}}{{{{}}{}}}}{}}{}}}{}{{}{{}{}}}{{{{}{}}{{{{}{}{{}}{}}}}{{}}{}{}{}{{{{}}}}}}}}{}}{{}}{}}}}{}}{}{{{{{{{}{{}{}{}}}{}}}{}}}}}}{{}}{{{}}}}{}{}}{}{{}{{}{}{{}{{}{{{}}}{{}{}{}}{}}}}{{{}}}}}{{}{{{}{{}}{{{{{}}}{}{{}}{{{{}}}{{}}}}}{}}{}{{}}}{{}{{}}{{{{{{{{}{{}{{{}}{}{{{{{}}{}}{}}{}{}}}}}{{}}{}}}{{}}{{}{{{{{}{{{{}}}{{{}}{}{}{{{}}{{}}}{}{{{}}}{{}{}}}}}}{}{}{}}{}{}}}}{}}{}}}{}{}}}{}{{}{{}{{{{{}{{{}}}}}}{}}}}{{{}{}{}}{{}}}}}{}{}}{}}{{{{}}{}{{{}}}}{}}}{}{{}}}{}{}}}}{}}}{{}{{}}{{{}{}{{{}{{}{}{{{}}{{}}{{{{}}}}}}}{{{}{}}{{{}{{{{}}{}{}}{}{{{{{{{{{{{{{{{}}}}}}}}}}}{{}}{{{}{{}}}{{}}}}}{{}{}{}}}}}{{{}}{}{}}}{{}}{{{{}{}}}{{{}}}}}}{{}{}{}{}}}}{{}{{}}}{{{}{}{{{}}}}{}{{{}{}}}}{}{}}}}{}{}}}}{}}{}{}{{{}{}{{}{}{}}}{}}}}}}}}}}}{{}{{{{}}}{{}{}{}}{}{}}}{}{}{}{{}{{}{{{}{{{{}{{{{}{{}{}{{}{{{}{{}}{{}{}{{}}}{}{{{}}{{}{}}{}}{{{}}}{{}}}{}}}{}{}}}}{{}{{{}{{}}}{{{{}{{{}{{{{}}{}{{}{{{}{{}{{{}{{}{{{}{{{{{}}}{{{}{{{}{{}{{{{{}{}}}}}}}}}}}{{{{}{}{}{{}}{{}}{}{{}{{{}{}{{{{}}{{{}{}{{}{{{}}{{{{{}{{}}}{}}}{{}{{{{{}{{{}{{}{{{}}}{}}{}{{}{}}{{{}{{}{}}{{{}}{}}}{}}}{{{}{}{{}}{{{{}}}}}}{}}}}{}{}}}}}{}}{}}}{{}{}}{}{}{}{{{{{{}{{}{}}{{{}{{{{}}}{}{}{}{{{{}}{}}}{{{{}{{{}{}{}{{{{{{}{{{{{}}{}}}{}}{}}{}{}}{}{}{}{}{}}{}{}}{{{{{}}}{}}{}}}}{{{}}{{{}}}{{{{}{}{}{{{}{{}{}{{{{}}}}{}}}{}}{{}{}}}}}}}{}}{{}{}{}}}{{}}}}}{{}}{{{}{{{{{{}}{}{{{{{}}{}{}}{{}{}}}{}}}{{}{{{}{{}{}{}}}{}}}{{}}}{{{}{}}}}}}{}}{{{{}{{{{{}{}{{}{}}}{{}}}}{}{{}}{{{{}{}{{{}{{{{{}{{{}}{}}{{}}}}}{{{{{{}{{}{}{{}{{}}}}}}}}}{{{}}}{{}{{}}}}{{{}}{}{}}{{{{}}{{}}{}{}}}}{}}}{}}{{{{{{{}{{{{}}{}}}{}}{}{{{}}{{}}{}}{}{{}}{{}{}}}{{{}{{}{}{{{{{}{{{{}{}}{}}}}{}}{}{}}{}{{{}}}}}}}{{{{{}{}{{{}{{}{}{{}}{}{}{}}}}}}}}}}{{}}}}}{{}}{}}}{}{{{}{{{{{{{}{{}{{}{{{{}}}{{{}}}{}{}}}}{}}{{{{}}}{}{}}}}}{{}{}{}}}}{{}{{}}}{}{}}}}{}}}{}{{}{{{}}}}{}}}{}{{}}{{}}}}{{}}{}{{}}{}{{{{{}}{{}{{}{{}}}}{}{{{{}{}}{{}}}{}{}}}}{{}}}}{{}{}}{}}{}{}{{}}{}}{{{}{}{}}}{}{{{{{{{}{}{{{}{}}{}{{}}{{{}}}{}{}{}{}{{{}}{}}}{{{{}}}}}{{{}{}{{{{}}}{}}{}}{}{}{}}{{}}{}}{}}{}{}{{}{}{{}{}{{}}{}}{{}}{{{}{}}}{{}{}}{}}}{}{}{}{}}}{{{}{{}}{{}}}}{{{{{}{{{{{{{{}}}{{}{}}{}}}{{{}}{{}{{}}}}{{}}{{}{}{}{}{}}}{{}{{{{{}{}{}}{}{{{{}}{{{}{{{{{{{{}{{}{{}}}{}{{{{{{}}}}{{{{}}{{}}{{}}{}}{{}}}{{}}{}}{}{}}}}}}{}}{}{}{{{{{{{}}{}}}}}{{{}{{}}}}}}}}{}{}{{{}{{}}{}}}}}}{{}}{}}}{{{}{}}{{}{{{{{{{{}}}{{}{}}{{}{}}}}}}}}}{}}}}}{{}{}{{{}}{}}{{{{}{}}{}}}}}{{}}{}{}{}{}{{{}{}}{}}}}{{}}{{{}{{}{}{}}{}}}}{}{}}}{}}}{{{}}}{}}}}{}{}{{}{}}}}}}{}{{{{}{}}{}{}}{}}{}}}}}}{{{{{}{}}{{}}}}{}}{}{{}}}{}{{}}}{}{}}{}{{}}{{{{{}}}{{{}{{}}{}}{}}{}{{{}{{{}{}}}{}{{}{{}{{{{}}{}{{}{}{{{{}}{}{{{}}{{}{}{}}}{}{{{{}{{{}}{}{}}}{}{}{}}{}{{{{}}}}{}}{{}{{}{}}{}{}}{{}}{}{{{}{}}{}{}{{}{}{}}}}}{}}{}{{{{}}}}}}{{{}}{{}{}{{{}}}}}{}}{}}{{}{{{}}{}{{{}{{{}{{{}}}{{}{}{}{{{}}}{}}{}}{{}{{}}{}}{{}}}{}{}{}}{{}}{{{{{}}}{}{}{{{}}{}{}{}{{}{{}{{{}{}{}{{}{}}}{{{{{}{{}}{{{{{{{}}{{}{}}{{{}{}{}{}{{}{}{{}{}{}}{}{}}}}}}{{{}{}{{}{}{}{{{}{{}}{}{}}{{{{}}}}}{{}}{{}}{{}}}}}{}{}}{{}
1952 3864
819 1952
1128 3864
1952 4985
3639 3864
1094 1952
1307 3864
804 1952
3643 3864
688 1952
2522 3864
1952 3764
2749 3864
411 1952
1851 3864
1952 2941
1459 3864
1952 2826
3864 4037
1452 1952
649 3864
1952 3382
3056 3864
1952 4753
3864 4192
1952 3187
294 3864
1952 4417
2126 3864
1952 4196
1252 3864
809 1952
682 3864
1952 3754
3174 3864
1360 1952
3864 4331
1952 2316
1882 3864
1071 1952
2177 3864
850 1952
2969 3864
1952 3718
2861 3864
1952 4772
2233 3864
788 1952
3864 4972
921 1952
3864 4616
1952 4655
2166 3864
1952 4930
1824 3864
1952 3960
2129 3864
1952 3407
3864 4241
1952 2055
3864 4198
1539 1952
3864 3879
489 1952
847 3864
1952 3287
3864 3929
1952 4477
2732 3864
642 1952
3864 4641
1371 1952
1484 3864
1952 3815
2695 3864
1952 3442
1602 3864
1952 2491
3410 3864
1227 1952
3864 4674
1952 3084
1646 3864
1952 4903
531 3864
1853 1952
1451 3864
1787 1952
3015 3864
1952 2995
1381 3864
1952 4475
3821 3864
1952 3208
633 3864
727 1952
2124 3864
23 1952
3864 4013
1952 4447
2868 3864
1718 1952
3666 3864
1952 4445
528 3864
991 1952
2185 3864
1952 2956
3864 4873
667 1952
1078 3864
1952 4124
3791 3864
1952 4980
3864 4510
1671 1952
2023 3864
1952 2280
45 3864
1952 2798
2175 3864
1421 1952
3864 4181
1952 4825
3342 3864
1952 2787
441 3864
1952 2659
3864 4751
1952 4582
1062 3864
1952 3873
2384 3864
659 1952
2774 3864
1952 2806
452 3864
1952 3543
2626 3864
1952 3032
238 3864
834 1952
1963 3864
1952 2989
3864 3927
1952 3896
3026 3864
1952 4426
3864 4877
1952 3161
3864 4658
952 1952
2742 3864
1952 2660
1037 3864
79 1952
3864 4172
1952 4837
1801 3864
1686 1952
3864 4875
1952 3704
3864 4868
286 1952
1811 3864
1140 1952
630 3864
1952 3325
430 3864
1952 3792
914 3864
1952 2002
3864 4802
989 1952
3864 4986
1845 1952
2451 3864
1952 4334
879 3864
1362 1952
3337 3864
576 1952
198 3864
1952 2686
2987 3864
424 1952
963 3864
1952 3020
3864 4805
1437 1952
2856 3864
1445 1952
204 3864
1952 2149
2809 3864
55 1952
3864 4482
1952 3753
2069 3864
1952 4165
2040 3864
1952 1984
3498 3864
363 1952
3864 4063
1952 2772
3864 3961
1952 3751
1347 3864
1952 3862
1812 3864
1226 1952
3864 4421
1312 1952
3148 3864
1952 3434
3828 3864
1952 2143
3008 3864
1952 2789
201 3864
1952 3766
2930 3864
350 1952
3769 3864
1952 4885
1996 3864
1572 1952
3864 3875
256 1952
3804 3864
1952 3920
3796 3864
1952 2654
2032 3864
1952 4988
1388 3864
12 1952
3864 4740
24 1952
938 3864
1952 3059
2702 3864
1878 1952
1323 3864
1952 4548
2978 3864
1952 2600
1478 3864
1869 1952
2119 3864
1178 1952
3864 4304
1831 1952
2068 3864
102 1952
3077 3864
1952 3919
282 3864
1952 2322
2284 3864
1620 1952
2804 3864
1952 4504
1329 3864
1952 3457
1919 3864
1952 2720
3864 4381
1952 4272
874 3864
705 1952
2477 3864
1952 2955
635 3864
1952 2502
3864 4464
1952 3191
3864 4662
1952 4174
329 3864
1952 4612
1231 3864
1952 2514
1733 3864
1146 1952
3596 3864
1952 2958
2031 3864
1952 2497
791 3864
956 1952
3159 3864
1952 4733
3864 4207
1952 4494
3864 3987
1952 3603
3716 3864
1952 2612
254 3864
491 1952
1355 3864
1952 2718
193 3864
1334 1952
181 3864
1952 4822
3822 3864
1279 1952
276 3864
1952 2975
821 3864
1952 3164
3864 4318
1952 2544
2982 3864
1952 3093
3864 4140
1952 2776
2387 3864
1550 1952
1774 3864
1129 1952
730 3864
1597 1952
3254 3864
1952 2281
902 3864
1843 1952
3162 3864
1952 2757
698 3864
385 1952
2703 3864
736 1952
679 3864
1149 1952
3554 3864
1290 1952
1406 3864
1941 1952
2550 3864
1351 1952
1942 3864
1952 4389
1453 3864
1952 3514
1905 3864
1952 2262
1294 3864
1166 1952
1557 3864
82 1952
319 3864
1952 3462
3096 3864
1952 2992
984 3864
1952 4432
3864 3974
1952 2531
551 3864
1952 4643
1248 3864
1311 1952
1820 3864
947 1952
1281 3864
300 1952
3864 4887
1952 3209
3864 4135
1952 4653
3121 3864
1552 1952
3864 4355
1952 3332
3415 3864
1952 2510
3864 3910
1952 4308
3864 4364
737 1952
196 3864
1952 3212
2011 3864
700 1952
2191 3864
1654 1952
3864 4291
1952 1968
447 3864
1952 1983
3864 3885
1952 2710
3213 3864
1065 1952
3864 4842
1952 3549
2422 3864
1026 1952
2916 3864
1952 3109
423 3864
1952 4156
1604 3864
1952 3112
2648 3864
1952 2029
530 3864
1952 3829
3000 3864
1144 1952
3366 3864
1952 2684
327 3864
1952 2274
3864 4378
1952 2872
1526 3864
894 1952
2610 3864
1101 1952
3803 3864
1952 2172
3567 3864
1892 1952
1895 3864
1952 4360
3606 3864
464 1952
2236 3864
1952 2640
2336 3864
1952 2349
3864 4630
710 1952
3864 4613
1952 3288
3848 3864
1527 1952
3139 3864
1952 2555
1270 3864
1952 3370
1139 3864
1952 3318
775 3864
312 1952
2292 3864
1202 1952
1902 3864
1952 4608
1858 3864
1952 4363
3304 3864
1317 1952
3349 3864
1952 4629
3819 3864
1952 4746
3793 3864
1952 2857
3864 4642
1952 4187
2630 3864
1952 2057
3864 4788
1952 3475
2358 3864
1952 2877
563 3864
1952 4239
3864 4557
1131 1952
1667 3864
1952 3311
1513 3864
1952 3448
3085 3864
1881 1952
2887 3864
1952 2534
3864 4676
1952 3392
2678 3864
771 1952
3694 3864
1952 2231
3525 3864
118 1952
1253 3864
745 1952
253 3864
1952 4735
1577 3864
438 1952
3762 3864
1952 4471
3864 4787
1952 4023
3556 3864
1673 1952
3534 3864
1952 2428
3864 4275
1444 1952
3864 4750
1952 3659
3864 4294
1952 3450
3864 4112
1952 3641
2014 3864
1952 4000
3864 4400
1952 3767
270 3864
1952 3594
129 3864
734 1952
568 3864
1952 2842
2953 3864
1260 1952
3011 3864
1952 2879
3383 3864
1952 3129
557 3864
1670 1952
3432 3864
696 1952
1215 3864
1713 1952
2398 3864
1952 2496
3035 3864
1952 4123
1193 3864
1952 4071
1394 3864
559 1952
3504 3864
1952 4448
3864 4216
1952 3645
3864 4109
1952 2505
827 3864
964 1952
1964 3864
1050 1952
1789 3864
1952 5000
2669 3864
785 1952
743 3864
1952 2911
3864 4966
1952 3025
3864 4901
1052 1952
3211 3864
403 1952
3105 3864
1304 1952
3864 3950
1952 3116
128 3864
1952 4309
3864 4243
1952 2692
3419 3864
1952 3049
676 3864
1627 1952
3697 3864
1952 4306
1606 3864
1952 4678
2707 3864
1952 1989
3497 3864
365 1952
1536 3864
818 1952
3322 3864
1952 3505
3864 4913
1952 3057
3106 3864
978 1952
154 3864
1952 3808
545 3864
1583 1952
810 3864
1952 4129
322 3864
569 1952
1212 3864
1952 2101
3864 4031
1952 4829
2617 3864
1746 1952
3580 3864
1952 3408
2036 3864
1952 2585
941 3864
1115 1952
878 3864
1952 4933
3864 4927
1497 1952
662 3864
1952 2859
1401 3864
1354 1952
3864 4721
207 1952
3028 3864
1952 4675
3670 3864
1952 3188
2832 3864
1952 2213
2644 3864
1952 2411
1506 3864
1952 2265
1303 3864
1856 1952
3864 4435
94 1952
1357 3864
1103 1952
90 3864
1952 4907
2605 3864
477 1952
2156 3864
1952 2756
3381 3864
858 1952
2896 3864
1952 3186
1057 3864
709 1952
1284 3864
1952 4373
2586 3864
1952 2154
3864 4970
1952 3968
554 3864
450 1952
146 3864
1952 3201
2816 3864
1952 3305
2779 3864
1952 3942
467 3864
716 1952
3864 4982
1952 3400
3864 3937
1952 3568
3864 4689
1952 2066
3864 4030
52 1952
631 3864
1952 1974
2906 3864
1952 3387
2312 3864
1841 1952
3864 4203
1952 2808
575 3864
1952 3542
655 3864
875 1952
3673 3864
1952 4466
3864 4020
1952 3745
3039 3864
1049 1952
3864 4127
1952 3303
1641 3864
553 1952
3119 3864
1282 1952
2908 3864
1952 3997
2017 3864
315 1952
1342 3864
1952 4171
244 3864
266 1952
1523 3864
725 1952
3149 3864
1823 1952
3540 3864
1952 4062
2060 3864
1793 1952
3864 4126
1385 1952
205 3864
1952 3345
3081 3864
1952 4010
920 3864
1952 3261
3001 3864
1356 1952
1512 3864
1952 3507
2771 3864
1952 4485
1865 3864
1110 1952
774 3864
1952 2478
457 3864
1952 3417
3441 3864
1952 4984
143 3864
1952 4700
3414 3864
1952 4546
2249 3864
1952 4623
1907 3864
1952 3327
1522 3864
1952 2114
3864 4441
1952 4014
212 3864
1952 1976
2652 3864
1805 1952
3368 3864
1952 3045
3864 3959
1952 4876
2107 3864
358 1952
1581 3864
1352 1952
109 3864
828 1952
3864 4865
492 1952
3510 3864
1125 1952
2050 3864
1952 3675
62 3864
1389 1952
2438 3864
1952 2253
3635 3864
1952 2693
2870 3864
1952 2792
924 3864
1952 2483
3061 3864
732 1952
907 3864
1952 3326
1736 3864
1214 1952
516 3864
1952 4274
3864 4879
1952 2849
3264 3864
1952 4694
3854 3864
1952 4353
3864 4141
1952 3445
2436 3864
1952 4631
768 3864
1952 4096
1467 3864
1952 1966
835 3864
1952 4210
3373 3864
1952 4821
590 3864
1952 2234
2333 3864
1611 1952
3471 3864
763 1952
3289 3864
699 1952
2076 3864
565 1952
149 3864
1838 1952
1399 3864
1834 1952
1692 3864
486 1952
3223 3864
1952 3371
1773 3864
1952 4012
3003 3864
1135 1952
3864 4279
1952 4715
2463 3864
1952 2441
1659 3864
1939 1952
2507 3864
1952 4527
3864 4621
1952 4647
1170 3864
1277 1952
3293 3864
1952 2342
3080 3864
1952 4422
2910 3864
1543 1952
1186 3864
865 1952
567 3864
1952 3721
3864 4095
1952 4036
418 3864
69 1952
261 3864
1952 4747
334 3864
1496 1952
3451 3864
1952 4501
3864 4431
1184 1952
3416 3864
578 1952
3667 3864
1952 2561
2194 3864
1952 4352
83 3864
1952 4981
3864 4001
131 1952
792 3864
1387 1952
2091 3864
1952 4539
3864 4995
1952 3393
3864 4826
1952 2455
2369 3864
1952 3842
1298 3864
1952 4652
3864 4759
1952 4720
1678 3864
1952 4193
504 3864
1952 2713
422 3864
1952 2696
2663 3864
1952 3669
3864 4754
1952 2053
1470 3864
1952 4388
2672 3864
1952 3330
3397 3864
1952 4453
3864 4190
677 1952
1846 3864
1952 2222
75 3864
584 1952
3864 3892
1952 3552
1610 3864
1952 3413
3864 4046
1326 1952
1153 3864
1952 4790
3864 4778
1952 3585
237 3864
1777 1952
3017 3864
1952 3329
731 3864
1952 3838
1509 3864
1520 1952
857 3864
1952 4438
3037 3864
691 1952
3262 3864
1301 1952
3787 3864
1952 4249
2909 3864
1952 3948
1194 3864
1883 1952
1471 3864
1952 2871
3864 4044
856 1952
3864 4147
1952 3163
2459 3864
1952 4108
2132 3864
1952 4278
756 3864
1952 2875
1965 3864
1952 3489
3864 3993
1952 3260
2613 3864
799 1952
3864 4703
1464 1952
3394 3864
1952 2412
1821 3864
1085 1952
2199 3864
1952 3648
2105 3864
1952 3833
658 3864
591 1952
1436 3864
860 1952
224 3864
1442 1952
3633 3864
1952 2466
863 3864
1952 3841
3864 4855
1952 2738
3864 4332
1209 1952
3864 3891
1096 1952
41 3864
1417 1952
106 3864
1847 1952
3864 3967
1952 4057
3597 3864
1952 3723
3864 3926
1952 3153
3864 3898
1220 1952
3864 4376
1952 2030
3864 4002
1952 4377
37 3864
1295 1952
3678 3864
1414 1952
436 3864
1943 1952
1477 3864
1952 2841
3864 4969
1952 4959
1318 3864
1617 1952
1391 3864
1952 2227
332 3864
976 1952
3864 4898
1952 1998
1250 3864
1952 3843
3864 4614
1952 4567
1589 3864
1538 1952
2148 3864
1952 2320
1504 3864
1255 1952
3018 3864
1952 4864
421 3864
1463 1952
2388 3864
671 1952
3864 4912
1912 1952
966 3864
1235 1952
3587 3864
1952 3871
3558 3864
656 1952
3354 3864
1173 1952
1734 3864
1952 4765
3864 4999
243 1952
908 3864
1952 3962
3864 4296
1952 3179
1987 3864
431 1952
3501 3864
277 1952
1199 3864
352 1952
2122 3864
1952 4938
520 3864
1952 2647
3864 3907
1952 3050
1030 3864
689 1952
3864 4534
556 1952
380 3864
1952 2728
2330 3864
1952 4992
3864 4233
1952 2835
2666 3864
536 1952
371 3864
1952 4059
1036 3864
1952 3884
1879 3864
1952 2360
3241 3864
1952 4811
3377 3864
1952 4402
1714 3864
1952 4680
231 3864
1952 2373
304 3864
1952 3433
2137 3864
1952 3047
3864 4632
1952 3719
3864 4889
1952 2712
482 3864
1952 4473
3440 3864
1952 4061
2209 3864
1952 2973
113 3864
1829 1952
3864 4792
1952 4848
2865 3864
1952 4297
318 3864
1952 3538
2513 3864
1952 4968
3864 4682
1952 4508
3864 4497
1952 4884
2676 3864
1870 1952
1472 3864
1952 4162
561 3864
1952 2769
1822 3864
1952 3660
226 3864
1952 3272
2285 3864
1952 4398
264 3864
1952 3575
2615 3864
1952 3205
80 3864
71 1952
161 3864
574 1952
437 3864
302 1952
1651 3864
1952 3966
748 3864
1952 3369
972 3864
1952 4101
2092 3864
1225 1952
3864 4369
1952 3167
60 3864
1952 3696
3835 3864
35 1952
98 3864
1952 3840
3864 4088
1952 4953
2070 3864
381 1952
1340 3864
1952 2206
1168 3864
1259 1952
3533 3864
1952 4730
1622 3864
1952 4277
3864 4244
1952 3714
1707 3864
1952 4795
514 3864
1952 2268
3467 3864
473 1952
296 3864
1952 2704
3537 3864
1487 1952
2305 3864
913 1952
3826 3864
1151 1952
1376 3864
1952 4266
2593 3864
1952 2848
903 3864
1952 3076
1580 3864
946 1952
3357 3864
1952 2960
2898 3864
1089 1952
3864 4368
1495 1952
3864 4635
1059 1952
3265 3864
466 1952
2905 3864
1952 2052
3864 4264
233 1952
3864 3951
1952 4009
906 3864
550 1952
2609 3864
1233 1952
2133 3864
1952 2582
1547 3864
1952 4491
404 3864
1952 3601
2058 3864
586 1952
3458 3864
1952 3550
1524 3864
1521 1952
2171 3864
429 1952
573 3864
1033 1952
222 3864
1952 2135
3864 4459
1952 3674
1566 3864
17 1952
1051 3864
1758 1952
3717 3864
1952 4081
3074 3864
1952 2461
3864 4495
687 1952
3864 4835
1152 1952
3564 3864
1952 3893
1772 3864
509 1952
2429 3864
200 1952
1034 3864
346 1952
3586 3864
1952 4665
993 3864
511 1952
2025 3864
1952 3193
3864 4354
1952 3344
690 3864
1952 2882
3695 3864
812 1952
2304 3864
1952 2356
3864 4619
1952 2345
1723 3864
1952 3249
3740 3864
1952 4114
2979 3864
1952 3165
1420 3864
539 1952
3864 3963
1914 1952
3864 3971
1205 1952
320 3864
1952 2840
632 3864
123 1952
3437 3864
1293 1952
2357 3864
1952 4206
3569 3864
1952 4937
3652 3864
1952 4590
417 3864
1952 2801
505 3864
936 1952
2224 3864
1952 3425
3864 4098
1952 2869
1691 3864
1952 2563
3864 4175
1952 2788
306 3864
1704 1952
3864 4300
100 1952
1058 3864
1952 4847
3128 3864
1798 1952
3864 4038
1608 1952
2404 3864
654 1952
1105 3864
1952 4697
2145 3864
1952 3877
2765 3864
393 1952
2460 3864
1952 3955
3864 4601
1952 3469
2241 3864
1952 4977
3864 4569
1952 4311
1656 3864
1952 3620
3094 3864
1952 4283
239 3864
1952 4881
1271 3864
517 1952
2874 3864
1952 3739
3864 4077
1952 3528
2476 3864
1015 1952
2395 3864
383 1952
117 3864
1450 1952
3490 3864
521 1952
2008 3864
862 1952
2802 3864
1952 3899
3864 4931
1952 2396
1825 3864
1862 1952
1461 3864
1952 2237
3864 3916
990 1952
1002 3864
1952 3672
3864 4255
1952 4018
741 3864
1952 2867
3358 3864
1784 1952
3864 4789
151 1952
3864 4906
1363 1952
3864 4150
1952 2885
3845 3864
1465 1952
626 3864
1952 2001
3197 3864
1949 1952
3864 4552
1952 4391
3864 4880
1952 3247
1986 3864
1952 2389
2625 3864
1285 1952
750 3864
1952 3173
197 3864
1952 4079
295 3864
1727 1952
2425 3864
1952 3390
1567 3864
1952 2103
3418 3864
1601 1952
3452 3864
1952 2235
3820 3864
1952 3251
3864 3914
471 1952
3615 3864
1192 1952
2007 3864
1952 4223
3809 3864
1952 2278
1267 3864
1952 4195
3864 4934
1952 4341
558 3864
56 1952
663 3864
1599 1952
3864 4714
1392 1952
3864 4327
1637 1952
284 3864
718 1952
30 3864
1082 1952
461 3864
382 1952
2603 3864
824 1952
3864 4538
401 1952
1443 3864
1952 2836
1833 3864
1022 1952
3864 3866
1952 2601
1937 3864
1952 4419
3864 4212
1952 2257
1141 3864
1952 2331
3864 4168
1952 4667
251 3864
1952 4870
3430 3864
1848 1952
2390 3864
1952 4799
3600 3864
1952 2150
3864 3882
1952 2894
2470 3864
1951 1952
3279 3864
830 1952
1483 3864
784 1952
475 3864
1952 2501
3864 4905
1952 4242
3864 4577
1548 1952
3864 4371
1952 2324
2929 3864
1952 4824
3864 4440
1952 2564
2113 3864
1952 2162
2825 3864
1952 2071
982 3864
782 1952
1299 3864
1952 3890
1558 3864
1952 2487
615 3864
1952 4183
195 3864
1428 1952
2073 3864
728 1952
3518 3864
969 1952
1619 3864
1952 1961
3864 4597
1952 4523
506 3864
1952 2966
1662 3864
1735 1952
873 3864
1952 2275
1631 3864
1952 2359
3864 4267
250 1952
3864 4058
1614 1952
2186 3864
1952 2397
1770 3864
1952 3749
3864 4547
1952 4745
2656 3864
1952 2539
889 3864
1638 1952
3864 4302
1952 2201
3227 3864
1887 1952
1455 3864
1952 2022
366 3864
1952 4093
1145 3864
831 1952
3864 4446
376 1952
3864 4186
1011 1952
6 3864
1952 3676
3151 3864
8 1952
702 3864
428 1952
177 3864
1952 3588
1525 3864
1133 1952
3797 3864
1952 2269
1786 3864
1952 3912
2994 3864
1952 3591
2225 3864
1952 3709
1024 3864
459 1952
3864 4776
1952 2689
1419 3864
1952 4932
1143 3864
1952 3513
364 3864
614 1952
762 3864
1952 3975
3664 3864
1952 3812
932 3864
1952 3730
66 3864
905 1952
1211 3864
544 1952
1978 3864
1952 4110
442 3864
1952 4502
3864 3917
1952 2520
3864 4370
1952 4330
3864 4683
1952 2399
3864 4231
1952 2335
669 3864
942 1952
3864 4403
538 1952
3864 4584
1952 3072
2456 3864
1952 2532
1551 3864
837 1952
628 3864
1952 3900
3864 4176
1499 1952
940 3864
1952 2216
2758 3864
1952 3351
1104 3864
1952 3825
217 3864
1952 3954
3075 3864
1952 2705
2074 3864
1952 3584
2616 3864
1634 1952
3324 3864
1952 2123
3864 4532
1952 2925
3864 4793
1817 1952
46 3864
1835 1952
3864 4656
1952 2594
2350 3864
1952 2621
1046 3864
1952 4408
1930 3864
1952 3665
1309 3864
1208 1952
3864 4094
1952 2767
3847 3864
99 1952
3226 3864
1952 2596
3654 3864
1952 3090
3110 3864
74 1952
290 3864
1952 2618
3864 4118
1952 3202
3115 3864
1952 3646
2402 3864
344 1952
582 3864
1952 3604
2255 3864
432 1952
1310 3864
1952 3150
2725 3864
1952 3274
3487 3864
1693 1952
2657 3864
1952 3508
3421 3864
1952 2090
605 3864
148 1952
3864 4298
1952 4914
3864 4888
1952 4515
3435 3864
1952 3300
267 3864
439 1952
2542 3864
1952 2540
257 3864
1952 4618
3864 4029
121 1952
3864 4706
1952 3775
1570 3864
1952 4743
1092 3864
634 1952
2778 3864
1952 4763
3679 3864
1952 2843
3864 4571
1952 1973
3864 4221
1952 3861
3864 4605
1952 3574
577 3864
1952 2250
1944 3864
1952 3800
3864 4067
1952 3928
1380 3864
1952 3952
3118 3864
1952 2733
1042 3864
368 1952
3864 4978
1952 2315
326 3864
796 1952
3024 3864
1668 1952
717 3864
639 1952
3338 3864
1952 2013
214 3864
1765 1952
3864 3986
1366 1952
2934 3864
1530 1952
1562 3864
1814 1952
1244 3864
1952 2226
2493 3864
1952 4285
3864 4797
1952 2086
3864 4943
1952 3576
3864 4813
1952 2691
3864 4628
303 1952
2949 3864
1952 3724
1628 3864
1952 4397
3864 3895
1952 2467
1554 3864
848 1952
2568 3864
1952 2220
1074 3864
1952 3389
3864 4594
1658 1952
292 3864
1952 2420
800 3864
1952 4731
3095 3864
1952 2102
134 3864
1952 3765
1657 3864
1952 2581
3404 3864
1952 4516
2081 3864
1952 4164
1990 3864
1952 3481
1060 3864
1675 1952
3864 4800
1867 1952
3658 3864
1592 1952
2433 3864
1752 1952
2541 3864
1952 4598
1325 3864
425 1952
2878 3864
1952 2219
3864 4144
1126 1952
1491 3864
97 1952
1563 3864
1952 4940
933 3864
888 1952
3779 3864
1272 1952
3852 3864
1056 1952
3864 4039
1952 2297
1663 3864
1952 2192
399 3864
1952 2722
3864 4245
1952 4639
3531 3864
1952 3438
465 3864
1952 4159
2043 3864
1952 2864
3864 4522
1952 4380
3864 4583
1952 3711
2401 3864
1596 1952
2993 3864
1952 4860
3864 4585
1952 2847
3864 4896
1952 3935
194 3864
1952 4857
1117 3864
1952 2258
3864 4314
280 1952
1473 3864
1952 4154
185 3864
63 1952
2045 3864
1952 4337
1054 3864
1010 1952
3864 4443
1254 1952
3864 4017
335 1952
854 3864
1806 1952
3230 3864
124 1952
3713 3864
210 1952
3864 4099
1492 1952
3729 3864
1952 4387
1458 3864
570 1952
3250 3864
820 1952
3203 3864
487 1952
2933 3864
1025 1952
1766 3864
864 1952
2988 3864
147 1952
2317 3864
1952 2354
3237 3864
1888 1952
3101 3864
1952 2245
3864 4886
1952 3807
3734 3864
1952 2796
3864 4259
1262 1952
3864 4148
1952 2951
2633 3864
1952 1972
2207 3864
1952 2195
3864 4202
1091 1952
3864 4362
410 1952
3864 4604
967 1952
3864 4153
599 1952
1014 3864
1952 3771
1871 3864
1480 1952
1931 3864
1952 4052
1067 3864
1952 3126
2415 3864
336 1952
133 3864
462 1952
3218 3864
1952 2638
2942 3864
1952 3398
3539 3864
1275 1952
3864 4230
1724 1952
3278 3864
1952 4280
339 3864
1952 3888
104 3864
1952 4184
1425 3864
1952 3204
3864 4863
910 1952
273 3864
1767 1952
2238 3864
1747 1952
2054 3864
1479 1952
3689 3864
1952 4558
3725 3864
1349 1952
1605 3864
1952 2082
3864 4405
1952 2706
957 3864
1952 3712
3864 4983
1018 1952
1709 3864
1598 1952
168 3864
1952 2822
2063 3864
923 1952
868 3864
1952 3777
3864 4260
405 1952
2346 3864
191 1952
898 3864
440 1952
184 3864
1952 3238
797 3864
1952 2187
3864 4640
370 1952
3631 3864
1952 2614
1699 3864
1952 4492
1804 3864
1952 4257
59 3864
1947 1952
420 3864
1952 2768
1218 3864
1952 2623
269 3864
1952 4925
1644 3864
832 1952
979 3864
163 1952
103 3864
751 1952
111 3864
1952 3621
2200 3864
1952 3613
2959 3864
1475 1952
1529 3864
1952 4722
3864 4588
912 1952
3746 3864
470 1952
216 3864
1952 2051
3864 4080
1952 3973
1000 3864
1112 1952
225 3864
1952 3763
3864 3988
1952 2409
1574 3864
1952 2650
726 3864
1952 3995
3864 4315
1542 1952
1269 3864
1952 4293
172 3864
1861 1952
3864 4560
1952 3484
746 3864
1952 3969
1448 3864
1952 3872
3864 4307
1952 4316
3864 3982
1952 3134
355 3864
637 1952
3864 4734
48 1952
1134 3864
1061 1952
2645 3864
1952 4832
3395 3864
1952 4040
3054 3864
1952 4392
3171 3864
1952 2735
760 3864
1952 3266
2591 3864
1952 4644
3864 4151
1952 4554
3690 3864
54 1952
2838 3864
1952 3610
2434 3864
1952 4340
3570 3864
643 1952
2339 3864
1952 3850
653 3864
1757 1952
3864 4517
359 1952
3005 3864
34 1952
529 3864
1206 1952
3363 3864
1952 3270
2272 3864
1952 2372
3864 4564
1952 3295
1584 3864
1952 3424
3455 3864
1916 1952
3864 4410
342 1952
3794 3864
1952 3921
1649 3864
173 1952
3864 4246
1079 1952
394 3864
1952 4771
3276 3864
1952 2112
230 3864
1952 2005
3864 4214
1753 1952
508 3864
1778 1952
3864 4415
1952 3156
1017 3864
1069 1952
125 3864
1076 1952
3864 4106
1952 3464
2545 3864
1441 1952
2892 3864
1927 1952
3463 3864
1952 3502
1640 3864
1952 4213
1555 3864
1952 4951
3864 4839
1952 2781
2998 3864
949 1952
3127 3864
597 1952
2240 3864
622 1952
822 3864
1952 4545
2295 3864
1952 2950
3611 3864
122 1952
829 3864
1952 4976
2151 3864
1952 2170
1687 3864
522 1952
3144 3864
664 1952
3864 4854
684 1952
1915 3864
783 1952
694 3864
1952 4252
1726 3864
1759 1952
2523 3864
1952 3918
3864 3865
1952 2343
1147 3864
1952 2286
3864 4428
1952 4513
274 3864
1359 1952
2536 3864
1952 4289
2088 3864
1132 1952
2655 3864
1690 1952
1029 3864
981 1952
625 3864
1952 4200
2891 3864
1952 3846
1201 3864
1952 2803
2876 3864
1952 2572
265 3864
1073 1952
3516 3864
1952 1995
2565 3864
1952 2999
1975 3864
1043 1952
3117 3864
1952 3801
3864 4199
1576 1952
651 3864
32 1952
1647 3864
38 1952
3864 4462
1952 4218
18 3864
1952 2508
3582 3864
1952 3372
77 3864
1157 1952
3459 3864
1339 1952
3622 3864
415 1952
781 3864
1952 3683
3700 3864
1952 4345
1730 3864
1952 4531
581 3864
1308 1952
1449 3864
1952 4119
2282 3864
1952 3894
1648 3864
1505 1952
1967 3864
1952 2556
3864 4270
1952 2202
271 3864
1952 2380
2239 3864
1952 3302
3864 4457
1952 2189
2700 3864
1952 2952
1795 3864
1952 4967
789 3864
1952 2945
3864 4498
944 1952
3086 3864
1952 3067
611 3864
1952 2465
2176 3864
1382 1952
3864 4716
1952 2248
638 3864
1952 3002
3864 3925
1952 4786
3864 4668
1952 2083
178 3864
1945 1952
3864 4926
76 1952
3864 4724
1952 2263
3864 4987
1952 2697
3864 3904
1952 3449
2740 3864
1952 3494
3523 3864
1038 1952
808 3864
1952 4580
3365 3864
1952 2161
3864 4945
885 1952
909 3864
1395 1952
3864 4263
1952 4189
1439 3864
670 1952
3864 4742
1952 4923
2851 3864
552 1952
540 3864
1952 3520
3864 4634
1077 1952
510 3864
1156 1952
502 3864
1952 2558
3461 3864
1952 2766
174 3864
1350 1952
3210 3864
1952 3831
3864 4958
1952 4589
1273 3864
916 1952
3182 3864
519 1952
1661 3864
1952 4425
3864 4224
1952 2492
1087 3864
1952 2416
139 3864
130 1952
2077 3864
1952 4048
1894 3864
1952 3599
1591 3864
1952 3485
3864 4770
1952 3836
1196 3864
1952 2701
3834 3864
1952 4395
2736 3864
1952 3316
2370 3864
620 1952
2168 3864
1952 3958
3263 3864
1952 3446
1708 3864
1952 4092
1980 3864
1952 4595
852 3864
1098 1952
1783 3864
1120 1952
3027 3864
1952 2480
1296 3864
1952 2111
3864 4838
1952 1981
747 3864
1952 3396
867 3864
1952 2862
3634 3864
1952 2631
2551 3864
1952 3402
3864 4541
1952 3702
3864 4149
166 1952
547 3864
1952 1979
1712 3864
1952 2800
3336 3864
1952 3353
1535 3864
1952 4549
1546 3864
1952 4211
3252 3864
1952 3113
1683 3864
1952 2218
707 3864
930 1952
1680 3864
1158 1952
2300 3864
1850 1952
2400 3864
1952 2283
3864 4749
1952 4704
1161 3864
1952 2256
3811 3864
1952 4762
3708 3864
1952 3482
2353 3864
1952 2313
3331 3864
1952 2889
498 3864
1221 1952
3772 3864
1952 3062
1457 3864
1952 2289
3726 3864
1952 2084
2529 3864
1314 1952
767 3864
706 1952
3864 4861
1138 1952
3864 4163
1908 1952
3317 3864
119 1952
3864 4843
1952 4025
1247 3864
1952 2683
3183 3864
1952 3655
3506 3864
1952 2984
3864 4599
1537 1952
1430 3864
1952 3579
3864 4869
1952 2223
2450 3864
1952 4286
2791 3864
845 1952
648 3864
1952 3040
1019 3864
1952 2301
2288 3864
1952 4818
1763 3864
1952 4537
2098 3864
1952 2033
896 3864
1261 1952
3864 4707
1952 4496
3092 3864
1952 4727
3079 3864
1952 2526
3864 4659
1222 1952
2919 3864
1952 2535
3728 3864
1952 4918
223 3864
252 1952
2737 3864
1114 1952
2928 3864
1952 2753
3519 3864
1952 2932
2524 3864
1952 4383
1612 3864
249 1952
1650 3864
1952 1954
2344 3864
1952 3385
229 3864
666 1952
3559 3864
987 1952
3864 4472
187 1952
2606 3864
1952 3616
866 3864
1952 4705
3864 4947
1486 1952
1756 3864
1952 2125
2385 3864
1952 2915
1750 3864
773 1952
3321 3864
1739 1952
2884 3864
1952 3722
1229 3864
42 1952
3864 4627
1040 1952
2099 3864
1952 3362
1781 3864
412 1952
2977 3864
1952 3732
3864 4713
1952 2498
3864 4173
1582 1952
787 3864
1952 2844
3190 3864
1952 2424
1164 3864
1952 3013
2674 3864
1590 1952
2677 3864
1952 4708
3422 3864
1952 4562
3864 4511
1952 3196
3058 3864
1952 1999
3426 3864
1952 4328
3864 4100
1952 3902
3864 4131
1183 1952
3839 3864
1171 1952
1097 3864
580 1952
2559 3864
1952 4670
3737 3864
1952 2294
1832 3864
1952 2632
3864 4087
324 1952
1367 3864
367 1952
3864 4414
953 1952
2968 3864
1093 1952
2454 3864
859 1952
3682 3864
1952 4699
3561 3864
1952 3412
1348 3864
1952 3560
3629 3864
1952 3662
3864 4053
733 1952
3053 3864
1952 4390
3031 3864
1800 1952
3864 4282
1952 4385
2407 3864
1952 4411
595 3864
1952 4738
2557 3864
1952 4796
3864 3881
1885 1952
2598 3864
1163 1952
3864 4804
1123 1952
3423 3864
724 1952
2827 3864
1952 4801
27 3864
1213 1952
2653 3864
686 1952
349 3864
719 1952
3296 3864
998 1952
1956 3864
1952 4530
3180 3864
843 1952
1353 3864
1952 2517
3864 4021
1849 1952
2991 3864
1468 1952
3798 3864
1952 4273
1745 3864
164 1952
3864 4437
1952 2711
1198 3864
1952 4948
2629 3864
1952 4994
1481 3864
1175 1952
3864 4157
1952 4840
901 3864
1952 2637
291 3864
735 1952
2394 3864
1268 1952
3864 4833
1952 4468
3864 4726
1684 1952
1111 3864
1952 2427
2543 3864
1952 2546
2829 3864
1952 2739
2089 3864
1952 3909
3864 4120
1952 3624
67 3864
1952 4235
3780 3864
1952 4996
3864 4350
1952 3619
617 3864
1952 2553
3176 3864
167 1952
3864 4701
1952 3572
3864 4043
1952 2537
3864 4911
665 1952
3124 3864
260 1952
2421 3864
1952 3668
1541 3864
1740 1952
2093 3864
754 1952
537 3864
1952 2181
1402 3864
566 1952
766 3864
1409 1952
2819 3864
1240 1952
2972 3864
897 1952
3068 3864
1528 1952
3864 4576
1815 1952
1045 3864
1952 2807
3864 4892
1952 2365
3864 4781
624 1952
1997 3864
1952 3244
3864 4591
460 1952
2444 3864
1423 1952
3864 3932
1952 3044
2620 3864
1952 3759
3864 4394
1952 4105
1857 3864
480 1952
2184 3864
1952 3628
931 3864
1952 4033
3864 4936
1952 2731
1731 3864
1427 1952
1319 3864
1952 2452
2679 3864
1952 2729
1950 3864
1952 4179
3320 3864
1952 4132
1672 3864
1952 3949
2751 3864
494 1952
1167 3864
1952 3335
3864 4382
1952 4626
3864 4638
1952 3636
3864 4194
1952 4430
3033 3864
1952 3699
3864 4474
1952 2845
1782 3864
1952 2667
1761 3864
1952 4066
1476 3864
1952 4136
1935 3864
1842 1952
541 3864
309 1952
1893 3864
1952 3789
2471 3864
1952 3856
3864 4512
1952 4476
175 3864
1952 2499
3170 3864
1952 2592
1864 3864
1952 4725
3864 4143
314 1952
3864 4142
1116 1952
3864 4317
753 1952
1701 3864
1952 3979
137 3864
1952 3107
2096 3864
1191 1952
182 3864
1415 1952
525 3864
1952 2744
2786 3864
361 1952
661 3864
14 1952
3864 4519
1952 3663
3864 4015
1952 4344
2403 3864
1952 2193
1027 3864
1952 3747
3778 3864
1952 3169
588 3864
1188 1952
3864 4509
1952 2130
3864 4152
887 1952
1962 3864
1004 1952
3776 3864
1952 2306
3864 4433
1952 3931
2318 3864
1952 4434
2299 3864
823 1952
2298 3864
1952 4673
2270 3864
1952 2462
2624 3864
1952 3207
3864 4107
1952 3551
3283 3864
1595 1952
1639 3864
1952 3553
2075 3864
1952 4074
150 3864
1952 2303
3864 4922
1952 2469
3864 4607
1952 2254
3864 4761
1952 2963
86 3864
1952 4526
3496 3864
1952 4250
899 3864
882 1952
3768 3864
1532 1952
3102 3864
596 1952
2547 3864
1952 2408
3640 3864
826 1952
3864 3897
1510 1952
61 3864
1629 1952
1623 3864
1952 3483
120 3864
623 1952
3864 4416
1952 3355
721 3864
1952 1971
3864 3996
1952 2446
1328 3864
1666 1952
1190 3864
1952 3083
922 3864
601 1952
2037 3864
1952 4894
3130 3864
1952 2426
3864 4871
1952 3453
343 3864
1952 2690
1994 3864
1288 1952
895 3864
794 1952
1556 3864
1952 3019
179 3864
1952 4323
2251 3864
170 1952
2386 3864
1952 3583
2468 3864
1625 1952
958 3864
985 1952
3052 3864
668 1952
1203 3864
1257 1952
2038 3864
1952 4290
3784 3864
1952 4338
3864 4073
1952 4942
3864 4777
1952 4555
3478 3864
1952 2665
1743 3864
793 1952
715 3864
693 1952
3030 3864
1952 3038
3864 4439
458 1952
3864 4122
1952 2839
1100 3864
1952 4883
3864 4217
1952 3830
1263 3864
1952 2755
1803 3864
1489 1952
1039 3864
1952 3444
1621 3864
1952 2065
3864 4225
1952 4540
3023 3864
469 1952
2917 3864
501 1952
3022 3864
1952 4049
3286 3864
136 1952
3120 3864
1517 1952
2895 3864
1952 2276
3692 3864
1837 1952
752 3864
1952 2783
1291 3864
1952 4586
1169 3864
1952 2946
3864 4603
1952 2355
2521 3864
1952 3609
2575 3864
1952 2419
2726 3864
474 1952
2049 3864
1952 2308
3177 3864
419 1952
2163 3864
50 1952
3864 3933
1952 4351
3065 3864
1952 3231
711 3864
4 1952
3064 3864
723 1952
1440 3864
672 1952
713 3864
1952 4076
1790 3864
1809 1952
3864 4467
1952 3701
3864 4817
1952 3757
593 3864
1952 2734
2671 3864
1952 3930
2178 3864
851 1952
2611 3864
1952 3378
3837 3864
1952 2064
472 3864
937 1952
2110 3864
1952 3029
3864 4507
1702 1952
3864 4550
1952 4768
1828 3864
1952 4709
490 3864
1616 1952
316 3864
1952 3598
3222 3864
1490 1952
2661 3864
1952 4359
3864 3999
1569 1952
3557 3864
1952 3340
3785 3864
1952 4103
2957 3864
1952 4035
3864 4960
1952 4265
1500 3864
1818 1952
1121 3864
1952 2627
1911 3864
1952 3122
463 3864
1952 4469
1266 3864
1952 3334
171 3864
1952 2764
3341 3864
1682 1952
841 3864
515 1952
2044 3864
1182 1952
948 3864
1952 2164
3864 4739
1952 3755
2824 3864
929 1952
378 3864
861 1952
1488 3864
242 1952
3864 4719
202 1952
1503 3864
1711 1952
2903 3864
1952 2777
1904 3864
1952 3245
997 3864
1952 2310
325 3864
283 1952
1412 3864
1952 3069
3864 3994
1791 1952
1016 3864
1952 3243
1635 3864
1952 2457
3864 4075
1571 1952
2936 3864
1952 3046
3864 4134
1952 4051
3864 4253
1952 2818
2562 3864
1952 4812
3864 3924
1952 4649
2997 3864
1681 1952
3864 4620
1952 2607
3864 3945
1952 2368
481 3864
1952 2608
279 3864
994 1952
3315 3864
1952 4372
2087 3864
1952 4609
640 3864
1952 2174
2503 3864
1549 1952
3864 4712
1952 2362
2003 3864
1952 4138
387 3864
917 1952
3581 3864
1952 4084
2374 3864
1952 3876
636 3864
1952 2709
3310 3864
1952 3470
3864 4365
255 1952
2528 3864
278 1952
1386 3864
1952 1958
3710 3864
950 1952
3864 4500
1952 2167
1679 3864
445 1952
1172 3864
1952 2475
2880 3864
795 1952
641 3864
1952 3234
3103 3864
526 1952
2996 3864
1952 3066
3864 4831
1952 2639
3864 4645
1952 4809
2246 3864
1952 2432
1099 3864
1952 2579
2440 3864
1148 1952
208 3864
1316 1952
3864 4633
1952 4780
2971 3864
1952 3009
2622 3864
1179 1952
3411 3864
1952 3691
245 3864
1952 2961
2670 3864
1952 3889
3864 4488
1952 2197
3864 4845
1926 1952
1162 3864
1952 3146
3864 4060
1928 1952
3864 4852
1952 2334
3082 3864
1952 4997
3864 4406
1952 4991
132 3864
1952 4454
1660 3864
1952 4561
3284 3864
1952 2046
2573 3864
1952 3135
1553 3864
995 1952
3864 3964
1155 1952
2681 3864
1952 2577
2854 3864
114 1952
3071 3864
1952 4322
3258 3864
1952 3111
28 3864
15 1952
1728 3864
499 1952
1246 3864
1952 2131
49 3864
1952 3388
3350 3864
1072 1952
2793 3864
1717 1952
3864 4339
1416 1952
2855 3864
1952 2935
3864 4611
1174 1952
3864 4661
287 1952
2780 3864
1013 1952
3864 4070
1952 4393
3277 3864
1952 2920
572 3864
1952 4487
2413 3864
1952 3375
1008 3864
1952 3806
3637 3864
1952 2327
2279 3864
1952 2118
3547 3864
1952 2182
1924 3864
1952 3878
2795 3864
1127 1952
3630 3864
1952 2406
1720 3864
1189 1952
1560 3864
1952 4086
390 3864
1952 3319
1278 3864
1404 1952
3499 3864
1922 1952
2442 3864
1952 2649
3864 4204
1952 4543
3595 3864
646 1952
2518 3864
1952 4596
2266 3864
1952 2264
560 3864
1952 4858
1808 3864
1952 2484
3100 3864
1952 3818
2515 3864
1799 1952
348 3864
1952 4170
587 3864
1493 1952
546 3864
1952 4386
3034 3864
1952 3021
1474 3864
1760 1952
3367 3864
1280 1952
720 3864
1952 1988
3429 3864
1223 1952
2587 3864
1952 4054
1860 3864
1952 3795
1435 3864
1952 3042
934 3864
1086 1952
2782 3864
1952 3386
2332 3864
988 1952
2668 3864
1952 2814
2061 3864
1207 1952
759 3864
1531 1952
3864 4236
1952 2006
1370 3864
1265 1952
3273 3864
1137 1952
2646 3864
1344 1952
2393 3864
1952 4836
3132 3864
308 1952
2913 3864
1952 3298
1433 3864
1952 2685
3864 4820
1952 4718
388 3864
1952 2173
3864 4692
1952 4396
372 3864
1827 1952
3864 4737
1952 4764
3356 3864
112 1952
3864 4723
1159 1952
3864 4418
1952 2097
3530 3864
1952 3192
483 3864
1952 4690
1063 3864
1952 3466
970 3864
1952 4003
2881 3864
1952 4736
507 3864
1840 1952
3864 3901
1952 2962
2328 3864
524 1952
2212 3864
1952 4111
1741 3864
1952 3625
3864 3922
1952 2907
1064 3864
1952 2752
3060 3864
1952 2261
1891 3864
534 1952
3864 4167
1952 3867
2352 3864
918 1952
484 3864
1952 3934
78 3864
1952 2062
3750 3864
1952 4125
2981 3864
1952 3941
3864 4413
1952 4326
1689 3864
1952 4261
503 3864
618 1952
842 3864
1460 1952
2244 3864
1952 4520
943 3864
1917 1952
357 3864
1952 2937
1792 3864
1200 1952
2120 3864
1952 3977
703 3864
1952 2363
2169 3864
1952 2578
3864 4346
1952 2019
1109 3864
1952 2902
3864 4041
1952 3940
3727 3864
1952 3048
1645 3864
1952 2366
999 3864
1952 2762
1779 3864
1952 4841
2277 3864
1719 1952
3864 4146
977 1952
2140 3864
1241 1952
3181 3864
1952 3359
2571 3864
95 1952
3864 4572
1952 3814
3477 3864
1302 1952
68 3864
1952 4939
1533 3864
183 1952
3864 4050
893 1952
1674 3864
1952 4423
3166 3864
263 1952
3864 4045
1952 2990
360 3864
1315 1952
3782 3864
1952 2067
1335 3864
1921 1952
281 3864
1952 2604
2500 3864
1952 4312
3864 3870
246 1952
2750 3864
1952 2489
1150 3864
1952 4677
3864 4356
1365 1952
2221 3864
1952 4814
3864 4964
44 1952
3091 3864
485 1952
500 3864
1952 2035
3301 3864
757 1952
1776 3864
1952 3339
3864 4335
1676 1952
3864 4650
512 1952
704 3864
1952 4115
1068 3864
1613 1952
3541 3864
915 1952
1607 3864
240 1952
2759 3864
1952 2599
3864 4654
1952 4624
3864 4358
1952 4458
1609 3864
1952 4702
1855 3864
1952 2918
1411 3864
1952 2379
3864 4791
811 1952
3864 4185
1952 3401
1447 3864
1952 2570
3431 3864
803 1952
1494 3864
1952 2152
3527 3864
1952 3479
1333 3864
1952 3138
3566 3864
1952 3145
297 3864
1952 4480
3688 3864
849 1952
3864 4672
1952 2931
3503 3864
389 1952
2287 3864
1095 1952
3016 3864
1952 3063
3195 3864
1694 1952
3677 3864
1952 2512
31 3864
1289 1952
2309 3864
1952 4499
3443 3864
1952 4461
3788 3864
1952 3817
3864 4407
1952 3488
3783 3864
1952 4685
3864 4897
1336 1952
1866 3864
1952 2643
3864 4247
1952 3989
1991 3864
1952 2109
3864 4082
1952 3824
3859 3864
1738 1952
2188 3864
1952 4166
3864 4460
1952 4034
1854 3864
1952 4479
2694 3864
1952 3055
3864 4566
1721 1952
1393 3864
1952 4928
3535 3864
1952 4581
3864 4455
1952 4319
493 3864
19 1952
805 3864
1113 1952
301 3864
1952 4752
3864 4525
1952 1985
426 3864
1952 4232
3240 3864
1952 2302
3864 4663
160 1952
1826 3864
1952 4113
3864 4201
1952 2034
606 3864
1952 4573
2730 3864
1239 1952
1890 3864
1952 2217
1044 3864
814 1952
1737 3864
1952 2134
971 3864
1952 4042
3864 4646
598 1952
2347 3864
1952 4449
3299 3864
1952 4769
738 3864
1797 1952
3864 4952
1897 1952
3864 4684
1952 4602
2967 3864
1952 2026
2203 3864
1952 2938
3864 4006
1952 2583
400 3864
1952 4269
2016 3864
1952 4026
91 3864
1432 1952
2027 3864
1952 2664
1703 3864
1055 1952
2985 3864
1952 4032
3544 3864
1952 2828
629 3864
1952 2723
2883 3864
1952 4139
3864 4741
1007 1952
1819 3864
583 1952
959 3864
127 1952
3864 4679
607 1952
3864 4085
1952 2232
2651 3864
1952 3439
3864 4866
1952 2549
3864 4478
1952 4891
341 3864
1952 2552
2326 3864
1952 4574
883 3864
1952 2923
444 3864
1952 1982
1245 3864
1952 2485
2525 3864
627 1952
1337 3864
1952 2506
3864 4401
1952 4975
881 3864
1952 3855
3864 4961
453 1952
2619 3864
1952 2482
1534 3864
1952 3823
3864 4625
1952 4687
3864 4578
1952 3644
228 3864
1952 3752
1813 3864
884 1952
1886 3864
1952 3233
3864 4299
190 1952
3864 4929
1952 3781
3864 3886
1952 4161
3684 3864
1952 3923
3653 3864
1952 3314
2165 3864
188 1952
3864 4757
108 1952
3306 3864
1952 2494
3524 3864
374 1952
3864 4484
1952 3140
3536 3864
169 1952
1918 3864
1952 1993
817 3864
221 1952
3864 4205
1952 4409
299 3864
1338 1952
2004 3864
1952 1970
3864 4827
1952 4916
3864 4078
1952 3509
1594 3864
673 1952
3612 3864
1952 2813
2296 3864
2 1952
2367 3864
513 1952
3403 3864
900 1952
3657 3864
1243 1952
3087 3864
1952 3649
838 3864
954 1952
3864 4158
1952 4325
144 3864
1001 1952
3864 4728
1343 1952
3761 3864
772 1952
602 3864
189 1952
3360 3864
1729 1952
3864 3990
1952 4268
2519 3864
145 1952
1012 3864
1952 3998
2329 3864
1952 3883
3236 3864
1952 2588
3864 4784
1952 2662
1923 3864
1952 3160
2439 3864
377 1952
2717 3864
1187 1952
3864 4622
1952 2504
2860 3864
1952 3770
1836 3864
1952 4137
3864 4533
1373 1952
2021 3864
479 1952
3864 4056
1952 2970
2943 3864
1197 1952
3632 3864
1952 3515
3864 4024
1952 3297
3562 3864
1952 2716
3206 3864
1952 4636
968 3864
1952 4180
1688 3864
1952 3219
3864 4917
1952 4556
446 3864
219 1952
3864 4587
1952 4348
1507 3864
1952 2405
1685 3864
407 1952
2948 3864
1952 3642
3799 3864
1952 4506
2009 3864
1952 4489
3271 3864
96 1952
2714 3864
1952 4145
3492 3864
1952 4287
777 3864
1952 4379
1519 3864
1258 1952
1725 3864
1952 2852
1748 3864
1952 3406
3004 3864
1952 2554
3864 3911
1070 1952
3158 3864
259 1952
211 3864
1292 1952
3805 3864
305 1952
3864 4019
815 1952
110 3864
1952 3965
3864 4657
1771 1952
268 3864
1952 2418
73 3864
455 1952
571 3864
1952 3938
1469 3864
1952 2047
3229 3864
1868 1952
3267 3864
1952 3217
3864 4367
1410 1952
2490 3864
1952 4258
3864 4698
1952 1959
2180 3864
1952 3627
2527 3864
1952 4874
3715 3864
1938 1952
1407 3864
1952 2548
2770 3864
1952 3774
3864 4215
1952 2348
2964 3864
1952 4016
3268 3864
1952 2153
81 3864
1952 4442
234 3864
1884 1952
798 3864
162 1952
740 3864
1952 4853
375 3864
65 1952
3114 3864
5 1952
3864 3980
1952 4965
2944 3864
1185 1952
3864 4456
1454 1952
1578 3864
1952 3098
939 3864
1952 4490
3864 4957
1952 4004
1413 3864
1324 1952
3347 3864
1952 4324
3864 4600
1952 4178
2378 3864
1788 1952
3864 4882
1952 3858
2823 3864
1952 3573
3864 4493
1053 1952
3605 3864
1952 4815
3864 4301
1119 1952
3010 3864
1952 2817
3864 4333
1952 2139
3731 3864
1952 2100
2078 3864
613 1952
532 3864
692 1952
973 3864
523 1952
116 3864
1952 4637
2743 3864
1219 1952
833 3864
434 1952
1632 3864
107 1952
2205 3864
1952 2072
3864 3906
1249 1952
1910 3864
1952 3857
3239 3864
1952 2538
3864 4553
1952 2833
2784 3864
1952 4729
155 3864
1952 2323
3864 4130
1952 4610
293 3864
1952 3200
853 3864
1952 4436
2719 3864
1952 2576
3216 3864
29 1952
3864 4783
1716 1952
1130 3864
1952 3257
1518 3864
180 1952
3864 4648
518 1952
3864 3953
1952 3474
3864 4767
1020 1952
340 3864
1873 1952
3590 3864
1952 2754
1331 3864
1952 3409
543 3864
398 1952
88 3864
1934 1952
2708 3864
1952 2142
1744 3864
1642 1952
3647 3864
1952 4240
262 3864
1361 1952
2290 3864
20 1952
739 3864
1952 4974
927 3864
1952 2214
2912 3864
1952 3571
2965 3864
1665 1952
3864 4893
1952 4989
3864 4944
1952 4022
2104 3864
1952 3546
2682 3864
1952 2085
1940 3864
1952 4481
961 3864
1697 1952
1664 3864
1952 2641
3131 3864
1345 1952
3036 3864
1952 2229
2983 3864
206 1952
3864 4336
1952 4404
801 3864
58 1952
3454 3864
218 1952
11 3864
115 1952
3742 3864
1368 1952
1732 3864
1397 1952
3255 3864
1952 2447
3864 4755
1952 2056
1154 3864
1952 4197
488 3864
1952 4830
680 3864
1952 3936
39 3864
1237 1952
1652 3864
1952 3760
2041 3864
1588 1952
3220 3864
1952 3707
3864 4452
1624 1952
353 3864
1874 1952
3864 4256
1952 3957
497 3864
1952 4450
3154 3864
1952 2157
3480 3864
1952 2866
3864 4819
1160 1952
600 3864
1952 3623
951 3864
1952 3802
391 3864
1952 3178
2636 3864
919 1952
1875 3864
443 1952
697 3864
1321 1952
1899 3864
1932 1952
1327 3864
1952 2314
3308 3864
1952 4065
203 3864
1952 4955
2567 3864
1952 4990
3280 3864
1952 2392
675 3864
839 1952
585 3864
1075 1952
3864 4222
1952 2341
3864 4083
1952 3908
3391 3864
337 1952
2020 3864
928 1952
416 3864
152 1952
2445 3864
1952 3468
3125 3864
1952 4008
406 3864
1952 4920
3589 3864
321 1952
1706 3864
1952 2423
3864 4979
769 1952
3864 4329
1952 3041
3864 4451
1181 1952
2472 3864
1952 3698
3864 4710
1952 3887
2699 3864
1952 4089
3380 3864
13 1952
3157 3864
1952 4420
2210 3864
1952 3880
2673 3864
712 1952
3816 3864
1952 3526
427 3864
1952 4524
3555 3864
1952 3685
3328 3864
1952 4941
3864 4102
1952 4055
2243 3864
1952 3108
2391 3864
1952 4794
186 3864
1952 2160
1643 3864
1952 3379
413 3864
247 1952
609 3864
1952 3155
2127 3864
1952 4563
3864 4228
1952 3097
227 3864
1952 3849
1313 3864
1952 4262
1810 3864
1031 1952
3428 3864
1952 1969
877 3864
1952 4320
2986 3864
1118 1952
3608 3864
765 1952
1769 3864
1224 1952
338 3864
1142 1952
3864 3983
1952 4935
1775 3864
1573 1952
1429 3864
1952 3465
2926 3864
1952 3143
159 3864
1952 3473
1816 3864
1952 2687
1066 3864
603 1952
1 3864
548 1952
3864 3992
1952 3614
2495 3864
165 1952
3864 3985
564 1952
1618 3864
1952 3043
3014 3864
1952 4862
409 3864
1952 2837
3864 4579
1952 2760
1341 3864
386 1952
1669 3864
1946 1952
3790 3864
1952 3291
701 3864
22 1952
3864 3905
1952 2417
549 3864
1952 4904
3152 3864
1952 4828
3864 4908
1952 4669
1217 3864
1952 2858
449 3864
1952 4374
2509 3864
1952 4251
3864 4116
1952 3168
1762 3864
1952 3313
3864 4760
1696 1952
3348 3864
1952 4717
2893 3864
330 1952
3864 4993
722 1952
2745 3864
1952 3741
1600 3864
1952 4321
2516 3864
1952 2273
2900 3864
1952 3194
3864 4375
1952 4615
3864 4921
1952 2831
965 3864
1952 3593
2486 3864
974 1952
3738 3864
356 1952
3864 4810
1952 2015
1372 3864
1952 2947
2602 3864
47 1952
2364 3864
1952 3292
729 3864
1952 4097
695 3864
1952 2790
2116 3864
1952 3309
1568 3864
1952 4305
2211 3864
1653 1952
141 3864
1952 2747
3864 4276
285 1952
2000 3864
935 1952
1035 3864
975 1952
1764 3864
1952 4909
272 3864
1952 2954
3399 3864
1952 3427
3864 3868
10 1952
2146 3864
1088 1952
36 3864
786 1952
2821 3864
1006 1952
3864 3913
678 1952
92 3864
1952 4503
1124 3864
779 1952
3864 4028
872 1952
980 3864
1023 1952
1236 3864
1952 3915
1889 3864
1952 3651
241 3864
1952 2018
1122 3864
1952 4295
3863 3864
996 1952
1575 3864
1081 1952
1933 3864
1952 2810
891 3864
1952 2820
395 3864
1952 4238
1559 3864
1768 1952
311 3864
681 1952
3123 3864
323 1952
3864 4542
1952 3294
2147 3864
1952 2924
3602 3864
1952 3137
3864 4823
1431 1952
2183 3864
354 1952
3864 3984
1952 3199
1228 3864
755 1952
2976 3864
1176 1952
3232 3864
780 1952
3285 3864
1952 2746
236 3864
1913 1952
2383 3864
1952 4756
1216 3864
26 1952
1434 3864
1952 4946
2886 3864
1952 2431
2479 3864
1925 1952
3864 4237
328 1952
3864 4785
476 1952
871 3864
1952 3680
2010 3864
1952 2196
3864 4128
1952 3874
2377 3864
1952 3486
3012 3864
1952 3744
904 3864
1952 2252
1286 3864
1952 2474
3743 3864
1952 4521
3844 3864
758 1952
2267 3864
1330 1952
1802 3864
1952 4121
869 3864
708 1952
3864 4798
105 1952
1283 3864
140 1952
3864 4902
1952 2589
1901 3864
1952 4867
2437 3864
1952 4342
2259 3864
1952 4691
592 3864
1952 3827
844 3864
1896 1952
3864 4681
1424 1952
3235 3864
1952 4775
3548 3864
1929 1952
1405 3864
1952 3706
1379 3864
1952 4807
1438 3864
890 1952
3248 3864
1655 1952
468 3864
1952 3364
2939 3864
1952 2048
1586 3864
84 1952
3864 4220
1952 3436
2635 3864
870 1952
3864 4234
1952 2371
2108 3864
1952 3981
3275 3864
1952 4758
2863 3864
836 1952
674 3864
1456 1952
3147 3864
1952 2039
1545 3864
1952 3860
2159 3864
1952 4424
1080 3864
1952 3773
3864 4844
1952 3758
1565 3864
1952 4470
3051 3864
1422 1952
3864 4227
1952 4592
1501 3864
1952 2106
3864 4160
1952 3512
1957 3864
1234 1952
2922 3864
1952 2141
333 3864
960 1952
3864 4254
1952 2815
3864 4919
1952 2595
3864 4536
1485 1952
926 3864
1952 4671
3447 3864
604 1952
2921 3864
153 1952
1084 3864
1751 1952
2464 3864
1952 2321
2794 3864
1952 4310
3323 3864
1952 3578
3686 3864
1952 3333
3493 3864
1952 2291
3864 4924
1952 3947
1300 3864
1587 1952
3343 3864
1952 2435
644 3864
1952 2846
2340 3864
1952 4343
3864 4514
1952 2095
3864 4229
876 1952
1384 3864
142 1952
433 3864
1952 3133
2242 3864
1952 2414
43 3864
1952 2208
1005 3864
1952 3943
3864 4303
1466 1952
3617 3864
373 1952
3522 3864
1165 1952
2247 3864
1900 1952
1603 3864
1377 1952
3650 3864
1952 4779
1540 3864
1952 4069
2028 3864
1952 4606
855 3864
1952 4711
3864 4915
1952 4851
2449 3864
1906 1952
2888 3864
1952 3832
3864 4856
1936 1952
258 3864
1952 2904
2059 3864
1952 4895
3864 4696
1880 1952
2727 3864
414 1952
594 3864
1952 4744
3242 3864
1952 2215
1108 3864
1952 4593
2382 3864
1952 4688
3361 3864
589 1952
3864 3956
1952 4117
2138 3864
199 1952
1107 3864
1952 4465
2584 3864
25 1952
3864 4695
846 1952
298 3864
1952 4191
1852 3864
362 1952
911 3864
1952 4878
2458 3864
1383 1952
533 3864
1952 3088
579 3864
1952 3374
1306 3864
619 1952
275 3864
1106 1952
3864 4188
1952 2115
2658 3864
1677 1952
3864 4248
1564 1952
3089 3864
1952 3376
1242 3864
1755 1952
1780 3864
955 1952
2338 3864
1952 3813
402 3864
317 1952
2763 3864
1952 4551
2381 3864
1952 3851
87 3864
1952 1960
495 3864
1375 1952
778 3864
1807 1952
89 3864
1952 2144
72 3864
1952 4651
3671 3864
1952 4412
3864 4366
807 1952
345 3864
1952 2590
3007 3864
1952 2448
2351 3864
1952 2805
2121 3864
1378 1952
3246 3864
1952 3215
1511 3864
1952 3259
3864 4005
1952 2812
1561 3864
1952 3214
3476 3864
1952 2873
3472 3864
1952 4288
3864 3903
331 1952
1403 3864
1952 3565
3864 4271
1863 1952
3864 4169
1952 4133
1238 3864
1952 3500
3864 4384
1276 1952
945 3864
1952 3221
3511 3864
1952 4664
1977 3864
1952 3184
3864 4816
1028 1952
3864 4773
1952 4429
3864 4064
1909 1952
2890 3864
1952 2597
369 3864
1502 1952
3352 3864
1952 3703
1615 3864
1952 2230
683 3864
1579 1952
3864 4535
1952 2128
3282 3864
1952 4849
3864 4559
1830 1952
2319 3864
1952 2179
1003 3864
1952 2012
1636 3864
761 1952
3864 4956
1952 4104
3864 4890
1952 1953
3224 3864
1952 2724
2079 3864
192 1952
813 3864
1952 2974
3705 3864
1952 2688
3136 3864
289 1952
1400 3864
1952 3290
3864 4950
1297 1952
2271 3864
1952 4910
610 3864
1952 4208
1872 3864
248 1952
1090 3864
1952 4963
986 3864
1952 4155
1398 3864
1952 4748
2850 3864
288 1952
3099 3864
1952 3810
3864 4209
435 1952
2680 3864
1952 2530
1009 3864
1952 2721
135 3864
1952 2361
3864 3976
1952 3175
3748 3864
347 1952
3864 4091
1749 1952
1305 3864
1952 3228
2897 3864
478 1952
840 3864
1952 3736
2761 3864
1952 2628
3456 3864
1251 1952
806 3864
64 1952
2080 3864
1274 1952
2325 3864
1952 2155
3225 3864
1952 4834
825 3864
1952 2198
351 3864
1952 3198
496 3864
1952 3384
1955 3864
176 1952
2410 3864
1952 2748
562 3864
1952 3756
749 3864
1952 2204
3172 3864
126 1952
1742 3864
1785 1952
2293 3864
1952 3307
886 3864
1952 4518
2785 3864
1021 1952
2024 3864
1952 3185
3864 3970
1952 4808
3864 3972
1364 1952
3733 3864
1952 2980
555 3864
138 1952
3864 4226
156 1952
3495 3864
657 1952
3864 4774
451 1952
1047 3864
1695 1952
1585 3864
1952 4528
3070 3864
70 1952
9 3864
1952 4219
1374 3864
1948 1952
2228 3864
1952 3346
1859 3864
925 1952
892 3864
40 1952
1346 3864
1952 3460
1204 3864
157 1952
3864 4998
1700 1952
2901 3864
1952 4027
647 3864
1952 2453
3529 3864
307 1952
3864 3869
220 1952
652 3864
1952 2158
2797 3864
1710 1952
3864 4313
1952 3532
2430 3864
33 1952
3864 4693
714 1952
209 3864
1952 2473
2337 3864
1952 4090
7 3864
1952 2642
397 3864
1952 2376
93 3864
1952 3545
3681 3864
1426 1952
660 3864
1230 1952
3864 4859
802 1952
3253 3864
1332 1952
2190 3864
1083 1952
3864 4361
1952 3656
3864 4949
3 1952
1408 3864
1952 4068
2574 3864
1514 1952
1796 3864
1032 1952
1358 3864
1952 4766
379 3864
1920 1952
215 3864
313 1952
3864 4007
1952 2481
962 3864
1256 1952
1508 3864
1952 4686
3420 3864
1952 4281
3312 3864
1952 3189
1633 3864
1952 4973
85 3864
1952 4529
57 3864
1952 2311
3864 4846
1952 2094
3786 3864
1952 4047
1705 3864
1952 2260
742 3864
1952 2775
3864 4483
1952 2511
2634 3864
1952 2899
744 3864
1952 4803
1195 3864
1482 1952
3661 3864
1952 2560
816 3864
396 1952
1844 3864
542 1952
3864 4182
1952 4177
51 3864
454 1952
2042 3864
1952 3592
3864 4347
1952 2799
3864 4427
1952 4962
3687 3864
992 1952
232 3864
621 1952
2830 3864
1839 1952
2117 3864
1952 3405
1048 3864
1498 1952
3142 3864
1418 1952
3864 3944
790 1952
3864 4850
1952 4782
2853 3864
1177 1952
1369 3864
16 1952
3073 3864
1952 4349
456 3864
1136 1952
1320 3864
612 1952
3864 4900
1210 1952
3864 4666
1877 1952
2136 3864
1952 4292
2773 3864
1952 3946
3864 4899
1952 4660
1544 3864
1180 1952
408 3864
1952 4505
1041 3864
1952 2569
3141 3864
1952 4486
3864 3939
1952 4565
3269 3864
213 1952
3607 3864
1952 2914
2715 3864
1515 1952
2834 3864
1952 3104
1715 3864
1952 3618
3864 4806
1322 1952
3864 4954
1630 1952
3735 3864
616 1952
1903 3864
1952 3006
235 3864
1952 4732
2741 3864
1952 4544
3491 3864
1952 3720
983 3864
1593 1952
3864 4617
384 1952
2307 3864
1952 3991
2698 3864
608 1952
1722 3864
1952 4072
2811 3864
685 1952
3864 4872
1232 1952
1446 3864
1952 1992
764 3864
1952 4399
3638 3864
1952 4463
1462 3864
770 1952
3864 4575
1952 2533
3864 4011
1287 1952
1626 3864
1952 3853
3693 3864
1952 4444
1754 3864
776 1952
650 3864
448 1952
2443 3864
1952 4568
880 3864
535 1952
2580 3864
1952 3281
392 3864
101 1952
3864 4284
1952 2927
53 3864
1952 3256
3864 4971
1952 4357
1396 3864
1898 1952
2488 3864
1952 4570
2675 3864
1952 3577
310 3864
1794 1952
645 3864
1952 3978
1390 3864
1952 2940
1264 3864
1952 3521
527 3864
1952 3517
3626 3864
1876 1952
2375 3864
1952 3078
1516 3864
21 1952
1102 3864
1698 1952
158 3864
1952 3563
2566 3864
