5000
))())((()()()())))))))((()((())))(())((())())()()()()))((((()()))))()((()(((())(((()))())))))()()()()((()))())()()()((((((()(((()))((()()))))(()(())())(()())((()))())))()())))))()(()()(((()()))(((())))((((((())(()()())(())(((((())((())((()((()(()(())))())))(((())()))(())))))())((()((()(((()())()())(()()))()((())()())))()()())(((()()))()(())))))()))(()))((())(()(((())))()(())))))(()((()((()))()((((((((()))((()())()())))))(())(((((()((()(((())))))))()()((()())()())(()))()))((()())()()()()((())((())(((())(((()((((((((((())))()())())(())((())))())())()()()())())))(()))((()()))()))())(((())))()))))(()(((((())((((()))()())()()(()()())((()()()))))()))()))))()))())(()(()((()()()(()()())(())((()()))(()()))((())()))(())())(((((((()()(((((()()()((((((())(())((()()())(((()(()))((()(((()))((()))((()((())()(()(())(())())))((()((((())()())()())((()())(((())(((()()((()))()))(()))))()(())))())()()(())())((((()())()()))(()))(()))()()(())()(()(()))(((()()()))(((())(()()))())())((((((()))))()(()()()((((((()))()()))()))((((())()))()(()())()))))(()))))(()()(()((()(())))()))((()()()()()())())(())((()())(()())(()()()())))))(()())()()(())(())(()())())(()(()))))(())))(())(()((())((())()()()()))(())()(())()()((()((((()())()((())((()(((((())))(())))()(())))()))(((()))(())((()()(())))())))((()(()))))(()()()(())()(((())(()())()(())())()()()((()(()((()))()())((()(())))))))())((())()())((()((((())(())()(((((((())))()))()()()()())))(()(())()))))))))()()())()()(())))))()()())))))((((())))))())))(()))))))((((())(())))))(()()))(()()()())()))())))()))()))()((()()(())())(())(()()))())())()))((()(()()))()))))))))))(()))))()(())()(()())(((()()))((())(()))))))(()(((((()()((())))()))()((()()()(())))(((())(((())))(()())))(())))()(()(((()(((()(())(()(()))()()))(((()())(()((())))()()))))(((()(())))))))()())(((())())))())())((()((()())()(((((()))(())))))))(()(()()(((()((()(())()(())((())())(()))((((()())()(())())(())())(())))()())())(((((())(((()((()(((()()))((())(((((((())))())))()((())())())((()(()(()))((()()))))((()(()((((()(()())))()()(((((()()(()(((()()((()())))()(()(())))((()))())(((())(()(((())(())))(()))(()((()))))(()()())()()))))((((()(()()())(()((()))()()))()()()(())))()))()()())()(()(()))((()))))()(((())()))((()()))()))(()()()((())())()))(()())))))(())()(()()())))(())))))))(()(()))()())))))((((((()))))()())))())()(()((()((())((())(((())()))((()((()())())()))()()())())()()())(((()()(()()()(())(()()())()))(()((()((()()(()((()(())))((())((())(((()(((()(((((()))())(())(((()(()())(()))(()(())())(())())))(((()((()))))())(()(())()))(((()()))(()(()))(())(()(()()()(((((())(())(((()()))())()()())((((())))(((())))))))())))((((()))(())(())()()))()))(())(()())(()((((((())((()())((()))))(())()(()(()((())))))())())))()))())))()())((((()(()(()()(()(((()())((())))()())()(((((())()))))((((()((((()((()))))))((()()(((())))()(()())())(()()((((()()()(()())))((()((()(()())()((()))()(()))(()(())))(((((())(()))())((()))())((())))(()((()((()(()(((())())(())(()))()))()))((()(((())((((()(()()(()))()()))))))))(()()(()))(()((((()((((())((())()(())((())((((()())((((())()(()(()()((()(()((((())())()())())))))()((()()()(((()((()()(()(()))(()((((())()(()())(())())(())(()))()))(())((())(((()))()(()(((()(()())(((())(())()(())()((((()())())())()()()((()()(((()()))()(()))(()(((()())((()((()(((((()()))(()))((()()()(())((((()))())(())(()(((()()))))))((((())()())()())()())(()()((()())(()))()(()(()))(((((()))())((((()())()()(((()()))(()((()()()(()))())))()()(()()()))((())()((()))(((((())((()()(((((())((()((((((())()))(()()))((()(())()()))())()())))))(((())())()))()))((()))()(()))()))()())(()(())()))(()(((((()()((()))(((((((((()(()))()))))))((())(()()))()))((()()()))))((())((()(())())())()()))(()()((((()((())()((()((()()(()()))(()()))))(()))))()())()((()()()(()))()))))))((()(())))())()))(()))(()((((())(((())(()((()()()))))))))))(())(()))))()((())((()(())()))()(()))())(())(())((())()(()()()())(((((())())(()(())()))(((((()()()((()((((((())))(()(()()(()(())))(((())(()()()()(()()(((((((((()()()((((())()(()(()((()((()())()()))(((()))(()))(())(())(()))())))()(()()((()((()))()()())())())()))(()))()(()))))(())())()(((()()()((((()((())))(()))(((())(())())()()())(((()(()))()())()()((((())(()(())()))))))()((((())))))))())())())(())((())()()((()(()())()))))))))())((())))())()()()))((())(()))))((()((()()(())((()()()(())))())))()()()()(()())))()))))(()((()(())()))()()))))()((()()(()(()((()))()))((()))(())))))(()))(((())((()((((((()(()((((()(()))()(())(((()()()()()()())((())()()))()())())()))((()(((())))()(()))((())()(()()(()((()((()))))(()(())))())())))()(((())()))((()())(((((())()()()()()()((((()))))(()((()()()))()((())()(()(()()))(((())))))))()())(())(()(())))()()((()(())))())))())))()))((((())))))()()()()()())))(((()(()()(()((())(()((())()))((())(())((((())(((())())()(((()((()))(()))((((((((())())())()))(()(()()(()))(()(()()((()((((()))))))((()(())))()())()()(()))())()())((()))))))(()()()())(())))()(()((()())()(())()())))()())(()())()))))()())()))))))()())((((()))(()(()(())))()(())))))(()))))(((
1111 2157
1267 2157
110 1111
2069 2157
801 1111
2157 2728
138 1111
2157 4560
1111 2317
2157 2309
984 1111
70 2157
1111 3699
2157 4068
1111 4303
2018 2157
721 1111
2157 3469
1111 1360
2154 2157
1111 1143
2140 2157
1111 2332
2157 3887
592 1111
2157 4965
1008 1111
1121 2157
1111 1559
794 2157
1111 3849
2157 3395
1111 4994
1473 2157
1111 1247
12 2157
668 1111
1514 2157
1051 1111
2157 3633
101 1111
460 2157
1111 4414
2157 4908
1111 3127
1318 2157
952 1111
2157 2745
1111 3383
443 2157
1111 2586
442 2157
1111 3452
72 2157
1111 2036
2157 3441
476 1111
1774 2157
1111 1764
2157 4612
1111 3761
1619 2157
1111 3847
2157 2480
1111 3119
2157 2939
73 1111
2157 2717
1111 4085
2157 2900
640 1111
2157 3977
1111 1243
2157 4032
1111 3655
1673 2157
1111 4694
14 2157
156 1111
986 2157
1111 1615
2157 3477
1111 1888
1617 2157
610 1111
2157 3913
1111 2708
2157 3564
1111 3537
1652 2157
41 1111
2157 4510
1111 2057
2157 3855
1111 3883
580 2157
1111 1714
284 2157
1111 4681
2157 2664
1111 1536
737 2157
1111 2001
1500 2157
293 1111
2157 3114
249 1111
238 2157
1111 1211
2157 3548
1111 2399
555 2157
1111 2086
2157 2471
1111 3560
2157 3614
1111 4025
2157 2281
807 1111
1338 2157
1111 2715
1231 2157
1111 1216
1320 2157
1111 1502
2157 3889
1111 4977
528 2157
1111 4696
971 2157
1111 4360
773 2157
1111 3069
2157 2324
886 1111
2157 3048
1111 2313
2157 3618
1111 4127
519 2157
1111 1392
96 2157
1111 1115
60 2157
1111 2800
1815 2157
1111 3932
2157 2793
1111 1596
881 2157
1111 2250
2157 4461
341 1111
939 2157
1111 2769
2157 4199
1111 3197
2157 3601
1111 1376
323 2157
320 1111
2157 2188
1111 1555
2157 3636
1111 3711
2157 2594
1111 2144
1166 2157
1111 4280
2157 3562
1111 3180
2157 3325
1111 4469
1342 2157
1111 4808
2157 4738
1111 1540
729 2157
1111 4029
248 2157
394 1111
1390 2157
1111 2521
430 2157
1111 3769
1136 2157
1010 1111
2157 3680
420 1111
1118 2157
1111 2227
2157 2668
1111 3803
127 2157
972 1111
2157 4173
1111 4404
2150 2157
1111 1729
2157 2180
1111 4593
2157 2477
1111 4985
2157 4419
1111 4541
2157 3289
1111 3775
2157 2763
1111 1810
2157 2896
1111 4379
2157 2675
1111 3799
2157 3222
1111 3917
2157 3047
1111 2062
2157 4605
1111 3673
590 2157
652 1111
2157 5000
1111 2196
29 2157
1111 4114
2157 3120
1111 3598
1545 2157
733 1111
832 2157
1111 1591
2157 3938
129 1111
2007 2157
234 1111
83 2157
1111 2899
1070 2157
1111 2809
2157 4555
1111 2557
703 2157
965 1111
741 2157
1111 1569
1827 2157
1111 3621
799 2157
1111 1593
225 2157
1111 3904
2157 3593
1111 2181
2157 2537
1111 3032
2157 2862
599 1111
205 2157
1111 3505
2157 4827
89 1111
2118 2157
1111 3151
367 2157
532 1111
2157 3997
1111 1803
2157 4937
1111 1666
2157 3485
338 1111
2157 3274
1111 3671
2157 4463
1111 2262
1324 2157
1002 1111
1175 2157
1111 2644
2157 3414
1111 1975
968 2157
960 1111
2157 4070
742 1111
632 2157
1111 4331
2157 3158
1111 2524
2157 4809
1111 3286
2157 2380
1111 2736
1482 2157
1111 4072
510 2157
1111 1461
2157 2856
209 1111
2157 2226
1111 4192
2157 4198
1111 3230
1445 2157
1111 3014
2157 3664
1111 3800
2157 2947
838 1111
2157 4197
1111 3825
2157 4845
1111 3510
1797 2157
1111 4320
1499 2157
1111 2804
2157 4027
18 1111
2157 4121
1111 2052
2157 2300
1111 4397
2157 2383
1111 1587
2157 2341
1111 2544
2157 3187
1111 1589
638 2157
1111 1339
523 2157
1111 1590
2157 3116
1111 1599
2157 3133
973 1111
2157 2765
1111 4942
2157 3401
1111 2852
1079 2157
914 1111
2157 2969
1111 1420
330 2157
1111 1708
2157 3888
1111 1874
2157 2225
51 1111
295 2157
256 1111
573 2157
1045 1111
1722 2157
1111 3503
2014 2157
1111 3709
2157 3796
15 1111
2157 4921
1111 2493
2157 4563
1111 3933
2157 4057
1111 3830
2157 4701
1111 4500
2157 3880
1111 4996
2157 2311
1111 1986
1847 2157
140 1111
386 2157
1111 3572
612 2157
1111 2286
1940 2157
1111 1160
2157 2847
1111 3586
518 2157
1111 4728
2109 2157
560 1111
1129 2157
1111 4865
2157 4010
1111 2289
2157 2393
1111 4577
614 2157
1111 3563
2157 2689
1111 4852
2157 2440
538 1111
2157 4388
865 1111
2157 3121
1111 1221
2157 2468
1111 1423
2157 3157
731 1111
2157 2697
1111 2959
2157 2446
950 1111
2157 3507
687 1111
149 2157
1111 3650
2157 4505
1111 3076
2090 2157
1111 4988
2157 3870
1111 3950
2043 2157
647 1111
2157 3354
1111 4925
2157 3557
1111 3145
1753 2157
2 1111
77 2157
1111 4473
2157 4052
1111 2560
2157 3111
1111 1570
2157 4444
1111 3893
2157 3844
1111 4161
2157 2976
381 1111
1071 2157
1111 4164
2157 3243
1111 1608
2157 3260
1111 4110
2157 2894
1063 1111
2157 4107
1111 2236
208 2157
1111 4465
2093 2157
1111 1831
683 2157
1111 4900
1789 2157
1111 2915
2157 3789
900 1111
1065 2157
1111 4471
2157 4118
1111 3049
2157 3515
445 1111
2157 2160
1111 4952
2157 4079
1111 2744
1857 2157
1111 4279
1099 2157
1111 2296
2157 2562
1111 3113
2157 3050
1111 3335
643 2157
1111 1579
762 2157
1111 2103
43 2157
1111 3734
2157 2329
1111 3879
2157 4568
1111 2623
2157 4717
596 1111
1204 2157
1111 4974
2085 2157
1023 1111
2157 3911
1111 1517
158 2157
1111 4537
1047 2157
1111 2110
2157 2186
1100 1111
2157 4264
1111 1736
25 2157
327 1111
2157 3702
1111 4661
2157 3822
1111 4675
2157 3499
217 1111
75 2157
193 1111
1155 2157
1111 4059
2157 3211
1111 4979
2157 2928
1111 1150
944 2157
935 1111
2157 4542
1111 3000
2157 2213
1111 3698
2157 2205
1111 1535
964 2157
53 1111
2157 3607
1111 3736
2157 4233
1111 4719
1419 2157
1111 4651
2157 2914
1111 1665
902 2157
959 1111
2157 3755
1111 4944
10 2157
1111 4741
499 2157
1111 1544
2157 2738
1111 4648
800 2157
272 1111
2157 3080
1111 4836
2157 3282
1111 2624
2157 3665
1111 4483
2157 3046
1111 4881
40 2157
1111 1447
2157 3463
744 1111
2157 2948
824 1111
2157 4819
1111 3551
2157 4814
847 1111
2157 3996
1111 2630
2157 3018
1111 1684
2157 4831
1111 4768
2157 3199
1111 4950
2157 4474
1111 2216
1651 2157
1111 4431
1583 2157
1111 2885
2157 3575
377 1111
2157 2491
1111 1556
2157 4417
1111 2318
692 2157
1111 4262
2157 4991
1111 2003
1168 2157
1111 3555
2157 2378
918 1111
828 2157
1111 1668
616 2157
1111 4260
1188 2157
1111 1454
2157 2740
1111 1572
2157 4304
1111 2906
2157 4306
1111 2066
2157 4458
1061 1111
2157 3056
1111 3408
2157 3124
1111 4011
2157 3302
1111 4250
2157 2652
1111 1437
2157 2980
1111 1979
2157 2909
1111 2229
2157 4628
1111 4543
2157 2746
1111 2029
1396 2157
636 1111
2157 4970
1111 1739
806 2157
342 1111
1304 2157
1111 2703
1351 2157
278 1111
2157 3609
1025 1111
809 2157
1111 1225
2157 4806
1111 4540
2157 3263
1111 3995
1923 2157
1111 4050
2157 3200
1111 1477
2157 3101
1111 3625
680 2157
369 1111
2157 2261
1111 2412
1142 2157
1111 3546
2157 4522
277 1111
694 2157
1111 3426
1312 2157
1111 3091
1933 2157
1111 3962
479 2157
1038 1111
2157 4587
1111 3363
2005 2157
1111 4305
1696 2157
1111 3681
2157 3852
621 1111
1041 2157
1111 2381
2157 2643
1111 1576
2157 3690
1111 2591
2157 4115
215 1111
2134 2157
1111 4607
2157 2918
1111 3984
186 2157
1111 3831
788 2157
1111 4324
2157 4742
1111 4296
404 2157
1111 2345
903 2157
554 1111
2012 2157
1111 3155
2157 4229
415 1111
2157 2585
1111 1873
2157 2756
969 1111
2157 3713
1111 3430
2157 2883
1111 1621
62 2157
201 1111
1528 2157
1111 4869
2157 4503
1111 2017
945 2157
1111 2068
2157 3854
1111 1291
1984 2157
427 1111
56 2157
1111 1945
1031 2157
1111 4614
2157 2185
1111 1412
2157 4426
1111 2984
2157 2385
1111 3392
2157 2512
1111 3152
2157 3044
1111 1404
1844 2157
1111 4636
2157 4299
1111 3332
2157 4752
1111 2304
2157 3952
1111 3652
844 2157
1111 4657
1553 2157
1111 3435
2157 2356
1111 2999
2157 2983
1111 3857
2157 4400
1111 3006
1561 2157
1111 2531
2157 3295
1111 2707
2157 4863
1111 1573
1574 2157
1111 4821
2157 3231
1111 4078
634 2157
1111 2174
949 2157
1111 3478
1207 2157
1111 4911
1448 2157
1111 2235
2157 3208
480 1111
2157 4440
1111 2551
2157 4056
1111 4457
2157 2526
1111 2619
2157 2373
1111 2817
2157 3172
1111 1612
629 2157
1111 3347
1949 2157
99 1111
2157 4672
1111 4882
547 2157
1111 4137
2157 3218
1111 3606
1919 2157
1111 4711
2157 4340
1111 1703
2157 4812
1111 4939
2157 3436
1111 4205
2157 3421
1111 3876
2157 4139
1111 3251
2157 4421
1111 1897
1300 2157
1111 1220
1173 2157
1020 1111
921 2157
1111 4959
2157 3862
1111 3439
2157 2517
1111 3544
979 2157
326 1111
2064 2157
1111 3667
2157 2773
1111 1152
1356 2157
1111 3299
1217 2157
1111 3292
2157 3661
1111 4425
872 2157
1096 1111
2157 4266
1111 3223
2157 3075
1111 2438
615 2157
348 1111
2157 3988
1111 3850
1614 2157
1111 2801
1511 2157
1111 4012
2157 4295
1111 1163
2157 4667
1111 3682
2157 3412
1111 1785
2157 4829
1111 1606
1352 2157
345 1111
2137 2157
1111 1850
1777 2157
1111 4702
2157 4590
200 1111
2157 4896
1111 3731
2157 2395
1111 1746
2157 4288
177 1111
1397 2157
1111 4033
2157 4274
1111 2020
910 2157
810 1111
1092 2157
1111 1911
1413 2157
586 1111
2157 2299
1111 1881
2157 4232
1111 4189
1355 2157
1111 4632
673 2157
1111 4102
2157 3497
1111 2276
2157 2189
1111 1971
2035 2157
1111 3042
2157 3581
1111 4936
2157 3425
1111 1595
2157 2820
1111 2488
2157 2206
1111 3451
2157 2936
1111 1904
2157 4622
1111 1303
2157 3540
911 1111
2157 3603
1111 4813
76 2157
1111 1246
2157 3594
1111 2242
2070 2157
1111 2545
2157 2878
1111 4125
2157 2555
1111 1490
2157 3039
408 1111
2157 2823
1111 1783
134 2157
439 1111
1184 2157
1111 4338
2157 4090
1111 4898
839 2157
1111 2308
1098 2157
761 1111
2157 3589
623 1111
1399 2157
1111 4929
351 2157
1111 4987
1321 2157
412 1111
676 2157
1111 3873
2157 2550
1111 1328
1425 2157
1111 1657
2157 3596
581 1111
2157 3983
552 1111
1883 2157
1111 4854
1315 2157
135 1111
2156 2157
1111 3226
2157 4823
349 1111
2157 3454
1111 4094
604 2157
1111 3815
115 2157
1111 4935
2157 4714
1111 3010
2157 3233
1111 4957
2157 4218
1 1111
2157 4496
682 1111
2157 3029
1111 2292
1488 2157
64 1111
1075 2157
1111 1409
2157 2854
1111 2766
2157 3371
1111 1647
2157 3359
1111 3526
2157 2677
753 1111
613 2157
1111 3083
2157 3177
1111 1193
2157 4020
1111 1609
1395 2157
756 1111
2157 4787
544 1111
111 2157
1111 3352
288 2157
1111 4512
2157 4006
1111 4691
1936 2157
970 1111
2157 4007
1111 1388
712 2157
1111 3122
2157 4872
1111 1259
1331 2157
176 1111
297 2157
752 1111
2157 4862
1111 1769
2157 4448
1111 3966
1937 2157
966 1111
2157 2510
1111 1745
2157 2547
1111 4487
1431 2157
1111 3370
1271 2157
1111 4638
202 2157
1111 2507
2087 2157
1111 4971
2157 4616
1111 1680
1229 2157
1111 2727
1856 2157
172 1111
2157 2538
1111 2111
1283 2157
1111 3819
1348 2157
1111 3817
2039 2157
1111 2314
1870 2157
1111 4005
2157 4392
1111 4475
2157 2533
1111 3749
2157 2917
1111 1322
898 2157
1111 2202
1365 2157
1111 2443
2157 3509
1111 3934
2157 3974
422 1111
1210 2157
1111 3353
1382 2157
646 1111
768 2157
1111 1325
2157 3030
1111 2423
2157 3797
1111 3090
397 2157
1111 1968
1682 2157
1111 3641
2157 3344
1111 4349
2157 4119
1111 4283
2157 3235
1111 1896
678 2157
396 1111
204 2157
1111 4190
2157 2214
913 1111
409 2157
845 1111
2157 4802
1111 4538
1126 2157
1111 1713
912 2157
1111 4927
2157 2564
1111 4086
2157 4153
1111 1435
2157 4008
1036 1111
2157 2326
1111 1631
2157 3615
419 1111
35 2157
485 1111
2157 3012
1111 3635
2157 3272
1111 3758
2157 2966
1111 3305
2157 4364
1111 4737
2157 4049
54 1111
2157 2322
923 1111
1200 2157
11 1111
358 2157
1111 2152
136 2157
1111 2222
2157 2441
927 1111
2157 3016
435 1111
1694 2157
1111 3311
1417 2157
1111 2000
2157 2785
1111 4866
463 2157
1111 4546
2157 4976
1111 1381
2157 2546
1111 2612
2157 3848
1111 1349
1922 2157
1111 4529
1701 2157
1111 4859
292 2157
1111 2323
1914 2157
1111 1575
2157 4834
189 1111
1022 2157
1111 4980
2157 4156
1111 4894
2157 4321
1111 4548
2075 2157
933 1111
2157 3518
651 1111
2157 4123
1111 3753
195 2157
698 1111
1380 2157
1111 3986
2157 3402
1111 1964
2157 3706
1111 4502
1178 2157
543 1111
1702 2157
1111 3350
1717 2157
1111 1463
502 2157
1111 2312
2157 2601
1111 1440
2157 4810
1111 2442
1474 2157
1111 3250
1148 2157
1111 2556
226 2157
1111 1422
1622 2157
1111 3919
2157 2674
144 1111
504 2157
1111 4187
2157 2195
1111 1530
1441 2157
1111 3839
2157 4416
1111 4131
620 2157
1111 4313
1019 2157
1111 4385
2157 3123
1111 2358
2157 2194
1111 4783
542 2157
360 1111
1991 2157
1111 1501
1816 2157
1111 3156
2157 3895
686 1111
2157 4549
1111 4244
562 2157
1111 1947
1744 2157
1111 4442
855 2157
1111 2470
2157 4956
1111 1550
2157 3653
1111 4803
2157 3054
1111 1719
1464 2157
1111 1542
2157 3184
1111 4145
2157 2968
1111 1492
183 2157
548 1111
1941 2157
1111 3937
2157 4223
1111 2869
269 2157
1111 4093
2157 3632
1111 2175
1889 2157
354 1111
2157 3972
1111 1798
2157 4715
1111 2082
2157 2680
1111 4310
2157 3176
1111 4087
2157 4489
1111 1491
1884 2157
1111 2264
2157 4183
1111 4740
2157 2978
1111 2881
2157 2666
1111 2369
2157 3565
1111 3832
2157 4180
1111 3829
1634 2157
1111 1116
1069 2157
1111 2489
2157 4061
1111 4779
2157 2516
1111 2955
2157 3400
191 1111
2157 2540
1111 1141
1800 2157
1111 4933
2157 3837
1111 2374
2157 4734
1111 1863
2157 3740
1111 3136
689 2157
1111 1484
2157 3602
820 1111
2157 2402
1082 1111
2157 2892
697 1111
2157 4913
1111 2678
2157 2172
1111 1481
1948 2157
1111 1114
2157 2301
1111 2646
758 2157
1111 2588
331 2157
335 1111
2157 4350
942 1111
2157 2486
148 1111
2157 3493
1111 4034
1219 2157
661 1111
2157 4588
1111 2360
2157 2414
1111 4441
2157 4718
804 1111
2157 4515
1111 2754
2157 2944
1108 1111
2157 2673
1111 4615
1660 2157
1111 3739
231 2157
1111 2605
2157 4302
1111 3457
2157 3961
1074 1111
2157 4576
1111 2725
1198 2157
1111 4226
2040 2157
1111 4037
2157 4172
1111 3196
1254 2157
1111 3137
2157 3364
1111 1773
2157 4892
151 1111
961 2157
1111 1316
2157 3013
1111 3253
1407 2157
1111 3818
1972 2157
1111 4447
805 2157
650 1111
2157 4323
1111 3724
2157 2810
501 1111
364 2157
535 1111
730 2157
471 1111
339 2157
1111 3787
667 2157
1111 4535
1611 2157
21 1111
2157 2449
1111 2957
2145 2157
1111 3269
1775 2157
1111 4151
2157 2753
1111 4625
2157 2397
1111 2593
1613 2157
1111 3605
2157 3057
1111 1842
2157 3744
1111 4837
2100 2157
1111 4207
2157 4051
1111 4955
478 2157
1111 4394
2157 2429
702 1111
2157 3579
1111 4960
2157 4932
1111 2098
2157 3866
1111 4685
2157 2637
1111 4351
2157 2981
175 1111
1750 2157
1111 1179
2157 4722
1111 4409
2157 4601
1111 3629
2157 2416
1111 4804
486 2157
1111 2219
681 2157
981 1111
2157 3523
1111 3142
1532 2157
1111 4627
2157 4073
1111 3858
2157 2523
1111 2343
513 2157
1111 4893
2157 3928
1111 3747
1453 2157
1111 4891
2157 2328
1111 1299
2157 4910
1111 3355
2157 4429
684 1111
2157 2787
1111 4864
2157 4452
1111 1183
951 2157
462 1111
2157 4642
1111 1641
2157 2354
346 1111
2157 3785
883 1111
2157 3692
1111 4990
2157 3905
1111 3816
1953 2157
1111 1568
2157 3891
1111 3566
2157 3317
1111 4995
245 2157
1111 2961
1496 2157
1111 3971
2157 2626
1111 2604
197 2157
455 1111
2157 4224
1111 4938
2157 2316
1111 2382
1206 2157
1111 3130
1935 2157
1111 2622
2157 2203
1111 4434
2157 3252
1111 4989
2157 3902
1111 4817
24 2157
163 1111
2157 4000
677 1111
2157 4445
1030 1111
268 2157
1111 4922
2015 2157
1111 2436
2157 4919
1111 2584
609 2157
1111 2200
782 2157
840 1111
2157 4424
1111 1374
2157 3643
1111 2835
1059 2157
1111 3620
2157 3294
1111 4316
2157 3276
93 1111
2157 2629
1111 1479
2157 4374
1111 4801
2157 2589
1111 4467
2157 3237
1111 1433
928 2157
1111 4573
2157 2797
1111 2091
2157 4499
1111 2474
2157 4781
315 1111
1667 2157
1111 2208
2157 3109
1111 2520
2157 2511
1111 2987
2157 4775
1111 4668
2157 4117
1111 3367
1955 2157
1111 4017
2157 3955
1111 3312
2157 4036
1111 3617
601 2157
1111 2639
2131 2157
1111 3358
2157 2580
1043 1111
411 2157
1111 3549
2132 2157
1111 4732
2157 2348
267 1111
2157 4975
1111 3397
2157 4928
1111 1305
2157 2846
655 1111
2157 2838
1111 1336
468 2157
1111 1123
7 2157
157 1111
402 2157
1111 3393
1547 2157
1111 4355
2157 2814
1111 1288
2157 2860
1111 4063
2157 2247
1111 4208
540 2157
1111 2657
2051 2157
1111 2243
2157 4624
1111 3104
316 2157
1111 3181
490 2157
1111 4399
2157 3582
1111 1276
169 2157
1111 4670
125 2157
1111 1830
2157 2865
1111 4884
2157 4004
815 1111
707 2157
1111 3674
2157 3246
1111 4816
1927 2157
1111 4348
2157 4584
1111 2850
2157 2919
654 1111
2157 3975
1111 3232
2010 2157
1076 1111
2050 2157
1111 1436
2157 2178
1111 3554
385 2157
1111 3320
160 2157
1111 4270
2157 2454
1111 4993
1639 2157
1111 3998
2157 2431
948 1111
2157 3283
1111 3293
988 2157
1111 3856
2157 4235
1111 4773
2157 4646
1111 2711
2157 2698
1111 3881
1337 2157
1111 2295
2157 2445
1111 3234
1808 2157
1111 1233
2157 2581
1111 4693
1256 2157
1111 2636
1237 2157
1111 3851
1704 2157
929 1111
1498 2157
1111 3725
1277 2157
1111 3794
1333 2157
414 1111
2157 3389
1111 1371
1137 2157
1089 1111
1885 2157
1111 4544
2157 4603
1111 2805
2157 3708
1111 4201
2157 4215
491 1111
890 2157
985 1111
2071 2157
1111 1692
2157 3346
1111 2534
1287 2157
1111 2963
2157 3530
1111 3957
2157 4366
1111 1792
2157 4343
1111 2363
2157 4170
1111 3931
2157 3225
1111 2706
1104 2157
1111 1494
128 2157
1111 2953
1208 2157
1111 1430
2157 3280
1111 2121
1983 2157
1111 4329
1261 2157
1111 1478
2157 3976
1111 1563
2133 2157
1111 2155
1718 2157
866 1111
846 2157
1111 2949
2157 3695
1111 2212
2157 3623
67 1111
2157 2433
1111 2165
39 2157
1111 3683
2157 2879
1111 3813
2157 2975
1111 2921
2157 4241
1111 4606
2157 4174
1111 2826
1658 2157
1111 3718
2157 3495
1111 4716
2157 3735
1042 1111
2157 3712
1111 1707
220 2157
1111 2114
1005 2157
1111 1890
2157 3340
1111 3052
748 2157
1111 3088
2157 3746
1111 4610
2157 2280
235 1111
2157 3002
1111 4271
955 2157
1111 4595
2157 3892
1111 4572
940 2157
1111 2760
2157 3041
506 1111
2157 4150
1111 1907
258 2157
1111 1480
1057 2157
786 1111
2157 2388
594 1111
2157 4958
1111 1865
2157 3360
1111 2780
1551 2157
1111 4043
2148 2157
1111 4798
989 2157
893 1111
2157 4758
1111 2829
1081 2157
114 1111
2157 4238
1111 4451
2157 3912
130 1111
2157 3349
1111 4217
1649 2157
1111 2187
2157 3239
1111 1177
1286 2157
1111 2979
375 2157
1111 4460
2149 2157
1111 1446
2037 2157
1111 3095
2157 3610
1111 3716
930 2157
1111 1359
301 2157
1111 3227
2157 3092
1111 1786
2157 2254
1111 2691
2157 2430
1111 4678
1757 2157
1111 4838
2157 2757
545 1111
2157 3649
1111 2336
2157 3710
1111 3679
864 2157
878 1111
48 2157
1111 2617
2157 2230
1111 4594
2157 2265
1111 3449
2157 4098
1111 2453
2157 3132
1111 2843
2157 3871
1033 1111
2157 4870
1111 3001
1892 2157
1111 3304
2157 3999
1111 2541
2157 3023
1111 1793
2157 3321
1111 3464
700 2157
932 1111
2157 2863
1111 4765
2120 2157
1111 4275
2157 4574
1014 1111
2157 4108
1111 1900
2157 4412
1111 2782
2157 2775
982 1111
2157 4411
1111 3756
2157 2233
1111 4184
2157 3356
853 1111
2157 3845
1111 1330
2081 2157
1111 2729
2157 4730
1111 1260
2157 3898
447 1111
1812 2157
1111 1697
2157 4926
1111 4509
2157 4428
1111 3161
625 2157
1111 3726
329 2157
507 1111
2157 3479
1111 1444
2157 2176
1111 4873
2157 2849
1111 2479
2157 3271
1111 3098
2157 4488
1111 1144
2157 3765
1111 1755
2157 2215
1111 4188
879 2157
45 1111
937 2157
1111 1533
1604 2157
1111 1159
2157 2571
1111 3207
2157 4285
1111 4352
2125 2157
1111 1976
498 2157
1111 3031
747 2157
1111 2112
2157 3033
344 1111
372 2157
1111 2095
1973 2157
1111 2683
653 2157
1111 4641
1525 2157
1111 2552
1768 2157
1111 2508
1866 2157
1111 4954
1265 2157
1111 1232
1313 2157
1111 4654
2157 2498
1111 1506
696 2157
1111 2819
2157 4021
1111 4126
2157 4111
1111 3144
2157 3872
1111 4556
2157 4785
1111 3377
2157 3597
1111 4706
247 2157
1111 2448
2157 4748
1111 3960
2157 3150
1111 2357
74 2157
1111 3820
769 2157
1111 2139
2157 4294
1111 4947
1661 2157
1111 2224
2157 4031
1111 4193
2157 3432
1111 4659
1671 2157
1111 1187
2157 2694
1111 2759
931 2157
294 1111
1721 2157
1111 3330
2157 3446
495 1111
2157 2434
1111 1868
2157 4759
1111 3442
2157 4855
1111 4897
1088 2157
1111 2522
2030 2157
1111 3093
1353 2157
1111 2565
224 2157
69 1111
145 2157
1111 2496
117 2157
1111 4240
2157 3062
1111 3714
2157 2656
1111 4633
724 2157
1111 1391
2157 3185
1111 4924
2157 3128
1111 1706
126 2157
656 1111
58 2157
1094 1111
2157 2476
1111 3249
1925 2157
1111 3646
2157 3008
302 1111
212 2157
1111 2182
410 2157
992 1111
2157 3612
1111 1344
511 2157
1111 4265
185 2157
1111 4745
1334 2157
1090 1111
2157 4707
1111 4746
2157 3788
1111 4698
2157 4026
1106 1111
2157 4875
1111 1672
1537 2157
1111 3106
2157 4219
1111 1153
2157 3178
1111 1840
2157 3409
453 1111
803 2157
1111 1809
728 2157
1111 3313
1230 2157
1111 3396
505 2157
1111 3814
244 2157
1111 4332
493 2157
1111 1763
1368 2157
585 1111
2157 3484
1111 2867
465 2157
1111 2269
2157 3040
1111 2857
1411 2157
714 1111
2157 2602
1111 1181
2157 4022
1003 1111
2157 3404
1111 1790
2157 2549
1111 4077
2157 3877
1111 4410
1029 2157
563 1111
767 2157
1111 2739
2157 4484
1111 2059
2157 2162
112 1111
2157 3691
558 1111
2157 4109
167 1111
1688 2157
1111 1455
2157 3391
1111 2485
916 2157
1111 4389
2157 2737
1111 4247
2157 2834
1111 3027
2157 4686
1111 4850
2157 3416
1111 4507
2157 3901
1111 4053
2157 2665
710 1111
2157 2353
1111 4749
260 2157
1111 2273
2157 3491
1111 4647
2047 2157
1111 4234
2157 3773
1111 2022
2157 3666
1024 1111
2157 4508
1111 2072
2157 2398
1111 4643
956 2157
1111 1434
1861 2157
1111 2660
2157 4961
1111 2046
1282 2157
1111 1638
1959 2157
1111 3247
2157 3471
1111 2143
2157 3387
715 1111
2157 2569
13 1111
1588 2157
1111 4579
2157 2682
1111 1799
2157 3859
1004 1111
1924 2157
953 1111
2157 2895
1111 3194
1107 2157
1111 4674
1056 2157
1111 2239
314 2157
1111 4536
2157 3672
317 1111
457 2157
1111 3117
2157 4735
1111 1439
2157 2481
1111 3466
1710 2157
1111 3956
2157 3502
1111 3183
922 2157
1111 3319
1970 2157
1111 3374
216 2157
870 1111
2157 3241
1111 1637
1053 2157
254 1111
2157 4454
1111 2122
2157 2822
1111 3384
1987 2157
575 1111
2157 2319
1111 1698
1930 2157
1111 4103
2157 3188
475 1111
2157 2349
1111 1253
2157 3129
1111 4986
541 2157
1111 1515
1956 2157
1111 1310
2157 4278
1111 2945
290 2157
1111 2351
2157 3659
1111 1522
977 2157
706 1111
2157 4767
1078 1111
2157 2417
1111 3774
2157 2325
1111 2685
2157 3068
306 1111
2157 4179
1111 1372
2157 2790
1111 3694
1776 2157
1111 3588
399 2157
1111 4096
1048 2157
1111 1594
2157 3684
1111 4297
1720 2157
1111 4997
2028 2157
1111 4206
2157 4175
1111 4878
2157 3448
1111 4620
2157 2893
1111 2645
2157 3138
147 1111
1195 2157
1111 4949
309 2157
109 1111
2157 4822
1111 4080
1886 2157
1111 4710
1060 2157
1111 2469
2157 3514
1111 4841
390 2157
1111 1406
2157 4450
603 1111
2157 3461
1111 4557
1007 2157
924 1111
1693 2157
1111 3771
2016 2157
1111 3418
595 2157
371 1111
2157 3781
699 1111
196 2157
1111 2903
1908 2157
1111 3037
2157 4371
565 1111
2157 4609
30 1111
119 2157
1111 4526
1521 2157
1111 2891
2157 4534
1111 1969
2157 3217
1111 4930
2157 3468
1111 3500
2157 3153
1111 4851
2157 4516
106 1111
2157 2992
393 1111
2157 2409
1111 4308
2157 3219
1111 4562
2157 4984
1111 2841
2157 4003
1111 3705
2157 4867
1111 4375
1795 2157
1111 4301
2157 4652
1111 4055
1294 2157
1111 4558
2157 3827
1111 4253
666 2157
1111 3535
849 2157
1111 2962
2157 4200
1111 3638
1620 2157
1111 4396
997 2157
1111 4564
2157 3599
1111 2687
1901 2157
1111 2372
749 2157
1111 2113
2105 2157
1111 1466
2157 2702
370 1111
2157 3324
1058 1111
2157 4486
1103 1111
1145 2157
1111 2830
2157 3482
1111 2779
2157 4570
1111 1938
2157 3326
1111 2742
2157 3140
1111 1711
2157 3946
1046 1111
233 2157
1111 1862
708 2157
251 1111
1209 2157
1111 2762
2157 3413
33 1111
2157 4382
524 1111
2061 2157
577 1111
1523 2157
1111 3782
2157 3558
1111 3624
2157 3248
1111 2403
2157 4743
1111 4880
637 2157
1111 2473
2157 4981
1111 3577
576 2157
296 1111
2157 4786
1111 4575
1749 2157
1111 4048
2157 4843
871 1111
46 2157
1111 1319
2157 2460
1111 3536
57 2157
91 1111
2157 3262
1111 2528
2157 3924
740 1111
1262 2157
1111 2169
1854 2157
1111 1618
1939 2157
1111 4249
2157 3036
1111 4506
947 2157
785 1111
892 2157
1111 4152
607 2157
428 1111
503 2157
1111 3864
826 2157
1111 3868
2157 2758
1111 1982
770 2157
987 1111
2157 3963
1111 4795
2157 2330
626 1111
1725 2157
791 1111
2157 4212
1111 2130
1625 2157
1111 3315
2157 4298
1111 4968
2157 2641
888 1111
1228 2157
1111 1758
2157 3210
1111 1712
2157 3476
1111 2158
2157 3228
529 1111
2157 4761
1111 2873
2157 4155
1111 4120
1860 2157
1111 4287
1369 2157
1111 1978
957 2157
1111 3550
113 2157
564 1111
488 2157
131 1111
1931 2157
1111 1290
1384 2157
1111 1917
1472 2157
1111 3149
2157 3987
1111 2503
1095 2157
1111 1280
2157 3475
1111 2355
2157 3455
1111 1131
917 2157
1111 1691
237 2157
9 1111
2157 2376
1111 4794
2157 3764
1111 2690
2157 3696
1009 1111
2157 2774
1111 2597
1734 2157
1111 1876
2157 4790
1111 3663
2157 2297
1111 3942
2157 3728
1027 1111
2157 3329
252 1111
2157 3953
1111 3169
325 2157
483 1111
2157 4699
1111 1493
2157 2868
1111 3444
2157 2362
1111 2048
2157 3420
380 1111
2157 4629
1111 2720
2157 4143
1111 3094
2157 4015
704 1111
1017 2157
1111 2218
2157 4895
1111 2153
2157 4566
1111 3656
1255 2157
1111 3474
321 2157
1111 2663
1894 2157
1111 3447
2157 4060
1111 2705
2157 2743
967 1111
1272 2157
1111 3645
2157 2695
1111 1289
2157 3072
1111 2425
2157 2627
266 1111
760 2157
1111 4470
1475 2157
1111 3570
2157 3985
1111 1539
1519 2157
1111 4024
2084 2157
1111 4259
2157 4368
44 1111
2157 4832
78 1111
2108 2157
373 1111
2099 2157
1111 2882
641 2157
489 1111
2157 4582
1111 1449
2157 3539
1111 1782
2157 3220
1111 4071
2157 3388
793 1111
2157 3024
1111 4923
1105 2157
1085 1111
2034 2157
1111 1403
2157 3647
1111 1994
2157 2905
1111 3508
1306 2157
496 1111
2157 4876
1111 1241
259 2157
1111 1258
2157 3154
1111 4359
2157 2352
1111 1767
2157 4376
1111 4739
2157 4523
1111 2023
2157 2628
1111 4221
1690 2157
1111 4281
2157 4764
1111 3576
701 2157
1111 1600
862 2157
1111 1632
2157 4969
1111 2607
1011 2157
1111 2714
2157 4530
1111 3642
2157 3267
1111 3061
1307 2157
1111 1176
261 2157
1111 3203
2157 2303
1111 1438
672 2157
954 1111
2157 3470
1064 1111
2157 4611
1111 2686
2157 4755
908 1111
2157 4146
1111 1981
998 2157
448 1111
2157 4415
1111 4282
895 2157
1111 4521
2157 2842
1111 3437
2157 2692
16 1111
303 2157
1111 1806
2157 3611
1111 2920
2157 4387
262 1111
2045 2157
527 1111
2157 4945
1111 4679
2157 3407
308 1111
2157 3910
644 1111
1162 2157
1111 4309
2157 2815
1111 3331
2157 4600
1111 2223
2157 2734
1111 3100
2157 2424
1111 4142
2157 2859
570 1111
2157 2302
1111 3206
2157 3595
1111 4105
68 2157
1111 2946
2157 4697
1111 4497
2157 4511
1111 1601
2157 4129
1111 2467
2157 3275
1111 2025
2157 3084
1111 1920
825 2157
332 1111
2157 2529
1111 3323
2157 2938
1111 1347
2157 4054
1111 4436
1301 2157
379 1111
2157 3278
1111 1505
2157 4133
1111 4138
1626 2157
771 1111
750 2157
1111 2973
236 2157
1111 2543
2116 2157
343 1111
2157 2183
1111 4978
522 2157
885 1111
1605 2157
1111 2394
602 2157
1111 1524
2157 3290
218 1111
2157 2839
1111 4527
2157 4326
32 1111
2157 3875
1111 2764
2157 2270
1111 3348
206 2157
875 1111
2157 4498
1111 2151
2157 2670
1111 1278
242 2157
664 1111
1592 2157
1111 4337
2157 2688
1111 2499
789 2157
1111 3627
2157 3296
1111 4824
2157 2965
1111 1154
1630 2157
85 1111
194 2157
446 1111
2157 2812
1111 4602
2157 3351
1111 1190
1751 2157
1111 3662
1905 2157
1111 4065
2157 4815
1111 2553
1101 2157
1111 1529
2157 2592
1111 1778
50 2157
1111 1234
2157 4688
1111 3634
2157 3722
1111 2346
2157 4113
1111 1508
2157 2217
1111 2718
2157 3189
1111 4042
2157 4477
1111 4353
589 2157
1111 1538
996 2157
1111 2998
991 2157
1111 1762
2157 3115
1111 1281
2157 2603
1111 2723
2157 3863
1111 3328
1346 2157
534 1111
2157 3309
1080 1111
2157 3922
1111 1470
1180 2157
1111 2320
2157 2582
1111 1273
2157 4289
1111 3993
2157 3513
1111 2911
2157 4339
1111 1486
1026 2157
1111 1562
2157 2925
1111 2621
1829 2157
1111 3760
2157 3715
579 1111
2157 4518
633 1111
1824 2157
161 1111
2157 3019
1111 4402
2157 3918
1111 3164
1132 2157
1111 4269
630 2157
1111 2377
94 2157
198 1111
1999 2157
1111 1676
2157 2461
170 1111
530 2157
880 1111
2157 2599
313 1111
1401 2157
55 1111
2157 2576
1111 1408
2157 4547
1111 4583
481 2157
421 1111
2157 3081
1111 2972
2157 3362
1111 2159
1512 2157
1111 2676
2157 4807
1111 3869
962 2157
192 1111
2157 4943
1111 3528
1728 2157
1111 1526
2157 3489
1111 2447
2157 4751
470 1111
1846 2157
1111 2699
725 2157
1111 1358
2157 2561
1111 1140
2157 3259
1111 4676
946 2157
1111 2704
1988 2157
1111 2824
146 2157
1111 1921
1898 2157
695 1111
2157 4726
841 1111
2157 4747
920 1111
1582 2157
1111 1820
2032 2157
835 1111
2157 4833
1111 4763
1149 2157
1111 3438
142 2157
1111 4252
1996 2157
1111 1578
2157 2731
811 1111
2157 4689
1111 1191
2157 4122
1111 1616
311 2157
1111 2598
1329 2157
1111 1848
2157 3978
1111 2761
2157 3065
884 1111
2157 3958
797 1111
2157 2876
464 1111
1709 2157
593 1111
2157 4328
1111 2184
723 2157
1111 3168
745 2157
1111 2435
2157 2298
551 1111
2157 3327
1111 3258
1662 2157
1111 3915
276 2157
1111 1546
2157 2784
1111 4585
171 2157
1111 2525
219 2157
1111 3126
2157 3063
1111 3738
1226 2157
983 1111
1872 2157
1110 1111
1236 2157
1111 1167
2157 2450
1111 3677
2157 4405
919 1111
2157 2771
1111 4709
536 2157
1111 3923
2157 2558
1111 2220
2157 2935
600 1111
1727 2157
1111 1332
2157 3498
154 1111
508 2157
350 1111
2157 2609
631 1111
1548 2157
531 1111
2157 3021
1111 2587
1402 2157
353 1111
2157 4687
1111 2532
2157 2625
1111 3906
856 2157
1111 2117
2157 3867
1111 2827
2157 2844
1111 4112
1674 2157
943 1111
2157 2808
1111 1117
2157 2884
1111 2950
2157 2748
1111 2907
2157 4792
765 1111
2157 4140
817 1111
2157 3450
1111 4680
2157 4772
1111 4762
663 2157
1111 3345
2157 3201
1111 3440
2157 4091
1111 3951
2157 4664
1111 4839
2157 3307
1111 2405
2157 4106
578 1111
2157 4373
22 1111
858 2157
1111 1426
473 2157
569 1111
2157 4427
1111 4322
2157 4134
47 1111
2157 3053
1111 1489
2079 2157
1111 2054
1308 2157
1111 2889
2157 4835
1111 2719
2157 3619
1111 3969
584 2157
1111 2696
1370 2157
1111 4665
783 2157
915 1111
2157 2932
1111 1743
2157 2284
1111 2649
159 2157
1111 2802
2157 3737
1111 2285
926 2157
1111 3811
1393 2157
1111 4067
2157 4104
1111 3273
1549 2157
1111 4149
102 2157
1111 4887
2157 4209
459 1111
2157 4754
1111 4001
123 2157
31 1111
2157 3884
1111 2877
28 2157
1111 1603
2157 2370
1111 2811
2157 4437
239 1111
2157 4630
1111 4181
1887 2157
368 1111
2157 3322
1111 2278
2157 4446
1111 1240
2157 3639
1111 2874
2157 2462
166 1111
2080 2157
1067 1111
1756 2157
1111 1113
2157 3055
274 1111
517 2157
1111 4204
2157 3205
1111 1754
492 2157
1111 3213
1577 2157
1111 3538
1995 2157
1111 4482
2157 4088
1111 4315
2031 2157
1111 2197
1723 2157
1111 1934
310 2157
1111 2710
2157 2193
556 1111
2157 3608
1111 4766
795 2157
37 1111
2157 4066
1111 1364
438 2157
1111 1966
2157 4491
1111 3343
2157 3648
1111 2252
2157 2633
1111 4778
2157 4552
1111 2730
751 2157
648 1111
2157 4844
1111 2291
1813 2157
1111 3221
1400 2157
1111 3885
1541 2157
635 1111
2157 3381
1111 4953
2157 3801
1111 3229
2157 4906
1111 2124
559 2157
1111 2163
2157 3776
1111 3723
2157 4760
1111 3670
352 2157
1111 3757
2157 4039
1111 1781
2157 3798
1111 3428
1015 2157
1111 3626
1016 2157
1111 3783
1389 2157
1111 4914
2157 4934
1111 4361
2157 4261
1111 4435
1244 2157
1111 2211
553 2157
1111 2092
574 2157
1111 1670
537 2157
461 1111
2157 3077
1111 4879
2157 3427
1111 3561
2157 2422
1111 1580
2157 2201
1111 4902
2157 2832
1111 4634
2157 3146
1111 2367
2157 2559
1111 1469
416 2157
1111 1292
2157 4571
1111 2337
280 2157
1111 1442
2157 3980
1111 1967
2157 3569
1111 1122
2138 2157
105 1111
1695 2157
1111 3940
2157 3443
1111 1678
2157 2952
1111 2648
2157 4853
1111 3160
2157 3105
1111 2365
2157 4890
1111 3676
2157 3025
525 1111
2157 3398
49 1111
2157 3162
1111 4805
497 2157
1111 1962
2157 4347
1111 1943
2157 4342
1111 3148
2157 3338
384 1111
2157 2457
1111 2248
389 2157
1111 4230
1687 2157
1111 2207
2157 2608
1111 4030
1093 2157
1111 4357
2157 2464
1111 1877
2157 3192
1111 2518
2157 2366
291 1111
901 2157
1111 1741
2157 4013
1111 2306
122 2157
1111 1252
2157 2985
150 1111
2157 4904
1111 4016
2157 4720
1111 1205
515 2157
1111 2465
1895 2157
1111 3658
587 2157
1111 2514
484 2157
1111 1120
2157 4703
1111 2129
2049 2157
1111 4081
622 2157
1111 1624
1944 2157
1111 2590
1001 2157
1111 3759
2157 4277
184 1111
2157 3742
814 1111
716 2157
250 1111
1957 2157
1111 2853
2157 4791
1111 2767
887 2157
1111 4178
2157 2338
1111 1663
2157 4645
1111 4248
1932 2157
1111 1835
2157 3462
1111 1263
2157 2941
1111 2027
2157 3899
1111 4263
2157 4962
1111 4912
2157 2539
61 1111
1817 2157
1111 2310
211 2157
1111 1199
1202 2157
1111 2752
2157 4319
766 1111
38 2157
1111 1127
2157 3935
1111 4132
958 2157
1111 2954
2157 4682
1111 1664
1766 2157
1111 2632
2157 4677
318 1111
1560 2157
1111 3733
860 2157
1111 2615
2157 2638
1111 2315
2157 4128
1111 2509
1124 2157
1111 2781
2157 3456
1111 4476
2157 4690
1111 2432
2157 2658
1083 1111
2157 3748
1111 4623
980 2157
1111 1642
2157 2572
1111 3741
2157 2610
449 1111
2157 4356
1111 1893
2157 4847
1111 2490
2157 4255
1111 1644
905 2157
1111 4216
2157 2661
255 1111
857 2157
1111 1821
2157 2897
1111 2684
2157 2700
1111 2722
2157 4551
1111 1268
437 2157
1111 3419
121 2157
1111 4840
2157 3991
1111 2231
2157 4559
1111 1459
429 2157
1111 3415
1266 2157
1111 2210
1748 2157
1111 4257
1571 2157
1111 2466
337 2157
1111 2679
2157 2164
1111 1716
2157 2749
854 1111
521 2157
657 1111
1656 2157
1111 1495
1742 2157
1111 1377
2157 2721
392 1111
2157 2283
1111 3812
2157 4793
1111 1584
1833 2157
1111 4604
2157 3300
1111 1297
2157 3751
1111 3534
2157 2778
1111 1213
2157 2530
1111 4856
2157 4333
1111 4493
1398 2157
1111 1845
2157 3285
1111 2916
2157 2831
1111 4345
8 2157
1111 4449
2157 3631
1111 4479
735 2157
1111 1451
2157 4256
1111 4481
100 2157
1111 2926
2157 3110
1111 3163
2157 3281
1111 3865
904 2157
1111 2437
1997 2157
1111 4369
2157 3255
5 1111
1811 2157
1111 3333
1796 2157
1111 3861
2157 3743
1021 1111
2157 4386
1111 1814
2157 2620
1012 1111
1926 2157
63 1111
347 2157
17 1111
2157 4165
1111 2898
2157 4973
139 1111
1875 2157
246 1111
2157 2681
1111 4243
401 2157
424 1111
2157 4163
1111 3336
2157 2494
1111 1274
2157 2452
1111 3165
2157 4101
65 1111
1715 2157
1111 4160
2146 2157
1111 2783
1000 2157
1111 2613
1879 2157
1111 2179
2157 3552
1111 4166
1654 2157
1111 3553
2157 4393
722 1111
283 2157
1111 2307
1791 2157
1111 3784
362 2157
1111 4064
2157 2245
1111 4220
2157 2451
1111 1418
2157 3424
1013 1111
2157 2858
1111 3571
2157 2427
1111 2789
1825 2157
1111 4124
2157 2772
718 1111
155 2157
1111 2246
863 2157
512 1111
2157 3087
1111 1837
456 2157
1032 1111
2157 2751
1111 2614
1375 2157
1111 3480
2157 3802
1111 2287
2157 3700
1111 4857
454 2157
1097 1111
2157 4596
1111 1836
285 2157
1111 2821
2019 2157
1111 3179
2157 4040
1111 1602
2157 2404
1111 1855
2157 3808
1111 3301
2157 4731
941 1111
2157 4524
1111 2724
2157 3483
1111 1394
281 2157
1111 1456
1203 2157
66 1111
2157 2791
1111 4009
2157 3279
1111 4608
2157 3386
1111 3559
2157 4159
304 1111
2157 4770
1111 4028
2157 2426
1111 1125
2157 3573
1111 2653
1950 2157
1111 1823
1853 2157
467 1111
1242 2157
1111 4700
1858 2157
1111 2055
190 2157
1111 4453
2157 3780
1111 2890
2157 4254
1111 3334
2157 3840
1111 2642
2157 3943
1111 4341
2157 3314
1111 3688
2157 3265
1111 4177
790 2157
1111 4695
1960 2157
1049 1111
1822 2157
1111 3191
2157 4292
618 1111
2157 3238
1111 1238
2157 4531
1111 1251
2157 3930
1111 4478
434 2157
1111 1752
2157 3141
1111 2392
432 2157
1111 4242
1018 2157
1111 1366
6 2157
1111 4883
2157 2204
1111 3492
2157 3791
213 1111
23 2157
1111 2274
1052 2157
1111 4335
2157 2786
1111 2845
520 2157
848 1111
2157 2977
1111 1239
2157 4154
1111 4276
1340 2157
1111 3422
2157 4158
1111 2101
2157 3099
1111 1623
2157 4365
1111 4736
2044 2157
199 1111
357 2157
1111 1314
827 2157
1111 4671
2157 2828
645 1111
2157 3616
168 1111
755 2157
1111 2913
223 2157
1111 4367
779 2157
1111 3948
1585 2157
1111 4941
688 2157
1111 4756
2157 4569
1111 4669
120 2157
1111 4038
2157 3585
1111 3992
2142 2157
1111 1357
2157 4907
1111 4211
2157 2611
897 1111
823 2157
1111 3434
995 2157
1111 1527
606 2157
1111 2076
1974 2157
1111 1270
2157 2956
874 1111
2157 3306
1111 3173
1640 2157
1111 1130
2088 2157
1111 2004
2157 2554
1111 4656
1990 2157
1111 3287
81 2157
1111 2411
514 2157
1111 1367
1557 2157
1111 4918
1760 2157
1111 3874
1636 2157
322 1111
2157 2290
1111 2147
2157 3637
1111 2519
2157 4307
1111 4213
1091 2157
1111 2497
882 2157
1111 2170
2157 4035
1111 1633
383 2157
1111 4909
1564 2157
1111 3574
2157 4272
1111 1610
2157 2527
137 1111
2157 4413
1111 2342
2157 4774
363 1111
567 2157
1111 2535
2157 3399
1111 4157
2157 4999
1111 3778
2157 2240
1111 4228
1852 2157
1111 3086
2157 2459
1111 2097
1635 2157
1111 3433
108 2157
1111 2011
187 2157
774 1111
2157 4788
1111 4045
2157 3703
1111 3284
27 2157
861 1111
2157 2368
1111 1543
533 2157
1111 1354
2157 2837
1111 1732
2157 4964
355 1111
333 2157
1111 1432
1373 2157
1111 2282
241 2157
539 1111
736 2157
1111 2795
2157 4136
1111 3543
1738 2157
1111 1683
382 2157
1111 3487
2157 4658
1102 1111
1849 2157
482 1111
2058 2157
1111 1566
2157 4097
1111 1771
2157 4044
711 1111
2157 4148
423 1111
2157 2167
1111 1186
1298 2157
1111 2671
1586 2157
1111 1910
418 2157
36 1111
1627 2157
1111 2396
1958 2157
1111 4363
1828 2157
1111 4617
2033 2157
1111 1468
2157 3035
1111 4905
2157 3556
1111 3727
2157 4401
1111 2256
2157 2288
1111 2238
693 2157
1111 1685
2157 2933
1111 2848
2157 3767
1111 1989
2157 2232
1111 2279
2157 3166
378 1111
1731 2157
1111 1264
1128 2157
1111 3949
2157 3170
1111 1516
2157 3810
124 1111
2157 2391
165 1111
2157 3118
1111 3622
2157 3074
1111 4494
1378 2157
1111 1531
1565 2157
1111 2077
2157 2513
1039 1111
2157 3651
1111 2799
2157 2501
1111 3824
2157 2333
1111 3793
2157 3365
1111 3139
2157 4083
1111 1350
2157 3916
780 1111
2157 2971
1111 2942
2157 3532
90 1111
2157 2662
1111 2640
2157 4621
818 1111
2157 4300
1111 2958
2157 3429
1111 3297
2157 2413
1111 3316
2157 2986
1111 4826
2157 3182
1111 1326
431 2157
1111 4334
2157 4378
1111 1147
2157 3341
617 1111
228 2157
889 1111
2157 2321
1111 1196
2157 3836
994 1111
2157 2990
1066 1111
608 2157
1111 3261
2157 3216
1111 2141
2157 4789
1111 4639
2157 2502
1111 3277
1851 2157
1111 3644
494 2157
1111 1961
71 2157
1111 1513
441 2157
1111 1770
2157 3204
1111 1214
2157 3981
1111 4842
2157 4430
1111 1598
2157 3060
1111 4311
2157 4550
1111 3516
1182 2157
1111 2803
2157 2483
938 1111
2157 4490
1111 1787
132 2157
1111 2880
2157 2472
1111 3266
3 2157
1111 2400
2157 3729
1111 4130
1084 2157
546 1111
2157 3107
836 1111
1679 2157
1111 2548
2157 2455
1111 4141
2157 2940
1111 2654
2157 3017
1111 2067
2157 3921
116 1111
2157 3970
1111 4336
2157 4631
690 1111
1146 2157
1111 1405
1730 2157
1111 4380
440 2157
79 1111
2157 2836
1111 1918
2089 2157
1111 2136
2157 3792
1111 3686
2157 2492
833 1111
180 2157
1006 1111
2157 3944
1111 1838
2157 4346
1111 3903
1726 2157
1111 4381
2157 3795
1111 4245
2157 3914
628 1111
1028 2157
1111 4982
2157 4662
719 1111
2157 2927
1111 2616
2157 4799
1111 2988
405 2157
444 1111
2157 2970
1111 4075
2157 3134
1111 1629
2157 3254
1111 3043
133 2157
1111 2305
2157 3167
831 1111
2157 2974
1111 2259
2157 2647
1111 2934
2157 2166
1111 2249
1218 2157
1111 3828
1174 2157
1111 4532
2157 4848
1111 2364
2157 3973
1111 4203
203 2157
1111 1915
2157 4723
1111 1429
2157 4312
1111 3291
739 2157
487 1111
2157 3423
1111 1899
2157 4439
376 1111
87 2157
1111 4100
588 2157
1111 3473
1296 2157
1111 3357
2157 4513
1111 1343
1980 2157
1054 1111
2157 4182
1111 1804
2157 3372
1111 3894
2157 4286
275 1111
821 2157
1111 1552
834 2157
1111 3630
1471 2157
1111 3038
2157 4002
243 1111
59 2157
1111 4917
778 2157
1111 2943
2094 2157
450 1111
1675 2157
1111 3853
2042 2157
1111 3843
104 2157
1111 4391
2157 2401
107 1111
2157 3678
1111 4684
2157 4354
1111 4692
2157 3835
324 1111
2157 2596
1111 4395
2123 2157
1111 3361
2157 3303
1111 4966
2157 3379
675 1111
2157 3366
1111 1733
2157 4370
1111 1275
2157 3481
1111 2635
2157 3823
1111 1520
975 2157
571 1111
2157 3298
1111 2716
2157 3994
1111 2631
2157 3882
1111 1686
361 2157
1111 2536
2157 3007
1111 3580
436 2157
1111 2106
2157 3763
1111 1457
2157 2228
1111 1699
2157 3590
1111 4403
754 2157
1111 2041
936 2157
407 1111
2157 2600
526 1111
2157 4168
1111 1802
1780 2157
26 1111
227 2157
1111 1458
2115 2157
1111 2967
2157 3089
1111 1151
2157 3920
1111 1740
374 2157
1111 4092
2107 2157
4 1111
1212 2157
1111 3762
232 2157
97 1111
2157 3390
42 1111
2063 2157
662 1111
1341 2157
1035 1111
2157 3707
1111 4598
2053 2157
1111 2937
2157 2340
1111 3511
2157 4885
162 1111
1737 2157
1111 4708
2157 2871
1111 4047
2157 4062
1111 2904
2157 4432
1111 4683
2157 2732
270 1111
2157 4443
1111 4383
717 2157
451 1111
2157 2495
1111 3051
2157 3541
1111 4750
2157 4539
1111 4501
1942 2157
1111 3567
2157 2359
1111 3525
2157 3947
1111 4592
1165 2157
619 1111
395 2157
859 1111
1227 2157
1111 2776
1843 2157
1111 2482
1554 2157
1111 3657
1628 2157
1111 4830
2157 2951
1111 2277
2157 4273
1111 1248
1648 2157
1111 4724
1805 2157
1111 3073
1222 2157
1111 2024
2157 4599
1111 1669
934 2157
1111 4459
2157 3613
20 1111
2157 3102
1111 2199
2157 3697
1111 1650
2157 2258
1111 4074
2157 3339
1111 2173
1761 2157
1111 3522
2157 2768
1111 2851
2157 4613
1111 4398
52 2157
1111 4330
2157 2669
1111 3772
2157 2573
1111 4082
2157 3926
1111 3342
2157 4915
1111 3242
1427 2157
1111 2888
1462 2157
1111 1507
1223 2157
299 1111
2157 4135
1111 4318
808 2157
1111 2866
2157 2960
1111 1416
2157 2741
265 1111
1864 2157
1111 4191
2157 3719
1111 3730
2157 2456
305 1111
2157 2384
1111 2902
143 2157
1111 1951
2157 3939
1111 4258
1867 2157
1111 4171
2157 2463
1111 3896
2157 4456
1111 2192
365 2157
1111 4185
2157 3005
1111 1765
837 2157
1111 3004
709 2157
867 1111
2157 3070
1111 4525
2157 4983
182 1111
207 2157
1111 3159
2157 3368
1111 3186
2157 4533
1111 2331
458 2157
705 1111
2157 3506
1111 2993
1215 2157
1111 1158
2157 3378
1111 3406
2157 4653
787 1111
2157 2334
1111 4565
80 2157
1111 4704
2157 2726
1111 2875
509 2157
1111 3568
2157 3445
1111 1249
2157 3704
671 1111
2157 2570
1111 4202
978 2157
713 1111
1293 2157
792 1111
1269 2157
1111 2272
829 2157
925 1111
1077 2157
1037 1111
2157 3592
1111 3064
2157 2234
210 1111
2157 4520
1111 2407
2157 4377
1111 1659
2157 2244
1111 4889
2157 4586
1044 1111
2157 3929
1111 4517
413 2157
1111 1135
152 2157
1111 3821
2157 3022
1111 2379
264 2157
598 1111
649 2157
1111 4626
1189 2157
1111 2128
1681 2157
1111 3945
2157 4860
830 1111
2157 2870
1111 4239
2157 4406
1111 2659
1819 2157
1111 3458
1424 2157
1111 4195
2157 3190
877 1111
2157 4712
1111 1317
2157 2271
1111 2253
426 2157
1111 2127
2157 3841
1111 1363
1192 2157
1111 1646
2157 3878
1111 4591
2157 3015
1111 3453
34 2157
1111 4492
2157 4578
1111 4422
669 2157
1111 3754
2157 2901
84 1111
1518 2157
1111 4023
366 2157
1111 3701
1794 2157
1111 1841
2157 4561
1111 4384
2157 3264
1111 4655
2157 2406
1111 3256
2157 2807
230 1111
2157 4227
1111 3125
2157 3028
1111 3085
188 2157
1111 2500
2157 4472
1111 4721
2157 2910
679 1111
2157 3990
1111 2074
2157 4076
1111 3604
2157 3833
472 1111
2157 2505
1111 1235
1504 2157
1111 2375
1161 2157
549 1111
2157 2796
1111 1485
2157 2444
1111 3600
738 2157
1111 3174
2157 2792
660 1111
1497 2157
1111 1387
2157 4888
1111 3897
2157 4820
869 1111
1443 2157
1111 2083
2157 4825
1111 2567
2157 4705
1111 4644
2157 3310
1111 4818
2157 4567
1111 2818
2157 3826
1111 3777
2157 4972
909 1111
1909 2157
1111 3212
1169 2157
1111 3770
2157 4236
1111 3628
2157 3668
1111 2458
2157 3244
1111 3583
1087 2157
1111 4951
2157 4640
1111 4811
627 2157
1111 1880
2157 3003
1111 1285
781 2157
1111 2864
2157 4268
1111 2618
1567 2157
1111 3215
2157 3496
1111 3591
2157 3337
1111 1323
605 2157
1111 2755
2026 2157
1111 3834
2157 2750
1111 2293
2157 2390
1111 1963
784 2157
1111 1705
2157 4186
1111 1913
798 2157
775 1111
2157 3941
1111 1700
2157 2712
1111 1869
2157 2794
1062 1111
2157 2255
1111 4293
2157 2421
1111 3257
2157 2439
763 1111
253 2157
1111 4874
2157 4420
1111 3721
2157 4916
1111 1534
1133 2157
1111 3640
1379 2157
1111 4581
2157 4886
1111 3097
2157 4466
1111 3108
2157 2221
1111 4899
2157 4948
757 1111
2157 2872
1111 2002
1415 2157
1111 2606
2157 3318
1111 2506
2157 3147
1111 2275
550 2157
1111 3512
2157 3078
1111 1724
2157 2487
1111 3460
289 2157
1111 2161
2157 4480
1111 3209
812 2157
1111 2991
2157 3486
1111 2672
2157 4589
1111 4214
178 2157
1111 4438
2157 3675
336 1111
2157 4408
990 1111
2157 2651
500 1111
2157 3989
1111 2126
1327 2157
658 1111
2157 3494
1111 2484
732 2157
1111 1414
2013 2157
1111 4554
2006 2157
1111 4089
2157 4998
1111 4069
2157 3270
1111 4210
2157 3131
1111 2650
1385 2157
1111 4777
2157 2733
1111 4673
659 2157
1111 2267
340 2157
566 1111
726 2157
665 1111
2157 3965
1111 2266
2157 4903
95 1111
1257 2157
1111 2294
477 2157
92 1111
1779 2157
1111 4757
2157 4290
1111 3908
2157 4407
1111 3766
568 2157
1111 4528
1735 2157
1111 4046
2157 3685
1111 1891
1386 2157
1111 1882
2157 3693
273 1111
2157 4423
1111 2190
2157 4597
1111 3587
2157 4231
819 1111
759 2157
1111 3059
2157 3936
1111 4940
2157 3214
1111 2833
2157 3842
1111 2389
2157 2260
1111 4635
764 2157
1111 3838
2157 2735
1111 2713
2157 2813
1111 3809
2157 3411
1111 1421
2157 2929
1111 1476
2157 2855
1111 2578
2157 2886
1111 3009
2157 4344
1111 1807
974 2157
1111 3752
2157 3968
1111 2994
772 2157
141 1111
2157 3431
1111 3373
1050 2157
1111 4967
2157 4418
1111 3202
572 2157
1111 3067
2157 2908
1111 4729
2157 2583
174 1111
2157 4877
1111 3082
2157 2418
1111 3058
2157 4650
1111 1362
1977 2157
1111 4018
2157 3790
776 1111
2157 3669
417 1111
1460 2157
1111 1311
1194 2157
1111 2361
279 2157
1111 3026
850 2157
1111 4162
2157 4084
1111 1134
2157 4196
876 1111
734 2157
1111 1164
842 2157
1111 3417
2157 3967
1111 2408
103 2157
1111 1171
720 2157
1111 2257
2157 3171
611 1111
2157 2344
1111 2056
843 2157
1111 1645
976 2157
1111 1993
2157 2263
1111 1361
2157 4519
624 1111
2157 3521
222 1111
2157 3786
1111 2579
2157 3066
1111 4637
1170 2157
1111 2923
452 2157
1111 4327
2157 4828
19 1111
2157 2709
1111 4868
2157 3071
1111 3096
2157 3689
1111 3779
873 2157
891 1111
2157 2798
1111 4237
2157 2568
1111 2073
1902 2157
1111 3410
822 2157
88 1111
2157 3195
1111 1483
300 2157
1111 2171
1156 2157
1111 1201
557 2157
1111 4871
2157 2209
896 1111
2157 4649
312 1111
2157 3490
1111 2251
670 2157
1111 3369
2157 4284
1111 3807
1759 2157
1111 1747
2157 2788
1111 1903
2157 2655
271 1111
2157 3112
1111 1295
1309 2157
1111 4390
82 2157
359 1111
2157 3376
1111 3288
2157 2566
1111 1172
2157 4796
1111 2415
387 2157
1111 2989
2157 4325
1111 3034
2157 2964
1111 1906
2157 3245
1111 1801
2157 4468
1111 3907
1452 2157
561 1111
2157 4251
1111 1467
743 2157
334 1111
2157 3542
1111 2996
240 2157
1111 1558
894 2157
1068 1111
1826 2157
1111 2191
2157 2577
1111 3020
2157 3979
1111 3964
2157 3959
1111 3654
2157 2806
1111 3488
1916 2157
1111 3529
2157 3459
1111 3531
2009 2157
1111 2119
2157 3198
1111 2168
2157 4858
1111 1279
2157 3687
1111 3520
2157 4901
1111 3900
2157 2335
1111 1138
1655 2157
1111 4920
2157 2339
1111 2693
2157 4462
1111 3380
1335 2157
1111 4169
2157 4744
1111 2575
1450 2157
1111 1912
2157 4713
221 1111
2157 4362
229 1111
1581 2157
1111 1185
1653 2157
1111 2861
2157 4019
1111 4095
2157 3308
1111 1928
2157 3045
1111 4782
1834 2157
1111 3504
2157 4618
1111 3236
2157 3527
1111 4225
2157 4769
1111 1998
796 2157
1111 2008
2157 2386
179 1111
2157 3954
1111 2816
685 2157
1111 4372
1428 2157
1111 3403
2157 4725
1111 2102
2157 4485
1111 4041
2157 3720
1111 2419
816 2157
1111 2410
1139 2157
1111 3982
433 2157
1111 2268
2157 2475
582 1111
2157 4663
1111 1509
181 2157
583 1111
2157 3804
1111 2563
2157 4222
1111 3584
746 2157
1111 4464
469 2157
1111 4946
2060 2157
1086 1111
1055 2157
1111 1510
118 2157
1111 4797
1689 2157
1111 2428
2157 3472
1111 1197
639 2157
597 1111
2157 4771
1111 2747
2157 4931
1111 3375
813 2157
319 1111
2157 4776
1111 3224
2157 4727
1111 2777
2157 4580
802 1111
153 2157
1111 3501
1954 2157
1111 4861
2157 4753
1111 3547
391 2157
1111 3394
1224 2157
1111 2997
1677 2157
1111 3533
2157 4992
257 1111
2157 4963
1111 2912
2157 2924
1111 1784
2104 2157
1111 1929
1109 2157
1111 4358
1487 2157
1111 1302
2157 3135
906 1111
2157 3193
1111 3268
2021 2157
1111 3860
2157 4733
1111 1946
1878 2157
1111 4167
2157 2515
1111 4014
2157 2478
963 1111
1040 2157
1111 4099
2157 3578
1111 3886
287 2157
1111 2922
2157 4780
1111 4784
1871 2157
1111 2096
2157 2420
1111 2327
328 2157
1111 4314
1119 2157
1111 1597
1073 2157
1111 3465
2157 4317
263 1111
2157 2634
1111 1345
1034 2157
1111 3240
2157 3660
1111 1607
2157 4666
1111 3846
2157 3768
298 1111
2157 2542
173 1111
1985 2157
1111 4846
2157 3175
1111 4455
2157 4116
1111 1112
2157 3925
1111 3732
1503 2157
1111 2574
2157 3517
466 1111
2157 3545
1111 4514
2157 2770
899 1111
907 2157
1111 3717
777 2157
1111 4800
1245 2157
1111 2347
2157 3806
1111 3405
1250 2157
1111 4495
868 2157
1111 4291
852 2157
1111 2371
164 2157
1111 1465
356 2157
1111 1643
2135 2157
1111 3519
993 2157
1111 1818
2157 4433
1111 1410
2157 4058
1111 1157
2157 2701
1111 3385
2157 3805
1111 2198
2157 4619
1111 4545
2157 3890
691 1111
2157 3382
1111 1788
400 2157
1111 4553
2157 2840
1111 4147
1284 2157
1111 1839
2157 3750
591 1111
2157 2825
388 1111
2157 3103
406 1111
2157 4176
1072 1111
674 2157
1111 1772
2157 2237
1111 4246
398 2157
1111 2982
2157 3927
474 1111
2157 2931
86 1111
2157 2350
1111 2595
1965 2157
642 1111
999 2157
1111 4267
2157 4660
1111 2177
98 2157
1111 2387
403 2157
1111 2065
2157 2887
1111 3745
2157 4504
1111 1952
307 2157
282 1111
214 2157
1111 2241
851 2157
1111 4144
2078 2157
1111 2930
516 2157
286 1111
2157 3467
1111 1859
2157 3909
1111 3524
727 2157
1111 3011
2157 3079
1111 1992
2157 4194
1111 2504
2157 3143
1111 2995
425 2157
1111 1832
1383 2157
1111 2038
2157 2667
1111 4849
