5000
]]]][[[]]]]]]]]]][][[[[][]][]]][[[[[]][[[[]]]][[[]]]][][[[][[]][][[][][][[[]][][][][[]][[[[[][[[][][[[[[]][[]][][][[[][][]]]]][][][]][[][]][][[[]][][][[]][]]][][][]][[][[[[[]][][[[]][]][][][][][][[[][][][[[][[][[]]][[[][[[[[]][][]]][][]][[[[[[]]][][[][[]][[]]]][[[[][][[[]][[][]]][[[[][[[]][]][]][[[[[]][[][][[[][[[[]]]]]]][][]][]]]][[[][[[]]][]][]][][[][[]]]][[]][][[[][[][[[][[[]]]]][][]]][[[[][[]][[[[][][][]][[[][][][][][[[[[[[][[][[][]]]][][[[]]][][][[][[]]][]][][[[[]]]][[]]]]][]][]][][][][]]]][][[[][]]]][][[][[][]]][][[[]][][[[]][[][[[][][][[[[[[][[][][[]][[[]]][]]]][][]][[[]][][]][]][[][]]][][]]]]][]]][][][[]]]]][][][]]][]]][[[[][[[[][[[[[]]]][[][[][][][[][[][[[][[[[[]][][][[[[]]][[[[][[]][][[][][][[]][[]]]][][[]]][[[][][][[][][[]]][][[][]][][[[[]]][][]]]][[[][]]][]][][][[[][]]]]]]]][]][]][[[[[[]]]]]][][]][]][[][[[][][]][[][][[[[[[]]][[][][[[[]][[[[]][[]]]][[[]][[[[][]]][][[[][]][]][]]][[[[[][[]][][[[][[[[[]][[]]]]]]][[]][][][[]][[]]][]][[][][[]][[][[[[[[[][[[][[][][[][[]][][[]]]]]]][[]][]][[]][]][[[]][]][]]][]]][[[]][][]]][]]][]]]][][[[]][][][][]]][[][]]]][][[]]][]]]][][][][]][[]][]][][][[[[]][[][]]]][][[]]][][[[][[[[[[]][[[]][[]]][[][][]]]][]]]][]][]]]]]]][[[[[[[]]][][][[][[][]]]]]][]][]][]][[[]]][[]]][[[]]][]]][[][][]]]][[[]]][[]][[[]][]][[[[][[[][[]]][][[[][[[[]][[[[]]]][[][][]]][[]]][][]][[[[][[]][[][[]]][[]][[]][[[][[][[[]][[[]][[][][]][][]]]]][[][[]][][[][[[[[[]][[[]][[[][][][]]][][[[[]]][]]][[[[]]]]][[][]]]][[]]]][[]][[]][]][][[][]][[][[[[[][[[]]][[[][[[[[]][]]][[]][][]][[[][[]]]]]]][][]]]][[[][[[[]][[][[[][[[]]]][][][]][][[[]][]][[][[[][]]][[[]]]]]][[[][]]][][[[][][][[][]]][[]]]][[[][][[]][[[]]][[[][[[[[[][[[[[][[[[[[[[][]]][[[][[[]]]]]]][]]][]]][[]][][[]]]]]]]][]][][]][][[[[[[]]][[]]][[]]]][[[[[]]]]][][][[[]]]][]]]][[]]]][[][][]]][[][][]][][]][[[[][[][][[[]]][]]][]]][][[[[]][]]][[]]]][[]][[[][[[[][[[[[[[]][]][][[]][[][]][]]][][]][]][][][]][[[][][][[]][[][[]]]]]][[[[[][]]][[]]][][]]][]]]][[][[][[][[[]][][]][[][]]]][[[[[]]][][[[[[[[[[[[[[[]][[]]]][[[[][[]]][][]][][][]]][[][[][[[]][]]][[]]]][[]]]][[][[][[]][][[][]][]][]]][]][[[][][][[[]]][]]][]][[[[[[]]][][]][]][[][[]]][]]]][[[][[[[]]][][[][][]][[]][[[]]][[][[[][][[[[[]][[[][[[[[][[[[][[[[[[]]]]]][]][][[[[]]][][]][]][][]][]][]]]][]][]]]]]]]]]][[[]]]]][[]][][]]]][][]]][][]]]][[]][[]]][[][]][[[]]]][[[]]][[[][[][]]][][[[[[][][[][]][]]][][][]][][]]][[[]]][][][[][][[][[[][[][[]][[[]]]][][[[[]][]]][[[][][]][][[]][[[]][]][[[][]][[[[]][]]]]]][]]][[[][][[]][]]][][[[[[[[[[]][]][[[[]]]][][][[[[]][[]]]][[[[]]][]][[][]]][[]][]]][]]][]][[][[[[[][[][][]][[[][[]][]]][]][][[[[[][][]][][[][]][[[][]]][[[][[]][][[[]]][]][]][[[[][[[[]][[][[][]]]]][]]][[[[[[]]]][[[[][][][[]]]]][][]][[[]][][[]][]]]]]]]][]][][[]][]][]]][[[][]][]]][]][][]]][]]][]][[][[][[]][[[]][[[[][[]][[][][[[][[[][[[]]]]][][[[[]][][][[][][[[][][[[[[[]][[]]]][[[][[[]]]][][[[[[[[]][[[[[]]][]]][[]][[][[][][]][[[[[]][][]][[[][[[[]][]][]][][[[[[[][[][][[[][][]][]][[[[[][][]][[][]]]][]]]][][]]][][[[[][[[][[][][[[][[[]]]]]][]][]][]]][[]]]]][]][[]]]][]][[]][]]]]][]][]]]][[][[[[][[]]]][]]]]][][[][][][[]]]][]][]]][[][][]][[]]]]][[][]][[][[]][][]][][]][][[[]]][]]]]]]]]][]][[][[][]]][[[[[[[][[[[[][][][[[[[][]]][[][]]]][[[]]]][][]]][[][[]][][[[[[]][[[][[[[[]]]][[][]][][]][[][[]]]][[][[]][[]]]][][][][[[]]][[][[][[][[[[]]][[[]]]]]]][[]]]]][[][][[][][[[]]]][]]]]]][[][]][]][]][]]][[[]]][]]]][[[]]]][[]]][][[]][][]][[[][][][[]]][[][]]]][[][]][[][][][[][[][[]][]]][[]][[][[][][]]]]][][]][[]]]][[][]][][[[[[]]]]][][][]]]][[[]][[]]]][][][[[][[]][[][[[][[[]]][[[][[]][[[][][[[]][[]][[[[]][[[][[][][][[][[]][[[][]]]][]]][[[[[[[]]]]]]][][[[[]]][]]][]]][[[[]]][[[[][[][][[[]]]]][][[]]][[][[[][]]][[[]]]][[][[[]][[][][]][[[[[[]][]][[]]]][[][[[[[][]][[[[][]]]]]]][]]][]][[[]]]][[[]]]][[[][]]]]]]][][][[[[[][][[]]][[][[[[[]]]]][][]]][[][[[]]][[[[[][[[[[[][[[[]]][]][[][]][][]][[[]]][][[[[[][[][]]]]]][[[][[[[]]]]]]][][[][[[][[]]][]]]][[]]]]][[][]][[[[[[[]][[[[[[]]][][[[][]][]]]][[[[[[[][[][][][][[][[][][[][[][]]][[[[][]]]][]]]][[[[[[][]]][]][[[]][[[[]]][[[]]]]]][]]][[][][]]][[[][[[[[[]][]][][[][][]]][][]]]]]]][[][[[[[[]][[][[[]][[][[][[]][[[[[]]]]]]][[][[]]]]][][[][[[]][[[][[][[[[]][[]][]]][][][]]]]][[][[][][]]]]]][[][[][]][[][]]][[][]][][[[][[[]][][]]]]]]]][[[][][[]][]]][[[[[]][[]][[[]][[][[[[[]]]][][][][[][]][[]]]]]]][[[[]]]]][][[[][[[[[]]]]][[]]]][][[[][]]]][][][]]]]][[[[]][][[]]][[[][][][[[[][][[]]][][[[[[]]]]]]][][[[[][[]]]][[[[][[[[][[[][[[]][[[[[]][[[][]]][][]]]][]][][]][]][[]][][]]][][][][]][]][[]]][[[[][]]]]][[]][[[][[][][][][[]]]]]]][[][][[[][[[[[][][[[]][[[[[[[][[[[]]]]]][]]]][[[[[][][]]]][[[[][][[[[]][][[]]]][[[[[[[[][][[[[[][[[][][][[[[][][[]][]][[]][[][[[[[[[[][[]][[]][]][]]][[[][][[[][][]]]]][[][]][]]]]][[[]][]]]]][][[]]][[[[]][[][][]][[][[][[[]][[[][]]]]]][]][[]]][]]][[][[[[]]][]][[[[][]]]]][[]][[[[][]][]][][]][[]][[][[]][[[][[[]][]]]]][][]]][][[]][][][[[[]]]][]][[[[][][[[][][][]][[[][[][][[[[]][[][][[[][[][][[[[]]]]][[][]]]]]]]][]][[[]]][[]][[[]]]]]][[[][[]]][]]][[]][]][]]][]]]]]]]][[[][[]]][][[][]]]][[[]][[[]]][][]][[[]]][
1187 4567
1187 2744
4567 4729
1187 3295
4484 4567
1183 1187
3761 4567
1187 2438
201 4567
398 1187
53 4567
1187 1621
2222 4567
1187 2093
4567 4922
1187 1600
3799 4567
270 1187
1610 4567
1187 1589
261 4567
1187 1714
76 4567
1187 4462
1902 4567
1159 1187
3126 4567
1187 4996
3384 4567
1187 1683
563 4567
1187 2640
1410 4567
1187 1908
3877 4567
392 1187
4039 4567
301 1187
2259 4567
1187 1666
12 4567
1187 3050
2526 4567
1187 4370
498 4567
1187 1647
3834 4567
1187 1644
1317 4567
338 1187
4305 4567
1187 3233
1890 4567
1187 2537
2194 4567
1187 3449
4464 4567
1187 2156
4454 4567
1187 3391
1989 4567
1187 2385
762 4567
1187 1980
1785 4567
1187 1880
4567 4993
1187 4892
793 4567
1187 4106
2577 4567
704 1187
835 4567
1187 4821
465 4567
891 1187
1119 4567
1187 2089
2379 4567
1187 2369
1326 4567
1187 2856
2100 4567
1187 3065
2254 4567
1187 2019
2209 4567
1187 4175
2141 4567
804 1187
3141 4567
119 1187
2274 4567
1187 2961
3351 4567
1187 1588
1430 4567
380 1187
4011 4567
1187 4837
4092 4567
371 1187
4124 4567
571 1187
2823 4567
1187 4940
645 4567
1187 4740
489 4567
1187 3267
1104 4567
1187 4507
2788 4567
1187 4331
2062 4567
1187 2442
2125 4567
1187 2928
3643 4567
1187 2056
717 4567
1187 3195
4567 4666
1187 3552
1497 4567
1187 2950
3429 4567
1105 1187
3572 4567
1187 1348
1071 4567
1187 3315
3793 4567
1187 3939
1859 4567
1187 1834
750 4567
1187 1912
451 4567
1187 1735
248 4567
1187 2109
4387 4567
1187 2008
1699 4567
1187 4008
3606 4567
448 1187
3847 4567
1187 1469
2953 4567
1187 2649
16 4567
1187 4103
4438 4567
1187 4436
4567 4665
1187 1963
1394 4567
1187 3441
1432 4567
91 1187
4069 4567
1187 3171
4226 4567
397 1187
4567 4842
1187 2319
3446 4567
636 1187
621 4567
1187 4950
3057 4567
1187 1484
2105 4567
1187 4576
4550 4567
36 1187
164 4567
1187 2391
193 4567
1187 3252
1378 4567
1187 1988
1433 4567
1187 1397
1585 4567
263 1187
1148 4567
961 1187
799 4567
749 1187
2632 4567
84 1187
126 4567
1187 3943
3878 4567
756 1187
733 4567
1187 2901
3977 4567
1187 1976
3299 4567
880 1187
2352 4567
1187 3487
1608 4567
1016 1187
1515 4567
1187 4442
1400 4567
669 1187
1411 4567
1187 1477
30 4567
1187 2431
4157 4567
1187 3953
1772 4567
1187 4365
3515 4567
1187 2387
718 4567
227 1187
1165 4567
1187 2049
360 4567
1187 3815
2423 4567
1187 2485
3778 4567
1187 2038
2281 4567
1150 1187
481 4567
1187 2341
3786 4567
1187 2322
2892 4567
1187 1798
258 4567
1187 3317
4567 4668
1187 4203
4530 4567
1187 3513
3732 4567
1187 2787
3426 4567
1187 3718
1482 4567
1132 1187
727 4567
707 1187
458 4567
1187 3492
1492 4567
1187 4369
2134 4567
1187 4839
2932 4567
647 1187
3464 4567
1187 4623
4567 4920
1187 4650
26 4567
1169 1187
2104 4567
1187 1568
4567 4797
1187 4524
2265 4567
1187 4344
4047 4567
878 1187
1876 4567
326 1187
1015 4567
923 1187
755 4567
1187 4052
2511 4567
1187 2563
4235 4567
1187 3560
2476 4567
1187 4081
438 4567
1187 4449
4567 4816
1187 4444
2886 4567
1187 2657
1219 4567
1187 2918
4177 4567
1187 1797
1278 4567
1187 1416
4567 4638
1187 1630
359 4567
1187 1272
2467 4567
1187 2456
3940 4567
1187 1641
1680 4567
1187 3373
2059 4567
1187 2452
3709 4567
1187 4697
2239 4567
131 1187
3104 4567
54 1187
3036 4567
1187 4869
2922 4567
1187 3450
1103 4567
1187 4790
497 4567
1187 3412
2246 4567
1187 2153
4371 4567
1187 1360
990 4567
1187 3284
225 4567
1187 3494
1500 4567
1187 3826
165 4567
1187 1975
572 4567
1187 4718
607 4567
1187 2204
2183 4567
1187 3143
3344 4567
1187 4979
3362 4567
1187 4772
822 4567
305 1187
2678 4567
1187 1857
4101 4567
787 1187
719 4567
993 1187
2296 4567
1187 2024
3731 4567
1187 3989
1852 4567
910 1187
4567 4774
1187 3343
468 4567
1187 2875
2524 4567
1187 1293
860 4567
1187 3994
1587 4567
666 1187
3618 4567
1187 3268
3993 4567
1187 1851
1406 4567
1187 2542
1447 4567
1187 2670
138 4567
1187 4655
4328 4567
1187 4711
4164 4567
504 1187
1832 4567
1187 1403
4395 4567
723 1187
488 4567
1187 2415
4450 4567
1187 1460
1564 4567
1187 2881
2741 4567
1112 1187
1295 4567
1187 3227
4567 4680
874 1187
2035 4567
1187 3777
1160 4567
1187 3748
525 4567
1187 3385
3456 4567
1187 3963
1251 4567
1187 2816
3360 4567
1187 1759
3806 4567
1187 2987
1595 4567
1187 3973
4289 4567
173 1187
3369 4567
829 1187
4567 4602
1187 4064
3110 4567
1187 4914
3466 4567
1187 3260
599 4567
1187 2591
1577 4567
1187 1962
4336 4567
1187 4872
3030 4567
1187 1814
3316 4567
1187 4044
3040 4567
1187 3106
214 4567
1187 1291
1881 4567
1187 3679
1076 4567
1187 1538
2328 4567
1187 2401
2007 4567
554 1187
1310 4567
1187 4525
2728 4567
428 1187
2042 4567
1187 1863
4567 4634
1187 4301
519 4567
1187 2996
1030 4567
1187 5000
2660 4567
1187 4745
869 4567
1187 4989
1088 4567
1187 4401
1674 4567
907 1187
3637 4567
1187 2982
622 4567
1187 2528
1751 4567
216 1187
3652 4567
1187 4841
1701 4567
1077 1187
2520 4567
1187 2941
4186 4567
1187 3505
4567 4999
556 1187
4567 4595
586 1187
630 4567
1187 4283
1120 4567
1187 2094
996 4567
1187 3863
3001 4567
135 1187
2445 4567
1187 3074
4567 4710
801 1187
1036 4567
1187 3331
435 4567
1187 1368
3609 4567
1187 1635
1158 4567
1187 2080
3012 4567
1187 2514
10 4567
1187 1565
803 4567
1187 2664
950 4567
1187 2465
1314 4567
386 1187
1526 4567
1187 1648
1593 4567
1187 2964
4409 4567
1187 3485
2990 4567
595 1187
2099 4567
1144 1187
2673 4567
1187 4477
3238 4567
1187 2370
4149 4567
1187 4121
1928 4567
1187 1840
3733 4567
1187 2820
432 4567
393 1187
1986 4567
1187 2358
3986 4567
1187 2535
2018 4567
1187 2844
2937 4567
1187 4587
2278 4567
1130 1187
1997 4567
1187 2594
424 4567
1187 4022
3149 4567
1187 2533
1677 4567
1187 1489
3241 4567
1187 2839
3276 4567
1187 2576
2212 4567
689 1187
1668 4567
155 1187
3482 4567
1187 1324
1786 4567
1187 4562
2527 4567
1187 2406
4567 4902
1187 3296
769 4567
28 1187
1373 4567
1187 1679
363 4567
1187 4879
4040 4567
709 1187
4146 4567
151 1187
4567 4736
1187 3172
72 4567
1187 3236
2014 4567
1187 4763
51 4567
1187 1717
3350 4567
1187 4519
3181 4567
1187 2955
2220 4567
1187 2532
701 4567
1187 4586
4139 4567
1187 4340
9 4567
1187 1623
4567 4882
1187 3447
4508 4567
1187 4578
189 4567
863 1187
1311 4567
1187 4749
1809 4567
74 1187
3836 4567
505 1187
461 4567
1187 2203
725 4567
1187 2475
1395 4567
1187 2367
1128 4567
1187 3089
4248 4567
1187 4540
3737 4567
1187 2739
1114 4567
1187 3743
2439 4567
1187 4870
2697 4567
643 1187
2108 4567
171 1187
3765 4567
1187 2443
1913 4567
1187 4605
4567 4646
1187 3672
4567 4812
430 1187
3961 4567
250 1187
3716 4567
1187 2677
2172 4567
429 1187
3689 4567
1187 3032
3210 4567
1187 1491
1744 4567
1187 4847
3964 4567
121 1187
479 4567
831 1187
3853 4567
1134 1187
215 4567
1187 2733
3974 4567
335 1187
449 4567
1187 4324
3668 4567
1187 3707
4272 4567
1187 4378
3164 4567
1187 2020
4567 4714
1187 2923
4567 4776
1187 1770
2116 4567
454 1187
1695 4567
1187 3687
2501 4567
1187 4386
954 4567
944 1187
4567 4834
1187 3595
3800 4567
1187 1596
3119 4567
1187 4960
596 4567
1187 1835
690 4567
1187 2092
3042 4567
421 1187
3837 4567
1187 4476
4253 4567
890 1187
3225 4567
1187 1650
3374 4567
1187 1190
4567 4631
1187 1728
4417 4567
1187 4060
4295 4567
1187 2245
848 4567
1187 1811
745 4567
1187 3043
3288 4567
1072 1187
2555 4567
1187 4600
4420 4567
1187 4878
1800 4567
1187 1429
2871 4567
1187 2951
2633 4567
1187 1900
2273 4567
1187 4662
4567 4581
1187 1779
2552 4567
1187 2138
3729 4567
1187 4700
3480 4567
1187 2804
1903 4567
1187 4042
4567 4688
1187 2905
4567 4652
1187 2112
4276 4567
1187 2427
3688 4567
1187 3825
3978 4567
1099 1187
619 4567
1187 4764
3803 4567
1187 3856
3328 4567
1187 3795
3085 4567
1187 2055
4 4567
1187 3366
1783 4567
1187 3537
1250 4567
1187 3995
4567 4819
1187 1453
4227 4567
1187 2917
4567 4806
879 1187
2495 4567
1187 4512
3576 4567
1187 2698
343 4567
1187 4117
4004 4567
209 1187
177 4567
1187 2707
2249 4567
1187 4509
2878 4567
1187 2676
4567 4899
115 1187
482 4567
281 1187
4206 4567
1125 1187
1204 4567
1187 2893
1692 4567
1187 2158
2150 4567
1187 4434
2468 4567
1187 3749
819 4567
1187 4755
3997 4567
672 1187
2995 4567
1187 2651
1960 4567
1187 1713
1689 4567
805 1187
4567 4779
987 1187
3123 4567
545 1187
1175 4567
1084 1187
4141 4567
1187 2169
2121 4567
920 1187
4563 4567
1187 2320
323 4567
1187 1309
2913 4567
1187 4603
1503 4567
1187 2898
1276 4567
1187 2819
4567 4997
1187 4573
3942 4567
1187 1590
4567 4938
1187 4144
3952 4567
1187 1736
4567 4820
1187 1847
3157 4567
1187 4527
4027 4567
1187 3983
4567 4627
1187 4626
3287 4567
549 1187
3379 4567
518 1187
2011 4567
1187 4825
1769 4567
1187 3610
2436 4567
1187 4743
4531 4567
926 1187
4193 4567
1187 2931
1916 4567
1187 3898
4567 4747
1187 4565
4567 4901
1187 3632
4487 4567
1187 2634
3448 4567
1187 3416
4131 4567
1187 3555
3476 4567
1187 3518
83 4567
1187 1653
4567 4660
1187 4023
1381 4567
1187 4185
320 4567
1187 2144
3462 4567
1187 3726
4567 4785
1187 2297
1932 4567
1187 3275
2569 4567
1187 2399
2970 4567
850 1187
3531 4567
1187 3650
97 4567
1187 3392
4567 4608
1187 3090
1040 4567
875 1187
1307 4567
1187 3301
1535 4567
1187 2968
3708 4567
1187 1286
4567 4990
1187 2619
1812 4567
1187 2490
2051 4567
1187 4176
2192 4567
1187 1227
4190 4567
1187 4398
1710 4567
1187 4277
1255 4567
1187 3904
3727 4567
1185 1187
3808 4567
1187 2800
3434 4567
675 1187
4537 4567
1187 3247
3097 4567
1187 3504
2603 4567
304 1187
2567 4567
1187 4939
409 4567
724 1187
1035 4567
140 1187
1582 4567
1009 1187
4567 4728
1187 2176
2806 4567
1187 1542
3517 4567
1187 4495
1467 4567
1187 3200
2088 4567
1187 2280
87 4567
1187 2557
3611 4567
1187 1379
1166 4567
1187 1304
2522 4567
1136 1187
1161 4567
1187 2148
4567 4860
1155 1187
1884 4567
1187 3926
3706 4567
1187 2894
157 4567
1187 2805
1740 4567
1187 3805
1455 4567
1149 1187
4211 4567
1187 2808
322 4567
1187 1652
942 4567
88 1187
306 4567
433 1187
4423 4567
1187 1347
2644 4567
1187 3665
4348 4567
512 1187
2416 4567
1187 1581
3319 4567
1187 1693
1142 4567
1187 4238
1212 4567
1187 1940
1506 4567
1187 3015
4046 4567
1187 4152
820 4567
1187 1619
4567 4572
1187 3829
4242 4567
1187 2128
246 4567
1187 1508
3779 4567
1187 2496
2000 4567
1187 4713
2768 4567
1187 4083
1681 4567
283 1187
4567 4704
1187 2753
357 4567
1187 2444
160 4567
591 1187
38 4567
1187 4499
830 4567
609 1187
4359 4567
1187 4811
1 4567
1187 3066
1215 4567
1157 1187
384 4567
1187 3163
4014 4567
1187 2073
354 4567
1187 3028
1049 4567
668 1187
319 4567
1187 3073
3561 4567
1187 1996
302 4567
1187 1694
4418 4567
256 1187
1836 4567
395 1187
894 4567
1187 3093
2957 4567
1187 3768
2440 4567
1187 2324
2271 4567
1187 2706
4137 4567
1187 2068
3600 4567
1187 2593
3730 4567
1187 1345
4566 4567
1187 2050
4567 4611
1061 1187
2700 4567
1187 4863
3216 4567
1187 3508
1570 4567
913 1187
2145 4567
1187 3103
1557 4567
698 1187
50 4567
1187 1774
4492 4567
1187 1875
251 4567
520 1187
1684 4567
1187 4516
3774 4567
1187 2582
592 4567
1187 2175
784 4567
48 1187
3309 4567
1187 4964
2329 4567
1187 2553
1188 4567
1187 4727
912 4567
431 1187
3735 4567
1187 1294
2283 4567
1187 2216
1349 4567
206 1187
4208 4567
1138 1187
3270 4567
1187 1893
4567 4707
144 1187
743 4567
979 1187
2083 4567
1187 4798
1419 4567
1187 1943
1853 4567
1187 3690
4567 4998
1187 2016
2025 4567
1187 2317
3909 4567
1187 3146
1517 4567
1187 4980
2510 4567
108 1187
3862 4567
1180 1187
3769 4567
1187 1258
1085 4567
1187 2124
1466 4567
1187 2480
4567 4766
1187 2338
230 4567
1187 3604
1826 4567
1010 1187
3705 4567
469 1187
2630 4567
1187 2360
3202 4567
1079 1187
2994 4567
1187 2849
3767 4567
1187 4473
4567 4771
741 1187
4567 4988
649 1187
3747 4567
678 1187
2772 4567
765 1187
154 4567
233 1187
128 4567
1187 4795
3532 4567
1187 4959
381 4567
1187 1302
2793 4567
309 1187
605 4567
1187 1745
1818 4567
1187 4554
2683 4567
1187 4673
385 4567
1187 3899
3478 4567
336 1187
1451 4567
1187 3631
4246 4567
1187 1665
1992 4567
388 1187
2359 4567
1187 3506
1026 4567
271 1187
3959 4567
1187 2101
4567 4750
1187 4858
3601 4567
1187 1987
951 4567
1187 3922
4567 4571
402 1187
2615 4567
1187 3300
3063 4567
1187 2735
2033 4567
1187 1944
2447 4567
632 1187
2942 4567
1187 3551
1173 4567
1187 3783
3589 4567
862 1187
1425 4567
1187 3386
2631 4567
1187 3165
4567 4614
1187 3232
4006 4567
1187 2749
674 4567
982 1187
811 4567
1187 4252
3044 4567
1187 2965
2989 4567
1187 4542
2647 4567
1187 4883
1171 4567
1187 4150
2130 4567
1187 3201
1796 4567
1187 4127
564 4567
369 1187
2682 4567
1187 2373
983 4567
1187 3598
1991 4567
1187 3955
65 4567
1187 1478
859 4567
107 1187
2851 4567
677 1187
1011 4567
1187 2907
4174 4567
1187 1708
328 4567
1187 4931
3182 4567
1187 3269
3004 4567
1187 2801
2813 4567
1187 3972
3094 4567
32 1187
1325 4567
1187 4497
4173 4567
1187 3058
1855 4567
104 1187
577 4567
1187 4591
3670 4567
562 1187
1721 4567
1187 2538
548 4567
837 1187
4549 4567
434 1187
521 4567
1187 4120
93 4567
1187 3121
4567 4792
1187 2605
2400 4567
1187 2880
2413 4567
1187 3864
2857 4567
1187 4320
4202 4567
1187 2767
4567 4751
1187 2565
2574 4567
1187 1471
2908 4567
1187 1267
2078 4567
1187 4803
1514 4567
1187 2418
2715 4567
1187 2140
3851 4567
1187 3693
2966 4567
1187 2642
2152 4567
1187 3204
2824 4567
1187 4973
63 4567
180 1187
4533 4567
1187 4651
886 4567
684 1187
1955 4567
1187 1546
4567 4672
988 1187
1375 4567
1187 3499
888 4567
1187 4321
1312 4567
1187 2314
68 4567
1187 3946
4294 4567
1187 4522
1752 4567
457 1187
1720 4567
1187 1318
2087 4567
1187 4629
1559 4567
1187 1463
3713 4567
1187 3827
925 4567
1187 1799
3621 4567
1187 3205
2191 4567
1187 3801
2139 4567
1187 2353
4489 4567
1187 1861
4076 4567
1187 4440
3327 4567
1187 4266
3116 4567
1187 4458
4567 4898
1187 4168
4567 4737
1187 4096
1205 4567
1187 4159
2834 4567
1187 1527
3714 4567
1187 3124
1756 4567
1123 1187
77 4567
378 1187
1764 4567
1187 2459
4567 4746
1187 4258
1709 4567
1187 3081
2368 4567
1187 2742
2405 4567
1187 2958
2579 4567
1187 3754
3433 4567
1187 4754
1289 4567
1187 1898
3981 4567
1187 2075
2740 4567
1187 2655
3010 4567
253 1187
3248 4567
1187 3002
4493 4567
1187 2287
2131 4567
1187 2608
4567 4641
1187 1830
788 4567
1187 1614
4528 4567
1187 4388
3554 4567
656 1187
1808 4567
1187 4333
2084 4567
1187 2832
4465 4567
1187 2852
2168 4567
1187 4545
3588 4567
1187 4649
2315 4567
1187 4067
1225 4567
1187 2766
4264 4567
1187 3218
2807 4567
1056 1187
280 4567
1187 3941
1234 4567
673 1187
2288 4567
1187 2761
1521 4567
1187 4505
4535 4567
1187 2506
2610 4567
1187 1837
1927 4567
906 1187
4463 4567
763 1187
4259 4567
89 1187
4567 4850
1187 3691
2665 4567
1187 3538
872 4567
142 1187
1583 4567
1187 1511
1290 4567
1187 3326
957 4567
547 1187
2726 4567
1187 2779
1452 4567
1187 4908
195 4567
1187 4077
2899 4567
1187 3194
1739 4567
1187 3673
3262 4567
702 1187
4532 4567
1187 2149
3017 4567
1187 4390
2238 4567
1187 2221
276 4567
347 1187
1757 4567
977 1187
1167 4567
1187 1640
3697 4567
1187 2327
4567 4977
427 1187
4567 4722
286 1187
2477 4567
729 1187
4273 4567
1187 1217
4161 4567
1187 4775
2269 4567
1187 2581
1486 4567
646 1187
4363 4567
1187 3177
2102 4567
264 1187
510 4567
1187 2187
312 4567
1187 4644
3381 4567
1187 2407
2713 4567
1187 4935
2120 4567
1187 4126
4448 4567
617 1187
3102 4567
1187 2012
1731 4567
1187 4520
2724 4567
1187 1982
3755 4567
1187 4946
4198 4567
1187 3495
1269 4567
641 1187
4567 4658
543 1187
3132 4567
1187 2363
633 4567
1187 4353
4317 4567
1187 2906
1603 4567
1187 2827
2737 4567
1187 3971
1586 4567
1187 2653
1461 4567
1187 1389
3421 4567
288 1187
2030 4567
1187 4674
2354 4567
581 1187
3303 4567
1187 3758
308 4567
1187 1357
1423 4567
1187 4194
1280 4567
1187 3630
4567 4972
1187 3153
187 4567
417 1187
3546 4567
1187 3910
1549 4567
1187 4930
1698 4567
1187 3653
664 4567
1187 1472
4567 4932
294 1187
931 4567
1187 1934
3925 4567
855 1187
1371 4567
1187 2185
4567 4677
1187 3907
506 4567
1187 2304
1243 4567
1187 2208
584 4567
1187 4590
3633 4567
1187 2564
627 4567
1187 2585
1296 4567
1187 4300
3802 4567
1187 4183
2228 4567
1187 3683
2646 4567
1187 4394
1566 4567
368 1187
3016 4567
1187 3887
17 4567
1187 2929
2504 4567
843 1187
2332 4567
964 1187
1724 4567
1187 4864
2481 4567
984 1187
4567 4695
1187 2782
2065 4567
1187 2199
1801 4567
1187 4991
2478 4567
1187 1222
3655 4567
1187 2202
3458 4567
1187 2560
2430 4567
1043 1187
1434 4567
1187 1540
2398 4567
1187 3029
1480 4567
1187 1748
2356 4567
111 1187
3211 4567
1187 4856
4567 4891
1187 2909
764 4567
1187 3648
4323 4567
1187 1562
4196 4567
1187 3320
3472 4567
1187 3947
1888 4567
1187 1194
411 4567
1187 2752
2883 4567
969 1187
455 4567
1187 1625
136 4567
1187 2780
4488 4567
1187 4904
1421 4567
746 1187
2679 4567
1187 4204
1933 4567
1187 2729
2295 4567
1187 2110
4286 4567
1187 2979
4567 4699
1052 1187
2335 4567
178 1187
3244 4567
1002 1187
1020 4567
1187 2463
4062 4567
1187 4907
4396 4567
533 1187
2946 4567
1187 1487
634 4567
1187 4698
3197 4567
1187 2308
1510 4567
1187 3488
4567 4793
1187 3150
4567 4937
1187 4769
4314 4567
1187 1377
2984 4567
531 1187
2835 4567
1187 1413
3460 4567
1187 2777
4182 4567
394 1187
1027 4567
1187 3152
2390 4567
1187 4254
4270 4567
1187 3519
3180 4567
1187 3479
2775 4567
224 1187
4223 4567
1187 1969
1252 4567
1187 4620
4567 4690
1187 1639
139 4567
1187 2046
3586 4567
1187 3264
1990 4567
1187 4588
3477 4567
169 1187
2620 4567
1187 3860
1334 4567
1187 4895
598 4567
1187 4408
3346 4567
1187 2179
4087 4567
1187 4057
4567 4569
1187 1964
4567 4889
1187 1935
4567 4589
1187 1355
2696 4567
1187 1579
2751 4567
1187 2072
4151 4567
1187 3498
3976 4567
426 1187
3289 4567
1187 4025
532 4567
75 1187
2551 4567
1187 1242
3174 4567
1187 2085
4329 4567
324 1187
3912 4567
541 1187
346 4567
1187 4717
2340 4567
1187 1405
2159 4567
1187 1520
3454 4567
127 1187
2272 4567
1187 1512
511 4567
1187 1749
4030 4567
1187 2290
1075 4567
1187 2388
1170 4567
1187 4412
3358 4567
976 1187
3723 4567
1187 4236
3278 4567
1187 1281
4280 4567
1187 4384
4567 4810
1187 1661
3406 4567
1187 3646
4005 4567
1033 1187
1616 4567
1187 1315
2197 4567
1187 3607
2402 4567
1187 3746
1230 4567
1187 3148
4567 4814
410 1187
1041 4567
1187 3249
4475 4567
1187 3365
1174 4567
1187 1938
2609 4567
1187 4818
2137 4567
1187 1545
1926 4567
1187 4876
681 4567
594 1187
4051 4567
1187 3987
3345 4567
551 1187
330 4567
1133 1187
1920 4567
353 1187
1068 4567
361 1187
476 4567
1187 3736
207 4567
1187 1775
680 4567
1187 4122
2998 4567
1187 4752
2544 4567
1187 3111
1705 4567
147 1187
2702 4567
1187 4479
175 4567
1187 1396
4567 4846
1187 4326
234 4567
1146 1187
1686 4567
1187 1534
4567 4726
1187 3206
3084 4567
208 1187
2672 4567
1187 3444
4070 4567
1187 2666
4358 4567
1187 1398
2223 4567
1187 2547
416 4567
1187 1670
3585 4567
1187 1734
4243 4567
188 1187
540 4567
1187 4692
4166 4567
102 1187
4510 4567
1187 3658
631 4567
1187 4251
3617 4567
1187 3496
908 4567
1055 1187
1127 4567
1187 4355
3876 4567
1187 3377
4567 4915
1187 1299
1725 4567
1187 3908
3256 4567
1187 4913
1464 4567
1187 1643
895 4567
1187 2005
2500 4567
1187 1894
1758 4567
1187 4055
2722 4567
275 1187
1612 4567
1187 4481
4439 4567
1187 1200
3286 4567
1187 1929
1156 4567
1187 2474
4567 4969
1187 2003
1305 4567
1187 2103
3339 4567
1187 2597
1771 4567
1187 3138
865 4567
1187 2732
4290 4567
1187 3080
2226 4567
78 1187
2380 4567
1187 3023
2754 4567
1187 3220
3903 4567
1187 4312
4567 4669
1187 1233
2508 4567
1187 3888
1437 4567
1187 4787
486 4567
1187 4917
1895 4567
1187 3348
3340 4567
526 1187
1066 4567
1187 4053
2693 4567
824 1187
203 4567
1187 2626
4116 4567
772 1187
3905 4567
1187 3266
3674 4567
1187 2196
2132 4567
1187 4016
3019 4567
1187 4282
3003 4567
1187 2867
1663 4567
1187 1909
2730 4567
1187 3130
508 4567
1187 1878
4133 4567
1187 3105
3584 4567
1187 1973
2494 4567
1187 3469
1773 4567
1187 3759
3425 4567
1187 4881
181 4567
1187 4233
317 4567
1187 2355
3752 4567
1187 1457
1802 4567
567 1187
1810 4567
1187 4269
1023 4567
94 1187
4304 4567
952 1187
4567 4597
661 1187
1176 4567
1187 3018
4274 4567
1187 1350
396 4567
1187 2031
3556 4567
687 1187
1301 4567
1187 4113
2811 4567
447 1187
4262 4567
1187 3728
4567 4877
1187 3187
1241 4567
300 1187
4437 4567
1187 2472
4013 4567
1187 3883
1481 4567
1187 3956
2845 4567
1187 2292
3966 4567
1187 1760
1794 4567
1187 4582
4567 4896
1187 2462
1594 4567
1187 4687
1353 4567
1187 4114
4567 4615
1187 3380
2040 4567
1187 3711
4567 4715
1187 2789
3592 4567
1187 2578
1087 4567
694 1187
3879 4567
1187 2113
1051 4567
1187 1977
2301 4567
1187 3098
3131 4567
1187 1494
635 4567
365 1187
1675 4567
1187 4486
3721 4567
1187 2257
4293 4567
57 1187
4432 4567
1187 4010
849 4567
1187 2165
2812 4567
1187 2882
2595 4567
1187 4632
1374 4567
809 1187
3329 4567
1187 3068
792 4567
565 1187
391 4567
1187 1667
3039 4567
1187 4028
3635 4567
1187 1777
3082 4567
1187 3061
2652 4567
1187 1218
1062 4567
1187 2623
1448 4567
1187 3142
4567 4676
1187 2270
3176 4567
935 1187
4232 4567
1187 4708
823 4567
1187 1994
2414 4567
1187 2914
3722 4567
1187 2963
3047 4567
1187 1270
1226 4567
1187 2044
1817 4567
1187 3430
1576 4567
1187 2954
1567 4567
1187 4716
4241 4567
771 1187
4215 4567
460 1187
3217 4567
1187 2397
4567 4981
1187 2888
266 4567
728 1187
530 4567
1187 2589
2636 4567
1187 3535
589 4567
1187 3724
1124 4567
1187 3435
4307 4567
1187 1409
790 4567
222 1187
2258 4567
1187 3900
1858 4567
1187 4844
4352 4567
665 1187
569 4567
1187 2244
1924 4567
1139 1187
3745 4567
419 1187
2488 4567
1187 3639
3525 4567
1095 1187
1495 4567
1187 2047
608 4567
1187 1553
4429 4567
1187 2426
4366 4567
893 1187
4544 4567
1187 3725
4200 4567
339 1187
4410 4567
1187 2482
4343 4567
1187 1606
4567 4663
603 1187
3096 4567
1187 3235
3497 4567
922 1187
3008 4567
1187 4308
3702 4567
56 1187
1261 4567
375 1187
1067 4567
1187 3523
3867 4567
1187 4257
2063 4567
1059 1187
2421 4567
1187 4105
1236 4567
1187 3685
3214 4567
1187 3781
4567 4900
1187 1249
148 4567
1187 4963
3409 4567
80 1187
3338 4567
1187 4712
1519 4567
7 1187
3715 4567
1187 3773
2240 4567
134 1187
1966 4567
212 1187
568 4567
1187 4414
4048 4567
1187 1407
4567 4696
1187 2027
3035 4567
1187 1999
2539 4567
576 1187
2786 4567
1187 3804
2717 4567
1187 2866
558 4567
1187 4368
4567 4880
1187 3970
4480 4567
514 1187
3865 4567
1187 3356
2227 4567
1187 2127
2755 4567
459 1187
3259 4567
1187 2316
2902 4567
1187 4865
1239 4567
1187 2790
4567 4813
1187 3740
3243 4567
1187 3473
358 4567
1187 1950
1445 4567
1187 4594
653 4567
1187 3776
3151 4567
1187 3891
31 4567
408 1187
3166 4567
1187 2674
86 4567
1187 3394
1366 4567
1187 2838
4567 4782
1187 1919
293 4567
1187 1285
1029 4567
1187 1418
4567 4840
277 1187
3814 4567
696 1187
3173 4567
1187 1383
4567 4903
846 1187
120 4567
1187 1288
1121 4567
1187 3452
4015 4567
1187 1573
185 4567
1187 4893
3636 4567
1187 4678
1208 4567
1187 2997
2972 4567
1187 2650
4567 4570
1187 4720
3698 4567
247 1187
2602 4567
1187 3682
3175 4567
1187 3481
337 4567
1109 1187
1883 4567
1187 4815
3686 4567
1187 1449
1333 4567
1102 1187
1673 4567
1187 4372
99 4567
1187 3578
4214 4567
1187 2947
2571 4567
1187 2117
4567 4583
1187 1901
3625 4567
1187 1658
4170 4567
1187 4827
1707 4567
1187 2831
2548 4567
1187 2170
4143 4567
1187 1363
2910 4567
376 1187
3644 4567
314 1187
1064 4567
1187 2600
3076 4567
1187 3516
3078 4567
101 1187
4433 4567
1187 2232
1384 4567
1187 4383
236 4567
1187 1502
1001 4567
1187 1271
995 4567
1187 1213
3626 4567
1187 1941
342 4567
1187 1533
4402 4567
1187 3844
604 4567
239 1187
1060 4567
1187 4291
981 4567
1187 4457
3593 4567
1187 4622
3871 4567
229 1187
2214 4567
921 1187
2703 4567
1187 1716
2312 4567
1187 3293
2745 4567
1187 3528
1211 4567
1187 4619
4567 4756
1187 4579
1008 4567
456 1187
4080 4567
1141 1187
713 4567
1187 3251
1922 4567
1187 2725
1873 4567
917 1187
3676 4567
1187 3583
4567 4829
96 1187
4567 4689
1187 4082
4567 4733
1187 2143
4567 4723
1187 4003
1939 4567
18 1187
2587 4567
183 1187
1346 4567
583 1187
3375 4567
1187 3245
4564 4567
1187 3897
4107 4567
1187 3530
4467 4567
1187 4592
1719 4567
712 1187
708 4567
1187 4767
4172 4567
1187 1592
210 4567
1187 2079
4261 4567
1187 3564
2554 4567
1187 2747
2364 4567
1187 1532
3811 4567
1039 1187
4180 4567
47 1187
2028 4567
198 1187
776 4567
501 1187
2215 4567
1187 3896
3884 4567
1187 4553
226 4567
1187 4731
3389 4567
1187 2325
4567 4848
444 1187
2624 4567
1187 4675
815 4567
1187 3663
2384 4567
1187 2891
1820 4567
1187 3918
2479 4567
269 1187
2331 4567
1187 2769
2217 4567
1187 2920
2561 4567
1187 4833
1097 4567
1187 2503
4567 4912
1187 4855
2234 4567
1187 1918
4142 4567
1187 4739
4556 4567
1187 4753
4065 4567
1187 4278
1083 4567
1187 3886
272 4567
1187 1669
4325 4567
1187 4796
1676 4567
1187 3349
4212 4567
1187 3355
877 4567
699 1187
966 4567
1187 4218
3475 4567
98 1187
3950 4567
1187 4469
3911 4567
980 1187
285 4567
1187 3666
509 4567
477 1187
3501 4567
1187 4645
2945 4567
1187 3788
3490 4567
1187 3760
3117 4567
1187 1711
141 4567
1187 2885
3115 4567
82 1187
1930 4567
1187 2550
4132 4567
1187 2925
2241 4567
1187 3258
4231 4567
1187 3840
2408 4567
1107 1187
2057 4567
936 1187
2887 4567
1187 3790
2662 4567
1187 4613
4567 4911
1187 2157
1879 4567
1187 2487
2471 4567
1187 1555
3428 4567
192 1187
2492 4567
1187 3880
3651 4567
1187 3145
3848 4567
1187 1599
3642 4567
437 1187
1153 4567
1187 4339
4153 4567
711 1187
2236 4567
1187 1558
15 4567
1187 3087
753 4567
1187 4012
1245 4567
1187 3968
2294 4567
1187 4431
1470 4567
1187 1465
4514 4567
1187 2967
3055 4567
1187 3738
1942 4567
1187 1343
4403 4567
1187 1370
3915 4567
1187 4072
802 4567
503 1187
2760 4567
1187 4580
2351 4567
1187 4347
168 4567
1187 4823
4374 4567
1187 4213
4112 4567
221 1187
4567 4916
1187 3817
3403 4567
350 1187
3308 4567
905 1187
1539 4567
1187 1816
4296 4567
186 1187
24 4567
1187 4342
3423 4567
117 1187
2403 4567
1187 2695
4309 4567
1187 4647
4567 4905
1187 4577
4567 4640
1187 4427
55 4567
1187 3982
3699 4567
1187 3459
2004 4567
1187 3933
2778 4567
1187 4346
4086 4567
1187 4983
4445 4567
1187 3843
1113 4567
1187 2949
2293 4567
968 1187
1822 4567
783 1187
259 4567
1187 1385
3579 4567
1187 2669
685 4567
1187 3622
3541 4567
1187 2305
1101 4567
1187 1499
290 4567
1187 3162
1905 4567
34 1187
2267 4567
1187 3134
348 4567
446 1187
3324 4567
1187 2318
2890 4567
1187 3627
1359 4567
1187 2135
1316 4567
1032 1187
231 4567
1187 1443
667 4567
1187 2612
109 4567
1187 4742
2231 4567
152 1187
4461 4567
35 1187
2392 4567
1187 4275
2052 4567
1187 4234
4567 4936
1187 1328
974 4567
1187 1839
513 4567
1137 1187
1476 4567
582 1187
4244 4567
1187 3453
1147 4567
1187 1722
1755 4567
1187 1238
3092 4567
1187 4838
989 4567
252 1187
1178 4567
557 1187
3914 4567
507 1187
2306 4567
92 1187
953 4567
1187 3669
1057 4567
915 1187
3820 4567
1187 1727
327 4567
1182 1187
3893 4567
1187 3540
2006 4567
1187 4985
978 4567
1111 1187
4567 4762
1187 2863
3751 4567
1187 3717
1899 4567
1187 2911
4491 4567
1187 1361
1685 4567
1187 3283
3178 4567
1187 2491
79 4567
1187 1228
4567 4738
1187 4585
2606 4567
1187 1257
3159 4567
970 1187
2034 4567
1187 1882
2371 4567
167 1187
46 4567
1187 2781
3838 4567
374 1187
1516 4567
1187 4555
4490 4567
64 1187
1952 4567
1187 3954
2098 4567
1187 1609
747 4567
1187 4224
3294 4567
1187 2709
2457 4567
1187 4237
760 4567
143 1187
1263 4567
1187 3597
4350 4567
1187 2189
2817 4567
267 1187
2066 4567
1187 1498
3734 4567
1187 1819
2433 4567
1187 3591
3770 4567
1187 1844
4567 4888
1187 2757
174 4567
1187 3603
3242 4567
789 1187
303 4567
1187 3935
1221 4567
1187 1275
4567 4630
1187 1319
4199 4567
66 1187
4567 4824
1187 3756
2198 4567
1187 2210
4567 4906
1187 1391
4091 4567
1187 4574
3014 4567
1187 1923
1073 4567
1187 3924
2975 4567
1187 1885
13 4567
1187 1428
3337 4567
113 1187
2219 4567
1187 4392
3088 4567
1187 1637
1277 4567
1187 3512
440 4567
1187 4780
620 4567
1187 4356
3764 4567
1187 2628
1399 4567
1187 4229
70 4567
1187 4292
325 4567
1187 4379
1162 4567
1080 1187
2361 4567
1187 2081
998 4567
1187 4621
1672 4567
1187 1842
2054 4567
1187 4021
4567 4724
1187 2956
4443 4567
1187 1766
3573 4567
1187 2876
4567 4725
1187 2188
4471 4567
1187 4927
812 4567
1187 1402
442 4567
1187 4596
2668 4567
1187 3408
4567 4921
637 1187
3367 4567
1187 2617
2237 4567
1187 1376
1424 4567
1093 1187
8 4567
1187 3634
2978 4567
1187 1336
3917 4567
1187 3753
2915 4567
1187 1598
963 4567
588 1187
3647 4567
578 1187
777 4567
1187 1300
3020 4567
1187 2160
1260 4567
1187 4628
3279 4567
1187 1974
4567 4786
739 1187
4567 4683
1187 2460
1605 4567
1187 4038
1122 4567
1187 3649
3271 4567
1187 2648
810 4567
1187 3463
289 4567
1187 2446
1763 4567
1187 1282
1129 4567
344 1187
4567 4802
1187 4085
3932 4567
1187 1388
1086 4567
1187 3261
2263 4567
1187 4017
2541 4567
1187 3156
3870 4567
1187 2022
4567 4657
1187 2162
791 4567
1187 4875
1206 4567
243 1187
3410 4567
965 1187
1906 4567
517 1187
3113 4567
1003 1187
1864 4567
1187 1283
1053 4567
161 1187
744 4567
553 1187
3701 4567
403 1187
1591 4567
1187 4332
4407 4567
975 1187
523 4567
1187 4184
546 4567
1054 1187
625 4567
58 1187
4111 4567
1187 3378
2746 4567
1187 2858
854 4567
1187 4068
2948 4567
939 1187
3049 4567
1187 3468
462 4567
1187 1427
4567 4945
362 1187
1536 4567
1187 3027
3071 4567
1187 4599
884 4567
464 1187
2206 4567
1034 1187
2230 4567
1187 4337
3393 4567
1187 4828
1628 4567
223 1187
629 4567
1187 2184
3798 4567
1187 1438
2584 4567
615 1187
370 4567
1187 4228
1382 4567
1187 2748
782 4567
1187 1687
3575 4567
1187 1435
986 4567
1187 3919
4567 4992
1187 3136
2999 4567
69 1187
3855 4567
1187 1531
612 4567
1187 3037
4567 4857
1187 3009
3704 4567
1187 3223
3357 4567
413 1187
3390 4567
1187 2546
2645 4567
1187 1978
2797 4567
1187 2458
3231 4567
1187 2870
2289 4567
1187 4058
3395 4567
1187 4169
2912 4567
1187 2307
4567 4654
1187 1436
1696 4567
1187 2837
1329 4567
1187 4557
4416 4567
1187 4926
2536 4567
401 1187
3696 4567
1187 2986
796 4567
1187 2043
1387 4567
238 1187
332 4567
1187 2599
2119 4567
1187 1737
1746 4567
1187 2291
2592 4567
845 1187
2345 4567
1187 1475
3120 4567
1187 1571
2167 4567
1187 4909
1738 4567
1187 4506
321 4567
658 1187
4567 4682
1187 4851
1050 4567
1187 2448
832 4567
202 1187
1420 4567
1187 1636
2300 4567
1187 4624
2810 4567
1187 3274
4054 4567
1187 3892
4567 4890
1187 2285
1337 4567
1187 2575
3407 4567
1187 2498
213 4567
1187 3712
3292 4567
785 1187
4201 4567
1187 3048
3254 4567
1187 4994
3998 4567
1187 1911
1877 4567
1187 4836
2654 4567
1187 1784
934 4567
1187 1331
146 4567
1017 1187
4567 4867
1187 2643
4222 4567
1187 1340
1726 4567
1187 3695
1868 4567
1187 4024
2342 4567
1187 1415
232 4567
1187 1551
2850 4567
1187 3605
3188 4567
1187 3500
3967 4567
1187 3273
3191 4567
1187 4826
1867 4567
1187 1352
11 4567
329 1187
1849 4567
1187 2347
4538 4567
1187 3183
2776 4567
1187 2386
1131 4567
1187 4066
158 4567
956 1187
1505 4567
1187 4552
4567 4761
355 1187
2381 4567
1187 3692
1831 4567
1187 2106
600 4567
1187 2860
4567 4956
1187 3199
3129 4567
1187 4075
4061 4567
1187 4249
4045 4567
1187 3614
2026 4567
1187 2123
1633 4567
642 1187
2235 4567
1118 1187
3208 4567
1187 3791
3072 4567
1187 4539
133 4567
1187 3083
1778 4567
1098 1187
1367 4567
1187 1706
962 4567
1187 4109
914 4567
425 1187
3219 4567
1187 3398
2233 4567
1187 4612
1574 4567
1187 3581
3522 4567
179 1187
4421 4567
1187 3975
3280 4567
1187 4367
870 4567
1187 3484
2041 4567
1187 2855
4197 4567
985 1187
3965 4567
95 1187
3185 4567
1187 4380
3438 4567
1187 3307
4529 4567
1187 1380
3221 4567
1187 4601
3511 4567
1187 3846
3445 4567
1187 1815
1624 4567
103 1187
1078 4567
1187 1580
4306 4567
705 1187
4567 4976
1187 4031
4435 4567
313 1187
4502 4567
1187 1897
2429 4567
1187 3432
898 4567
1187 2613
3306 4567
1187 4625
4567 4805
856 1187
3311 4567
1187 1426
1202 4567
1187 4598
3985 4567
1028 1187
1611 4567
827 1187
735 4567
1187 1870
3038 4567
1187 4134
949 4567
1187 4885
1048 4567
1187 4561
3762 4567
1187 3861
4364 4567
1187 3857
2621 4567
1187 4221
331 4567
1187 1192
1362 4567
1187 3608
292 4567
1187 4643
3536 4567
1187 2154
422 4567
1187 2534
2523 4567
1187 3854
2868 4567
1187 4494
2841 4567
1187 4285
3455 4567
816 1187
450 4567
1187 3969
2940 4567
1187 3026
4567 4801
1187 2229
4425 4567
1187 2583
2091 4567
1187 3298
4567 4934
1187 3913
4426 4567
170 1187
1082 4567
1187 3422
366 4567
1187 1718
2572 4567
1187 4430
237 4567
1187 2736
1341 4567
1187 1507
654 4567
1187 3684
2107 4567
1187 4686
838 4567
1187 2264
475 4567
1187 1782
657 4567
1187 4160
3809 4567
867 1187
817 4567
887 1187
499 4567
1187 4399
640 4567
1187 3095
279 4567
1187 1914
2417 4567
1187 1688
37 4567
496 1187
3641 4567
352 1187
4567 4952
1187 1703
1168 4567
1187 3832
295 4567
1187 4961
2248 4567
149 1187
4313 4567
129 1187
4079 4567
1187 3656
1678 4567
1187 4791
2656 4567
1187 1886
493 4567
864 1187
4567 4832
1187 1422
544 4567
1187 2411
4104 4567
274 1187
3382 4567
1187 4709
2225 4567
1187 2213
1246 4567
1187 4702
1871 4567
1187 2521
2826 4567
1187 4165
59 4567
218 1187
2904 4567
1187 1479
2067 4567
1187 1454
2090 4567
1187 3979
4567 4732
1047 1187
1617 4567
682 1187
2991 4567
1187 1207
3590 4567
1187 4693
1031 4567
1187 3874
2009 4567
1187 3623
466 4567
67 1187
199 4567
528 1187
1106 4567
1187 4171
3333 4567
1187 3005
412 4567
137 1187
2559 4567
1187 4884
795 4567
478 1187
4050 4567
1187 1945
2873 4567
1110 1187
2981 4567
1187 1483
1931 4567
941 1187
3619 4567
1187 2877
1143 4567
1187 4730
1622 4567
1187 1253
4567 4887
1187 3547
3352 4567
1187 3263
4567 4741
1187 3797
3822 4567
1187 2336
2048 4567
1187 4978
2190 4567
1187 3772
1780 4567
116 1187
3427 4567
1187 2529
2193 4567
1187 3399
3000 4567
821 1187
3069 4567
404 1187
1493 4567
241 1187
4119 4567
1187 2412
296 4567
971 1187
2933 4567
1187 3046
722 4567
1187 4817
2935 4567
1187 4351
1117 4567
1187 3570
3272 4567
487 1187
579 4567
284 1187
2685 4567
1187 4521
4322 4567
242 1187
780 4567
1187 4459
2036 4567
730 1187
2627 4567
1187 3070
1729 4567
1187 3341
4032 4567
1187 1948
3431 4567
967 1187
1196 4567
991 1187
938 4567
367 1187
382 4567
1187 3045
3549 4567
1187 4357
4088 4567
1187 2716
2114 4567
1187 1765
2558 4567
1187 4861
1513 4567
676 1187
700 4567
1187 2896
4090 4567
1187 1265
761 4567
1187 2921
2731 4567
1187 4063
2939 4567
1187 4097
219 4567
648 1187
4567 4942
1187 1787
1303 4567
1187 4500
1742 4567
1187 4189
3 4567
1187 2795
3363 4567
1187 3789
3118 4567
1187 2166
3594 4567
1187 2378
4466 4567
1187 2568
2060 4567
1187 1954
3858 4567
958 1187
44 4567
1187 2517
2727 4567
1187 3240
683 4567
1187 3988
62 4567
262 1187
2389 4567
240 1187
1458 4567
1187 3215
1682 4567
439 1187
3318 4567
1187 1715
3902 4567
1187 1620
4567 4659
316 1187
1189 4567
757 1187
1338 4567
1187 1274
1135 4567
1187 1979
1651 4567
1187 1575
4567 4853
1187 2566
1524 4567
1187 2919
1958 4567
1187 3678
852 4567
1187 2469
4155 4567
1187 1356
1108 4567
1187 1854
892 4567
1187 4138
1232 4567
1187 3290
3869 4567
39 1187
27 4567
1187 4341
3281 4567
265 1187
3122 4567
1187 2818
587 4567
1187 4299
3951 4567
1187 4400
3079 4567
205 1187
3147 4567
1115 1187
4413 4567
1187 2366
731 4567
298 1187
463 4567
1187 2794
2799 4567
1187 3544
3277 4567
379 1187
1342 4567
1187 3927
945 4567
857 1187
814 4567
85 1187
2714 4567
1187 4130
105 4567
943 1187
351 4567
1187 2037
318 4567
1187 1473
1496 4567
1187 3086
4551 4567
1187 4247
3112 4567
613 1187
4567 4807
1187 3323
3437 4567
1187 3052
522 4567
1187 2712
495 4567
1187 4192
4265 4567
1187 3524
130 4567
686 1187
4567 4924
1187 1981
1632 4567
1187 1390
2784 4567
1187 1691
3720 4567
1187 3596
2350 4567
1187 2771
3833 4567
1187 1856
4271 4567
249 1187
4567 4748
490 1187
1554 4567
1187 1838
2375 4567
947 1187
3108 4567
1187 2122
474 4567
1187 3742
3313 4567
1187 3545
3189 4567
1187 2171
2985 4567
1187 2182
2505 4567
1187 3744
826 4567
1187 3396
4567 4822
1187 2705
2988 4567
1187 4770
3819 4567
1187 2419
150 4567
1187 3741
4302 4567
1187 3314
670 4567
960 1187
1014 4567
1187 4284
775 4567
5 1187
3060 4567
1187 1292
1297 4567
1187 3638
4345 4567
535 1187
2684 4567
1187 4424
1298 4567
1187 2756
2039 4567
1187 1462
4099 4567
1187 3239
4567 4773
1187 2614
3999 4567
1187 3491
1700 4567
1187 4393
4567 4831
1187 3529
3160 4567
1187 1789
191 4567
1145 1187
491 4567
1187 3190
1007 4567
1187 1607
738 4567
1187 3420
4567 4642
1140 1187
132 4567
904 1187
3660 4567
759 1187
3667 4567
1187 3353
4311 4567
853 1187
4391 4567
1187 1925
2455 4567
1187 3192
2323 4567
1187 3664
4000 4567
1187 2573
2688 4567
1187 2836
1750 4567
1187 3553
1874 4567
1187 2545
1702 4567
1187 4230
3486 4567
1187 3520
4567 4987
1187 2243
2586 4567
1187 4020
4567 4941
1187 1561
2074 4567
1187 1823
4567 4868
1187 2410
341 4567
1187 1528
2286 4567
774 1187
3007 4567
1187 1807
537 4567
1089 1187
3885 4567
1187 3868
1862 4567
618 1187
3700 4567
1187 3944
3168 4567
1063 1187
2493 4567
1187 4297
3067 4567
1187 4633
999 4567
1187 3996
4567 4974
1187 2796
1074 4567
1187 2825
245 4567
1187 3839
4567 4789
1187 3024
4567 4765
919 1187
3101 4567
1187 3775
2734 4567
1187 3031
3051 4567
1187 4735
710 4567
1187 3053
4567 4701
1187 1323
1597 4567
200 1187
3849 4567
1154 1187
4567 4953
1187 3212
244 4567
659 1187
4567 4862
1187 1351
377 4567
41 1187
882 4567
1187 4118
2588 4567
1187 4511
4411 4567
1187 4943
1904 4567
1187 2497
4567 4910
1187 3654
19 4567
1187 4406
2515 4567
1187 3757
4567 4955
1187 1485
3671 4567
1187 2058
4043 4567
176 1187
3222 4567
1187 2830
3550 4567
927 1187
697 4567
1187 4854
2151 4567
1187 4995
946 4567
1187 1629
4009 4567
1187 4794
2346 4567
1187 4970
3750 4567
1187 2601
4128 4567
1187 2303
4567 4835
524 1187
691 4567
1187 1889
273 4567
903 1187
3489 4567
818 1187
1690 4567
688 1187
1012 4567
1187 3816
4041 4567
1187 1386
3334 4567
1187 3364
902 4567
542 1187
4361 4567
566 1187
2607 4567
470 1187
1412 4567
1006 1187
929 4567
628 1187
1578 4567
715 1187
3818 4567
1187 2798
1850 4567
1187 2743
703 4567
1187 3881
4567 4670
406 1187
3255 4567
1187 4147
4567 4610
798 1187
255 4567
1187 4219
616 4567
1187 2507
3866 4567
1187 3640
590 4567
1187 2680
400 4567
1187 4188
1441 4567
1187 1754
766 4567
1091 1187
651 4567
1187 1910
3237 4567
1187 2969
1501 4567
1187 1743
940 4567
1187 4405
124 4567
868 1187
516 4567
291 1187
779 4567
836 1187
4567 4948
1187 4110
445 4567
1187 3823
2691 4567
1187 2618
1005 4567
695 1187
4567 4947
1187 4560
2483 4567
1187 3135
14 4567
1187 2252
254 4567
60 1187
1152 4567
1187 3470
3577 4567
909 1187
1224 4567
1187 4639
575 4567
197 1187
3169 4567
1187 2251
1563 4567
1187 2032
2309 4567
1187 4653
4567 4965
1187 2129
3934 4567
1187 3402
3250 4567
415 1187
2470 4567
1187 3612
4154 4567
1187 3436
4156 4567
1187 3824
500 4567
1187 1248
3916 4567
1187 3920
112 4567
1187 2531
3599 4567
1187 3565
1019 4567
1187 1972
3133 4567
1187 2525
182 4567
781 1187
1045 4567
1187 2658
2938 4567
1187 1747
918 4567
955 1187
2708 4567
601 1187
4498 4567
1187 4483
1985 4567
1187 1474
1921 4567
1187 2428
3322 4567
1018 1187
4567 4637
597 1187
3493 4567
1187 3140
3304 4567
100 1187
1332 4567
1172 1187
123 4567
1187 2616
3901 4567
1187 4210
4567 4966
1187 3514
43 4567
1187 4518
2321 4567
1187 3533
441 4567
873 1187
364 4567
1187 1723
4158 4567
1187 2853
3677 4567
1187 3949
4037 4567
1187 3662
2710 4567
472 1187
4129 4567
1187 4636
1442 4567
1187 3302
2021 4567
844 1187
1615 4567
1187 3154
2723 4567
1187 3830
2847 4567
1187 4319
1199 4567
1187 1843
418 4567
1187 1392
2791 4567
1187 2671
3842 4567
842 1187
3265 4567
1187 1656
1732 4567
1187 3257
2434 4567
1187 2449
1552 4567
1187 1330
4567 4986
1187 1790
3948 4567
1187 4517
1096 4567
1187 2484
3507 4567
1187 1995
4135 4567
1187 4310
1949 4567
1021 1187
2155 4567
1187 3895
1209 4567
1187 3602
3928 4567
1187 1327
2013 4567
1187 2136
1762 4567
1187 3929
3562 4567
1187 2570
593 4567
916 1187
4567 4681
235 1187
1322 4567
1187 3548
2076 4567
1187 3703
2178 4567
1187 1254
2339 4567
948 1187
1601 4567
1187 1321
4567 4648
881 1187
2687 4567
1187 2692
3657 4567
737 1187
2344 4567
217 1187
3414 4567
1187 3785
2086 4567
315 1187
3852 4567
1187 1522
660 4567
1187 2010
4567 4781
1187 4354
2944 4567
1187 3620
2424 4567
1187 1793
4073 4567
73 1187
4001 4567
1187 4389
1957 4567
1187 4468
4567 4734
1187 2639
930 4567
1187 2279
1022 4567
1187 2562
2518 4567
1187 2765
4546 4567
1187 1795
3980 4567
1187 3719
2069 4567
1187 3984
4567 4760
1187 1788
720 4567
732 1187
2326 4567
559 1187
1038 4567
1187 4526
4567 4804
1187 3155
1081 4567
972 1187
3400 4567
1187 3782
876 4567
1187 3710
2382 4567
1187 1937
2764 4567
1187 1237
1092 4567
1187 2461
333 4567
1187 1872
2927 4567
1187 1223
3312 4567
1187 1887
2846 4567
1187 4056
373 4567
1187 2815
1618 4567
1187 1659
3246 4567
1187 4849
3335 4567
49 1187
4567 4703
1187 3207
4095 4567
1187 2848
2451 4567
1187 1268
4567 4951
1187 3580
1543 4567
1187 3372
2663 4567
1187 4768
536 4567
1187 4279
3835 4567
550 1187
2821 4567
1187 3792
2253 4567
1187 1998
3282 4567
1187 2865
3813 4567
1187 2622
4567 4759
1187 2376
4330 4567
1187 3587
2502 4567
1187 2895
1825 4567
1187 4501
349 4567
1187 1504
2453 4567
1187 4162
473 4567
1187 4071
2200 4567
1187 3336
1776 4567
1187 1631
2516 4567
1187 4373
1946 4567
527 1187
4288 4567
1187 1229
4255 4567
1187 3388
1951 4567
1187 1657
4029 4567
1187 3859
1273 4567
539 1187
2854 4567
1187 4034
3229 4567
1187 2993
4567 4777
1187 2809
885 4567
1187 1444
4478 4567
1187 3186
3109 4567
1187 3527
4567 4830
1187 2334
52 4567
1187 2017
1046 4567
1187 1649
502 4567
1187 3567
2704 4567
1187 4503
726 4567
1187 1259
2758 4567
1187 1287
3443 4567
1187 2879
606 4567
1187 4706
3616 4567
1187 2762
652 4567
1187 1848
529 4567
1187 1490
4415 4567
1187 2348
1231 4567
1187 2365
1936 4567
825 1187
184 4567
1187 1655
1970 4567
1187 3821
3992 4567
751 1187
4100 4567
1187 2133
560 4567
1187 3125
2250 4567
1187 1365
2261 4567
1187 4757
3439 4567
1187 4474
1256 4567
1187 2097
399 4567
6 1187
4567 4852
736 1187
767 4567
833 1187
740 4567
1187 1733
114 4567
1187 3137
1358 4567
1187 2473
1556 4567
1187 1572
3526 4567
748 1187
4315 4567
1187 3184
1548 4567
1187 2275
959 4567
311 1187
2435 4567
1187 3938
4496 4567
1187 3368
3763 4567
896 1187
1440 4567
1187 1468
4216 4567
626 1187
3418 4567
1187 4036
3091 4567
1187 3417
2045 4567
1187 1262
4026 4567
807 1187
1841 4567
1187 2425
4567 4618
693 1187
2720 4567
484 1187
2774 4567
1187 4694
2962 4567
1187 3784
3354 4567
1187 4845
4377 4567
1187 3359
692 4567
1187 2422
1892 4567
716 1187
345 4567
1187 2738
4567 4656
1187 2903
834 4567
639 1187
3383 4567
1187 3370
3574 4567
1187 2276
2884 4567
1187 2343
3376 4567
1187 3170
4263 4567
851 1187
3198 4567
1187 2023
1869 4567
1187 4809
3960 4567
1187 2126
1163 4567
1187 2466
866 4567
1187 4181
4567 4604
1187 2201
3694 4567
1187 3474
911 4567
1187 3127
2629 4567
1187 3566
813 4567
1187 3424
2718 4567
1187 4327
1550 4567
650 1187
2454 4567
1187 2625
2983 4567
1187 4784
4567 4671
307 1187
3062 4567
1184 1187
1284 4567
287 1187
3440 4567
372 1187
2661 4567
1187 4187
1090 4567
1187 4504
4567 4808
1187 4664
1523 4567
1187 1845
1369 4567
190 1187
4567 4721
1187 2396
2441 4567
1187 3100
3457 4567
1187 4084
260 4567
1126 1187
840 4567
1187 1216
2992 4567
1187 3921
2711 4567
1187 1961
4470 4567
1187 3794
3325 4567
40 1187
1151 4567
1187 2611
1220 4567
1187 4534
2266 4567
1187 2174
4456 4567
1187 3213
1697 4567
21 1187
2667 4567
257 1187
2916 4567
1187 4886
3543 4567
423 1187
1704 4567
1187 1560
4334 4567
1187 4007
662 4567
1187 1401
2530 4567
1187 4559
3467 4567
1187 2641
2960 4567
1187 4568
4536 4567
1187 3810
2409 4567
1187 1344
4428 4567
1187 3845
162 4567
1187 3196
3680 4567
1187 3419
4287 4567
1187 2952
3850 4567
1187 2053
4567 4894
1187 2299
1372 4567
1187 4971
933 4567
994 1187
1203 4567
1187 2513
574 4567
1187 4799
4382 4567
1069 1187
2971 4567
638 1187
1439 4567
33 1187
706 4567
515 1187
2934 4567
1187 2255
2247 4567
1187 1335
3558 4567
1187 3158
3503 4567
1116 1187
4316 4567
1187 4984
2337 4567
220 1187
1781 4567
1187 2372
2311 4567
1187 3144
4567 4929
1013 1187
924 4567
1187 4335
2842 4567
1187 3681
1959 4567
721 1187
1627 4567
1187 3291
585 4567
1187 4606
2082 4567
663 1187
3945 4567
1187 2064
1025 4567
1187 1488
405 4567
1187 3332
4451 4567
1187 3923
4375 4567
1187 4446
4260 4567
1187 4145
768 4567
1187 1983
1805 4567
1187 4108
3041 4567
1187 3128
3539 4567
1187 1240
1000 4567
494 1187
1235 4567
1187 4318
390 4567
340 1187
2681 4567
1187 3405
3059 4567
1187 1824
3347 4567
1187 4397
2862 4567
1187 4874
2394 4567
1037 1187
407 4567
1024 1187
4019 4567
1187 3224
1865 4567
1187 1860
4567 4593
1187 3628
4567 4635
1187 4541
2161 4567
1187 1308
2869 4567
1187 3342
2115 4567
1187 1197
1821 4567
1187 3542
2596 4567
1187 2262
928 4567
1187 4616
1518 4567
1187 2147
4125 4567
1187 1544
4567 4949
1187 3873
3875 4567
1187 4239
228 4567
770 1187
2512 4567
471 1187
3675 4567
1187 1279
1827 4567
1187 1537
3025 4567
1187 4093
1404 4567
172 1187
4098 4567
1187 2792
3624 4567
25 1187
3297 4567
1187 4422
4567 4607
841 1187
4195 4567
1187 4460
3228 4567
1187 4178
2333 4567
1187 3226
2822 4567
1187 4205
4567 4685
1187 4267
602 4567
1187 4584
1094 4567
1187 2959
1828 4567
1187 3442
2111 4567
1187 4705
4250 4567
1187 1541
1712 4567
1187 3569
4089 4567
534 1187
1100 4567
1187 1671
2070 4567
1187 3582
1364 4567
1187 1604
1431 4567
1187 2897
2659 4567
1187 4452
773 4567
1187 4661
1191 4567
1187 1247
4140 4567
1187 2362
2686 4567
1187 4843
153 4567
1065 1187
4548 4567
1187 2814
2205 4567
1187 2486
2001 4567
1187 4240
2242 4567
1187 3568
483 4567
1187 2638
4376 4567
1187 1829
3161 4567
1187 3889
2282 4567
1187 2785
4441 4567
194 1187
1741 4567
1187 3139
2675 4567
1187 3179
897 4567
1187 1195
4256 4567
1187 3906
4191 4567
282 1187
1753 4567
1187 2803
4102 4567
1187 1953
4567 4925
1187 2833
3930 4567
1187 2900
1044 4567
1187 4207
1179 4567
1187 2061
3056 4567
742 1187
1804 4567
71 1187
3033 4567
1187 4385
2924 4567
1187 3534
1584 4567
1187 2077
3559 4567
42 1187
1446 4567
61 1187
1244 4567
1187 4918
3234 4567
163 1187
4002 4567
467 1187
3571 4567
1187 1569
2690 4567
1187 3509
3872 4567
1187 1393
443 4567
1187 2936
2313 4567
839 1187
4567 4679
624 1187
614 4567
1187 4617
4167 4567
1187 1417
3957 4567
1187 4609
1791 4567
1187 4928
480 4567
1187 3361
4567 4962
1187 2864
2118 4567
1187 4074
623 4567
299 1187
1915 4567
492 1187
901 4567
1187 4163
3739 4567
1187 2284
1306 4567
1187 2164
1177 4567
1187 4453
118 4567
1187 1198
3054 4567
1187 2173
4447 4567
1187 4217
3011 4567
1187 2224
4567 4957
1187 3645
3310 4567
1187 4919
4567 4975
1187 3413
555 4567
1187 4404
3615 4567
808 1187
2977 4567
1187 2298
4558 4567
1187 1602
847 4567
1187 4123
3521 4567
1187 2763
4515 4567
806 1187
1058 4567
1187 4667
4567 4958
1187 4220
1042 4567
1187 4684
4338 4567
1187 4866
1730 4567
1187 3451
997 4567
1187 2268
4360 4567
1187 4485
1947 4567
1164 1187
1004 4567
1187 4547
2783 4567
1187 1320
2773 4567
452 1187
389 4567
1187 4419
800 4567
883 1187
2450 4567
1187 4245
2843 4567
1187 3796
3075 4567
1187 2701
752 4567
1187 2590
3321 4567
1187 1846
3021 4567
166 1187
992 4567
1187 2180
2889 4567
1187 4968
2002 4567
1187 4136
4049 4567
90 1187
4567 4982
1187 4800
1414 4567
1187 4281
4362 4567
1187 1971
4035 4567
1186 1187
1664 4567
1187 2770
3387 4567
1187 4268
2146 4567
1187 4783
4523 4567
1187 3990
2861 4567
1187 2071
714 4567
1187 4033
2302 4567
1187 2802
2859 4567
1187 2357
1896 4567
1187 4303
383 4567
1187 1891
3209 4567
1187 4078
3502 4567
1187 2509
387 4567
1187 1642
3780 4567
1187 3107
2260 4567
1187 2464
797 4567
1187 4209
3077 4567
1187 1266
3557 4567
1187 1626
420 4567
1187 3330
1662 4567
1187 1984
156 4567
1187 2096
1806 4567
1187 3766
3230 4567
159 1187
3064 4567
758 1187
278 4567
414 1187
2432 4567
1187 3890
1459 4567
297 1187
2926 4567
1187 2689
3114 4567
1187 1646
453 4567
1187 4472
2543 4567
1070 1187
4349 4567
1187 4744
2029 4567
1187 3613
2974 4567
561 1187
2374 4567
23 1187
4567 4897
1187 2840
3397 4567
1187 2750
2207 4567
1187 4115
871 4567
1187 2540
3285 4567
1187 2218
794 4567
1187 4778
122 4567
899 1187
145 4567
1187 3958
2635 4567
196 1187
1193 4567
858 1187
106 4567
1187 2163
2489 4567
1187 2872
3167 4567
1187 1813
3371 4567
889 1187
3894 4567
1187 2694
580 4567
786 1187
3771 4567
1187 3006
2015 4567
1187 1993
485 4567
778 1187
4298 4567
1187 4788
3013 4567
1187 3483
2393 4567
1187 3203
4567 4758
1187 3841
570 4567
1187 1613
900 4567
1187 2499
3962 4567
1187 2383
3831 4567
1187 2349
1456 4567
1187 3253
2699 4567
1187 1529
2 4567
754 1187
573 4567
1187 1509
2195 4567
1187 2404
4482 4567
1187 2330
2256 4567
1187 2828
2598 4567
1187 3787
611 4567
1187 2186
3937 4567
1187 2719
1634 4567
1187 3401
3828 4567
436 1187
3991 4567
1187 3461
268 4567
1187 2976
3034 4567
1187 4859
3882 4567
1187 1792
29 4567
1187 2181
3099 4567
1187 2095
4567 4719
644 1187
2874 4567
1187 1866
3415 4567
552 1187
2277 4567
671 1187
2637 4567
1187 1450
610 4567
1187 1210
3629 4567
1187 4513
1917 4567
310 1187
3465 4567
1187 3807
1201 4567
1187 4575
2980 4567
1187 3936
4567 4923
1187 4381
1660 4567
1187 1313
3659 4567
1187 2420
4567 4871
1187 4543
2211 4567
20 1187
4567 4967
828 1187
4567 4933
734 1187
125 4567
1187 1833
3563 4567
1187 4018
2930 4567
1187 1965
4567 4944
22 1187
2604 4567
1187 2377
110 4567
973 1187
2580 4567
1187 2177
1354 4567
1187 2829
1530 4567
861 1187
1264 4567
1187 2310
45 4567
1187 2943
3022 4567
1187 1956
4179 4567
1187 4691
4567 4954
1187 3404
4455 4567
655 1187
3471 4567
1187 1654
1408 4567
204 1187
1525 4567
1187 2721
1638 4567
1187 4094
937 4567
1187 1768
2437 4567
1187 4148
1967 4567
1187 2759
2519 4567
1181 1187
1767 4567
356 1187
3305 4567
1187 3661
1547 4567
1187 2549
1761 4567
334 1187
2973 4567
1187 3193
3510 4567
1187 4225
81 4567
211 1187
932 4567
679 1187
4567 4873
1187 1803
1968 4567
1187 3931
3411 4567
1187 3812
1214 4567
538 1187
2142 4567
1187 1339
1907 4567
1187 2395
1645 4567
1187 4059
2556 4567
