5000
}{{{}{{}}}{{{{}}}}{}}{{{{{}{{{{}}{}{}}}}{}{{}}{}{{{{{{}}}{}{}}}{{}}}}{}{}{}{}{}{{{}}{{{{{}{{{}}{}{{{{{}}}}}}{}}{}}}}}}}{{{}}}}{}}}}}{{}{{}}}}{}}}{}}{}{}{{{}}}{{{{}{}{}}}{}}{}{}{{}}{}{}}{}{{{}{}}{{}}}}}{}}{}{}}}{}{}{{{{{{{{}{}}}}{{}{{}}{}{}{{{{{{}{}{{}{{{}{{{}}}{{}}}}}}{}{}}{}{}{}}}}{{{}}}{}{}}}}{}{}}}{}}}{}{}}{}}}{}}{}}}}}{{{}}{{{}{{{}{}}{}{{{}{{{{{}}}{{{}{}{}}{}{}}{}{}{}}{{}}{}}{{{{{}{{{{}}}}{{{}{{}{}}{{}}}{{}{}{{}}{{{}{{{{{{{}}}{{}}}}}}{}{{{}{{{{{{{{{}{}{{}{{}{}}}}{}}}{}{}{}}{}{}}{}}{{{{}{{}}{{{{}{{}{{}}}{{}{}}{}}}}{}}{{{}}}}}{}}}{}{{}{{}}{{}{}}{}{}}}}{}}{}{{{}{}}}}{}}}}{}}}}}}{{{}}{}}{{}{}}}}}}{}{}{{}}}{}}{}}{{{{{{}{}{}{}}{{{}{{}{{}{{}}}}}{{}{}{{}{}}{{{{{}}{{}{}}{{}{{{{{{}}{{{}}}}}}{}{{}{}}{{}{}{}}{}{{}}{{}{{}}}{{{{}{{{{}{}{{{{{{{{{{}}}{{}}{}}{{}}{}{{{}{}}{}{{{{{{{{}}}}}}}}}}}}}{}{}}{{}}}{{{}{{{{{{}{{}{{}}}{}{{{}}}}}{{}{{{}{{{{}{{{{{{}{{}{{}}{{{{{}{{}{}}{{}}{}{{{}}{}{}{{}}{{{}}}}}{{}{{{}{{}}}{}}{{{{{{{{}{{{}{}{{{{{}}}{{{{}{}{{{}}}}}}{}{}{{{}}}}{{{}}{}{}}{{}}{{}{{{{{{}{{{}}{{}}{{{{}{}}}{}{{}{}{}{{}{{}}}{{}}{{{}{}}{}}{}}}{}}}}}{{{{}}}}}}}}}}}{}}}{{}{{}}{{{{{}{}{{}}{{{{{}}}}{{{{{}{}}}{{}}}}{}{}}{{}}{{}{}{}}}}{}}{{}{{{{{}{{}}}}}}{{{{}}{}}}{{}{}}}{{}{{}}{}{}}}}{{{{}}}{}}}{{}{}}}{}{{{{}}}}{}}}{}}{{}}}{}}{}}{{{}{{{{{}{}}}}}}{{}}}}{{}}}{}{}}{}}}}{}}{}}{{}}{{{{}{}}}}{{{{}}}}}{{}{}}{{}{}{{{}}{{{{}{{}{}}{{{{{}{}{}{{}{{{}}}}{}}}{{{}}{{{{{{}}{}}{{}}{{}{{{{{{}}}}{{}{}}{}}{{{{{}}{}}}}{{{}{{{}}{{{{}}}{{}{}{{{{{}}}}{{}{{}}{{{{}}{}}{{{{}}{}}{}{}}}{}}}}{}}{}{{}{}}}}{{{{{{}{}{}{}{{{}{{}}}{}{{}{{{}{}}}}}}{}}}{{}{}}}}}{{}}{}{}{}{{}}{{}{{{{{}}{}}{}{{{}}}}}{{{{{{}{{}}}{}{}{}}{}}}}}{{}}{}}}{}{}{{}}}}}}}}}}}{}}{}}{{}{{}}{{{}}{{}}}{{{{{{{{{}}}{{{}}{{}{{}}{{}{{}}{}}{}{{{{}}{}}{{{{}}}{}}}{}{}{}{}}{}}{{{}{}}{{{}{{}{}}}}}}{{}}{{{{}}}}}}}}}{}}}}}}}}{}}}}{{}}{{{{{{}}{}{{{{}}{{}{}}}}}}}{{}}}{{{}}}{}}{{{{{{}}}}}}{{}{{}}{}{}{{{{{}}{}}{}}}}{}}{{{}{}}}{{{}{{}}}}{{{{{{{}{}}}{{}{}{}{{{{{}{}}}}{{}}{{{{}{{}{{{}}{}{}}{}}{}{{{}}}}{{{}{}}{{}}}}{}{}}}{}{}}}}{}}}}{{}}}{}{}{}{{{}{}}{{}}}{{}{{{{{}{}}}}}}{}{}{{}{{}{{}}}}}{}{}{{}}{{{{}}}}}{}{}{{}{}}}{}}{}{}{}}}}{{{{}{{{}}{{{{}}}}}}}}{{{{}}{}{}{}}{}}}}}}{}}}}}}{}}{{{}{}{{{{}{}}{}{}{{}{}{}}}{}{{}{{{{{{{}}}}}{{{}{{}}{}}{}}{{{{{}{}}{{{{}{{{}{{{}}{}}}{{}}{{}{{}}{{{{{{}{}}}{}}{}}{{}{{{{}}}{{}}{}{{}{{{}}{}{{}}}{}{{}}}{{{}}}{{{}}{}{}}{{{}}}}{{{}{{}{{{{{{}}}}{}}}{}}}{{{}{}}{}}{{}}{}{{}}{{}{{}{}{}{}}{{{{{}{{{{}}{}{{}{{}{{}{{{{{{{{{}{{{}}{{}{}}{{{{{}}}}{{}{{}{{}}{}{}}{}{}{{{}}{{}}}}}{{}{{{}{}}}}{}}}}{{{}}}}{}{{}{}}{{}{}}{}{}}}}}}}}{{{}{}{{}{{{{{}{}{}}}{{}{}{{{{{}}{}}{}{}}}}}{{}{{}}{{}}}}{}{{{}{}}}{}{{}{{{{}{}}}}}}}}}}{}{{{}}}{{}}}{{{{{}{{}{}}}{}}{{}}{}}{{{}}}{{}{{{}}}}}}{{{{{}}}}{}{{}}{}}{}}{{{{{}}{}}{}{{{{{}{}}{{}}{{}{}{}}}}{}}{}}}{}{}}{}{{{}{}}}}{{{{}}}{{}}{{{}}}{}}}}{{{}}}{}}{{{{}{{}}{{}{{}}}}}{}{{}{{{}}}{}{}}}{{{}}{{{}{{}{{{}}{}{}{}{{{}}{}}{}{{}}}}}{}{}{{}}}}{{}{{{{{}{{{}{{}}{{{}{{}}}{{{{{}}{}}{{{{}{}{{}{{{}}{{{}{}{{}}{}{{{{}{{}{}{}}}{}}{{{}{{}}{}{{}{{{{{{{}{}{{{{{{}}}}{}}{{{}{}}{}}}}{{{{{{{}}{{{{{{}}{}{}{{{{{}}{{{}}{{{{}}{{}}{}}}}{{}{}{}{{{}}}{}{}{{}}{}}{}}}{}}{}{{}}}}{}{}{}}}{{}{}{{{{}}}{}}{{}{{}}}}}{{{}{}}{{}}{{}}}}{}{}{{{{}{{}}}}}{}}{{{}{{}{}}}{}{{{}{{}{{}}{{{}}}{}{}}{}{{{}{{{}{}{}}{}{}}}}{{{}{}}}}{}{}}{{}{}{}}{}}{{}}{{{}}{}}}}{}{}}{}{}{{{{}{}{}}{{{{}{{{{{}{{{{}}{{{}}{}}}}{{{}}}{{}{}}{{}}}}}{}}}{{}}{{{}}{{{}}{{{}{}{}}}{}{}{}{{}{}}{{{{}{}}}{{{{}}{{{{}}}{{}}{}}{}{{}}}{}}{}{{}{{}}{}}}}{{}}}{{}{{{}{{{{}}}{{}}}{{{}{{}{{}{}}}}{{{}}}{}}{}}}{}}}}}{{}}{{}}{}}{}{}}{{}{{{{{{}}{{{}}{{}}{{{{{}}{}}{{}}{{}{{}}{}}}}{}}{{}}}}}}}}}}{}{}{{}}{{{}{}}{{{{}{{{{}{{}}{}{{{{{}{}{{}{}}{}{{}{{}{{{}}}{{}}{}}{{{{}}}{{{{{{}}}{{{}{}{{{{}{{{{}}}}{}}}}}{}}}{{{{{{}{}}}}{}}}{{{{}{{}}{{{}}{{{}{{}{}{}{{{{{{}}{}}{{{{{}}}{{}{}{{{{}}{{}}}{}{}{{}{}{}}}{{}}{{}}{}}{}{}}}{{}}{}}{}{}{{}}{{{{{}{}{}{}{}{}}{{{}{}}{{{{}}}{{}}}{{{}}{}}{{}{{}{}}{{{{}}{{{{}{{}}}{{{}}}{}}{}{{}}{{}{{{}}{}}{{}{{}{}{{{}{{}{{}}{}}{}}{}}}{}}{}}{{}}{{}}{{{}}{{}}}}{}{}{{}{}}}}}{}}{}{{{{}{}}}{}{{}}}{}}{}{}{{}}}}}{{{}}}{}}{}}{{}}}}{}{{{}}{{}}{{{{}}{}}{}}{}{{}}{{{}}{}}{{}{}{}{{}}{{}{{}}}{{}{}{}{}}{}{{}{{{}}{}{}}}{}}{}}}}}}}{{}}{}}}}{{}{{{}{}{{{}}{{}{}}}{}}{{{}{}{{{}}}}{}{{{}{}}}{{}{{{{}{{}{{}}{{}{{}{}}{}}{{{{}{{}{}}{{{}}}{{}{{{}}}{{}}}{{{{}{}{}{}}{}}}}}{}{}{{}}{}{}{}{{{}}{{}}{}}}}{}{{}}}}{{}}}}}}}}{}{}}{}}}{{}}{}{{}{{{{}{{}}}{}{}{}}}}}{}{}}{}{{{}}{{{{}}{}{}}}}}{}}{{{{}{}{{{{}{{}}}{}{}}}{{}}}{}}}}}{{}{{}}{{{{}}{{}{{}}}}{}}}}{{}}{{{}}}{{{}}}}{}}}{{{}{}}{{}{{{{}}}}{{}}{{}{{{{{}{{}{{{}{{{}}{{{{}{}{}{{{}}}{{{{}{{{{{}{{}}{}}}{{}}}}}{{{{{}}}{{}}{{}}}{}{{{{}{}}{}}}{{}{{}}}{{}}}}}}}{{{{}}{{}{}{}{{{}}}{{{{{}}}}}}}{}}}{}}}{{{{}}{}}{{{}}}{{{{{{{{{}}}{}}{{{{}{{{}{}{{}}}{{{{}}}}{{}{}}{{{}{{}{{}}{}}}{{{{{{{}{{{}}{}{{{}}{}{{}}}}{{{}}}}}}}{{}}}}{}{{{}}{}{{{}}{{}{}{{}{{}{}}{}}}{{{}}{{{}}{{}{}}}}}{}}{{}{{{}}}}{}{}{{{{{}}}{{}{{{{{}}{}{{{}{}{{{{}}{{}}{}}}}}}{{}{}{{{{{{{}}}}{}}{}{}}{}}}}{}{{}{{}}{{{{{{}{}}}}{}}}{{{{{}}{}}}{{{}{}{}{{{{{}}{}}}{}}}}}}}}}{}{}{}}{}}}}}{{}}}{}{{{{}{}}}{{{{{}}{}}{{}}{{{{{}}{}}}}}}{}{}}}{}}{{{}}}}}}}}{{}{}{{{}}}}{{{{}}}{}{{{}{}{}{}}{{}{{}}}{{}{}}}{{}{}}}{}}}}{}}}{{}}}}}}}}}{{{}{{{{}
2322 3811
1670 3811
1930 2322
1022 3811
2322 3936
1751 3811
1938 2322
2136 3811
2322 3348
1773 3811
2322 4025
1160 3811
1109 2322
3811 4356
2040 2322
846 3811
1033 2322
914 3811
17 2322
2589 3811
2322 2467
2474 3811
2322 3718
737 3811
1125 2322
2572 3811
2322 2670
3811 4993
2322 2510
217 3811
2322 2329
2854 3811
2322 4362
2392 3811
574 2322
472 3811
2322 3329
2164 3811
2322 4783
2594 3811
671 2322
1532 3811
2322 3577
3811 4992
1044 2322
1213 3811
2322 2442
3811 3851
1215 2322
2919 3811
2322 4846
1479 3811
2322 2562
1793 3811
2322 3698
891 3811
1935 2322
3811 4380
2322 3522
735 3811
633 2322
2227 3811
2322 3417
3772 3811
2322 2892
614 3811
1829 2322
2948 3811
2322 2889
2028 3811
2322 4195
969 3811
2322 4508
3811 4171
2322 2406
1396 3811
2168 2322
366 3811
2322 4882
3811 3835
2322 3884
3811 4023
2322 3005
3811 4803
2322 3986
2261 3811
2322 3170
3811 3894
246 2322
682 3811
2322 2447
1359 3811
2322 3691
529 3811
1738 2322
78 3811
2322 4361
2849 3811
966 2322
2173 3811
294 2322
1039 3811
2322 3630
625 3811
2031 2322
2742 3811
1012 2322
3811 4067
2322 4003
3811 4032
2322 3480
3811 3855
2322 3382
1231 3811
2322 2734
3811 4326
2322 3918
851 3811
1811 2322
2110 3811
1383 2322
3811 4225
2123 2322
3593 3811
2322 4047
865 3811
410 2322
3811 3929
1929 2322
3037 3811
2322 4603
3811 4693
2322 3853
3653 3811
699 2322
1303 3811
2322 4472
3749 3811
1450 2322
3811 4650
2322 3361
3162 3811
2322 3801
1298 3811
1679 2322
3568 3811
786 2322
11 3811
950 2322
93 3811
45 2322
3811 4065
1941 2322
1868 3811
1758 2322
3335 3811
1339 2322
3811 4438
2322 3844
3636 3811
2322 2749
3811 4547
2322 4660
1879 3811
2322 3525
644 3811
2207 2322
2909 3811
2211 2322
2989 3811
2322 4441
1117 3811
2322 4633
3554 3811
2322 4589
1520 3811
2194 2322
927 3811
2322 4851
672 3811
2197 2322
2148 3811
2322 3328
2697 3811
1946 2322
236 3811
2097 2322
770 3811
84 2322
445 3811
2310 2322
2812 3811
1461 2322
839 3811
2322 4901
3036 3811
400 2322
848 3811
333 2322
3621 3811
540 2322
3811 4485
2322 4367
3078 3811
2322 4203
1998 3811
2322 3967
2610 3811
1874 2322
3811 4552
2322 4889
773 3811
1961 2322
3438 3811
2322 4046
817 3811
2322 4613
453 3811
2322 4946
2250 3811
2322 4677
3811 4756
2322 3433
3561 3811
1911 2322
2725 3811
692 2322
544 3811
1665 2322
1413 3811
2322 3904
3811 4750
2322 4209
1875 3811
1121 2322
192 3811
1425 2322
3811 3971
2322 4974
2528 3811
1778 2322
3811 4801
2322 3257
2681 3811
306 2322
3612 3811
2322 4514
3811 4708
1286 2322
2480 3811
2322 4098
3548 3811
2322 3744
2167 3811
2322 4507
3811 4124
1687 2322
219 3811
2322 3549
2243 3811
2322 4014
778 3811
2322 3250
1391 3811
2322 3460
3811 3987
581 2322
3811 4406
2322 4139
2358 3811
2322 4175
3164 3811
2322 3009
3811 4732
2322 3416
3811 4789
2322 3409
3811 4804
2322 4317
808 3811
2322 2503
492 3811
2322 3451
3811 4105
2322 4460
889 3811
2322 4616
1684 3811
2322 4275
2472 3811
59 2322
3435 3811
722 2322
364 3811
2322 4893
2987 3811
2322 4234
3811 4315
2322 4319
3811 4841
590 2322
2877 3811
2322 3724
3811 4848
1428 2322
3071 3811
2322 3019
1964 3811
2322 3980
2983 3811
2322 3915
2612 3811
1558 2322
3357 3811
569 2322
1765 3811
1505 2322
2021 3811
2322 2662
3811 4227
2259 2322
3811 3814
2322 2884
1114 3811
2322 3681
3811 4947
2322 3184
1541 3811
2322 3585
1672 3811
2322 4446
3811 4954
1697 2322
3791 3811
536 2322
2847 3811
2322 4991
464 3811
1301 2322
3251 3811
1535 2322
763 3811
2322 4238
3811 4267
302 2322
457 3811
132 2322
798 3811
1744 2322
3811 4449
2322 4318
3811 4371
696 2322
6 3811
1146 2322
1827 3811
2322 4109
3173 3811
2274 2322
1732 3811
2322 4177
2907 3811
1888 2322
436 3811
1714 2322
2107 3811
2322 4995
2958 3811
2322 4456
3666 3811
439 2322
2158 3811
2322 3130
256 3811
1460 2322
3511 3811
1538 2322
3533 3811
1161 2322
1527 3811
1990 2322
1956 3811
148 2322
3811 4384
1603 2322
2914 3811
2322 2862
3675 3811
887 2322
1274 3811
1152 2322
3811 3995
2322 3877
467 3811
2322 3958
1095 3811
107 2322
3616 3811
2322 3119
3811 4497
469 2322
700 3811
2322 3371
3526 3811
1371 2322
1206 3811
2018 2322
1137 3811
1892 2322
3811 4919
2198 2322
76 3811
2322 3560
112 3811
2322 3063
3811 4434
2322 3472
1468 3811
579 2322
3811 4336
1111 2322
3811 4534
2322 4637
3811 4972
1314 2322
3213 3811
1871 2322
1968 3811
2322 4515
3591 3811
2322 2795
900 3811
2322 4844
2669 3811
1512 2322
627 3811
2322 4503
1179 3811
2322 4130
3811 4090
2047 2322
2576 3811
322 2322
636 3811
2012 2322
3811 4135
1823 2322
1553 3811
2322 4360
3076 3811
1572 2322
1563 3811
438 2322
1771 3811
1952 2322
1241 3811
2322 2372
2768 3811
1240 2322
3811 4394
458 2322
1189 3811
2322 3898
3811 4390
2010 2322
1683 3811
947 2322
3811 4578
875 2322
3811 4306
1360 2322
841 3811
2322 4525
1866 3811
2322 4246
1932 3811
329 2322
1190 3811
2322 2882
1387 3811
1524 2322
1200 3811
2322 3768
631 3811
2322 3471
134 3811
2322 3026
1026 3811
2322 2665
478 3811
1976 2322
3080 3811
819 2322
3811 3897
2322 4573
3776 3811
1856 2322
3811 4577
2322 4338
2033 3811
2120 2322
3234 3811
473 2322
3570 3811
2322 3031
3811 4931
48 2322
728 3811
2322 3866
2953 3811
346 2322
3013 3811
1447 2322
2929 3811
1061 2322
2739 3811
2322 2822
3811 3930
2322 3953
3108 3811
328 2322
2684 3811
2322 4436
501 3811
1615 2322
2235 3811
2322 3458
3811 4078
2166 2322
1715 3811
2322 3847
3468 3811
2322 3312
3061 3811
1295 2322
2886 3811
2322 4444
3811 3880
2095 2322
3811 4292
2322 2868
725 3811
310 2322
3811 3914
1785 2322
1254 3811
2322 2539
902 3811
2322 4297
431 3811
2322 3778
3811 4715
2322 4875
3207 3811
2322 2421
3300 3811
2322 2776
3811 4776
2322 3579
2643 3811
2187 2322
2990 3811
2322 2517
3016 3811
1496 2322
1084 3811
1456 2322
3811 4790
643 2322
3811 4854
2322 3246
1661 3811
2322 2674
503 3811
1474 2322
127 3811
490 2322
3811 4128
261 2322
3811 4140
1727 2322
3811 4953
2315 2322
2939 3811
2322 4256
1135 3811
2322 2555
1497 3811
68 2322
955 3811
1246 2322
535 3811
2280 2322
508 3811
2322 4289
2834 3811
2322 4268
3811 4060
2322 4541
1657 3811
604 2322
3811 4443
1354 2322
2690 3811
1947 2322
2603 3811
2322 4345
3811 4330
2322 2453
216 3811
194 2322
2951 3811
111 2322
1966 3811
2322 3515
3800 3811
2322 2444
3426 3811
2322 2486
3811 4951
2322 2648
2140 3811
2017 2322
2042 3811
2101 2322
1283 3811
97 2322
609 3811
2322 3906
3206 3811
2322 3141
3211 3811
2322 2629
3811 3998
2322 2703
3732 3811
481 2322
3719 3811
1069 2322
3795 3811
518 2322
2937 3811
2322 2727
3811 4965
2322 3432
3811 4656
2322 3638
2170 3811
184 2322
3811 4593
1906 2322
1477 3811
2322 4902
2565 3811
2322 4303
3811 4588
130 2322
3811 4824
893 2322
1164 3811
2322 3179
3811 4725
1188 2322
2765 3811
2322 3954
3738 3811
395 2322
3811 4766
920 2322
996 3811
2322 2636
2632 3811
2322 3892
2483 3811
2322 4743
3748 3811
2322 3833
3415 3811
129 2322
3811 4722
2322 2676
2875 3811
2322 4842
3811 3949
2322 3693
506 3811
2322 3039
2956 3811
2322 3192
96 3811
1076 2322
3811 3819
2322 4073
413 3811
2322 3475
3661 3811
2322 3537
3149 3811
1933 2322
1757 3811
2322 4604
1882 3811
1416 2322
1328 3811
2322 3959
1488 3811
2322 3469
244 3811
165 2322
3811 4240
1617 2322
3811 4312
2322 3121
480 3811
2322 4746
3811 3889
856 2322
275 3811
1662 2322
399 3811
2322 2818
3811 4469
2322 3089
2448 3811
712 2322
3811 4572
2322 2396
3811 4419
759 2322
2162 3811
2077 2322
3811 4594
2322 2966
1931 3811
2322 3287
1601 3811
1050 2322
92 3811
1056 2322
3811 3841
1187 2322
1365 3811
358 2322
3811 4123
2322 2386
3811 4673
1005 2322
1269 3811
2322 4979
331 3811
2322 3751
2171 3811
75 2322
936 3811
1346 2322
3811 4093
880 2322
3811 4638
719 2322
1408 3811
2322 3138
3811 4217
466 2322
1648 3811
2003 2322
250 3811
2322 5000
2005 3811
1812 2322
1326 3811
2322 4751
1060 3811
2322 3267
1006 3811
1143 2322
3811 4646
90 2322
1096 3811
83 2322
3811 4921
2322 4041
1851 3811
2322 3240
3811 4302
941 2322
2249 3811
2322 2354
1725 3811
2322 4627
3513 3811
2322 3564
3345 3811
989 2322
3811 4358
21 2322
2810 3811
1024 2322
3178 3811
1216 2322
3065 3811
280 2322
3811 3933
789 2322
1926 3811
2322 4286
3811 4103
482 2322
1855 3811
1858 2322
1079 3811
2045 2322
3811 4465
1379 2322
3811 4347
2322 3381
3811 4053
788 2322
1598 3811
1593 2322
1304 3811
710 2322
2035 3811
2322 3550
3402 3811
1115 2322
2496 3811
2322 3794
2004 3811
313 2322
3062 3811
2322 4015
2946 3811
1511 2322
3811 3999
1059 2322
2119 3811
2322 4172
3811 4188
2322 3447
799 3811
1971 2322
3767 3811
2322 3318
1776 3811
655 2322
3811 3982
2322 3709
2232 3811
2322 2920
2423 3811
2322 3027
3811 4549
2322 3820
1701 3811
1531 2322
2779 3811
2322 3004
3811 4307
1618 2322
3807 3811
2322 2873
422 3811
2322 3134
1025 3811
1809 2322
598 3811
1739 2322
3464 3811
2322 2464
249 3811
1063 2322
3714 3811
2322 4024
867 3811
1207 2322
316 3811
2322 4466
1232 3811
1993 2322
3025 3811
2322 2783
1388 3811
1743 2322
2086 3811
872 2322
2318 3811
2322 4922
2645 3811
2322 3325
651 3811
2186 2322
3811 3921
1741 2322
1120 3811
1797 2322
49 3811
2322 4809
3279 3811
2322 3022
3811 4215
2322 3832
2093 3811
1041 2322
3114 3811
2322 2976
935 3811
958 2322
418 3811
2322 2566
252 3811
647 2322
1014 3811
911 2322
3811 4718
2322 3925
3811 4325
2322 4050
2141 3811
1832 2322
3811 3860
2322 4546
3120 3811
2322 4696
2303 3811
2322 2718
1201 3811
2322 2609
3302 3811
2322 4467
2824 3811
2322 2534
297 3811
2322 4957
1047 3811
2322 4869
3811 4314
2322 2563
1226 3811
2322 3365
1367 3811
2322 2507
2104 3811
2322 4956
3811 3926
2322 3340
1726 3811
2322 4016
1880 3811
2322 3988
1224 3811
283 2322
845 3811
2322 3085
1570 3811
2069 2322
587 3811
1652 2322
3811 4528
203 2322
1650 3811
2322 2928
3811 4705
2322 3050
3495 3811
2322 3113
3811 4966
2322 2893
3811 4939
2322 4150
461 3811
1608 2322
3811 3983
2322 3911
164 3811
2146 2322
3811 4365
2322 3509
2126 3811
2322 4830
3354 3811
2322 3984
3608 3811
1889 2322
2678 3811
2322 2544
387 3811
2322 4850
2732 3811
724 2322
3425 3811
94 2322
1363 3811
2322 2921
3811 4574
1151 2322
386 3811
2322 2640
3811 4229
1515 2322
3811 4199
2322 4671
3077 3811
2322 3739
3811 4827
1559 2322
3811 4492
2322 2596
2504 3811
2322 2708
1307 3811
2322 4040
3811 3977
705 2322
953 3811
2027 2322
80 3811
2322 4878
290 3811
2322 2954
2373 3811
2322 4632
3811 4740
1403 2322
622 3811
1266 2322
3811 4999
2322 4445
2905 3811
2322 3377
87 3811
2322 3401
3811 4538
2322 3084
189 3811
1183 2322
3634 3811
62 2322
1484 3811
1519 2322
3742 3811
2183 2322
3811 4996
2253 2322
3625 3811
2043 2322
1462 3811
1101 2322
2062 3811
2322 4296
3811 4797
2322 2607
1873 3811
2322 4934
415 3811
104 2322
483 3811
2322 4568
3692 3811
2251 2322
2254 3811
1055 2322
3811 4450
2322 4066
3755 3811
2322 3886
102 3811
780 2322
3811 4592
1658 2322
3759 3811
2322 3784
2328 3811
526 2322
3101 3811
2322 4689
3700 3811
131 2322
3811 4872
1796 2322
3811 4076
2322 2591
3737 3811
1799 2322
3811 4499
2225 2322
3811 4396
2322 4051
3811 4802
394 2322
3673 3811
33 2322
3811 4539
321 2322
3712 3811
821 2322
343 3811
406 2322
3501 3811
2322 4379
3811 4900
2322 3248
2653 3811
932 2322
3811 4874
2322 2942
2338 3811
169 2322
3811 4133
1849 2322
3811 4636
2322 2546
1862 3811
2322 3157
1917 3811
2322 4186
2527 3811
2024 2322
2063 3811
2322 3581
3811 4519
1097 2322
1214 3811
2322 4259
3320 3811
2322 3544
3811 4843
212 2322
2124 3811
648 2322
2872 3811
2322 4000
13 3811
2322 4324
1442 3811
1177 2322
3811 3842
2322 4590
3811 4271
2322 2916
2819 3811
2322 3399
3524 3811
2322 3689
1711 3811
619 2322
3557 3811
2322 2760
1770 3811
1668 2322
2899 3811
2322 4233
904 3811
1686 2322
1974 3811
8 2322
2380 3811
2322 3152
2130 3811
2322 4474
1376 3811
2322 4062
1943 3811
2322 2402
427 3811
2322 3351
3811 4924
2322 4294
435 3811
2322 3947
1626 3811
2322 4680
2762 3811
615 2322
3264 3811
801 2322
1210 3811
2322 3012
3811 4138
1235 2322
3811 4430
2322 4832
3811 4220
2322 3174
2649 3811
2322 3551
2720 3811
2322 2615
1368 3811
2322 3520
2806 3811
2322 2895
3811 4620
1745 2322
3811 4757
531 2322
2516 3811
2322 2658
3811 4968
2322 2707
742 3811
2182 2322
1333 3811
1942 2322
2470 3811
95 2322
2262 3811
2322 3002
3403 3811
2322 4224
777 3811
2322 4180
247 3811
2322 4387
666 3811
2322 2804
3127 3811
2322 4483
561 3811
311 2322
2172 3811
2322 3343
3811 4509
985 2322
2867 3811
434 2322
721 3811
1364 2322
2498 3811
1795 2322
3811 4308
2322 2397
2973 3811
1789 2322
377 3811
2322 3387
928 3811
2322 4055
3632 3811
2322 4699
3811 4943
2322 4897
1302 3811
1958 2322
1877 3811
2322 4905
3135 3811
2322 4344
402 3811
2322 4092
859 3811
2322 2410
3799 3811
2322 4393
836 3811
2322 2754
3594 3811
2322 2432
519 3811
863 2322
1673 3811
2322 3476
1619 3811
2322 3018
373 3811
2322 3043
1999 3811
2322 2728
3697 3811
2041 2322
3811 4249
1208 2322
3811 4113
1058 2322
2302 3811
2322 2484
3606 3811
1166 2322
1198 3811
813 2322
2204 3811
2308 2322
3081 3811
1676 2322
3449 3811
1100 2322
656 3811
139 2322
3508 3811
1037 2322
3811 4480
2322 3868
3811 4264
2322 2399
1157 3811
1222 2322
3811 3876
2322 3733
890 3811
2322 3536
2758 3811
1162 2322
2857 3811
1211 2322
3789 3811
2322 3237
2798 3811
2322 3225
1822 3811
2322 3919
3617 3811
1507 2322
2409 3811
1432 2322
1048 3811
2322 2378
1623 3811
1700 2322
2179 3811
2322 4403
3811 3822
2322 4477
3811 4706
2322 2600
2858 3811
585 2322
3811 4442
1775 2322
524 3811
2322 3839
3721 3811
2067 2322
3448 3811
608 2322
2573 3811
1569 2322
3811 4925
2322 3315
3352 3811
2322 2764
3811 4273
2322 4366
2400 3811
1957 2322
241 3811
1791 2322
3811 4779
2214 2322
3811 4898
2322 4455
1777 3811
2322 3944
726 3811
2322 3808
3455 3811
2205 2322
678 3811
2322 4132
1663 3811
1693 2322
2691 3811
2322 2568
1375 3811
910 2322
2913 3811
2322 3272
3811 4432
2322 3669
3811 4364
1666 2322
505 3811
1605 2322
541 3811
2299 2322
3054 3811
1424 2322
1967 3811
1116 2322
3811 4464
2322 3702
2997 3811
2322 2508
3542 3811
1634 2322
1470 3811
2322 2740
3811 4288
1886 2322
1436 3811
1244 2322
2325 3811
1867 2322
1834 3811
2244 2322
2255 3811
323 2322
3811 4348
1414 2322
2870 3811
2322 2960
1545 3811
2322 4834
1045 3811
2322 4490
2135 3811
2322 4397
3090 3811
1669 2322
1265 3811
2322 4116
3424 3811
2322 4928
3631 3811
2322 4516
349 3811
2322 3221
3344 3811
729 2322
556 3811
2300 2322
2575 3811
760 2322
1173 3811
2322 3096
3336 3811
2322 4819
1742 3811
558 2322
3811 4994
2322 4295
2696 3811
2322 3647
3811 4281
2322 3618
3811 4998
2322 3457
350 3811
2322 3874
3811 4350
850 2322
681 3811
2322 3278
2545 3811
2322 2785
807 3811
2322 4890
3545 3811
2322 4475
1890 3811
1986 2322
238 3811
2322 3209
3294 3811
339 2322
3125 3811
168 2322
1420 3811
2322 4363
3811 4212
2322 2993
930 3811
337 2322
688 3811
2322 3028
2370 3811
1680 2322
1896 3811
2322 4117
3197 3811
2322 2521
2138 3811
1659 2322
3216 3811
2322 4048
1642 3811
949 2322
3811 4404
424 2322
2586 3811
1374 2322
1718 3811
2322 3559
3418 3811
1337 2322
3186 3811
2322 3859
1444 3811
1884 2322
3035 3811
1901 2322
804 3811
1256 2322
1640 3811
2322 4131
605 3811
2322 4529
1955 3811
2037 2322
833 3811
2322 3235
3116 3811
1840 2322
1118 3811
974 2322
3811 3908
1106 2322
898 3811
2322 4796
1656 3811
2322 4868
1272 3811
2322 4916
3811 4595
583 2322
2459 3811
2322 3427
451 3811
1774 2322
2569 3811
515 2322
334 3811
2322 3331
669 3811
2322 3342
3210 3811
2322 3503
3651 3811
2322 2465
218 3811
1485 2322
1108 3811
507 2322
2957 3811
2322 4313
3811 3940
552 2322
3811 4707
1036 2322
1322 3811
1159 2322
1962 3811
2322 2724
3811 4886
2322 3610
3811 4142
1703 2322
58 3811
543 2322
3811 3878
1034 2322
3811 4110
2322 3397
3811 3964
2322 4219
2641 3811
2290 2322
456 3811
1736 2322
1476 3811
2264 2322
3811 4932
2322 2514
3023 3811
2144 2322
3756 3811
2322 4840
2513 3811
1610 2322
3811 4385
2322 2771
3349 3811
1923 2322
2057 3811
1590 2322
2535 3811
577 2322
136 3811
2322 2917
3765 3811
2322 2375
757 3811
2322 4263
1318 3811
2322 2786
1842 3811
2322 2660
3811 4311
1217 2322
207 3811
2322 3685
277 3811
2322 2505
3811 4563
2322 3895
3811 4728
2322 4190
3532 3811
2322 4189
3811 4045
2322 3872
527 3811
2322 2584
3811 3825
2322 4929
3811 3901
2322 3199
3811 4187
1953 2322
3306 3811
2322 3474
1331 3811
1753 2322
3811 4602
1276 2322
635 3811
658 2322
1087 3811
2322 4617
3303 3811
2322 2748
1027 3811
2322 2588
1178 3811
834 2322
2982 3811
2322 2826
3752 3811
2322 4343
2222 3811
1220 2322
3811 4724
2322 2841
957 3811
2322 3663
2897 3811
2322 4082
1319 3811
2127 2322
3811 4523
2322 2667
871 3811
308 2322
2180 3811
2322 3741
3056 3811
2322 3262
617 3811
315 2322
2022 3811
2322 3777
3811 4298
152 2322
3439 3811
2322 4791
1713 3811
677 2322
629 3811
1573 2322
3811 4831
2098 2322
3620 3811
174 2322
2056 3811
2322 2699
3811 4566
2322 4784
1417 3811
2292 2322
805 3811
1509 2322
3811 4556
1728 2322
3811 4608
2322 4100
3811 4037
56 2322
3811 4923
187 2322
779 3811
2322 3740
351 3811
226 2322
3811 4484
282 2322
3811 4069
2322 2840
3811 4500
2143 2322
2935 3811
2322 4333
3811 4386
2322 2695
3384 3811
993 2322
3169 3811
2322 4223
2816 3811
1847 2322
3811 4937
2322 4476
3627 3811
1082 2322
1756 3811
1655 2322
3811 4248
2322 3856
2923 3811
2322 2980
3811 4331
1466 2322
2381 3811
2322 3678
864 3811
2322 4044
3717 3811
1975 2322
3232 3811
1088 2322
1478 3811
2215 2322
2911 3811
2322 3268
1338 3811
274 2322
3811 3812
2322 3253
3811 4690
2322 4773
2256 3811
2322 4201
3811 3887
2322 4915
3538 3811
2322 2885
3811 4277
2322 3190
1415 3811
2322 4772
3811 3963
419 2322
1894 3811
1 2322
1453 3811
2322 4948
3092 3811
2322 3083
1798 3811
1723 2322
1385 3811
1259 2322
1831 3811
1336 2322
3430 3811
2322 3171
89 3811
1780 2322
1802 3811
2322 4282
2443 3811
1720 2322
3214 3811
1647 2322
2746 3811
2322 4557
3811 4615
2273 2322
3811 4156
1293 2322
1982 3811
1635 2322
2635 3811
2322 4193
2002 3811
879 2322
242 3811
2322 2975
874 3811
2322 4949
1850 3811
1288 2322
539 3811
2322 3060
679 3811
1609 2322
88 3811
2322 4074
2887 3811
1995 2322
917 3811
2322 4034
3811 4423
1702 2322
818 3811
2322 3523
133 3811
2322 2860
3683 3811
2322 3695
2195 3811
2322 2425
897 3811
2322 4232
3097 3811
2322 4895
2339 3811
318 2322
3811 4197
2322 4990
654 3811
584 2322
254 3811
1561 2322
3811 4353
2322 3298
2176 3811
1423 2322
3811 4129
2322 4310
22 3811
1914 2322
814 3811
2185 2322
3811 4981
2322 3321
938 3811
2322 2755
3811 3978
2322 4453
205 3811
2322 3334
3811 4342
2322 3187
2054 3811
2322 2548
3811 4785
1495 2322
1907 3811
2322 4230
3410 3811
2307 2322
855 3811
1989 2322
3811 4513
271 2322
3811 4678
2322 3408
3811 4058
1169 2322
2730 3811
1525 2322
3811 3951
2322 4742
3811 4461
2322 3788
3000 3811
2321 2322
82 3811
1404 2322
2717 3811
2322 3033
2426 3811
278 2322
3811 3960
2322 3745
3811 4114
2322 2440
3128 3811
2322 4969
3811 4410
2322 4524
3811 3975
2322 2487
1564 3811
141 2322
417 3811
1606 2322
1381 3811
1580 2322
3811 3957
2322 2500
257 3811
1830 2322
1350 3811
626 2322
1369 3811
2322 4648
3811 4165
420 2322
1863 3811
237 2322
2478 3811
2322 2639
809 3811
2322 2561
3811 4028
2050 2322
253 3811
2322 3182
1985 3811
2153 2322
3479 3811
1691 2322
3265 3811
2322 2941
3811 4600
1454 2322
580 3811
403 2322
2756 3811
690 2322
160 3811
1921 2322
2468 3811
866 2322
3811 4491
2322 4063
811 3811
2322 3326
3758 3811
2322 2574
2598 3811
1280 2322
2342 3811
1807 2322
706 3811
1267 2322
3811 3849
563 2322
3110 3811
838 2322
3811 4299
1306 2322
3811 4253
2322 2357
3811 4213
2145 2322
397 3811
2322 2441
3811 4237
5 2322
319 3811
1523 2322
3811 4075
486 2322
3222 3811
2322 3394
3811 4167
2322 4644
542 3811
375 2322
3811 4737
2322 3242
3339 3811
2322 2791
3195 3811
2322 3086
2200 3811
1651 2322
1229 3811
1710 2322
664 3811
1869 2322
3811 4859
342 2322
844 3811
2322 4502
449 3811
2322 2831
2489 3811
266 2322
3534 3811
2322 3011
2394 3811
827 2322
345 3811
2322 2650
1565 3811
2322 4208
1712 3811
2322 4795
3811 4601
2322 4912
1419 3811
2322 4865
3811 4287
1750 2322
3811 4043
517 2322
2619 3811
1290 2322
3811 4647
314 2322
3166 3811
2322 3667
634 3811
1992 2322
3376 3811
57 2322
3296 3811
2096 2322
922 3811
2322 2808
3422 3811
2322 2772
3227 3811
673 2322
1639 3811
2297 2322
2863 3811
888 2322
3644 3811
2322 2367
3811 4335
1105 2322
137 3811
537 2322
2894 3811
2322 3869
1568 3811
1887 2322
718 3811
2087 2322
886 3811
2322 2865
2419 3811
2301 2322
3811 4675
2322 3388
307 3811
2322 3779
3132 3811
2322 3466
3505 3811
2322 3498
741 3811
2322 3040
1315 3811
1533 2322
1358 3811
1255 2322
3811 4548
2128 2322
1412 3811
2322 4510
3811 4221
1944 2322
3811 4210
126 2322
905 3811
2322 4960
1277 3811
2322 2509
3811 4136
1311 2322
2265 3811
2322 2536
3811 4571
2322 3374
3563 3811
2322 4555
2389 3811
2322 4178
3811 4301
952 2322
2796 3811
2322 2416
3811 4755
2322 3535
1098 3811
2322 3201
2543 3811
2322 4911
3811 4375
2322 4794
1589 3811
2169 2322
3066 3811
2322 4676
1706 3811
2322 4149
695 3811
546 2322
3193 3811
2322 2476
1794 3811
557 2322
1234 3811
2322 4352
1366 3811
2322 4817
3811 4873
2322 4833
2666 3811
227 2322
4 3811
179 2322
2360 3811
2322 2345
740 3811
2322 4649
2272 3811
2322 4164
1631 3811
2322 2694
2284 3811
2322 4341
1000 3811
756 2322
1445 3811
2322 4158
976 3811
2322 4426
2836 3811
2322 2716
2081 3811
2322 2788
2189 3811
2322 3731
2282 3811
2322 3274
2267 3811
2322 2346
2058 3811
2322 3443
1900 3811
2322 4420
545 3811
895 2322
708 3811
1578 2322
3467 3811
2322 3885
3811 4658
965 2322
2904 3811
2322 4241
3811 4558
2322 4262
2 3811
2322 3641
52 3811
2322 3991
3696 3811
873 2322
2859 3811
2322 4251
1439 3811
1949 2322
232 3811
1446 2322
3811 4470
2322 3769
2540 3811
2322 2333
2542 3811
448 2322
3198 3811
2080 2322
765 3811
504 2322
803 3811
255 2322
3811 4368
2322 4427
195 3811
2241 2322
1085 3811
354 2322
3730 3811
1057 2322
3811 4585
2322 4280
3530 3811
2322 4624
3811 4888
2090 2322
2079 3811
368 2322
2270 3811
2060 2322
1897 3811
1800 2322
1181 3811
946 2322
1688 3811
990 2322
3811 4982
1735 2322
3811 4609
560 2322
1716 3811
2322 3829
3553 3811
1646 2322
3811 4487
903 2322
1518 3811
2322 3760
3743 3811
2322 4765
1482 3811
787 2322
2355 3811
158 2322
2061 3811
2322 4258
3705 3811
1980 2322
3811 4120
2322 4973
2578 3811
2322 2579
2852 3811
2322 3102
2365 3811
640 2322
2541 3811
784 2322
309 3811
499 2322
3811 3974
2322 3601
3811 4002
1848 2322
870 3811
2322 3626
916 3811
2322 3249
1861 3811
2322 4010
392 3811
2322 4012
2221 3811
2108 2322
3590 3811
2322 2401
2477 3811
487 2322
47 3811
2322 3470
2558 3811
251 2322
3811 4520
2322 4327
881 3811
2322 3843
3811 4011
2322 3446
3811 4398
2000 2322
642 3811
749 2322
2475 3811
1549 2322
31 3811
2245 2322
2181 3811
2322 4270
840 3811
2322 3888
1127 3811
2089 2322
2133 3811
2322 3754
286 3811
660 2322
1275 3811
2322 3797
1285 3811
1372 2322
3811 3917
576 2322
2326 3811
2322 2981
698 3811
1345 2322
41 3811
1271 2322
1852 3811
2322 4745
3811 4700
2322 4920
3811 4382
479 2322
2492 3811
2322 3942
3266 3811
2322 2767
750 3811
1053 2322
1185 3811
1030 2322
812 3811
197 2322
3811 4206
2322 3665
3811 4537
2322 4435
3140 3811
2322 2794
2237 3811
924 2322
332 3811
2322 3465
44 3811
2322 4321
23 3811
2322 3913
2149 3811
2322 4473
1347 3811
1724 2322
2723 3811
156 2322
1692 3811
2322 2393
2701 3811
182 2322
3811 4674
934 2322
3811 4702
2322 2331
421 3811
2322 2461
3811 4763
2322 3659
3811 4243
2322 4334
3811 4661
287 2322
245 3811
752 2322
3811 4269
106 2322
3811 4719
276 2322
488 3811
2322 3492
2319 3811
1043 2322
1077 3811
2322 4762
1430 3811
2322 3316
2359 3811
2322 3093
3034 3811
2322 3355
1824 3811
2322 2738
2497 3811
2322 2618
3811 3968
1289 2322
1571 3811
206 2322
3032 3811
2322 3124
455 3811
1755 2322
2374 3811
119 2322
732 3811
2322 4709
2368 3811
2322 4437
2964 3811
2154 2322
2571 3811
79 2322
3811 4814
1020 2322
3161 3811
1305 2322
623 3811
2322 2428
2437 3811
2322 4522
3811 4031
593 2322
2800 3811
2322 2604
1704 3811
2322 4857
502 3811
816 2322
3356 3811
1070 2322
697 3811
2150 2322
915 3811
2322 3386
3811 4431
2322 3203
2408 3811
2038 2322
595 3811
1685 2322
3811 4782
2322 4723
923 3811
157 2322
2013 3811
1191 2322
1147 3811
2322 2664
3811 3937
38 2322
1846 3811
1747 2322
1308 3811
2322 2793
2853 3811
769 2322
3811 4622
2322 4684
746 3811
2322 4672
2103 3811
2322 2550
877 3811
2322 2918
3811 4399
2322 2617
1912 3811
2322 3486
3518 3811
2322 2553
2721 3811
2322 3793
3307 3811
1409 2322
24 3811
1392 2322
2657 3811
2322 2846
1675 3811
2322 3948
624 3811
702 2322
2638 3811
2322 3699
3811 4659
2322 3064
285 3811
2322 4860
178 3811
61 2322
3811 3938
2322 4521
3484 3811
2322 3254
2233 3811
2134 2322
72 3811
1905 2322
3488 3811
1473 2322
2625 3811
578 2322
3811 3910
2322 4665
3811 4099
2322 3701
1035 3811
2322 3067
50 3811
2190 2322
2356 3811
831 2322
2344 3811
301 2322
1577 3811
2322 4027
3572 3811
388 2322
3527 3811
1630 2322
177 3811
1977 2322
2364 3811
2239 2322
2188 3811
606 2322
3811 4202
2322 4284
2337 3811
2322 4914
2999 3811
2322 4185
162 3811
2322 3346
1973 3811
2322 2671
65 3811
1837 2322
3811 4218
2322 2686
3639 3811
317 2322
3811 3909
2322 4635
121 3811
2322 3185
3811 3828
2322 4482
1094 3811
1091 2322
3202 3811
40 2322
3811 4977
2322 4775
3421 3811
2322 4191
3811 4170
2322 3589
2585 3811
2322 4304
2278 3811
2088 2322
1071 3811
2322 4260
3406 3811
2322 4316
3504 3811
2322 3473
3811 4584
2322 4006
3811 4518
471 2322
2424 3811
2322 3017
3811 4407
613 2322
146 3811
1184 2322
3811 4532
530 2322
3811 4540
2322 3305
3047 3811
2322 4402
3811 4454
1410 2322
3811 3920
498 2322
549 3811
2131 2322
3811 4159
1734 2322
3811 4452
2322 3672
2277 3811
2322 3722
3811 4357
2246 2322
686 3811
2322 4984
1291 3811
2322 3566
998 3811
1380 2322
774 3811
2322 4211
3142 3811
2322 4710
1402 3811
2322 2415
967 3811
1908 2322
3811 4479
46 2322
1546 3811
1411 2322
3519 3811
2322 3578
1806 3811
747 2322
3041 3811
2322 4987
1555 3811
2322 4214
3811 4880
2322 4106
3010 3811
1249 2322
3811 4372
2322 3540
1405 3811
2322 4903
2422 3811
571 2322
3456 3811
1003 2322
423 3811
525 2322
2644 3811
2322 2802
3811 4668
2322 4440
3811 4787
2322 3790
2969 3811
2305 2322
1310 3811
2322 4663
3646 3811
2263 2322
744 3811
2322 3437
1643 3811
1845 2322
2900 3811
2322 2709
3811 4080
2322 4641
3317 3811
1141 2322
3811 4612
1209 2322
3574 3811
2269 2322
2350 3811
172 2322
2074 3811
363 2322
1083 3811
1341 2322
3811 4553
707 2322
211 3811
2322 4506
3811 4250
2322 3613
430 3811
1323 2322
981 3811
2322 2655
3811 4049
2322 4876
1984 3811
2322 3848
3219 3811
1051 2322
1860 3811
1008 2322
2741 3811
1393 2322
3811 4008
2322 4892
153 3811
1066 2322
2349 3811
960 2322
2313 3811
2322 3341
1312 3811
2322 4401
639 3811
2322 3990
3811 4373
2322 3824
3811 4681
2322 2747
425 3811
2322 3159
2177 3811
2322 3194
3332 3811
628 2322
1698 3811
945 2322
3323 3811
694 2322
2030 3811
2322 3088
2861 3811
2322 2427
528 3811
2322 3648
714 3811
2322 3295
1638 3811
2026 2322
2726 3811
616 2322
3811 4415
2322 3414
3811 4822
2322 4531
2869 3811
653 2322
3811 3864
2322 3099
2226 3811
559 2322
2673 3811
2322 3976
2286 3811
684 2322
3811 4861
796 2322
3708 3811
802 2322
1329 3811
108 2322
272 3811
2295 2322
992 3811
2322 3652
1667 3811
2322 4121
186 3811
2322 3923
2924 3811
2322 2466
3309 3811
1212 2322
3158 3811
2322 3405
3111 3811
2322 2866
3281 3811
2223 2322
885 3811
140 2322
3811 4559
2276 2322
3811 4054
736 2322
3643 3811
978 2322
3811 3928
1078 2322
1397 3811
2322 4837
3781 3811
1552 2322
3322 3811
293 2322
3703 3811
124 2322
30 3811
1422 2322
3811 4645
2322 2385
3811 4320
273 2322
2991 3811
2248 2322
3811 4145
2157 2322
662 3811
2322 2651
3552 3811
2322 3837
3073 3811
999 2322
1032 3811
1142 2322
2206 3811
2322 2710
3811 4945
2322 4495
2379 3811
163 2322
2219 3811
2322 4064
2652 3811
2322 3882
1787 3811
2322 3165
3502 3811
2322 4168
3811 3865
2322 2473
175 3811
2322 2855
3283 3811
2322 4847
3364 3811
582 2322
3811 3934
1204 2322
909 3811
167 2322
1526 3811
1353 2322
2659 3811
2322 3069
3223 3811
2072 2322
2689 3811
2322 2626
3580 3811
1695 2322
1355 3811
2322 4611
2479 3811
2257 2322
149 3811
2322 2881
2560 3811
2322 3420
3809 3811
2322 4184
3811 4359
2322 3664
680 3811
210 2322
589 3811
2322 2595
2903 3811
2322 3297
1731 3811
667 2322
2702 3811
2322 4137
122 3811
2322 4147
3286 3811
1501 2322
2132 3811
908 2322
683 3811
2322 2988
221 3811
2322 3226
3766 3811
2322 4952
2073 3811
2322 3362
3556 3811
1838 2322
2943 3811
2125 2322
3811 4816
1054 2322
2287 3811
1377 2322
325 3811
2322 3263
85 3811
2322 2878
3107 3811
1529 2322
3429 3811
632 2322
743 3811
2322 2933
704 3811
2322 4468
2520 3811
2322 3155
1730 3811
2322 4245
3811 4908
2322 3229
3497 3811
1991 2322
3811 4771
409 2322
2192 3811
1521 2322
1567 3811
2322 2549
3811 4337
2322 3367
3373 3811
2322 4257
2306 3811
884 2322
3105 3811
2322 3390
1064 3811
2322 3398
2122 3811
2322 2971
1891 3811
2322 3694
3327 3811
2322 4666
1632 3811
723 2322
2599 3811
260 2322
3487 3811
565 2322
1140 3811
2322 3746
3217 3811
2322 4141
2896 3811
781 2322
2962 3811
1243 2322
776 3811
1927 2322
2817 3811
2322 3584
2712 3811
228 2322
390 3811
2322 4858
607 3811
2322 3858
1247 3811
2322 4738
1622 3811
1494 2322
3811 3902
2322 2518
3811 4731
2322 3682
982 3811
2322 3282
1513 3811
2322 2526
240 3811
2322 3571
1937 3811
2322 3805
450 3811
2322 4989
3241 3811
2322 2704
1093 3811
2322 3587
3811 4527
265 2322
3597 3811
1042 2322
188 3811
2322 2471
1817 3811
1144 2322
1113 3811
2322 2705
1196 3811
304 2322
3811 4881
2322 3038
3811 4565
1910 2322
380 3811
2322 4111
3575 3811
67 2322
2105 3811
2238 2322
1131 3811
2320 2322
2832 3811
2034 2322
299 3811
1018 2322
3811 4607
2322 3098
3811 4792
460 2322
731 3811
1522 2322
3419 3811
2322 2523
1284 3811
532 2322
3392 3811
2322 3871
767 3811
2322 4408
3595 3811
1781 2322
2733 3811
1591 2322
2711 3811
1997 2322
1844 3811
2322 3506
3176 3811
755 2322
1110 3811
2322 4569
3569 3811
2322 2978
3091 3811
2322 2693
2787 3811
534 2322
491 3811
2322 2753
509 3811
2322 4967
3811 4216
1441 2322
1825 3811
2322 2351
1165 3811
1818 2322
3811 4276
1621 2322
1502 3811
2322 2450
3218 3811
2322 4340
1579 3811
1119 2322
2729 3811
1471 2322
3811 4166
128 2322
1970 3811
2322 4198
878 3811
1202 2322
3811 4679
2322 2524
2807 3811
2322 4896
70 3811
2322 3478
2494 3811
2322 4226
1429 3811
2322 3100
2963 3811
2322 4623
3811 4533
39 2322
1865 3811
2322 3243
2051 3811
396 2322
973 3811
2322 4711
3671 3811
1767 2322
1978 3811
2322 3167
3811 4451
1264 2322
516 3811
2322 4697
3782 3811
27 2322
3761 3811
762 2322
2922 3811
2322 4983
2835 3811
2322 2433
2531 3811
2322 4144
1300 3811
2322 3935
243 3811
2322 3183
1086 3811
2317 2322
2713 3811
1049 2322
3811 4517
2322 4512
3811 4086
650 2322
2053 3811
2322 4944
3811 4079
1464 2322
2288 3811
2322 3531
3811 3879
117 2322
3516 3811
2322 4414
739 3811
771 2322
3453 3811
1126 2322
3811 4639
2322 3660
2420 3811
440 2322
3413 3811
63 2322
2271 3811
1052 2322
2352 3811
2322 2908
1011 3811
2322 4734
3546 3811
2322 2931
2011 3811
637 2322
751 3811
2322 2620
2763 3811
1671 2322
919 3811
2322 3020
3811 4687
367 2322
793 3811
1361 2322
2529 3811
2322 3160
2457 3811
9 2322
951 3811
353 2322
3423 3811
2322 3379
3811 4400
1629 2322
3811 4283
2322 4421
3811 3816
475 2322
2016 3811
1236 2322
196 3811
1089 2322
3288 3811
2322 3875
1556 3811
1625 2322
3811 4862
797 2322
1903 3811
2322 3146
3629 3811
2322 3710
942 3811
2322 4839
454 3811
2322 4542
1530 3811
2322 2950
3375 3811
1449 2322
3238 3811
748 2322
2766 3811
2322 2848
341 3811
2322 4085
2112 3811
1270 2322
3811 4035
1481 2322
3668 3811
2322 3450
2938 3811
1138 2322
385 3811
2322 3993
1321 3811
1690 2322
3811 4354
1001 2322
2155 3811
2322 4252
263 3811
1223 2322
1644 3811
2322 3972
3434 3811
2322 4567
3811 4457
2322 2792
3811 4115
2322 3118
2196 3811
586 2322
1939 3811
2322 4146
3811 4884
1870 2322
2700 3811
823 2322
918 3811
2266 2322
1641 3811
2322 4143
1883 3811
1099 2322
1370 3811
2322 2547
3330 3811
2322 4349
3811 4071
1170 2322
407 3811
2322 3817
3811 4059
2322 4811
190 3811
208 2322
2722 3811
2322 3726
3811 4805
393 2322
462 3811
2322 2581
3645 3811
2322 2797
2044 3811
2322 4936
3494 3811
2322 2455
3811 4758
2322 4169
3811 4392
2322 3163
1134 3811
2322 2778
2247 3811
2322 4471
2773 3811
2322 3068
1772 3811
2322 4576
3811 4163
32 2322
3181 3811
709 2322
1493 3811
1469 2322
3811 4605
1340 2322
754 3811
2322 4118
1074 3811
2322 4583
161 3811
2322 3826
3811 4478
2029 2322
1021 3811
2322 3070
3811 4823
1584 2322
717 3811
2322 4551
1192 3811
2322 3637
3811 4122
2322 2590
3301 3811
843 2322
3811 4821
1835 2322
925 3811
1239 2322
2217 3811
2322 3827
3602 3811
2322 4727
2959 3811
1821 2322
1262 3811
405 2322
2445 3811
2322 4176
2977 3811
2322 4205
361 3811
2322 2668
1384 3811
2322 3727
1649 3811
2322 3277
3245 3811
2209 2322
2121 3811
2322 3965
1760 3811
234 2322
3780 3811
444 2322
215 3811
1287 2322
3811 4621
2142 2322
2525 3811
2322 3462
3811 4084
2160 2322
401 3811
2322 2663
1400 3811
1576 2322
3151 3811
2322 2340
3811 4412
433 2322
2111 3811
223 2322
2075 3811
2322 3950
81 3811
2322 2979
1407 3811
1740 2322
2213 3811
2229 2322
2353 3811
1090 2322
1902 3811
2322 4917
3811 4866
2322 3596
336 3811
1612 2322
720 3811
2322 3463
2845 3811
2208 2322
3811 4068
2322 4332
3313 3811
1965 2322
3133 3811
20 2322
1664 3811
600 2322
347 3811
1317 2322
3811 4752
118 2322
3811 4405
2322 2458
3811 4272
2252 2322
826 3811
1491 2322
2175 3811
2322 3830
1600 3811
2322 3922
412 3811
2322 2552
1804 3811
2322 3046
3573 3811
553 2322
2454 3811
906 2322
2332 3811
1176 2322
1046 3811
2322 4570
2376 3811
2322 3996
230 3811
2322 3404
1500 3811
2322 4007
1297 3811
125 2322
3770 3811
2322 3576
983 3811
16 2322
1092 3811
806 2322
984 3811
971 2322
29 3811
2322 3136
943 3811
2322 4021
730 3811
510 2322
74 3811
882 2322
1489 3811
2322 4001
2936 3811
2322 2906
151 3811
235 2322
687 3811
432 2322
1268 3811
2322 2616
3273 3811
661 2322
3200 3811
2006 2322
1418 3811
2322 3051
1072 3811
2322 3588
3811 4096
2322 4291
3811 4781
2322 4351
1467 3811
1389 2322
1273 3811
538 2322
3363 3811
115 2322
1918 3811
2322 4013
2109 3811
2322 2743
369 3811
701 2322
1761 3811
2322 3380
1678 3811
649 2322
987 3811
2322 2418
2490 3811
2322 2876
645 3811
1498 2322
1566 3811
2224 2322
795 3811
2322 4759
3811 4748
2322 2580
2452 3811
269 2322
2064 3811
378 2322
2151 3811
2322 4692
3811 3867
2322 3289
3811 4102
1260 2322
3811 4019
1748 2322
447 3811
2322 2654
3212 3811
2322 4701
3679 3811
2322 3230
348 3811
1699 2322
675 3811
123 2322
665 3811
2322 4222
860 3811
144 2322
36 3811
2322 2838
980 3811
1782 2322
3811 4808
1594 2322
2230 3811
2322 4910
3285 3811
2322 2449
1826 3811
2322 4835
3811 4181
1437 2322
443 3811
1124 2322
1547 3811
2322 4194
641 3811
1163 2322
53 3811
2322 2687
2784 3811
2322 4769
1915 3811
2322 4070
2656 3811
2322 3969
1068 3811
2322 4112
3811 4261
2322 4744
1282 3811
2322 4662
3811 4378
1155 2322
292 3811
10 2322
1252 3811
2322 3220
1332 3811
2322 4293
3256 3811
1516 2322
1150 3811
1717 2322
1682 3811
296 2322
2757 3811
2322 3599
26 3811
2322 4030
566 3811
1988 2322
3655 3811
2322 4204
389 3811
374 2322
3483 3811
2023 2322
3510 3811
693 2322
1708 3811
340 2322
1342 3811
2322 3059
3811 4871
2322 3750
3811 4653
2322 3082
2879 3811
1205 2322
2361 3811
2322 4688
446 3811
198 2322
3811 4820
2049 2322
2201 3811
2322 2434
3811 4579
2322 4852
3811 4940
2322 4005
1899 3811
180 2322
3811 3952
1399 2322
452 3811
2322 3189
3811 3994
2322 3604
3529 3811
201 2322
3514 3811
2322 2630
19 3811
2322 2554
3811 4863
2322 4339
3811 4498
2322 3493
2974 3811
2322 4496
1543 3811
2322 2606
3811 4747
2322 4682
2341 3811
2092 2322
3811 4812
2322 2805
3798 3811
2283 2322
764 3811
790 2322
931 3811
1898 2322
1180 3811
2322 2814
2485 3811
2322 4642
1406 3811
2322 3628
3811 3943
783 2322
3811 4870
2322 3600
3725 3811
2322 4703
1257 3811
1278 2322
3358 3811
2322 4962
3811 4305
1833 2322
2391 3811
2322 4089
2336 3811
1203 2322
2790 3811
2322 4764
3431 3811
185 2322
101 3811
495 2322
3811 4409
2322 4825
3811 3818
2322 4101
3811 4695
2322 2488
3811 4244
968 2322
3811 3955
2322 3074
2970 3811
231 2322
3811 4730
768 2322
3269 3811
2322 4685
166 3811
2322 2782
155 3811
1528 2322
3567 3811
289 2322
3087 3811
1258 2322
2570 3811
1002 2322
815 3811
2322 3276
912 3811
2322 3619
2501 3811
2322 2992
3156 3811
2322 3785
937 3811
594 2322
3177 3811
2322 2685
2114 3811
2322 3861
1627 3811
381 2322
2750 3811
2322 4560
3491 3811
2071 2322
554 3811
2322 3123
3811 4544
114 2322
1122 3811
2322 2583
2412 3811
2322 3485
1401 3811
2322 2829
3353 3811
2322 3052
3233 3811
2322 4800
3735 3811
2322 4148
1309 3811
1463 2322
1981 3811
2322 4955
1872 3811
2322 4856
1421 3811
2322 4097
810 3811
2322 3180
2777 3811
2322 4162
3459 3811
1786 2322
2955 3811
1123 2322
2967 3811
1382 2322
1242 3811
2322 4780
703 3811
37 2322
835 3811
791 2322
2789 3811
2322 4618
3811 4161
2322 3614
1199 3811
926 2322
3811 4377
2322 3150
183 3811
2322 2880
1313 3811
1836 2322
426 3811
1920 2322
1029 3811
1299 2322
1149 3811
2228 2322
2537 3811
2322 3175
2809 3811
1438 2322
832 3811
414 2322
3 3811
1062 2322
3172 3811
2322 4628
962 3811
2322 2851
2761 3811
2322 3677
3122 3811
1251 2322
2163 3811
2322 2435
1073 3811
954 2322
837 3811
907 2322
2801 3811
1459 2322
3385 3811
2322 4913
825 3811
2068 2322
64 3811
2322 3623
3359 3811
2322 3117
1065 3811
1175 2322
3055 3811
1327 2322
485 3811
2322 3836
2682 3811
829 2322
3775 3811
35 2322
3292 3811
1560 2322
202 3811
2322 2390
391 3811
1707 2322
2512 3811
2322 3981
60 3811
766 2322
3684 3811
1913 2322
1013 3811
2322 4610
2844 3811
2322 3907
54 3811
2322 3304
3773 3811
2322 2972
1434 3811
2322 4741
3811 4691
2322 4729
3811 4713
828 2322
1557 3811
2322 3461
3729 3811
2322 4429
1168 3811
601 2322
3811 4087
1107 2322
3075 3811
2314 2322
493 3811
2094 2322
3811 3881
691 2322
262 3811
1585 2322
3811 3997
2322 4183
3811 4033
288 2322
1592 3811
1325 2322
3635 3811
468 2322
408 3811
800 2322
3196 3811
2322 4634
2431 3811
2322 4488
852 3811
2322 3444
258 3811
2322 4017
3811 4369
1296 2322
3711 3811
1253 2322
404 3811
66 2322
383 3811
1182 2322
663 3811
2322 3973
384 3811
2322 2608
3270 3811
1746 2322
3368 3811
2322 4125
1534 3811
2322 3583
3811 4119
2322 3252
2335 3811
2036 2322
2279 3811
2322 3774
1660 3811
2322 4976
564 3811
1028 2322
1386 3811
2322 4894
3690 3811
477 2322
3291 3811
2322 4657
3811 4481
2322 3391
3094 3811
1237 2322
2330 3811
2322 3787
3811 3992
2322 3924
326 3811
1733 2322
3811 4274
1250 2322
3811 4582
2322 3290
2745 3811
2322 3428
1343 3811
2322 4654
849 3811
2322 2530
1426 3811
1245 2322
3811 4958
573 2322
3811 4083
2059 2322
2945 3811
73 2322
3103 3811
2322 2605
3811 4598
1186 2322
1814 3811
1455 2322
1133 3811
2291 2322
2843 3811
2322 3008
1490 3811
2322 4018
3811 4997
2322 4683
3275 3811
2322 4986
3811 3831
2322 3734
3811 4736
2322 4720
3147 3811
2322 4606
2781 3811
2159 2322
3811 4959
320 2322
2901 3811
1948 2322
3811 4489
2322 3014
977 3811
2078 2322
1801 3811
520 2322
592 3811
2322 4279
2407 3811
2322 2719
3811 4753
1010 2322
3048 3811
1193 2322
3615 3811
2322 4300
824 3811
2091 2322
3811 3821
1586 2322
1492 3811
970 2322
551 3811
116 2322
575 3811
2322 4849
2117 3811
1219 2322
2395 3811
69 2322
3811 4941
2322 2698
2032 3811
2322 2327
3003 3811
2322 4975
327 3811
1431 2322
2752 3811
1172 2322
3811 4596
2322 4926
2506 3811
2322 2637
1588 3811
1574 2322
3715 3811
668 2322
3811 4447
2322 4309
3811 4439
2322 4530
2366 3811
2322 4988
3811 3890
2322 3490
86 3811
2322 2624
3611 3811
2322 3280
3255 3811
2322 3704
2298 3811
150 2322
1950 3811
2322 4829
2481 3811
2322 2715
142 3811
2322 3654
335 3811
2322 3215
2850 3811
1607 2322
1171 3811
2322 4971
109 3811
1195 2322
3396 3811
2322 4095
2362 3811
2322 4714
979 3811
200 2322
2995 3811
2322 3109
3452 3811
2322 4505
727 3811
1330 2322
25 3811
204 2322
2944 3811
365 2322
772 3811
441 2322
3811 3815
305 2322
956 3811
2116 2322
3811 4891
562 2322
2815 3811
2106 2322
3811 4631
105 2322
1139 3811
2322 4899
1779 3811
2322 3112
1457 3811
1859 2322
3811 4550
2322 4826
3723 3811
2322 4278
3261 3811
2322 3720
2438 3811
248 2322
3811 4930
1819 2322
3148 3811
2322 4088
2076 3811
143 2322
3811 4950
1508 2322
2309 3811
2322 4867
3811 4564
2322 4036
3058 3811
2322 4417
3811 4389
511 2322
610 3811
1227 2322
847 3811
555 2322
1153 3811
2322 3783
3021 3811
2322 3823
1486 3811
2322 4935
3806 3811
300 2322
2985 3811
1963 2322
3662 3811
2322 4160
2622 3811
602 2322
3811 4526
1038 2322
1167 3811
1790 2322
3350 3811
2322 2688
2890 3811
2322 3640
1080 3811
2322 2642
1681 3811
295 2322
3333 3811
2322 2751
3440 3811
2322 2803
1351 3811
2322 4980
1324 3811
2322 2856
3811 4597
2322 4061
3811 4413
2322 4458
2828 3811
489 2322
213 3811
2322 3482
371 3811
603 2322
2592 3811
2322 4200
3811 4020
2322 3360
3811 4694
689 2322
355 3811
2322 2532
2152 3811
1614 2322
3811 4433
1554 2322
2692 3811
1194 2322
929 3811
1611 2322
3137 3811
1940 2322
822 3811
2322 3912
1925 3811
1238 2322
43 3811
2322 3757
3811 4247
1458 2322
3811 4052
2322 2411
652 3811
2322 3706
1653 3811
2322 3154
3811 4134
2322 2551
570 3811
2322 4721
284 3811
2322 4545
3609 3811
2009 2322
3372 3811
2322 4838
2139 3811
2322 4985
1895 3811
1548 2322
34 3811
512 2322
3239 3811
2322 4428
1544 3811
2322 3931
3811 4039
2322 3852
3811 4242
1719 2322
2934 3811
2322 3905
1103 3811
2322 3834
963 3811
2055 2322
733 3811
1808 2322
3811 4255
2322 4057
1016 3811
785 2322
3259 3811
55 2322
3811 4918
1551 2322
1768 3811
1754 2322
638 3811
2322 3941
1805 3811
2322 4629
2912 3811
2322 3649
494 3811
2322 2949
1881 3811
2322 3412
2611 3811
147 2322
3796 3811
2322 3024
3045 3811
352 2322
303 3811
2322 2830
2312 3811
15 2322
1919 3811
2322 3454
1904 3811
2322 2679
1596 3811
1604 2322
621 3811
597 2322
159 3811
2322 3979
3131 3811
618 2322
2891 3811
1893 2322
2382 3811
1015 2322
2940 3811
2322 3802
3224 3811
1395 2322
3811 4818
2322 3057
2559 3811
1766 2322
567 3811
2014 2322
7 3811
2322 3049
921 3811
734 2322
496 3811
1587 2322
2236 3811
1783 2322
1636 3811
2322 3517
548 3811
2322 3436
3811 3838
2322 4942
858 3811
782 2322
3481 3811
2048 2322
1616 3811
2322 4239
1352 3811
2322 4807
1427 3811
2322 2677
2825 3811
869 2322
229 3811
2322 4154
944 3811
2293 2322
1504 3811
894 2322
2039 3811
2322 4883
657 3811
2322 3284
3811 4768
715 2322
513 3811
1483 2322
3811 4726
2322 4963
3811 4813
193 2322
3547 3811
2322 4463
2388 3811
437 2322
3811 4391
2322 2994
3642 3811
1689 2322
2902 3811
2322 4425
3811 4778
2322 2627
842 3811
1154 2322
3205 3811
2322 4815
1854 3811
2322 2736
514 3811
961 2322
357 3811
1539 2322
876 3811
2322 3153
2316 3811
2322 3603
3811 4754
2322 4562
1004 3811
2322 2533
3728 3811
2322 3395
3811 3970
2322 3962
3811 3845
2322 4072
2706 3811
2322 2577
676 3811
2322 4494
344 3811
2322 2456
1762 3811
209 2322
2216 3811
2322 4739
2100 3811
2258 2322
1654 3811
2322 2384
98 3811
2322 4376
2947 3811
291 2322
120 3811
2322 4543
91 3811
1815 2322
1613 3811
685 2322
1475 3811
2322 4853
1017 3811
113 2322
913 3811
267 2322
3565 3811
1841 2322
2347 3811
2212 2322
3811 4056
2322 3168
3811 4207
2174 2322
1344 3811
2322 2371
500 3811
2322 2493
3707 3811
1104 2322
1550 3811
199 2322
3650 3811
2322 3072
2495 3811
1721 2322
2621 3811
2231 2322
1536 3811
1281 2322
3811 4235
2322 2915
3811 4038
2322 4127
2775 3811
2322 3001
356 3811
1156 2322
3499 3811
2322 4328
3811 4909
1752 2322
3811 4885
2322 3813
3811 4664
382 2322
3389 3811
611 2322
1828 3811
547 2322
2593 3811
372 2322
220 3811
2322 3079
3656 3811
2322 2429
3811 4182
2322 2952
2769 3811
1645 2322
181 3811
2322 3676
711 3811
2070 2322
738 3811
2322 3247
758 3811
2322 4157
761 3811
2322 3582
2369 3811
1197 2322
3044 3811
2322 3674
972 3811
2322 4580
1637 3811
1174 2322
2634 3811
42 2322
1803 3811
2322 2672
988 3811
959 2322
2210 3811
2322 4652
1816 3811
1597 2322
3811 4266
1934 2322
2582 3811
630 2322
2910 3811
2322 2927
465 3811
2322 4009
376 3811
2322 4395
3592 3811
176 2322
3792 3811
2311 2322
3811 3873
1334 2322
3811 4374
2322 2683
2052 3811
2322 2587
940 3811
239 2322
2614 3811
1624 2322
1228 3811
2322 3366
3811 4174
2296 2322
2823 3811
2322 2334
2675 3811
2322 2998
3811 4788
2178 2322
1983 3811
2322 3053
3500 3811
2322 3762
3811 4887
1031 2322
2202 3811
2322 2460
2193 3811
2322 4236
1979 3811
2322 2439
429 3811
2322 4836
2019 3811
753 2322
2451 3811
1583 2322
3811 3862
2322 2731
3607 3811
1542 2322
1996 3811
191 2322
173 3811
2322 4760
2601 3811
2322 4196
3811 3850
2322 2932
861 3811
2322 2623
3811 3946
1316 2322
1506 3811
2322 3139
1503 3811
2322 4906
901 3811
896 2322
99 3811
2085 2322
1362 3811
2322 3716
3029 3811
2322 3338
3811 3989
1390 2322
3811 4717
2322 4698
3496 3811
612 2322
1839 3811
2322 3688
1435 3811
1452 2322
1075 3811
2322 3857
2538 3811
1279 2322
3811 4081
2102 2322
3811 4655
2113 2322
2556 3811
2066 2322
3208 3811
2322 2387
3015 3811
2322 2567
3624 3811
550 2322
596 3811
1602 2322
1221 3811
2129 2322
330 3811
2322 3961
2199 3811
2322 3007
2469 3811
135 2322
3445 3811
2322 4777
3188 3811
2322 2348
3586 3811
2322 3903
3633 3811
1922 2322
1540 3811
1356 2322
1864 3811
2082 2322
3764 3811
2322 4625
3244 3811
646 2322
1517 3811
948 2322
3370 3811
2322 4575
3811 3966
370 2322
3622 3811
1810 2322
154 3811
2084 2322
862 3811
1749 2322
2398 3811
171 2322
2413 3811
2322 4587
476 3811
2322 4810
3115 3811
2322 3319
3786 3811
533 2322
1067 3811
484 2322
854 3811
857 2322
3811 4004
2322 4686
1792 3811
2322 3804
3713 3811
522 2322
2811 3811
994 2322
2220 3811
2008 2322
1499 3811
1969 2322
3512 3811
2025 2322
1843 3811
2322 4459
3811 4704
2322 2511
3811 4091
1487 2322
1928 3811
591 2322
3030 3811
470 2322
997 3811
1595 2322
2874 3811
2322 4735
2203 3811
1709 2322
3811 4614
2322 4927
2780 3811
975 2322
3811 4630
2322 4192
1620 3811
1263 2322
995 3811
521 2322
2083 3811
2322 2774
3657 3811
2322 4388
3562 3811
2322 3605
2323 3811
1373 2322
3811 4108
892 2322
3811 3846
899 2322
398 3811
2322 4799
3811 4961
2322 3400
2631 3811
225 2322
1764 3811
1112 2322
1218 3811
2322 3143
3260 3811
324 2322
3811 4643
1510 2322
3811 4907
1023 2322
1909 3811
2322 2965
3539 3811
264 2322
3378 3811
1951 2322
1148 3811
360 2322
459 3811
463 2322
2436 3811
2322 3893
2770 3811
1878 2322
3811 4535
2322 2799
3383 3811
1261 2322
2147 3811
1129 2322
2883 3811
2234 2322
670 3811
2322 2414
1102 3811
2322 4355
2304 3811
2322 3840
568 3811
2322 4586
2046 3811
2322 2597
1813 3811
2322 4370
1448 3811
474 2322
3811 3854
830 2322
3680 3811
1357 2322
3811 4670
2322 2986
1294 3811
2118 2322
3811 4155
2322 4285
2165 3811
2322 3507
3811 3956
2218 2322
3811 4104
110 2322
1225 3811
1633 2322
2403 3811
2322 2462
2602 3811
2322 4290
3687 3811
2322 3411
3811 4411
2322 3932
1994 3811
1759 2322
2744 3811
2322 4978
3811 4346
2115 2322
3811 4877
2191 2322
270 3811
1916 2322
3803 3811
2322 2837
3811 4107
1954 2322
3271 3811
281 2322
1763 3811
442 2322
51 3811
379 2322
3555 3811
2322 2417
2242 3811
1581 2322
1537 3811
2322 2925
2613 3811
2322 3393
2363 3811
1132 2322
2628 3811
2322 2463
991 3811
1394 2322
3811 4179
1599 2322
964 3811
2322 3236
2839 3811
2322 3204
2515 3811
2322 3126
2864 3811
2322 3916
3771 3811
2322 4619
2383 3811
939 2322
1292 3811
2322 4322
1885 3811
2322 4761
1158 3811
2322 3258
3006 3811
71 2322
1788 3811
2322 4561
3811 4042
2322 2377
1960 3811
2322 3763
3811 4153
1514 2322
2888 3811
2322 3042
3811 4416
2322 4126
3104 3811
2322 3598
1230 3811
2322 3900
620 3811
2322 3311
3811 4493
1972 2322
2680 3811
2322 3347
745 3811
2322 4774
1136 3811
2322 4254
2827 3811
2322 3945
28 3811
2322 4767
2289 3811
1040 2322
3811 4786
2322 3863
3811 4845
2322 3896
1480 3811
2322 4793
3095 3811
2322 4323
3670 3811
2322 3528
1924 3811
2322 3228
2405 3811
2322 2324
3811 4716
2322 4422
3747 3811
77 2322
1348 3811
2322 3324
2647 3811
1019 2322
3811 4581
933 2322
3811 4424
1857 2322
3811 4151
268 2322
3811 3939
2322 4667
3293 3811
868 2322
2842 3811
2322 3145
1694 3811
2322 3299
3308 3811
2156 2322
170 3811
1145 2322
2633 3811
2322 3106
1705 3811
2065 2322
2813 3811
2322 4828
3407 3811
2322 4879
2240 3811
2322 3891
14 3811
2322 2482
3811 4029
2322 4770
1451 3811
2322 4798
713 3811
2099 2322
1248 3811
2322 3477
1433 3811
1769 2322
1696 3811
2322 4599
2968 3811
523 2322
3521 3811
1853 2322
1398 3811
138 2322
2564 3811
2322 3927
2001 3811
2322 2737
1945 3811
2322 4077
3811 4094
1876 2322
338 3811
2322 2404
3811 3985
2322 3337
3811 4462
298 2322
3811 4501
2322 4486
3658 3811
2007 2322
1130 3811
103 2322
1575 3811
2322 4383
2661 3811
674 2322
3129 3811
2322 4749
12 3811
2322 2499
3811 4640
2322 3558
359 3811
416 2322
3811 4329
2322 4938
3442 3811
2322 4511
3811 3883
2322 3753
588 3811
411 2322
2184 3811
2322 4228
3736 3811
820 2322
3811 4669
2322 4152
3811 4554
2322 4504
3810 3811
259 2322
2161 3811
2322 2996
3369 3811
2322 4418
2015 3811
18 2322
233 3811
716 2322
2343 3811
1440 2322
1674 3811
1233 2322
2137 3811
2322 3870
1465 3811
2322 4231
3191 3811
2322 4173
3811 4933
2322 3310
883 3811
1128 2322
2446 3811
2322 2898
3314 3811
2268 2322
1582 3811
2322 2502
3489 3811
794 2322
986 3811
2322 4448
3811 3899
2322 4806
1729 3811
2322 2735
3811 4536
2322 2714
2833 3811
1562 2322
2260 3811
1784 2322
1007 3811
2322 3231
279 3811
2322 2984
2281 3811
853 2322
1443 3811
145 2322
3811 4864
2322 2491
100 3811
1472 2322
224 3811
2322 4626
1987 3811
599 2322
428 3811
214 2322
2820 3811
2275 2322
3441 3811
572 2322
2871 3811
792 2322
2020 3811
2322 3144
3811 4651
1335 2322
1320 3811
2322 4970
3811 4733
1959 2322
3811 4855
2322 4964
1009 3811
2322 2961
1378 3811
2322 2930
2926 3811
1081 2322
775 3811
1737 2322
1628 3811
2322 2557
659 3811
2322 3686
2294 3811
2322 2821
3811 4265
1936 2322
497 3811
2322 2759
1820 3811
2322 4022
2646 3811
2322 4026
312 3811
1677 2322
222 3811
2322 3541
1349 3811
1722 2322
2285 3811
362 2322
2519 3811
2322 2430
3811 4712
2322 2522
3811 4381
2322 4591
3811 4904
2322 3543
