5000
[][)))][))()][(([)())()))[[))]])[]][[[[](][[[([])([]))](]]([([(]())[])[]()[()]](((][)()(()(()[)])[)([(])[((]]([]])]]][)()([)))([([[][[([(]))[])))](])([(]()][]]]])][][)(](((([[)])][)](][)())][[(][(])][]((()[[)(]][[))]](]()](((]))[]()([][]()][()[[((()[)()[[)]))((()[(](](([)([(]([]))][)]]([][]()]((](]([[])][)[[])[[[([((][[[][)][([)()[]]]))()(]([[][)]]()[[[[(([]))[([)((()])(([]([()))]()()(])[[[[[[([))]))]]])]]]])][([)([((]][)(])[(()]][)(()(][][)]))(]][((([)[))[)))]]))]]))])())[()[(](][)([[])[(()](([)]](][())[)])(](])(([[[[([()]()])([[())]((]]]])][)[)((()))][((]]][[)]]]([])])(]]])][[(][[[[([]])](]))()]]()))]((])]))]]([[()])]]][)[]()])])](([])[]([[)[([)])][])]][(])((])(([])(([)][))(](()([[(][)[]]([]][]][][)[]))(])([]([([]()])])[)[[])(]][[)()(([])]])]][)(([](]))()[[((]]](]))((](]())]]))]][[]()]([)((([))][]((])[())[)]))[[(]][[)[(([)(])[(([[))]([]])](]][(()](()[)][]])[[)[[()([]]][]([)[[)]]([[])]]]](]][[)(][(](])[(([)[]]()([[[[[((][[]))(]))(]][()[)]]))(([[(]][[[([]]][][)[]([()[](()]))](][[]((])])](][])]][](()][)[][])[([()[((([][][[[[()][([[[[[(]]])[][(()][]])([)]][[[)([((]](](()[([[[()((()])[[(][]))[])[[)][((]))][)[))]]][(][][)[(([[((][)))[]]([[)[])[)])])[[))])(][((])(]()][](][)[]()(])())[[([)(][]))([)[()]][)]()][(]))))())(]](]][([]][(((]])()[])][][[[[)])]])(([()[)([]]])(][[](([])](]]]()[(()]]]))]([][()[[][[[](((([[[])[[([[[[)())[]][]]][))]((](]()((])()]))((]((][(][))])))[]](([[()[)(][([](((]][(]][)[](][()()[[](][)(])]))[[)[(([[]([[()((()([[)[(](]([(](][(((]]))([]([)[))][()]))]]])][))()[)[[[([(][]([]]]]][([[[][))[][([)(()[[[([][][]]([)()][)[[))())[)[]]([)]]))])][][[[[])())[](]]](]][[[]])(]]([](])[))[)][))([]][]][[[]][([[))[)]([]](][)[)(])[][][]][[)(([])[))(((]))([[([[](]())])[](][)]))(([)[(((()(([)([[[][])]]]][([[[])](()[)][](](])()[]](]))[))]](([[[)([())(]()(])(]))[[([))(]))(()((((((())[([)(](]](])[[][[]))[]()([])))]](]((]])[)[)]][](][(]][))(]((]]()](]))[])[[)(])][()((([[((]))(]](]))[()]]]])([([[([)])](]([)])[))))))(]]][]([[][]])[]][[)()(]]]]((][[(])(][])][[][))[([(([))))((]]])(((([(][]()[]))][(]]][])[]]][][[[([[)()([])(())[((]]])]]())(([([[[[(]]))))][)])))][()((][([)]([)]]]))[((]()[))()([(][)((][)()[([])([()[])[)([)[)[)]][(]))[][])))([))(][])][)[[(]]([)([)(]][((][[[][]())]()[()][)))]]()([][(]](](([]][[(](](][]][(]((])])[][)([]]())()([(()[)[)(([((()[)](])))]][((][)][][)))[([)()[]]((((]([)[)[([[][())[()([[)(()(()[)([]]))])(]))(()))][][))][(()()[)]))(](()()(]]))))[()[)()][[[[))(()(()))[[)()][(([(]))][[([([[]][][([)[[([)][]()((()(](])]]]((](()](((()]()])([])))))]([)((])[]))[]]]][(()](]][([][]((]][])]][[)])[))])[(]))[)]]([[)([)](([])]([)(([[(])[]])[(]((]((])[())()))[][([)()][[[([([))[[(](()()[)][(]]((]([(]](([[)()])[)]]())())(]([[]][]))(()][()][[))(]()][)][]])()]][])])(]][]](())[()[[[]][]])])[((]()(()][][[))[[]](([])([[]][]))))(]]]]()((([])(()[)(]]][[])()[))][)(((([((())]]]([]][[[)[(((([(])())()[]))(]][((]()]]][[()())(([))][))([([([[(()))([[]))][([(()([])](][)[]](()(())))[][][]]()(])))]([))][[]([](])[][[[([))]()[]((([]])]](]))[]))])(](((]][[)[[(([)][)()()([[()](((([)[[((]]])]))((([)])))([][[])]((()[]][]]()[([[)][())[)][)[([(])][())](][)))]))([[)[][((]))]]]]([)))])[[([()]()](](((](((]))((((()][][])[]))(](])([)[[]])[](()[)([)[))[[[])][](]][](])))][[]))[[(([[)[]]([[[)[]](([)])[)[[[[[[][)(((()[)]])][][[)(])(]]()[()[([)([)[[[[]])[]()[[)(][)[[[[)]])[)(()([[()[[[([](]))())]((])([[]((]]())])][)))]]](((])([(())][[[])]]])]]([])])[]][[)[)([()([])(][]()]()()(([][)()([[][]])()])[(]])]([)]([])(]]()((]][)[]()([)(][([[](]()([]()([]]([[()][(])][[[[]]([))[(((][((())([()(](([[])()[]))[(](([][([())[)[[[])(()])[])[[))]([()[][)[(([(([)()()][])]][]([(][)])))]](]))][])(([[[[]])[])[[]]]))]()[)(][()]))]))([(())]]))[[)([]]])](()((([[]([)))][](][[)((()(()[[([)[[)](])[)))()[[(()[[(()(]][)]()][)]]])][[]]()[[)](()()](][((()([([()[(])(()]])](]]([][)]][(((]([)())]](([))()[(])(([]])[]((([[)((])][]][][((]]([[])([([))()[))(])]](](()([]([))]()][]]([)(]]()(]])))](])[[])[([))](()[([]([(])()[)(][])[]]]][[(])([((]](][]))]([(([))([[[[[(][[[]([[)))(]))(]()[][([[([][)[(([][(((([])[(][[[[(([][[[[)()]((()(]][)(])))(]][)]][[([)[()[[([[]]))()(][(()][(](]))]][()]](]]()(([)))[(([[(()]]))(])[][)(](]][(]([][[[][[[[()][))[()(([[]][)[)[(((][](([[])[)][][)][][(()([)([([[[([(][])((((][))()((])][)(()[([())]]))[][])[[]]]][][][[]]][]]]][[]]([([[[])((([[)])()(]))))))]())[]([)([[][])][(][)[)[[[)]([])](([([)([())])([[]](])()[[]()[][([()[[(([]][(]][))](()[[[][[)[)))((](()[)[]])[([])[[[))]([[)][[[]()))])[]]]][[[]([]([(([)[)(](((])(([()[])]][[[[)])([[](])([[)([([[)[[](()[)(][)([[(([(](])[(([](((([[]]()([()([()([]]()][[)()])[[)][(](])(][(]]]())(]][])())(([[[[()]])))()(()][]]))())][]]])([[)([[(]]()](([[[][)][)[)))[[])()]]))][[[]((])(]](])[([))(([[[)])])][][))[)(]([([)[[)[)(]][[[][][])]()][[[))([[[](([)()])))[([](][[]]()]])][[[]])[[[)[)]]]()[[]((((])(](][[]][([(]])()[()([])][[[(()(]())[)(])])(][[[[)([)[][)[()())[([][)[))))[(((]))()(([)]])[[](][)[])[]()[(](]])[))[(][(][][(([(([[[[])]][[()])[)((([([(((()[][])([))[)][(])][]()[)](][[([]][][()([]([[[))]]([][()(])((([[([)[))([))]][([(][)(()])
739 2336
299 739
2336 4971
739 4717
2289 2336
739 1955
2336 4076
739 4913
507 2336
739 1698
2336 2715
739 3591
2336 3438
739 1401
1118 2336
739 2703
2336 2786
739 3659
54 2336
739 3005
2212 2336
739 4266
2336 4865
739 4472
2329 2336
739 2142
2336 2678
739 1266
2336 4802
739 2595
2316 2336
739 2961
2336 3603
586 739
1364 2336
739 3439
1586 2336
739 1340
2336 2918
739 3835
2336 3563
731 739
1800 2336
739 1167
2074 2336
739 1157
2336 4433
739 4656
2336 2848
739 2141
2336 3073
739 894
2336 3486
739 1333
786 2336
739 4664
40 2336
739 4029
2336 3907
739 3649
2336 3971
739 3037
2336 2672
739 3759
1940 2336
739 3487
1413 2336
223 739
2336 3118
340 739
2336 3409
739 1351
2336 3096
739 4486
2336 2686
739 2500
2336 4792
739 3356
2336 3547
739 923
2336 4205
739 958
2336 3928
739 4049
2147 2336
739 1010
2336 4918
739 3456
2120 2336
739 1094
1350 2336
739 4993
2021 2336
682 739
560 2336
739 3053
1968 2336
739 3655
2336 3237
739 1738
2336 2788
739 3020
1896 2336
739 1357
1747 2336
739 975
1766 2336
739 1038
658 2336
510 739
2336 2460
240 739
2336 3089
739 1628
2336 3177
739 4040
2336 2716
739 1845
839 2336
739 2937
1210 2336
739 2899
2336 2805
739 2688
2336 3936
739 831
2336 4590
739 4372
2336 3090
739 3732
1674 2336
689 739
229 2336
739 4501
2336 3811
739 4069
2336 4914
158 739
1568 2336
739 2694
2336 3011
739 3951
757 2336
739 3618
1410 2336
739 1636
2336 3531
739 1200
2336 2773
739 1081
2336 2613
343 739
707 2336
739 4940
2336 4963
739 823
2284 2336
739 3973
835 2336
739 4211
449 2336
739 3688
2079 2336
739 4097
2336 3697
739 3323
2336 4285
739 3189
85 2336
739 3551
2336 4485
739 3480
822 2336
739 3639
2336 4673
739 2869
2336 2996
739 3872
2336 4937
739 1712
2336 3698
739 2746
2336 2745
739 982
2336 3413
739 2692
2336 2913
739 2888
2135 2336
395 739
1438 2336
739 3660
2336 4008
739 4796
2336 3442
739 4064
2336 3707
739 4905
1164 2336
739 1303
1997 2336
739 2443
2336 3631
739 2459
2336 3453
739 3909
1234 2336
739 4009
2336 2763
739 1144
2336 3151
739 4797
2336 4333
739 2699
2336 3867
739 4917
2336 3672
739 1033
521 2336
739 1328
2252 2336
705 739
2336 3045
739 2803
2336 2711
739 1525
1619 2336
739 3014
2336 4290
739 1135
2336 2889
688 739
1858 2336
739 2506
2336 3641
739 3293
1877 2336
739 2702
34 2336
739 4982
2125 2336
739 2844
2336 4840
739 1406
2042 2336
547 739
356 2336
739 3721
2265 2336
739 3400
132 2336
739 1226
1411 2336
739 4592
230 2336
739 2774
2336 3529
739 2389
2012 2336
739 2655
2336 4930
739 2607
2336 3952
253 739
2336 2559
739 3876
1510 2336
739 3733
2336 3633
739 750
781 2336
739 3653
244 2336
445 739
1221 2336
398 739
2336 4896
739 3373
2336 3318
739 4552
2336 2748
739 4632
133 2336
739 2978
2336 4326
739 1448
677 2336
739 4248
1811 2336
739 1482
1683 2336
739 3538
2030 2336
739 2764
1898 2336
739 2209
154 2336
739 4294
2336 3462
739 1559
1589 2336
739 4648
1444 2336
739 2546
2336 4172
739 2036
2336 4039
739 2052
1637 2336
739 4687
2336 4969
739 2061
2336 2856
739 4542
166 2336
515 739
147 2336
739 4208
2336 4192
739 1694
2336 4517
739 3506
2336 4415
739 4200
2336 2351
739 4099
2146 2336
739 1830
563 2336
739 4252
2336 4556
739 2988
657 2336
739 2315
2336 2530
739 3723
2336 4506
739 1659
2336 3661
739 3532
564 2336
739 1129
2336 2938
536 739
862 2336
581 739
2336 4280
739 1462
1153 2336
739 2873
2213 2336
739 3320
782 2336
739 1965
2336 3620
739 3892
871 2336
739 1022
938 2336
739 1513
1605 2336
739 2628
2336 3701
739 1773
1074 2336
739 1243
616 2336
739 4976
2336 3105
739 3067
2336 2795
739 3283
2336 3695
739 2087
2336 3842
739 3032
2336 2885
739 2818
2336 3094
739 1152
1969 2336
739 3931
250 2336
739 3678
79 2336
739 2911
1476 2336
739 3461
2336 3080
739 2651
2336 3622
739 1318
2152 2336
739 1054
2290 2336
739 935
1742 2336
739 4730
1464 2336
739 4109
2336 4584
739 2400
1947 2336
530 739
2336 3272
739 2723
2336 2418
739 3577
2336 3389
739 3483
2336 3552
593 739
1071 2336
739 3202
1245 2336
739 4980
2336 4620
739 3175
1332 2336
739 1119
943 2336
739 937
516 2336
739 2806
1168 2336
739 4549
2336 3072
739 3945
2089 2336
739 3987
2336 2907
739 1825
185 2336
531 739
2336 3699
739 3425
218 2336
739 3188
2336 4897
739 3236
2336 2543
739 4195
968 2336
739 2056
2336 4855
739 2959
1524 2336
739 2743
1479 2336
739 1958
2336 3027
739 4581
2336 3625
739 3827
1564 2336
739 3399
446 2336
739 3666
357 2336
739 2435
666 2336
739 3874
1208 2336
739 2309
2336 2527
739 4890
1370 2336
739 1414
2336 4351
739 4416
641 2336
739 1227
2336 3816
739 1058
2336 4616
739 3163
1815 2336
739 4598
2336 2977
739 4276
422 2336
739 1389
2336 4403
456 739
976 2336
739 2922
2336 2997
252 739
554 2336
739 1095
836 2336
739 4847
2336 4178
739 4667
1059 2336
739 2155
197 2336
739 1097
2336 4110
739 1011
2336 4050
102 739
505 2336
739 3301
2336 4635
739 4262
853 2336
739 3330
2336 4739
649 739
2336 2524
739 3029
2336 3345
739 2554
1122 2336
739 4557
1335 2336
739 4803
2336 3774
739 1457
2336 3115
501 739
1090 2336
739 1583
487 2336
511 739
2336 2414
739 1946
1789 2336
739 1170
2336 3124
739 1899
2336 3588
739 747
989 2336
739 4365
712 2336
739 4854
787 2336
739 4227
2336 3833
101 739
998 2336
739 2545
2336 4078
739 3296
2336 2640
739 4520
2310 2336
126 739
2166 2336
739 2522
2336 4270
739 2609
2059 2336
739 3606
610 2336
739 3043
2336 3687
739 4845
2336 3044
11 739
2336 4866
739 1113
2082 2336
739 4900
1684 2336
739 2456
663 2336
739 4182
2336 3001
739 2429
2336 4661
739 2821
2336 3541
739 3018
2336 3676
739 3513
322 2336
739 4806
2336 4650
739 2495
2336 3610
739 1626
2336 2684
739 3752
2336 2696
739 2420
2336 4795
739 2790
2336 4957
390 739
1685 2336
485 739
2336 3334
739 3953
2336 4926
526 739
1895 2336
739 2388
242 2336
739 2134
83 2336
739 4894
2336 2916
655 739
2336 3106
739 2171
762 2336
739 4892
1471 2336
739 2932
1035 2336
739 4247
2336 3499
739 3507
2336 3102
739 2565
2336 4353
739 1665
1913 2336
739 3140
2163 2336
567 739
2336 3725
739 4995
735 2336
739 3911
2336 4681
739 986
2050 2336
407 739
2336 3108
739 1036
2336 4369
739 3910
1563 2336
739 4698
2336 3809
739 2325
533 2336
739 4533
2336 3755
739 2812
2336 2802
739 3807
2336 3516
739 2394
1771 2336
739 939
2336 4683
739 4539
1856 2336
739 858
1536 2336
739 1752
2336 2539
739 4956
1031 2336
739 4787
2124 2336
739 4250
73 2336
739 4344
345 2336
739 1915
2336 4713
739 893
2336 2354
739 1286
1627 2336
739 3510
52 2336
739 4053
2210 2336
739 1309
190 2336
739 1409
2336 2994
739 801
2336 3382
739 3003
2336 4463
739 3173
2336 3454
739 4191
2336 4763
739 4176
911 2336
739 4094
2336 3398
739 1502
2336 2629
739 4488
1108 2336
739 4626
1342 2336
739 1894
296 2336
739 3122
842 2336
739 2187
2200 2336
739 1960
2336 2835
739 2476
2336 4934
739 2587
1032 2336
739 3446
2336 2588
55 739
182 2336
739 1343
2336 3535
739 3445
2023 2336
739 3839
2336 3243
739 3634
1267 2336
739 3781
2118 2336
739 1352
2336 2982
739 1695
2160 2336
739 3915
325 2336
739 797
1065 2336
739 4851
2336 4190
739 3249
1542 2336
739 4254
308 2336
739 4578
2336 2953
200 739
2336 3276
739 2108
2336 4336
739 2049
2336 2990
739 4455
1283 2336
739 1020
1217 2336
739 2199
2336 2758
739 2927
2336 4560
739 2102
2336 3234
739 3143
2336 3648
739 4860
1791 2336
739 1363
2336 4224
739 1878
2336 3162
739 3814
2336 2826
739 4377
2336 2483
739 1833
2336 2641
739 2441
2194 2336
739 3646
22 2336
25 739
2336 2488
739 3432
1722 2336
739 1166
2336 2401
739 874
816 2336
739 3954
1481 2336
739 1821
2336 2624
739 2755
1384 2336
739 1005
1083 2336
739 2477
1655 2336
77 739
910 2336
739 3977
1618 2336
739 1753
303 2336
739 1359
2336 2782
739 2251
1386 2336
739 3998
2159 2336
739 1449
2175 2336
739 3235
2336 3034
739 4531
97 2336
739 4828
2336 3362
739 2528
719 2336
160 739
2336 4375
739 2619
2336 4443
739 2784
2336 3361
739 2131
400 2336
739 2254
20 2336
739 4071
352 2336
739 4500
1100 2336
739 4087
2336 3537
739 4316
1296 2336
739 1316
184 2336
739 4633
2336 2676
739 2313
548 2336
739 1365
1073 2336
739 1203
2336 3364
739 1693
2336 3269
739 1730
1184 2336
739 3110
1348 2336
739 2971
1219 2336
739 4594
2336 4532
502 739
2336 4644
739 1954
2336 3473
739 2075
1817 2336
739 4749
583 2336
739 1093
2336 4737
739 3327
2336 2479
739 3493
1443 2336
739 1012
2336 3761
95 739
1851 2336
739 1452
2336 4044
739 981
2336 4819
739 3718
2277 2336
739 2473
2336 4459
739 4570
2336 4001
739 4420
2336 3485
739 859
2336 4240
739 3357
1302 2336
739 3158
905 2336
739 3452
2336 3049
186 739
1149 2336
739 4134
2336 3002
739 2594
2336 3813
739 3185
2336 2571
739 1976
1304 2336
78 739
2336 3912
739 4701
2336 3392
739 953
617 2336
632 739
2336 4540
739 4198
2336 2377
739 1499
1247 2336
739 2705
2336 2472
99 739
2336 4154
739 3226
2336 4864
739 3394
2336 4942
739 4989
1319 2336
739 3528
2336 4630
739 2149
2336 4410
739 1001
2336 3386
739 1834
2095 2336
739 2352
1268 2336
287 739
2336 2896
739 3372
2034 2336
739 4662
2336 3224
739 1849
542 2336
739 3477
1750 2336
739 4523
1661 2336
739 4373
1713 2336
739 2652
311 2336
739 2261
2336 4880
739 2104
2336 4597
739 4376
2336 4223
739 2022
2336 3388
739 2132
574 2336
739 1101
1511 2336
739 4757
474 2336
739 1192
24 2336
739 947
2026 2336
739 4384
721 2336
739 3776
1816 2336
739 4300
2336 3589
739 2625
1846 2336
739 2084
361 2336
739 4505
2336 3436
739 3095
1550 2336
739 793
2267 2336
739 4728
2336 3596
127 739
756 2336
739 4997
2336 4816
488 739
1983 2336
739 1078
2336 2787
739 2180
2336 3879
739 2585
2336 2850
739 3792
2336 3139
584 739
1053 2336
739 4358
2336 2995
739 2211
686 2336
739 4852
2198 2336
739 1068
580 2336
360 739
4 2336
739 2018
2336 4848
739 2174
2336 4867
739 1639
2336 3048
739 2417
2140 2336
739 4498
2336 4150
739 1921
288 2336
739 2201
2336 3008
739 1989
2336 3169
739 1706
2336 2567
739 3866
2336 3830
739 2457
559 2336
739 4305
2336 4600
739 3581
2336 4638
739 2796
2306 2336
739 887
2336 3969
739 3989
87 2336
739 2762
2336 3178
739 1047
2336 3729
739 2281
946 2336
739 3040
1496 2336
597 739
2105 2336
739 1178
1549 2336
739 789
2336 3771
739 2346
2172 2336
739 1711
423 2336
739 4955
2336 4253
739 3859
2336 4407
739 3419
193 2336
739 3015
2336 3613
739 2680
2336 3183
739 832
103 2336
739 4553
2336 4242
739 2895
2330 2336
739 1681
1882 2336
739 1308
2258 2336
739 4882
440 2336
739 1353
1241 2336
66 739
706 2336
739 4627
2336 4829
739 3136
1780 2336
739 1037
850 2336
739 4684
2336 3420
739 1708
1239 2336
739 2053
2336 4839
342 739
2336 3046
739 4105
2336 3627
468 739
2336 3845
739 1089
1945 2336
739 4446
1918 2336
739 1269
2336 4771
739 2879
1569 2336
739 4436
1175 2336
739 2734
2332 2336
739 3740
2336 2687
739 3297
2336 2832
739 3316
100 2336
739 1599
1592 2336
739 3920
2336 4951
739 4417
1964 2336
739 3138
2336 4522
739 2197
238 2336
739 2348
1322 2336
739 3651
2336 2467
371 739
534 2336
739 3615
2129 2336
280 739
1255 2336
739 904
1456 2336
739 1986
675 2336
739 2974
1806 2336
739 1109
295 2336
739 4138
2336 3209
739 861
949 2336
562 739
2336 4652
739 3858
1185 2336
739 3490
768 2336
739 1707
1786 2336
739 2217
2336 3815
739 1532
2336 2560
739 2229
690 2336
739 3875
2336 2853
739 3585
2336 3287
739 1197
698 2336
739 814
2336 2679
558 739
769 2336
739 2294
375 2336
739 748
2336 4831
739 3459
2038 2336
739 4576
1394 2336
739 4045
2336 3937
739 3632
1155 2336
739 3556
2336 3967
739 1181
2336 4307
739 3789
2043 2336
739 977
643 2336
739 3406
2336 4204
590 739
2336 2436
739 2986
2336 2533
739 3424
2336 3719
739 3248
2005 2336
739 3290
726 2336
739 3525
2336 2887
739 2592
142 2336
739 2375
1556 2336
264 739
2336 4431
739 1744
2336 2830
739 4741
1526 2336
739 2618
1420 2336
739 920
1731 2336
739 1493
1041 2336
739 3560
1778 2336
28 739
1131 2336
739 4005
2336 2834
739 3314
2336 4398
739 4429
1638 2336
739 4984
355 2336
739 2649
2336 4487
739 2526
1770 2336
739 3960
2336 3396
739 3081
1315 2336
739 3965
2130 2336
739 1262
1216 2336
739 3194
2069 2336
442 739
2336 4623
739 4357
1360 2336
739 2446
2336 2814
88 739
2336 4457
739 4720
2336 2442
739 2428
2014 2336
739 2668
1442 2336
739 1972
2336 4938
537 739
2203 2336
518 739
2336 4470
739 4314
2336 4968
5 739
1820 2336
739 1257
708 2336
739 4767
2336 3523
429 739
592 2336
739 4530
2303 2336
739 2662
2336 2563
739 3324
2336 4213
739 2993
267 2336
739 1060
1403 2336
739 3418
180 2336
739 2431
2336 2461
739 2450
2336 3220
739 3784
2336 4450
739 1270
2336 3717
739 1670
2336 3025
739 1344
2336 4970
739 2173
2336 3207
739 1213
373 2336
739 2440
2336 3619
739 3009
1371 2336
739 4129
1018 2336
739 3995
2336 3058
739 4163
410 2336
638 739
1793 2336
245 739
2336 4642
739 1588
2336 3061
293 739
2336 3527
739 2561
2336 2663
739 4702
844 2336
739 4035
1939 2336
553 739
2336 4751
739 4226
2278 2336
739 4874
1162 2336
739 1133
1276 2336
739 2298
1358 2336
739 866
1847 2336
68 739
807 2336
739 3195
2241 2336
739 1397
2336 2552
739 2037
2336 4046
739 3550
1645 2336
739 4801
2336 2380
739 4033
2336 3970
739 3579
528 2336
739 4733
2336 4025
739 1649
2336 2920
739 3184
42 2336
668 739
2336 4412
739 4095
2336 4727
739 969
2286 2336
739 4232
2336 2822
739 1971
2336 3329
739 1767
2157 2336
739 1785
1755 2336
739 1987
1501 2336
739 3261
2336 4402
739 2350
41 2336
739 3068
942 2336
739 4651
2336 4464
739 3332
2336 2379
739 753
2336 4748
739 4512
1916 2336
739 1603
2336 3440
739 1195
347 2336
739 2469
800 2336
413 739
2336 3397
739 944
2336 4058
739 4047
60 2336
217 739
1399 2336
739 4954
1205 2336
739 2177
2336 2465
272 739
1808 2336
72 739
650 2336
402 739
2336 3000
546 739
39 2336
739 2693
870 2336
739 2534
566 2336
739 4113
2336 4573
739 4367
2336 4915
739 4678
2269 2336
739 4722
1537 2336
739 3594
2336 4449
161 739
1535 2336
739 1676
2336 4329
739 1648
1171 2336
379 739
1561 2336
739 4478
2336 2626
739 1920
1075 2336
739 2779
2336 3371
378 739
2336 3948
739 4265
1724 2336
739 804
1516 2336
739 4021
2336 4292
739 2519
1758 2336
739 3652
2336 2434
570 739
2336 4497
739 4174
2336 3099
739 2574
2336 3482
739 3390
929 2336
739 1148
2336 4382
739 1581
2336 4158
739 2964
2109 2336
739 4595
2336 4509
739 4394
1746 2336
480 739
2336 3684
143 739
1485 2336
739 4320
2336 2829
651 739
1732 2336
739 4761
1025 2336
709 739
257 2336
739 3992
854 2336
739 3351
2336 3292
739 3600
2336 4670
739 2783
2336 3244
662 739
2336 2647
739 4442
1832 2336
739 2824
2336 3263
739 4160
2336 3691
739 3041
2336 2975
739 3598
2336 4019
739 4396
2007 2336
621 739
908 2336
739 2257
2336 4768
739 1865
1822 2336
739 1356
1244 2336
441 739
2336 3277
739 2843
2336 2713
739 4313
2336 3157
739 4059
2336 2781
739 2326
2336 3256
739 2253
2336 4090
739 2791
740 2336
739 3338
2336 3788
739 2575
2336 2747
739 3465
2045 2336
119 739
461 2336
739 4888
416 2336
739 3088
2336 2919
739 4197
2336 4427
628 739
2336 2738
739 4120
885 2336
31 739
1433 2336
739 2800
2013 2336
368 739
2336 4922
739 2268
2336 3331
739 2570
2336 4832
739 3076
899 2336
739 4574
2336 4514
739 1601
406 2336
739 1069
623 2336
739 4362
1790 2336
164 739
2336 2489
739 1761
2017 2336
739 4161
138 2336
739 4754
2264 2336
739 1274
424 2336
739 1876
2336 3614
739 4625
1173 2336
219 739
2336 4952
739 4879
2336 3959
739 4614
2336 4628
739 3133
758 2336
676 739
2336 4196
739 3223
53 2336
739 1112
109 2336
739 1395
2336 3064
739 1735
966 2336
739 3239
2336 3411
739 1045
2336 2866
739 3906
1974 2336
739 3693
2336 2358
739 3165
2336 2499
739 2204
2336 3739
739 1211
430 2336
739 4103
2336 4933
739 3924
845 2336
739 3885
2336 2753
739 926
89 2336
43 739
2336 3782
739 1970
2336 4408
739 2300
176 2336
739 1451
425 2336
739 3901
1867 2336
165 739
2336 3999
739 4003
523 2336
739 1906
2336 3611
739 918
720 2336
739 2946
2009 2336
739 3855
2336 2521
739 2164
2336 2917
739 4950
1486 2336
739 4961
1279 2336
739 4715
963 2336
739 1883
1282 2336
739 3385
1021 2336
739 4073
2336 4234
739 2717
1259 2336
737 739
2336 4735
739 1743
819 2336
739 1242
849 2336
156 739
2266 2336
739 1838
2336 3829
739 4825
2336 3798
739 4705
194 2336
739 1777
2336 4319
739 3273
2336 3137
739 2328
2336 4209
739 881
129 2336
739 4668
2336 2837
739 1704
2322 2336
739 2367
2336 4939
739 1474
105 2336
104 739
2336 3500
739 4152
770 2336
739 1631
2336 4318
739 2318
2336 4799
739 2643
2336 3877
739 760
1231 2336
739 1137
1145 2336
739 1857
1088 2336
739 4317
2336 4218
1 739
2336 4731
739 3617
64 2336
396 739
2336 2623
739 3925
495 2336
739 4863
2336 2891
739 1640
2336 4881
739 3764
1985 2336
739 1070
2336 2405
739 2898
687 2336
739 1703
2336 3558
739 2962
1191 2336
739 4352
1788 2336
739 3742
1555 2336
739 1466
1928 2336
739 3257
2336 3193
739 3119
2336 3682
739 4315
806 2336
739 4516
2336 2485
739 4920
2336 4639
739 2371
2336 3773
739 815
1508 2336
739 3508
2336 4279
697 739
2336 3481
739 1198
2336 2775
739 4165
146 2336
681 739
2336 4086
739 1721
2072 2336
739 1440
459 2336
385 739
1614 2336
739 2397
2336 2862
739 4665
691 2336
739 4586
857 2336
739 2293
2336 4821
739 3612
2336 3540
739 1864
880 2336
739 2857
1696 2336
739 2094
2336 3180
739 1190
1291 2336
739 2615
2336 2491
739 2433
2336 4924
739 1030
2336 4610
739 1523
2336 2776
739 3794
1607 2336
739 1180
2336 2766
739 3134
1658 2336
739 3590
1278 2336
739 4814
362 2336
739 3555
187 2336
739 4393
962 2336
739 3843
1687 2336
739 3448
2336 4238
739 3878
2304 2336
739 2661
2336 3086
739 1301
2336 2340
739 4869
1514 2336
739 1765
1999 2336
739 2965
320 2336
739 1436
2110 2336
739 4081
2336 2944
739 3197
1238 2336
739 1810
2336 4680
739 833
2336 3191
739 4602
847 2336
739 3821
1984 2336
254 739
1734 2336
739 2054
724 2336
739 2361
1769 2336
653 739
2336 4483
739 4142
741 2336
739 1966
1434 2336
302 739
970 2336
739 1338
2336 2725
739 3567
1355 2336
739 2067
2336 4310
419 739
1629 2336
739 1183
2336 2355
383 739
2336 3182
739 2237
2336 2621
152 739
2336 2789
175 739
734 2336
739 2016
1292 2336
448 739
2336 2374
739 1013
2336 4689
739 3062
2336 4092
739 1260
1608 2336
739 2741
2336 2871
739 4655
291 2336
739 972
2336 3242
739 3470
1256 2336
739 4293
1902 2336
739 1533
1814 2336
478 739
2336 2985
739 2331
1763 2336
739 4538
2336 3683
739 3036
47 2336
739 3599
2236 2336
739 2029
1517 2336
739 4544
1465 2336
739 2249
2336 2957
739 2855
2336 4321
739 3861
1076 2336
739 4212
2336 4569
739 1349
2336 3489
739 1305
2336 4423
739 1427
1317 2336
739 4945
2336 3993
438 739
226 2336
739 4791
1220 2336
739 1209
2336 4843
739 4169
2336 3654
717 739
2336 3944
739 837
2336 2366
739 1460
2336 4102
333 739
2336 4171
273 739
2336 3240
436 739
1509 2336
739 3511
2336 3778
739 1223
2336 3495
473 739
2336 3153
601 739
121 2336
739 1736
2336 3352
739 1848
2336 2631
739 3348
32 2336
739 925
2336 4217
227 739
863 2336
739 1214
2336 2681
8 739
1859 2336
739 2145
1903 2336
739 3402
1326 2336
739 2757
2025 2336
62 739
2336 3769
739 1224
2336 4057
739 4304
2336 3222
739 2823
1776 2336
739 2816
2336 3991
739 3077
2336 3265
739 1251
525 2336
189 739
2336 2846
739 4435
2032 2336
739 931
38 2336
739 3715
1718 2336
739 2276
2336 4526
739 2080
2336 2474
739 1938
2336 3572
739 1839
2336 3412
45 739
2336 4028
739 3573
215 2336
739 2523
2220 2336
739 3282
1105 2336
739 884
241 2336
739 2808
2336 3947
739 2299
1423 2336
435 739
2336 4389
718 739
1541 2336
739 4159
35 2336
493 739
1905 2336
739 3328
2336 4233
739 1382
118 2336
739 1393
2336 2512
739 2617
2336 3013
739 3368
1604 2336
739 2831
2336 3079
739 3533
1008 2336
81 739
2336 3326
739 4273
2336 4245
739 1458
130 2336
739 2976
1330 2336
739 2179
2336 3512
739 3405
266 2336
739 4496
2336 4188
739 3113
2336 3255
739 2170
2336 4175
739 2677
2336 4440
739 3734
1425 2336
739 3070
2336 4306
739 4062
2336 2894
192 739
2336 3355
739 1233
2011 2336
70 739
2336 4490
739 3380
2336 4041
387 739
1002 2336
739 4183
2336 3979
453 739
2336 2769
551 739
2181 2336
739 824
2336 5000
739 2395
1143 2336
739 2921
67 2336
739 3616
2336 4477
739 3116
729 2336
739 1824
1565 2336
739 4695
2336 4167
409 739
2336 2635
739 3657
2336 3818
596 739
2336 4876
739 3441
869 2336
739 3968
2336 4822
739 3743
2336 3215
739 1187
1331 2336
739 2541
2010 2336
739 4075
2336 2551
739 4135
1841 2336
739 4323
2336 4363
234 739
2336 4061
739 3012
2336 4654
739 4257
2336 2486
739 3570
1897 2336
739 4753
626 2336
278 739
2336 2553
739 4884
14 2336
739 4347
2336 3238
466 739
1612 2336
739 2849
2027 2336
739 2116
2336 4066
669 739
2336 3669
600 739
329 2336
739 1809
1163 2336
739 1299
2336 2347
739 2248
2004 2336
739 2576
349 2336
652 739
450 2336
739 4395
2336 2667
739 1134
2336 2867
739 1057
2336 3370
739 4484
2336 3488
544 739
2336 4263
739 3737
298 2336
739 4762
2336 4494
739 922
2156 2336
739 3748
2336 2861
739 1263
2336 4641
739 3303
110 2336
739 2859
249 2336
739 2801
1717 2336
739 1567
2336 4696
739 1733
1019 2336
739 3964
2336 3900
739 2438
2231 2336
739 1512
2336 3670
739 1682
2336 2854
739 3548
2336 4563
739 921
262 2336
265 739
2336 3862
739 3120
17 2336
739 2518
2336 4546
739 1463
1229 2336
739 3417
1146 2336
739 1228
2336 2851
181 739
715 2336
739 4489
790 2336
319 739
2336 4732
739 2557
2336 4645
739 1098
1881 2336
739 2190
599 2336
739 2669
2336 4946
635 739
2336 3433
739 1854
7 2336
739 1368
1697 2336
624 739
2336 3896
739 1781
2336 3946
739 2547
2336 4299
739 4155
780 2336
739 3379
723 2336
739 3938
2336 3804
739 4785
1794 2336
125 739
1959 2336
739 4014
1080 2336
739 2033
2336 3492
739 3305
2176 2336
46 739
2336 4302
739 1779
2336 3467
397 739
2336 3886
739 2603
351 2336
739 3642
2336 4324
739 1055
1977 2336
739 1912
851 2336
739 3170
594 2336
739 2122
2101 2336
739 1756
2336 3890
739 4355
2336 4295
458 739
2336 4503
739 4615
2336 2685
739 2540
2336 4647
739 3083
2336 4765
739 3643
2336 2421
739 4272
1705 2336
739 1132
999 2336
247 739
2336 4453
739 817
2336 3580
644 739
1505 2336
508 739
1922 2336
576 739
1110 2336
739 785
1893 2336
538 739
23 2336
739 3211
1402 2336
739 1654
1774 2336
739 2114
2336 2657
739 4170
2123 2336
739 1383
2336 4559
739 1908
2336 3950
739 3472
167 2336
739 3757
1280 2336
739 1868
2143 2336
739 4776
1044 2336
739 3526
912 2336
739 1467
2336 3668
739 4004
1104 2336
292 739
354 2336
739 3322
2336 3416
739 2660
2336 4541
739 3711
2336 3063
739 2742
2336 4023
739 4769
878 2336
739 4392
1663 2336
739 2550
2336 4613
739 1127
1623 2336
739 4760
386 2336
739 4399
2336 4258
739 1489
86 2336
739 4148
892 2336
739 2969
2336 2535
739 4104
2336 2664
739 3696
2336 3626
48 739
1982 2336
739 3463
2336 4606
739 3031
2336 4660
739 4147
2336 3744
739 2064
2336 4738
739 2704
2336 2710
739 4779
2336 3763
739 2513
2336 3391
739 2596
122 2336
739 1498
1680 2336
464 739
2336 4264
739 2514
2233 2336
739 2903
2336 4605
739 2411
1117 2336
739 3882
2336 2659
739 3502
2336 4186
739 3636
2336 3726
739 2321
2336 2599
739 2610
2336 2721
739 4098
2336 3731
739 1488
1748 2336
403 739
2336 3749
739 3747
2336 4619
358 739
587 2336
739 791
2165 2336
739 4002
1904 2336
739 933
2336 4111
479 739
2336 3593
739 2381
2336 2980
285 739
965 2336
739 3710
2336 3315
739 3112
2336 2940
739 2700
289 2336
739 3595
1040 2336
739 2706
2336 3921
739 3401
294 2336
739 1534
1285 2336
739 974
2336 2445
237 739
2336 4543
739 1740
1264 2336
739 4243
2336 3897
274 739
2336 3927
739 2019
2336 4780
739 3340
1570 2336
739 4331
2336 2695
739 3837
2086 2336
739 2232
2242 2336
739 995
2336 2759
739 4424
2336 3601
739 2192
2336 3758
739 4137
2336 4726
739 895
2336 4255
739 843
2336 4206
739 3252
2336 3767
739 1764
2336 3522
739 2263
2076 2336
739 1379
231 2336
739 2948
2273 2336
739 1050
2336 2724
739 1432
2336 2736
739 3847
1447 2336
739 2833
1204 2336
739 759
2336 4653
739 4518
2336 3864
739 1745
2336 2842
739 4721
131 2336
739 4786
2068 2336
739 4228
565 2336
739 2701
2336 2767
739 2015
2336 3635
739 2196
2336 4364
739 3250
2336 3218
739 3213
2336 3677
739 4508
2336 3210
256 739
2336 4740
477 739
775 2336
739 3578
2336 4817
212 739
18 2336
739 3797
90 2336
739 3251
2336 4944
739 3246
2336 4016
739 4788
2193 2336
739 3065
2336 2425
739 879
2336 3865
739 1480
2336 4734
739 2413
795 2336
739 2697
2336 2926
739 940
2336 4603
739 2368
359 2336
739 2283
2336 3824
739 2536
276 2336
739 2914
2336 3125
739 2227
2336 3225
540 739
2336 4271
739 4908
2336 4836
739 4682
1792 2336
739 1396
2336 4419
739 784
2336 4575
739 2752
2336 4301
739 2930
2336 4921
739 1672
2336 3929
739 3300
2336 2542
739 2113
2336 3825
739 4084
855 2336
739 4685
2336 3750
739 4083
1804 2336
739 1189
2336 3826
739 2494
738 2336
739 4387
2336 4742
739 3853
2295 2336
739 3281
2336 4893
739 1995
749 2336
739 3779
455 2336
739 4790
941 2336
739 2638
582 2336
739 1111
2333 2336
739 2222
1114 2336
739 2407
1325 2336
739 783
2336 3663
739 4225
2336 2480
739 4404
2336 2731
63 739
1323 2336
318 739
834 2336
739 4511
2336 2992
168 739
2336 2683
739 2892
324 2336
739 4547
1426 2336
261 739
2336 2466
170 739
2336 2637
739 2751
1072 2336
739 1879
2336 3426
739 4144
2336 2391
739 3940
2336 4744
235 739
1530 2336
739 2228
2336 2597
739 2772
2336 2865
739 4935
376 2336
739 2349
2336 3098
739 2508
134 2336
739 3841
1232 2336
739 4282
2336 3702
739 2670
615 2336
69 739
2133 2336
739 1772
59 2336
739 1653
2336 3974
739 1741
2336 4691
739 4617
993 2336
739 2836
258 2336
739 4052
2336 4857
739 1596
149 2336
739 2031
915 2336
460 739
1439 2336
739 4604
2336 3258
739 2544
2336 3836
555 739
2336 3604
739 1398
2336 2589
739 2100
2336 2481
739 1552
2336 4421
739 1543
420 2336
739 2256
2336 4246
739 4199
1926 2336
301 739
2336 3956
739 4065
2336 4585
739 2516
2336 3775
695 739
384 2336
739 1662
2336 3675
739 1951
492 2336
739 4943
1754 2336
739 2636
1729 2336
739 2399
2336 4284
739 2490
353 2336
739 4983
2336 4827
739 4756
1784 2336
739 4189
2336 4835
739 994
613 2336
739 3722
239 2336
739 1843
2336 4746
739 4690
2336 2874
94 739
2336 2726
739 4612
2336 2632
739 3637
2336 3172
739 1937
2336 3708
739 4850
611 2336
550 739
2336 3786
49 739
2336 2406
739 3156
2336 4878
739 4688
2336 4723
739 2115
2336 2600
739 4643
206 2336
463 739
2336 3791
578 739
1506 2336
739 3311
2336 4587
111 739
618 2336
739 2107
2336 3414
739 4327
2336 3186
739 4220
2336 3515
739 3135
382 2336
739 3545
331 2336
27 739
2336 4180
739 4093
2048 2336
739 2137
2336 2606
739 1405
2336 4413
739 1437
1723 2336
739 3916
2336 3181
739 2744
2336 3930
739 2507
310 2336
739 2343
2336 3167
739 1572
2336 3569
739 1975
2235 2336
739 4131
571 2336
739 3893
1538 2336
739 3881
2070 2336
481 739
2336 3097
739 3852
2336 4397
443 739
713 2336
739 2390
2336 2339
739 4480
2336 2991
739 3057
1650 2336
739 2690
1372 2336
739 4621
136 2336
739 2482
2336 2503
739 4736
1578 2336
739 3576
1853 2336
739 3275
714 2336
739 4203
2336 4973
739 4967
1194 2336
739 3033
2336 4012
739 2642
2336 3664
739 4694
2336 4406
739 1236
2336 3052
739 1944
2336 3304
739 4277
2336 4194
739 4703
2151 2336
739 4676
701 2336
739 3342
585 2336
739 1884
1388 2336
433 739
1378 2336
739 1577
2336 4991
739 4115
427 2336
739 4974
2336 4932
665 739
2336 3902
739 1553
2336 4634
739 2006
2336 4140
739 1006
2336 3871
739 1294
620 2336
739 2285
2244 2336
503 739
2336 4747
630 739
1429 2336
739 4773
2336 3647
408 739
2078 2336
739 1757
2336 4383
739 1686
2336 3129
739 1416
902 2336
739 2221
2336 3850
739 4481
1887 2336
739 4422
65 2336
739 2929
1531 2336
739 4441
412 2336
739 1890
2001 2336
739 1337
2336 2502
286 739
434 2336
739 1469
1361 2336
365 739
2336 4927
739 4925
2336 4149
739 3812
2336 4036
739 2827
2336 3365
739 1004
2250 2336
522 739
339 2336
739 2777
2336 4877
739 1139
1716 2336
739 889
1953 2336
739 3230
1237 2336
739 4096
2336 4548
739 4810
796 2336
739 1673
2336 4599
739 4269
2336 4168
739 4778
2077 2336
739 4445
661 2336
739 1576
1273 2336
739 1026
202 2336
739 4912
2336 4965
739 1212
2336 2780
739 1927
2336 3491
739 1188
527 2336
739 4781
2336 3168
739 3298
2336 3674
739 4859
1492 2336
739 3793
1483 2336
739 936
952 2336
739 3233
2336 2860
739 3880
1124 2336
739 1573
2336 3530
739 1271
491 2336
739 1889
2336 4346
739 4697
2336 4572
739 4338
2336 4977
739 4775
2336 3337
739 3051
2336 4766
174 739
671 2336
557 739
221 2336
739 2517
799 2336
506 739
2336 2555
739 3926
2336 2708
739 3754
1390 2336
739 930
2336 4452
137 739
2336 3903
739 3562
2336 3387
739 3658
2336 3028
739 2404
856 2336
363 739
2336 3584
739 3360
2336 4704
739 3047
2336 2497
739 3228
2336 3066
739 3808
1140 2336
739 4371
208 2336
739 1385
1805 2336
739 2650
108 2336
739 2999
2336 3216
739 2935
2336 2504
739 2186
532 2336
739 2712
2153 2336
739 2327
2336 4153
608 739
2336 2750
739 2815
2336 4777
739 2096
30 2336
739 4608
2336 4438
338 739
2336 4216
739 4080
2336 2462
739 3605
392 2336
739 1923
2336 4764
739 2044
2336 2809
739 830
696 2336
739 3127
2336 3221
739 4759
2336 4535
692 739
2336 2966
739 3010
44 2336
739 3671
703 2336
739 2564
490 2336
739 1099
1000 2336
569 739
2336 2627
739 1566
987 2336
739 4842
811 2336
739 1621
401 2336
739 4350
1051 2336
739 3007
2336 3019
739 2065
2336 4322
739 3638
369 2336
739 3131
2336 3609
739 2319
2336 4108
82 739
58 2336
467 739
2336 3673
739 4434
2336 4725
739 2432
2336 4583
739 2807
1091 2336
739 1477
336 2336
739 1909
2336 3212
315 739
2336 2360
739 3942
1992 2336
739 3319
2336 3354
739 4838
2336 2941
739 1141
2336 4151
674 739
2336 4519
739 2337
2336 4215
739 3981
334 2336
595 739
700 2336
739 1347
2040 2336
739 4710
2336 3196
739 1289
2336 2498
739 4157
2336 3762
739 4261
820 2336
541 739
2336 3898
739 3443
2336 3899
739 906
2336 3869
739 2828
545 2336
739 4141
2336 3949
739 3429
1812 2336
739 4672
1580 2336
739 3260
2336 4856
739 873
742 2336
739 4898
2336 3071
135 739
2336 3712
739 961
1594 2336
739 4426
1981 2336
739 2718
1201 2336
739 4593
2336 2525
739 1339
205 2336
739 3103
2138 2336
647 739
2336 4207
739 1911
2336 3367
207 739
2336 3514
739 4923
991 2336
739 4251
2336 3074
739 3823
2336 4959
739 4591
1545 2336
739 4820
2336 4460
739 3267
367 2336
739 2794
2336 3997
739 1165
1610 2336
739 1869
803 2336
739 1861
2301 2336
739 984
2336 3198
739 2556
2336 4707
150 739
2336 3349
739 4072
2336 3518
739 868
1475 2336
739 4471
622 2336
178 739
1544 2336
739 4241
1634 2336
739 1346
216 2336
739 1249
1664 2336
739 3703
1230 2336
739 956
2336 3383
739 4370
886 2336
739 896
2336 3038
739 1092
2336 4091
739 2967
1063 2336
739 1151
2336 4385
739 4631
437 2336
739 2989
106 2336
739 2468
233 2336
739 764
2336 4128
739 916
1759 2336
739 3863
2336 4428
188 739
1873 2336
739 1182
2336 4558
739 4038
1860 2336
739 1710
222 2336
141 739
428 2336
739 1646
173 2336
739 3685
2336 3056
739 1039
2216 2336
667 739
2336 2674
685 739
2336 3822
739 2852
2336 4055
739 2226
1120 2336
489 739
98 2336
739 2223
2336 2458
739 4823
2336 3746
739 1027
883 2336
739 3023
2336 4256
116 739
826 2336
157 739
2336 3524
739 1677
2336 4077
739 4068
901 2336
739 4219
1381 2336
739 3496
2336 3934
739 2387
2336 2872
739 4804
2003 2336
739 2939
2336 4418
739 877
1016 2336
739 1284
2336 3285
739 1056
2336 3962
739 4493
2324 2336
739 913
370 2336
739 4729
2336 4607
739 4381
2336 2804
739 3160
1980 2336
739 4529
2336 4809
739 4368
228 2336
739 3519
2336 3278
739 1375
2292 2336
739 3539
2002 2336
483 739
2336 4609
739 2620
2195 2336
739 1376
2336 3205
739 4461
1250 2336
577 739
243 2336
739 2580
2336 4675
739 4588
2336 4013
739 4537
2336 3192
739 2886
2336 3857
739 2081
2336 3359
739 2956
148 2336
739 4388
2336 2505
739 2870
2336 2981
739 1495
513 2336
739 4114
2336 4990
739 2531
2336 2883
271 739
973 2336
739 2279
1842 2336
739 2727
1819 2336
739 4972
2336 3017
694 739
2308 2336
739 1831
2336 2345
739 1313
2000 2336
739 3430
2336 3689
739 2673
1828 2336
739 1689
1914 2336
739 2363
604 2336
739 1961
1787 2336
739 4901
2336 2630
739 3501
2336 2378
739 2648
2336 4875
739 2452
612 2336
739 1874
728 2336
739 3149
2336 3790
739 3447
710 2336
739 1952
2093 2336
739 1901
2336 4589
739 4060
2336 2353
326 739
2336 4298
739 3777
2336 3024
739 3834
1829 2336
739 1850
2336 4861
739 1407
2336 2951
739 3128
2336 3478
739 2062
1087 2336
739 2314
2336 4340
739 3253
91 2336
739 1086
2336 2840
465 739
2336 2515
739 2260
50 2336
739 2730
573 2336
739 900
2336 3374
337 739
2336 3505
84 739
2336 4311
56 739
821 2336
366 739
2336 3955
739 1128
1957 2336
739 1930
1597 2336
739 1801
670 2336
739 4289
2336 2820
739 1737
2336 3245
739 978
2336 3434
739 997
1595 2336
739 4291
1459 2336
739 1374
606 2336
451 739
2336 3905
739 3308
2336 3310
739 3913
1202 2336
93 739
2336 4391
739 3312
1641 2336
739 1551
1795 2336
739 3583
2336 4833
739 1948
2336 3431
739 2770
2336 4868
739 1797
642 2336
625 739
388 2336
739 4929
2336 4499
739 1252
2336 4902
739 888
2336 2416
739 4719
1345 2336
739 2372
629 2336
739 2291
2336 3543
739 2305
2336 4700
739 1240
2336 3229
739 3117
556 2336
739 4425
1827 2336
739 2893
2336 4332
739 3895
2336 4027
739 4618
1979 2336
678 739
2336 2765
739 3254
2336 3214
739 1084
2336 4164
739 4521
1500 2336
739 2297
2336 2970
739 2714
1925 2336
739 2838
113 2336
739 4030
1936 2336
739 3801
2336 3039
739 2945
743 2336
739 1668
2336 3988
739 746
114 2336
739 1933
2336 3800
426 739
2336 3208
124 739
2336 4466
739 882
841 2336
739 1441
2224 2336
739 4229
2336 4439
739 4230
1558 2336
633 739
2336 4166
739 1297
1160 2336
739 2612
246 2336
739 3608
2119 2336
739 1125
996 2336
739 4582
2336 4986
739 979
2336 3111
739 2439
1248 2336
739 1400
825 2336
739 3741
1062 2336
739 2877
1454 2336
739 2719
2336 2386
739 2562
2336 2582
739 897
2336 3549
739 4909
377 2336
739 1768
2336 4136
739 1582
818 2336
739 3785
1064 2336
739 1521
2336 3475
739 3284
80 2336
739 4919
2336 4818
107 739
2336 4996
3 739
732 2336
739 1644
2336 4348
739 2532
2336 2858
739 2586
2336 2722
739 3494
779 2336
739 2584
2336 2934
739 4356
484 2336
739 3393
1196 2336
739 2537
2336 4380
739 2863
957 2336
739 1218
2336 4018
203 739
2336 3022
739 3640
2336 3846
739 4132
2259 2336
739 2338
846 2336
739 840
1341 2336
739 4525
2055 2336
739 3745
2336 2732
739 967
1726 2336
529 739
2336 3085
739 2478
1593 2336
739 1077
2336 4936
739 1591
2336 4941
739 951
2336 4637
739 3435
1616 2336
739 3976
2336 2928
153 739
2336 4328
739 1818
1702 2336
739 3546
2336 3363
739 3176
1967 2336
236 739
10 2336
739 3943
960 2336
112 739
1174 2336
739 2344
1419 2336
372 739
2336 3985
13 739
2336 2463
739 3700
2336 3571
739 4808
198 2336
36 739
1491 2336
739 1138
2336 4872
739 2243
535 2336
739 3894
722 2336
739 4063
890 2336
568 739
2336 4910
739 3802
1666 2336
739 1275
2336 3922
739 1728
2336 3335
739 4830
414 2336
739 1891
2336 3339
37 739
2336 2402
739 4947
476 2336
739 3203
2336 4495
739 3509
2336 3796
739 2954
924 2336
739 1575
1300 2336
201 739
891 2336
739 917
2336 2868
739 4716
827 2336
739 3667
2336 4671
739 4221
2336 3984
739 2841
177 2336
739 3403
1691 2336
659 739
2336 3720
739 794
1522 2336
739 4296
2336 4287
739 4507
2336 3286
739 2933
777 2336
739 4015
12 2336
739 964
2336 3679
739 3060
2336 3566
739 2008
755 2336
739 3395
1176 2336
739 3838
1660 2336
739 1253
307 2336
470 739
2214 2336
739 1880
1892 2336
739 4085
1671 2336
725 739
2336 4571
739 2117
2336 3783
739 1813
2336 3704
739 1950
2336 3450
736 739
2336 2656
9 739
2336 3154
739 2671
2336 4911
739 852
2336 4981
739 919
1369 2336
739 3179
2336 4862
739 2639
932 2336
739 1840
2336 3982
439 739
2336 4244
739 2793
2336 3730
739 1028
2280 2336
739 1617
2336 4011
739 3870
2336 3884
739 4288
2336 3650
739 988
2336 3932
739 4714
2336 2646
739 934
2336 4904
739 2798
1783 2336
739 1281
2336 4409
739 4032
486 2336
739 3437
1446 2336
739 4783
1528 2336
739 3427
2336 4679
619 739
2336 4841
739 3780
2336 3313
739 2689
1418 2336
739 2707
2336 3344
739 2955
2336 2581
260 739
1007 2336
739 1003
1554 2336
739 1540
313 2336
739 1919
2336 3961
739 3274
2336 4048
739 3565
2336 3121
739 4711
2336 3553
739 4564
2336 4849
304 739
248 2336
739 2035
1293 2336
151 739
2336 3375
539 739
2336 2737
739 4469
2272 2336
6 739
344 2336
739 4978
798 2336
739 3831
2336 2931
739 4622
2139 2336
739 2369
1147 2336
300 739
2336 2819
739 4708
2336 4031
739 1261
2336 2958
739 2735
2336 2998
739 2158
654 2336
739 1470
2336 4846
739 2128
2090 2336
739 3817
2336 2409
739 1295
2336 4987
76 739
2336 4527
739 2569
2336 4812
739 3262
1009 2336
739 1102
2336 3200
739 4580
2336 2901
225 739
2336 3980
739 3709
213 2336
730 739
2336 3957
739 1177
2336 2454
739 1258
15 2336
739 3919
2336 2591
739 2255
1548 2336
739 2311
2336 4249
739 3497
1206 2336
739 2184
2336 3016
739 1675
2336 3768
739 3026
2336 3279
739 4366
2336 2878
739 2778
2336 3421
739 3059
1657 2336
739 4024
2336 2396
739 1656
2336 4079
739 2455
415 2336
739 2897
2336 3376
739 1630
2336 2960
739 4948
2336 3219
739 3132
2336 3054
739 4467
2336 2984
739 1121
2336 2799
684 739
2336 2881
739 1775
609 2336
739 3849
752 2336
739 4214
1298 2336
634 739
2336 2487
739 3101
269 2336
29 739
2336 2403
739 2740
2336 3148
739 3856
381 2336
739 4361
2336 3259
739 3006
2336 3289
739 3468
2336 2601
171 739
2336 4139
739 3152
1963 2336
739 3714
907 2336
739 3266
1034 2336
739 2698
598 2336
739 1973
2336 2924
739 2144
2183 2336
739 3628
2336 2983
739 2709
2336 3706
739 1150
1587 2336
739 860
2336 4339
739 1885
2336 3306
739 2568
1154 2336
739 2949
2336 4562
739 763
2336 3504
739 1473
2336 4162
739 3503
2336 3996
739 4177
2106 2336
739 810
1158 2336
739 4686
1014 2336
739 1633
155 2336
739 3171
699 2336
739 3621
2336 3466
739 3174
2336 2566
739 4953
776 2336
607 739
898 2336
475 739
2336 3607
739 4286
2336 3146
739 3474
751 2336
739 4260
2336 3978
739 1714
1872 2336
739 2979
2336 2768
739 3155
2336 2590
739 3994
1560 2336
739 3772
1798 2336
739 808
2336 3415
739 4999
2150 2336
739 3217
2245 2336
739 3358
2336 4468
739 1917
2336 4235
739 2611
209 2336
739 4465
2336 3990
739 3280
2336 2902
739 1096
2336 3317
739 2357
2336 3690
739 2493
259 2336
739 3629
954 2336
739 3384
744 2336
739 1624
162 2336
739 1329
2336 2658
739 774
2336 3883
739 1362
2103 2336
739 1106
2336 4479
739 4979
2047 2336
739 2558
1142 2336
214 739
2336 4022
739 4826
640 2336
739 3692
2336 2511
739 4335
275 2336
739 4895
2336 4663
739 1222
2336 2909
739 767
2336 3299
739 2444
2336 4916
16 739
1870 2336
739 3201
1324 2336
520 739
2336 3187
346 739
2336 2968
739 4017
2336 4975
739 4858
1288 2336
739 2412
1949 2336
739 1029
2091 2336
739 4414
2336 2720
739 1613
2336 2728
739 2509
1579 2336
739 1412
1417 2336
739 4624
2336 4536
739 3264
2336 2653
739 4312
2336 2884
739 2341
2336 2471
739 4374
1942 2336
469 739
656 2336
739 2760
2336 2602
739 2520
2336 4458
739 2464
2336 4187
739 4555
2205 2336
739 2335
2336 4844
739 2191
2336 3288
739 3270
2336 4502
739 2215
773 2336
739 1404
828 2336
739 1527
411 2336
739 1835
2336 3408
739 2262
2336 2598
739 1107
2336 3597
305 739
2336 3559
739 1625
1888 2336
739 812
1272 2336
739 1497
990 2336
739 3554
2336 4122
739 2288
1354 2336
739 2127
2336 4222
739 4666
61 2336
739 3469
2336 2691
739 1043
2336 3377
739 1472
2336 3457
739 765
417 2336
739 3832
2336 2754
739 1391
980 2336
739 1246
2336 3819
739 2756
2336 4745
739 4534
2336 2415
739 3227
2336 2905
21 739
2336 2950
739 4007
444 2336
739 3325
199 2336
739 2382
2336 4193
739 3799
2336 3727
739 2942
1215 2336
739 1179
2336 4067
739 778
2167 2336
332 739
2336 4117
739 2644
2336 3378
739 4379
2336 4871
297 739
2336 4411
739 2202
2336 4813
497 739
865 2336
739 4475
2336 4236
496 739
323 2336
739 2925
2336 3091
739 3904
1934 2336
739 2761
2336 3042
739 1290
2182 2336
739 4100
985 2336
739 3908
51 2336
739 2451
195 2336
739 4784
683 2336
739 3520
2312 2336
739 872
391 2336
739 1547
26 2336
739 2410
169 2336
290 739
2336 2645
739 3705
2336 3498
739 2088
2336 3347
739 4130
2336 4550
739 1450
1265 2336
739 2912
2336 4334
739 2020
572 2336
57 739
2336 3972
739 2510
1529 2336
739 3983
1652 2336
404 739
2336 4601
739 4181
1749 2336
739 1600
648 2336
739 4657
2336 2423
498 739
2336 3104
284 739
2271 2336
739 1669
2336 2675
739 3986
2336 3084
739 1924
2336 2492
739 4674
2336 4636
739 1503
2336 4451
739 4629
1430 2336
739 2320
1373 2336
739 4156
2336 4341
739 3145
2336 2875
739 1632
2336 3686
739 1941
2336 3294
739 867
2336 3166
117 739
664 2336
739 876
2336 2973
739 1042
1017 2336
739 3268
2336 3623
739 1852
2336 4179
739 3868
2336 4724
159 739
2336 2608
739 1199
2336 2847
739 2915
2239 2336
739 3107
2336 4432
543 739
1836 2336
739 4000
2336 4330
739 4202
2336 2501
739 4887
2336 4106
739 829
1435 2336
232 739
1504 2336
739 3889
2336 4473
739 3888
2336 2987
739 2092
2336 3309
739 1709
1622 2336
739 2126
2112 2336
739 3544
2336 4964
739 2066
2336 2373
739 792
2336 4800
739 4515
2336 3093
739 4649
2111 2336
270 739
2041 2336
739 4184
2336 3645
512 739
2234 2336
739 3805
2336 3055
2 739
2336 2578
739 1727
335 2336
739 3231
1130 2336
739 2654
1620 2336
739 766
2336 3517
739 4510
2336 4020
739 2573
2336 2362
163 739
2336 4752
739 3820
1024 2336
739 1311
2336 3665
739 1116
140 2336
739 4405
2336 4043
739 2275
2336 4491
739 2384
1863 2336
739 2733
1855 2336
393 739
2336 3844
739 4554
614 2336
739 3681
2225 2336
739 3307
2336 4566
739 3887
1782 2336
364 739
1408 2336
739 1193
805 2336
739 1546
1993 2336
739 1615
1562 2336
739 1611
2336 4006
739 4492
2336 4789
739 1803
2336 4089
739 1478
128 2336
447 739
1590 2336
739 3150
2336 3586
312 739
1392 2336
739 4994
693 2336
348 739
1186 2336
739 3206
2336 4772
739 4210
2336 4966
739 971
2336 3735
727 739
2336 4281
739 4709
2336 2453
739 1688
2336 3656
739 4545
1049 2336
739 1235
1978 2336
739 2098
1823 2336
739 4051
1169 2336
739 4693
1015 2336
328 739
2336 3449
739 2370
1931 2336
739 950
2336 4456
471 739
2336 2622
739 1367
2336 4454
739 2876
2336 3004
739 4133
211 2336
739 3624
1719 2336
739 1334
2336 3087
739 1225
1651 2336
739 4278
2188 2336
739 772
2336 2634
739 4037
2336 2448
739 771
2336 4145
739 1421
754 2336
509 739
2336 3803
739 2682
2336 4474
739 3963
2336 3770
739 4646
2208 2336
739 945
74 2336
739 3854
2336 4343
739 1254
309 2336
739 2529
1494 2336
711 739
1377 2336
739 3975
2336 4793
739 3828
637 2336
739 2923
1161 2336
739 1998
2336 4082
341 739
1518 2336
739 2470
183 2336
739 745
75 2336
306 739
204 2336
739 2572
2336 4906
739 4962
1336 2336
739 928
645 2336
739 1046
1484 2336
739 3923
2336 3333
739 2121
2336 3917
739 1725
350 2336
739 4121
2336 4524
739 4034
2336 3030
739 3484
2336 3341
739 802
2336 4718
739 4349
2336 2811
279 739
2336 4577
472 739
2336 4743
739 3713
2336 4146
255 739
2336 2792
739 2437
1207 2336
739 3130
2168 2336
739 3557
2336 4378
739 1990
2336 3860
317 739
788 2336
739 3164
2336 3428
739 2739
1082 2336
739 2162
959 2336
739 4112
1739 2336
739 1415
1929 2336
739 1609
1277 2336
739 1453
2336 3464
739 1826
1312 2336
739 4173
2336 2813
739 4462
2336 3738
739 4794
2336 3161
739 1048
549 2336
739 4448
2336 3471
603 739
2336 3458
739 3891
2336 4805
739 3366
2046 2336
739 903
1320 2336
739 3736
2336 2910
739 4596
2336 2484
482 739
2270 2336
739 2947
1844 2336
739 3241
2336 2383
739 4401
1900 2336
739 1487
144 2336
739 838
2336 3851
739 927
2336 2392
739 4815
2336 4907
739 2666
660 2336
739 1886
1994 2336
739 875
2302 2336
739 1455
2336 2398
739 1679
2336 3810
739 4998
1159 2336
739 2058
2336 3343
739 4042
2336 3302
739 4342
96 2336
739 2797
2336 2614
716 739
2336 4712
739 4770
2336 4026
739 1602
2336 4985
739 2771
2336 3765
494 739
1647 2336
739 2549
2336 4988
739 3444
2169 2336
605 739
2336 3204
739 2359
2336 2538
739 3069
2336 3694
739 2419
524 2336
739 813
2307 2336
739 1956
2336 2548
739 2810
2336 3582
739 1837
809 2336
316 739
2246 2336
739 3534
2336 3455
739 2028
914 2336
739 2749
2336 4611
739 3680
2336 3114
739 4386
2206 2336
739 2356
2336 2376
739 3291
2336 3190
739 2385
1720 2336
282 739
2085 2336
739 4873
2336 2579
739 2604
2336 4992
739 2408
2336 2447
739 1866
672 2336
739 4237
2161 2336
224 739
2336 2908
739 1123
196 2336
739 4482
2336 2825
739 2364
2099 2336
739 4390
462 2336
739 1314
2336 3295
457 739
2336 3644
739 1802
2336 3422
399 739
191 2336
739 2845
2336 4886
739 4337
1678 2336
739 2616
2336 3199
739 4437
1520 2336
739 3050
1692 2336
739 3021
2336 4551
739 4928
2336 4231
739 4259
431 2336
579 739
561 2336
739 4116
2336 3410
330 739
2336 2972
739 4185
2336 3806
739 2317
602 2336
739 1306
1875 2336
739 2426
1490 2336
739 3350
2336 4706
172 739
1422 2336
739 3958
1762 2336
739 761
2336 4565
739 1796
702 2336
123 739
2240 2336
739 3933
2336 4127
704 739
2336 4692
739 2218
2336 2817
739 1690
2336 3766
739 1061
2336 4267
739 2274
2336 4275
739 4568
1935 2336
277 739
575 2336
739 2496
1366 2336
739 3795
2336 4283
739 4960
2024 2336
739 4070
1700 2336
739 4798
2336 2952
739 4123
2336 3404
739 1701
1519 2336
739 992
1606 2336
514 739
2336 4931
739 4885
2336 4345
517 739
1539 2336
739 2900
2282 2336
739 1327
2336 4074
739 2577
251 2336
739 4677
2336 2365
739 3756
2336 2839
739 3914
1310 2336
739 2185
2336 3147
739 4444
2336 4699
739 3369
2336 3848
739 4430
2154 2336
679 739
2336 3724
739 1667
1445 2336
739 4274
2336 2430
631 739
646 2336
739 1807
1067 2336
739 1424
1760 2336
739 4101
1380 2336
739 2583
636 2336
327 739
2336 4870
739 3271
2336 3144
739 4658
2336 4056
739 4308
2063 2336
739 2449
2336 3092
739 3587
2336 4360
739 864
2336 4837
739 2342
2336 3075
739 4811
2336 4126
739 4903
2336 3760
33 739
1585 2336
739 1103
2336 3630
739 1962
2336 4750
739 4669
421 2336
739 1287
2336 3247
314 739
2336 3602
739 3918
1052 2336
739 955
1085 2336
739 4824
2148 2336
739 2880
1932 2336
519 739
2336 4899
739 2323
1910 2336
71 739
2336 3751
739 1988
1321 2336
739 4359
2336 4124
739 3460
2336 2882
739 1172
848 2336
627 739
2336 2475
283 739
504 2336
739 4297
2336 4758
739 3082
2336 4325
739 2943
210 2336
739 2890
2073 2336
739 3662
19 2336
739 1799
2336 3078
739 4447
2336 4579
739 3353
2334 2336
739 948
2336 4958
739 4118
2039 2336
739 1023
2336 4088
418 739
2336 4528
739 4239
115 2336
739 4561
2336 4853
739 4834
2219 2336
739 3126
2336 3159
739 3568
2336 4268
739 2057
2336 3939
739 1996
500 2336
739 3407
2336 3941
739 2593
432 2336
739 2247
1598 2336
739 3561
1907 2336
739 3575
2336 4054
739 3142
2336 4640
739 1751
1571 2336
739 3564
2336 4513
380 739
1431 2336
739 2207
1862 2336
281 739
2136 2336
739 4354
1557 2336
739 3381
2336 3935
739 1715
552 2336
394 739
2097 2336
739 1428
2189 2336
739 4659
588 2336
673 739
2051 2336
739 3716
2336 4774
739 4807
2336 3232
739 1871
263 2336
454 739
2336 3346
739 3728
2336 2963
739 4107
145 2336
739 1643
2336 2422
739 2785
2336 3753
680 739
2083 2336
739 1515
1136 2336
739 3574
2336 3476
739 3873
2336 2393
739 4400
2238 2336
739 2296
2336 2424
139 739
2178 2336
739 3035
2336 4883
739 2605
92 2336
499 739
2336 4476
739 1642
1699 2336
739 2904
2336 4119
739 2230
374 2336
739 3321
2336 4125
639 739
1066 2336
739 1126
2060 2336
179 739
2336 3100
739 909
2336 4504
591 739
220 2336
452 739
1584 2336
739 2665
2336 3479
739 2936
2336 4889
739 3966
589 2336
739 1461
2336 2906
321 739
2336 3840
739 3787
1468 2336
739 2633
2336 3592
739 2864
389 2336
739 4949
268 2336
739 4201
2336 2729
739 1079
2071 2336
739 3336
2336 4010
739 1156
2336 4782
739 2427
120 2336
739 3542
2336 4755
739 4309
2336 3141
739 3123
1507 2336
739 3109
1943 2336
739 3536
405 2336
739 1635
1387 2336
739 4891
983 2336
739 1115
2336 4567
739 3451
1991 2336
739 1574
733 2336
739 2287
1307 2336
739 4303
2336 3521
739 3423
2336 4143
